n_hor,n_ver,n_tot,eta,S
171,137,308,0.6015625,0.11038961
209,100,309,0.60351562,0.35275081
251,69,320,0.625,0.56875
266,42,308,0.6015625,0.72727273
247,74,321,0.62695312,0.53894081
247,61,308,0.6015625,0.6038961
299,25,324,0.6328125,0.84567901
295,26,321,0.62695312,0.83800623
296,23,319,0.62304688,0.85579937
301,19,320,0.625,0.88125
288,28,316,0.6171875,0.82278481
254,67,321,0.62695312,0.58255452
237,76,313,0.61132812,0.514377
296,35,331,0.64648438,0.78851964
280,37,317,0.61914062,0.76656151
260,62,322,0.62890625,0.61490683
272,53,325,0.63476562,0.67384615
258,51,309,0.60351562,0.66990291
297,23,320,0.625,0.85625
285,32,317,0.61914062,0.79810726
239,81,320,0.625,0.49375
260,54,314,0.61328125,0.65605096
270,33,303,0.59179688,0.78217822
275,46,321,0.62695312,0.71339564
311,13,324,0.6328125,0.91975309
266,51,317,0.61914062,0.67823344
239,79,318,0.62109375,0.50314465
241,67,308,0.6015625,0.56493506
255,58,313,0.61132812,0.62939297
289,37,326,0.63671875,0.77300613
233,79,312,0.609375,0.49358974
245,58,303,0.59179688,0.61716172
292,31,323,0.63085938,0.80804954
311,16,327,0.63867188,0.90214067
305,17,322,0.62890625,0.89440994
303,29,332,0.6484375,0.8253012
306,19,325,0.63476562,0.88307692
320,4,324,0.6328125,0.97530864
316,17,333,0.65039062,0.8978979
286,27,313,0.61132812,0.82747604
316,16,332,0.6484375,0.90361446
263,41,304,0.59375,0.73026316
256,47,303,0.59179688,0.68976898
172,126,298,0.58203125,0.15436242
108,190,298,0.58203125,-0.27516779
126,212,338,0.66015625,-0.25443787
113,201,314,0.61328125,-0.28025478
189,119,308,0.6015625,0.22727273
204,118,322,0.62890625,0.26708075
262,52,314,0.61328125,0.66878981
259,65,324,0.6328125,0.59876543
267,34,301,0.58789062,0.77408638
288,36,324,0.6328125,0.77777778
237,61,298,0.58203125,0.59060403
208,91,299,0.58398438,0.39130435
163,148,311,0.60742188,0.048231511
173,119,292,0.5703125,0.18493151
235,76,311,0.60742188,0.51125402
270,40,310,0.60546875,0.74193548
254,52,306,0.59765625,0.66013072
257,63,320,0.625,0.60625
280,47,327,0.63867188,0.71253823
235,96,331,0.64648438,0.41993958
221,87,308,0.6015625,0.43506494
220,95,315,0.61523438,0.3968254
234,82,316,0.6171875,0.48101266
229,82,311,0.60742188,0.47266881
216,75,291,0.56835938,0.48453608
270,41,311,0.60742188,0.73633441
257,61,318,0.62109375,0.6163522
288,27,315,0.61523438,0.82857143
203,110,313,0.61132812,0.2971246
265,58,323,0.63085938,0.64086687
253,56,309,0.60351562,0.63754045
206,112,318,0.62109375,0.29559748
188,117,305,0.59570312,0.23278689
192,124,316,0.6171875,0.21518987
201,112,313,0.61132812,0.28434505
210,107,317,0.61914062,0.32492114
241,79,320,0.625,0.50625
192,108,300,0.5859375,0.28
220,99,319,0.62304688,0.37931034
214,110,324,0.6328125,0.32098765
247,64,311,0.60742188,0.58842444
292,32,324,0.6328125,0.80246914
285,25,310,0.60546875,0.83870968
304,10,314,0.61328125,0.93630573
265,50,315,0.61523438,0.68253968
290,21,311,0.60742188,0.86495177
335,2,337,0.65820312,0.98813056
301,6,307,0.59960938,0.96091205
328,5,333,0.65039062,0.96996997
286,22,308,0.6015625,0.85714286
282,27,309,0.60351562,0.82524272
301,23,324,0.6328125,0.85802469
287,45,332,0.6484375,0.72891566
270,46,316,0.6171875,0.70886076
257,62,319,0.62304688,0.61128527
223,103,326,0.63671875,0.36809816
275,37,312,0.609375,0.76282051
272,36,308,0.6015625,0.76623377
270,37,307,0.59960938,0.75895765
293,26,319,0.62304688,0.8369906
328,1,329,0.64257812,0.99392097
304,14,318,0.62109375,0.91194969
283,28,311,0.60742188,0.81993569
270,47,317,0.61914062,0.70347003
249,66,315,0.61523438,0.58095238
219,86,305,0.59570312,0.43606557
197,112,309,0.60351562,0.27508091
241,71,312,0.609375,0.54487179
211,105,316,0.6171875,0.33544304
202,114,316,0.6171875,0.27848101
242,76,318,0.62109375,0.52201258
289,22,311,0.60742188,0.8585209
312,11,323,0.63085938,0.93188854
296,14,310,0.60546875,0.90967742
314,6,320,0.625,0.9625
283,26,309,0.60351562,0.83171521
310,0,310,0.60546875,1
290,29,319,0.62304688,0.81818182
278,26,304,0.59375,0.82894737
274,47,321,0.62695312,0.70716511
297,11,308,0.6015625,0.92857143
279,30,309,0.60351562,0.80582524
283,30,313,0.61132812,0.80830671
278,33,311,0.60742188,0.78778135
275,29,304,0.59375,0.80921053
318,8,326,0.63671875,0.95092025
289,27,316,0.6171875,0.82911392
303,21,324,0.6328125,0.87037037
308,6,314,0.61328125,0.96178344
316,8,324,0.6328125,0.95061728
317,8,325,0.63476562,0.95076923
282,27,309,0.60351562,0.82524272
289,26,315,0.61523438,0.83492063
281,35,316,0.6171875,0.77848101
310,11,321,0.62695312,0.93146417
288,27,315,0.61523438,0.82857143
268,40,308,0.6015625,0.74025974
292,31,323,0.63085938,0.80804954
319,7,326,0.63671875,0.95705521
322,3,325,0.63476562,0.98153846
287,24,311,0.60742188,0.84565916
305,10,315,0.61523438,0.93650794
318,13,331,0.64648438,0.92145015
303,14,317,0.61914062,0.91167192
253,48,301,0.58789062,0.68106312
289,35,324,0.6328125,0.78395062
264,57,321,0.62695312,0.64485981
228,93,321,0.62695312,0.42056075
209,102,311,0.60742188,0.34405145
216,92,308,0.6015625,0.4025974
236,65,301,0.58789062,0.56810631
255,63,318,0.62109375,0.60377358
306,12,318,0.62109375,0.9245283
294,24,318,0.62109375,0.8490566
280,34,314,0.61328125,0.78343949
324,6,330,0.64453125,0.96363636
297,23,320,0.625,0.85625
288,32,320,0.625,0.8
314,4,318,0.62109375,0.97484277
298,20,318,0.62109375,0.87421384
308,12,320,0.625,0.925
300,17,317,0.61914062,0.89274448
302,11,313,0.61132812,0.92971246
304,7,311,0.60742188,0.95498392
306,14,320,0.625,0.9125
271,51,322,0.62890625,0.68322981
291,24,315,0.61523438,0.84761905
292,37,329,0.64257812,0.77507599
231,72,303,0.59179688,0.52475248
262,56,318,0.62109375,0.64779874
324,11,335,0.65429688,0.93432836
293,23,316,0.6171875,0.85443038
273,41,314,0.61328125,0.7388535
282,39,321,0.62695312,0.75700935
284,35,319,0.62304688,0.78056426
233,77,310,0.60546875,0.50322581
242,71,313,0.61132812,0.54632588
190,131,321,0.62695312,0.18380062
169,151,320,0.625,0.05625
231,88,319,0.62304688,0.44827586
228,91,319,0.62304688,0.42946708
237,65,302,0.58984375,0.56953642
228,82,310,0.60546875,0.47096774
266,44,310,0.60546875,0.71612903
321,7,328,0.640625,0.95731707
256,47,303,0.59179688,0.68976898
237,89,326,0.63671875,0.45398773
241,75,316,0.6171875,0.52531646
189,126,315,0.61523438,0.2
95,216,311,0.60742188,-0.38906752
140,162,302,0.58984375,-0.072847682
149,161,310,0.60546875,-0.038709677
134,167,301,0.58789062,-0.10963455
127,198,325,0.63476562,-0.21846154
122,193,315,0.61523438,-0.22539683
61,260,321,0.62695312,-0.61993769
70,223,293,0.57226562,-0.5221843
76,242,318,0.62109375,-0.52201258
71,251,322,0.62890625,-0.55900621
58,247,305,0.59570312,-0.61967213
93,205,298,0.58203125,-0.37583893
72,238,310,0.60546875,-0.53548387
39,292,331,0.64648438,-0.76435045
45,272,317,0.61914062,-0.71608833
90,216,306,0.59765625,-0.41176471
87,232,319,0.62304688,-0.45454545
74,243,317,0.61914062,-0.53312303
45,259,304,0.59375,-0.70394737
99,211,310,0.60546875,-0.36129032
83,236,319,0.62304688,-0.47962382
79,232,311,0.60742188,-0.49196141
163,159,322,0.62890625,0.01242236
136,178,314,0.61328125,-0.13375796
134,186,320,0.625,-0.1625
187,121,308,0.6015625,0.21428571
158,165,323,0.63085938,-0.021671827
111,198,309,0.60351562,-0.2815534
168,147,315,0.61523438,0.066666667
254,51,305,0.59570312,0.66557377
300,16,316,0.6171875,0.89873418
290,22,312,0.609375,0.85897436
290,33,323,0.63085938,0.79566563
319,3,322,0.62890625,0.98136646
290,18,308,0.6015625,0.88311688
254,65,319,0.62304688,0.59247649
293,21,314,0.61328125,0.86624204
262,50,312,0.609375,0.67948718
235,76,311,0.60742188,0.51125402
276,48,324,0.6328125,0.7037037
253,57,310,0.60546875,0.63225806
243,62,305,0.59570312,0.59344262
231,73,304,0.59375,0.51973684
244,76,320,0.625,0.525
224,85,309,0.60351562,0.44983819
254,66,320,0.625,0.5875
231,76,307,0.59960938,0.50488599
280,32,312,0.609375,0.79487179
299,13,312,0.609375,0.91666667
284,33,317,0.61914062,0.79179811
252,60,312,0.609375,0.61538462
261,57,318,0.62109375,0.64150943
199,99,298,0.58203125,0.33557047
241,76,317,0.61914062,0.52050473
218,82,300,0.5859375,0.45333333
258,57,315,0.61523438,0.63809524
260,44,304,0.59375,0.71052632
284,28,312,0.609375,0.82051282
264,44,308,0.6015625,0.71428571
270,52,322,0.62890625,0.67701863
302,17,319,0.62304688,0.89341693
285,38,323,0.63085938,0.76470588
299,26,325,0.63476562,0.84
241,64,305,0.59570312,0.58032787
252,57,309,0.60351562,0.63106796
284,26,310,0.60546875,0.83225806
321,5,326,0.63671875,0.96932515
312,11,323,0.63085938,0.93188854
328,5,333,0.65039062,0.96996997
314,7,321,0.62695312,0.95638629
299,17,316,0.6171875,0.89240506
291,32,323,0.63085938,0.80185759
269,39,308,0.6015625,0.74675325
230,85,315,0.61523438,0.46031746
275,51,326,0.63671875,0.68711656
276,42,318,0.62109375,0.73584906
259,44,303,0.59179688,0.70957096
289,33,322,0.62890625,0.79503106
274,44,318,0.62109375,0.72327044
268,57,325,0.63476562,0.64923077
296,21,317,0.61914062,0.86750789
274,33,307,0.59960938,0.78501629
222,85,307,0.59960938,0.44625407
233,76,309,0.60351562,0.50809061
248,70,318,0.62109375,0.55974843
218,92,310,0.60546875,0.40645161
204,109,313,0.61132812,0.30351438
255,55,310,0.60546875,0.64516129
228,87,315,0.61523438,0.44761905
256,60,316,0.6171875,0.62025316
254,71,325,0.63476562,0.56307692
255,65,320,0.625,0.59375
205,106,311,0.60742188,0.31832797
258,63,321,0.62695312,0.60747664
270,34,304,0.59375,0.77631579
290,33,323,0.63085938,0.79566563
287,35,322,0.62890625,0.7826087
322,9,331,0.64648438,0.94561934
291,27,318,0.62109375,0.83018868
297,17,314,0.61328125,0.89171975
303,19,322,0.62890625,0.88198758
295,18,313,0.61132812,0.88498403
303,22,325,0.63476562,0.86461538
299,18,317,0.61914062,0.88643533
234,65,299,0.58398438,0.56521739
236,75,311,0.60742188,0.51768489
230,87,317,0.61914062,0.4511041
251,67,318,0.62109375,0.57861635
235,77,312,0.609375,0.50641026
288,30,318,0.62109375,0.81132075
208,88,296,0.578125,0.40540541
246,63,309,0.60351562,0.59223301
218,95,313,0.61132812,0.39297125
286,40,326,0.63671875,0.75460123
259,59,318,0.62109375,0.62893082
186,128,314,0.61328125,0.18471338
204,108,312,0.609375,0.30769231
218,84,302,0.58984375,0.44370861
191,124,315,0.61523438,0.21269841
204,105,309,0.60351562,0.32038835
261,44,305,0.59570312,0.71147541
262,60,322,0.62890625,0.62732919
313,7,320,0.625,0.95625
281,27,308,0.6015625,0.82467532
290,27,317,0.61914062,0.829653
265,46,311,0.60742188,0.70418006
313,16,329,0.64257812,0.90273556
295,26,321,0.62695312,0.83800623
315,5,320,0.625,0.96875
306,12,318,0.62109375,0.9245283
316,2,318,0.62109375,0.98742138
296,24,320,0.625,0.85
312,9,321,0.62695312,0.94392523
282,23,305,0.59570312,0.84918033
293,30,323,0.63085938,0.81424149
318,8,326,0.63671875,0.95092025
323,5,328,0.640625,0.9695122
306,17,323,0.63085938,0.89473684
270,53,323,0.63085938,0.67182663
233,74,307,0.59960938,0.51791531
216,87,303,0.59179688,0.42574257
205,106,311,0.60742188,0.31832797
190,120,310,0.60546875,0.22580645
188,136,324,0.6328125,0.16049383
174,139,313,0.61132812,0.11182109
209,105,314,0.61328125,0.33121019
265,54,319,0.62304688,0.66144201
274,46,320,0.625,0.7125
303,17,320,0.625,0.89375
282,26,308,0.6015625,0.83116883
289,26,315,0.61523438,0.83492063
269,45,314,0.61328125,0.7133758
225,92,317,0.61914062,0.41955836
201,99,300,0.5859375,0.34
180,132,312,0.609375,0.15384615
142,177,319,0.62304688,-0.10971787
108,210,318,0.62109375,-0.32075472
42,269,311,0.60742188,-0.72990354
23,300,323,0.63085938,-0.85758514
39,265,304,0.59375,-0.74342105
14,310,324,0.6328125,-0.91358025
4,313,317,0.61914062,-0.97476341
5,307,312,0.609375,-0.96794872
20,291,311,0.60742188,-0.87138264
24,303,327,0.63867188,-0.85321101
10,307,317,0.61914062,-0.93690852
6,306,312,0.609375,-0.96153846
15,308,323,0.63085938,-0.90712074
19,313,332,0.6484375,-0.88554217
20,287,307,0.59960938,-0.86970684
1,339,340,0.6640625,-0.99411765
25,289,314,0.61328125,-0.84076433
16,309,325,0.63476562,-0.90153846
46,258,304,0.59375,-0.69736842
22,299,321,0.62695312,-0.86292835
15,306,321,0.62695312,-0.90654206
25,301,326,0.63671875,-0.84662577
0,301,301,0.58789062,-1
15,314,329,0.64257812,-0.90881459
23,301,324,0.6328125,-0.85802469
16,307,323,0.63085938,-0.90092879
9,296,305,0.59570312,-0.94098361
43,265,308,0.6015625,-0.72077922
4,312,316,0.6171875,-0.97468354
10,310,320,0.625,-0.9375
34,289,323,0.63085938,-0.78947368
50,266,316,0.6171875,-0.6835443
15,305,320,0.625,-0.90625
7,313,320,0.625,-0.95625
13,317,330,0.64453125,-0.92121212
33,281,314,0.61328125,-0.78980892
24,297,321,0.62695312,-0.85046729
10,320,330,0.64453125,-0.93939394
19,303,322,0.62890625,-0.88198758
108,203,311,0.60742188,-0.30546624
116,190,306,0.59765625,-0.24183007
104,206,310,0.60546875,-0.32903226
110,207,317,0.61914062,-0.30599369
107,201,308,0.6015625,-0.30519481
49,274,323,0.63085938,-0.69659443
40,288,328,0.640625,-0.75609756
81,223,304,0.59375,-0.46710526
117,199,316,0.6171875,-0.25949367
71,224,295,0.57617188,-0.51864407
102,216,318,0.62109375,-0.35849057
54,251,305,0.59570312,-0.64590164
32,290,322,0.62890625,-0.80124224
30,288,318,0.62109375,-0.81132075
53,272,325,0.63476562,-0.67384615
51,257,308,0.6015625,-0.66883117
35,273,308,0.6015625,-0.77272727
24,292,316,0.6171875,-0.84810127
14,310,324,0.6328125,-0.91358025
15,303,318,0.62109375,-0.90566038
16,313,329,0.64257812,-0.90273556
40,268,308,0.6015625,-0.74025974
55,253,308,0.6015625,-0.64285714
92,229,321,0.62695312,-0.42679128
52,267,319,0.62304688,-0.67398119
26,297,323,0.63085938,-0.83900929
38,266,304,0.59375,-0.75
38,277,315,0.61523438,-0.75873016
72,263,335,0.65429688,-0.57014925
59,257,316,0.6171875,-0.62658228
70,241,311,0.60742188,-0.54983923
42,273,315,0.61523438,-0.73333333
35,269,304,0.59375,-0.76973684
10,303,313,0.61132812,-0.93610224
39,263,302,0.58984375,-0.74172185
55,253,308,0.6015625,-0.64285714
31,278,309,0.60351562,-0.79935275
16,299,315,0.61523438,-0.8984127
23,299,322,0.62890625,-0.85714286
17,300,317,0.61914062,-0.89274448
8,300,308,0.6015625,-0.94805195
38,285,323,0.63085938,-0.76470588
3,308,311,0.60742188,-0.9807074
14,301,315,0.61523438,-0.91111111
23,298,321,0.62695312,-0.85669782
10,308,318,0.62109375,-0.93710692
64,244,308,0.6015625,-0.58441558
65,230,295,0.57617188,-0.55932203
78,227,305,0.59570312,-0.48852459
61,253,314,0.61328125,-0.61146497
37,279,316,0.6171875,-0.76582278
5,319,324,0.6328125,-0.9691358
13,305,318,0.62109375,-0.91823899
5,309,314,0.61328125,-0.96815287
5,323,328,0.640625,-0.9695122
7,316,323,0.63085938,-0.95665635
6,320,326,0.63671875,-0.96319018
38,278,316,0.6171875,-0.75949367
23,299,322,0.62890625,-0.85714286
1,327,328,0.640625,-0.99390244
9,306,315,0.61523438,-0.94285714
29,292,321,0.62695312,-0.81931464
96,205,301,0.58789062,-0.36212625
142,164,306,0.59765625,-0.071895425
178,141,319,0.62304688,0.11598746
145,157,302,0.58984375,-0.039735099
121,193,314,0.61328125,-0.22929936
99,204,303,0.59179688,-0.34653465
106,206,312,0.609375,-0.32051282
24,283,307,0.59960938,-0.84364821
3,331,334,0.65234375,-0.98203593
19,294,313,0.61132812,-0.87859425
4,319,323,0.63085938,-0.9752322
7,315,322,0.62890625,-0.95652174
4,324,328,0.640625,-0.97560976
21,298,319,0.62304688,-0.86833856
2,323,325,0.63476562,-0.98769231
49,264,313,0.61132812,-0.68690096
78,235,313,0.61132812,-0.50159744
109,211,320,0.625,-0.31875
81,235,316,0.6171875,-0.48734177
99,200,299,0.58398438,-0.33779264
17,294,311,0.60742188,-0.89067524
85,230,315,0.61523438,-0.46031746
45,271,316,0.6171875,-0.71518987
41,260,301,0.58789062,-0.72757475
42,265,307,0.59960938,-0.72638436
73,243,316,0.6171875,-0.53797468
32,291,323,0.63085938,-0.80185759
11,297,308,0.6015625,-0.92857143
22,294,316,0.6171875,-0.86075949
45,277,322,0.62890625,-0.72049689
13,296,309,0.60351562,-0.91585761
9,308,317,0.61914062,-0.94321767
26,284,310,0.60546875,-0.83225806
6,313,319,0.62304688,-0.96238245
81,239,320,0.625,-0.49375
75,233,308,0.6015625,-0.51298701
46,257,303,0.59179688,-0.69636964
51,273,324,0.6328125,-0.68518519
51,263,314,0.61328125,-0.67515924
60,260,320,0.625,-0.625
36,276,312,0.609375,-0.76923077
9,312,321,0.62695312,-0.94392523
19,300,319,0.62304688,-0.88087774
21,303,324,0.6328125,-0.87037037
3,327,330,0.64453125,-0.98181818
14,295,309,0.60351562,-0.90938511
18,310,328,0.640625,-0.8902439
4,313,317,0.61914062,-0.97476341
51,262,313,0.61132812,-0.67412141
84,216,300,0.5859375,-0.44
56,240,296,0.578125,-0.62162162
83,239,322,0.62890625,-0.48447205
51,259,310,0.60546875,-0.67096774
32,289,321,0.62695312,-0.80062305
15,306,321,0.62695312,-0.90654206
3,317,320,0.625,-0.98125
19,306,325,0.63476562,-0.88307692
19,287,306,0.59765625,-0.87581699
18,301,319,0.62304688,-0.88714734
51,258,309,0.60351562,-0.66990291
38,281,319,0.62304688,-0.76175549
32,283,315,0.61523438,-0.7968254
41,272,313,0.61132812,-0.73801917
67,243,310,0.60546875,-0.56774194
106,192,298,0.58203125,-0.2885906
187,122,309,0.60351562,0.21035599
148,145,293,0.57226562,0.010238908
105,199,304,0.59375,-0.30921053
97,210,307,0.59960938,-0.36807818
73,233,306,0.59765625,-0.52287582
55,253,308,0.6015625,-0.64285714
70,241,311,0.60742188,-0.54983923
77,225,302,0.58984375,-0.49006623
99,218,317,0.61914062,-0.37539432
103,209,312,0.609375,-0.33974359
65,254,319,0.62304688,-0.59247649
38,272,310,0.60546875,-0.75483871
37,285,322,0.62890625,-0.77018634
10,303,313,0.61132812,-0.93610224
28,295,323,0.63085938,-0.82662539
29,291,320,0.625,-0.81875
29,299,328,0.640625,-0.82317073
44,271,315,0.61523438,-0.72063492
19,296,315,0.61523438,-0.87936508
49,264,313,0.61132812,-0.68690096
94,203,297,0.58007812,-0.36700337
75,249,324,0.6328125,-0.53703704
81,227,308,0.6015625,-0.47402597
97,214,311,0.60742188,-0.37620579
91,211,302,0.58984375,-0.39735099
78,215,293,0.57226562,-0.46757679
72,243,315,0.61523438,-0.54285714
147,164,311,0.60742188,-0.054662379
171,156,327,0.63867188,0.04587156
129,185,314,0.61328125,-0.17834395
80,230,310,0.60546875,-0.48387097
74,229,303,0.59179688,-0.51155116
101,220,321,0.62695312,-0.37071651
106,209,315,0.61523438,-0.32698413
44,279,323,0.63085938,-0.72755418
57,253,310,0.60546875,-0.63225806
84,230,314,0.61328125,-0.46496815
85,221,306,0.59765625,-0.44444444
40,270,310,0.60546875,-0.74193548
50,256,306,0.59765625,-0.67320261
79,244,323,0.63085938,-0.51083591
140,166,306,0.59765625,-0.08496732
119,209,328,0.640625,-0.27439024
81,215,296,0.578125,-0.4527027
140,175,315,0.61523438,-0.11111111
88,227,315,0.61523438,-0.44126984
37,275,312,0.609375,-0.76282051
11,316,327,0.63867188,-0.93272171
3,328,331,0.64648438,-0.98187311
67,259,326,0.63671875,-0.58895706
31,292,323,0.63085938,-0.80804954
16,304,320,0.625,-0.9
39,272,311,0.60742188,-0.74919614
9,309,318,0.62109375,-0.94339623
2,327,329,0.64257812,-0.98784195
7,312,319,0.62304688,-0.95611285
13,303,316,0.6171875,-0.91772152
13,304,317,0.61914062,-0.91798107
28,281,309,0.60351562,-0.81877023
85,239,324,0.6328125,-0.47530864
50,262,312,0.609375,-0.67948718
49,263,312,0.609375,-0.68589744
41,285,326,0.63671875,-0.74846626
17,294,311,0.60742188,-0.89067524
25,283,308,0.6015625,-0.83766234
44,281,325,0.63476562,-0.72923077
69,246,315,0.61523438,-0.56190476
75,237,312,0.609375,-0.51923077
82,227,309,0.60351562,-0.46925566
38,271,309,0.60351562,-0.75404531
112,206,318,0.62109375,-0.29559748
101,213,314,0.61328125,-0.3566879
63,267,330,0.64453125,-0.61818182
37,271,308,0.6015625,-0.75974026
54,263,317,0.61914062,-0.65930599
11,299,310,0.60546875,-0.92903226
34,291,325,0.63476562,-0.79076923
36,294,330,0.64453125,-0.78181818
42,274,316,0.6171875,-0.73417722
13,304,317,0.61914062,-0.91798107
20,305,325,0.63476562,-0.87692308
32,281,313,0.61132812,-0.79552716
16,301,317,0.61914062,-0.89905363
21,292,313,0.61132812,-0.8658147
35,268,303,0.59179688,-0.7689769
15,299,314,0.61328125,-0.9044586
24,292,316,0.6171875,-0.84810127
7,302,309,0.60351562,-0.95469256
78,245,323,0.63085938,-0.51702786
80,223,303,0.59179688,-0.47194719
144,180,324,0.6328125,-0.11111111
55,270,325,0.63476562,-0.66153846
98,208,306,0.59765625,-0.35947712
158,143,301,0.58789062,0.049833887
100,216,316,0.6171875,-0.36708861
99,220,319,0.62304688,-0.37931034
116,194,310,0.60546875,-0.2516129
69,247,316,0.6171875,-0.56329114
73,227,300,0.5859375,-0.51333333
44,273,317,0.61914062,-0.72239748
13,318,331,0.64648438,-0.92145015
8,304,312,0.609375,-0.94871795
55,256,311,0.60742188,-0.64630225
116,186,302,0.58984375,-0.23178808
83,234,317,0.61914062,-0.47634069
53,264,317,0.61914062,-0.66561514
89,219,308,0.6015625,-0.42207792
52,271,323,0.63085938,-0.67801858
29,284,313,0.61132812,-0.81469649
41,263,304,0.59375,-0.73026316
39,283,322,0.62890625,-0.75776398
10,317,327,0.63867188,-0.93883792
30,283,313,0.61132812,-0.80830671
24,296,320,0.625,-0.85
28,283,311,0.60742188,-0.81993569
47,268,315,0.61523438,-0.7015873
74,241,315,0.61523438,-0.53015873
70,237,307,0.59960938,-0.54397394
63,260,323,0.63085938,-0.60990712
37,267,304,0.59375,-0.75657895
23,293,316,0.6171875,-0.85443038
14,300,314,0.61328125,-0.91082803
56,246,302,0.58984375,-0.62913907
66,238,304,0.59375,-0.56578947
68,244,312,0.609375,-0.56410256
30,299,329,0.64257812,-0.81762918
76,233,309,0.60351562,-0.50809061
51,278,329,0.64257812,-0.6899696
33,280,313,0.61132812,-0.78913738
19,304,323,0.63085938,-0.88235294
52,252,304,0.59375,-0.65789474
54,238,292,0.5703125,-0.63013699
71,241,312,0.609375,-0.54487179
49,266,315,0.61523438,-0.68888889
44,271,315,0.61523438,-0.72063492
35,280,315,0.61523438,-0.77777778
0,334,334,0.65234375,-1
22,293,315,0.61523438,-0.86031746
32,287,319,0.62304688,-0.79937304
35,284,319,0.62304688,-0.78056426
23,291,314,0.61328125,-0.85350318
42,268,310,0.60546875,-0.72903226
63,254,317,0.61914062,-0.60252366
108,211,319,0.62304688,-0.32288401
92,221,313,0.61132812,-0.41214058
72,251,323,0.63085938,-0.55417957
83,220,303,0.59179688,-0.45214521
106,210,316,0.6171875,-0.32911392
50,262,312,0.609375,-0.67948718
33,290,323,0.63085938,-0.79566563
52,266,318,0.62109375,-0.67295597
52,264,316,0.6171875,-0.67088608
9,308,317,0.61914062,-0.94321767
5,322,327,0.63867188,-0.96941896
27,281,308,0.6015625,-0.82467532
53,260,313,0.61132812,-0.66134185
31,298,329,0.64257812,-0.81155015
52,252,304,0.59375,-0.65789474
14,310,324,0.6328125,-0.91358025
23,295,318,0.62109375,-0.85534591
65,248,313,0.61132812,-0.58466454
18,289,307,0.59960938,-0.88273616
31,284,315,0.61523438,-0.8031746
23,296,319,0.62304688,-0.85579937
26,284,310,0.60546875,-0.83225806
5,308,313,0.61132812,-0.96805112
0,320,320,0.625,-1
60,240,300,0.5859375,-0.6
37,275,312,0.609375,-0.76282051
17,296,313,0.61132812,-0.8913738
17,302,319,0.62304688,-0.89341693
33,287,320,0.625,-0.79375
42,273,315,0.61523438,-0.73333333
30,282,312,0.609375,-0.80769231
31,295,326,0.63671875,-0.80981595
47,264,311,0.60742188,-0.6977492
47,268,315,0.61523438,-0.7015873
28,283,311,0.60742188,-0.81993569
22,313,335,0.65429688,-0.86865672
0,318,318,0.62109375,-1
71,263,334,0.65234375,-0.5748503
97,225,322,0.62890625,-0.39751553
145,153,298,0.58203125,-0.026845638
128,180,308,0.6015625,-0.16883117
101,219,320,0.625,-0.36875
83,220,303,0.59179688,-0.45214521
35,287,322,0.62890625,-0.7826087
36,275,311,0.60742188,-0.76848875
14,302,316,0.6171875,-0.91139241
126,184,310,0.60546875,-0.18709677
135,173,308,0.6015625,-0.12337662
126,189,315,0.61523438,-0.2
70,239,309,0.60351562,-0.54692557
104,194,298,0.58203125,-0.30201342
79,246,325,0.63476562,-0.51384615
104,216,320,0.625,-0.35
22,287,309,0.60351562,-0.85760518
32,289,321,0.62695312,-0.80062305
38,290,328,0.640625,-0.76829268
24,293,317,0.61914062,-0.84858044
12,315,327,0.63867188,-0.9266055
48,266,314,0.61328125,-0.69426752
23,276,299,0.58398438,-0.84615385
47,266,313,0.61132812,-0.69968051
94,225,319,0.62304688,-0.41065831
114,203,317,0.61914062,-0.2807571
151,146,297,0.58007812,0.016835017
151,167,318,0.62109375,-0.050314465
111,208,319,0.62304688,-0.30407524
114,193,307,0.59960938,-0.25732899
128,188,316,0.6171875,-0.18987342
194,105,299,0.58398438,0.29765886
160,147,307,0.59960938,0.042345277
148,163,311,0.60742188,-0.048231511
103,210,313,0.61132812,-0.34185304
55,241,296,0.578125,-0.62837838
70,238,308,0.6015625,-0.54545455
80,225,305,0.59570312,-0.47540984
9,308,317,0.61914062,-0.94321767
26,283,309,0.60351562,-0.83171521
21,316,337,0.65820312,-0.87537092
15,314,329,0.64257812,-0.90881459
9,306,315,0.61523438,-0.94285714
60,264,324,0.6328125,-0.62962963
81,227,308,0.6015625,-0.47402597
49,251,300,0.5859375,-0.67333333
51,255,306,0.59765625,-0.66666667
58,268,326,0.63671875,-0.64417178
70,237,307,0.59960938,-0.54397394
82,223,305,0.59570312,-0.46229508
61,249,310,0.60546875,-0.60645161
67,249,316,0.6171875,-0.57594937
70,233,303,0.59179688,-0.5379538
104,217,321,0.62695312,-0.35202492
38,259,297,0.58007812,-0.74410774
74,246,320,0.625,-0.5375
61,254,315,0.61523438,-0.61269841
27,289,316,0.6171875,-0.82911392
19,294,313,0.61132812,-0.87859425
38,262,300,0.5859375,-0.74666667
15,303,318,0.62109375,-0.90566038
15,306,321,0.62695312,-0.90654206
54,260,314,0.61328125,-0.65605096
65,258,323,0.63085938,-0.59752322
43,280,323,0.63085938,-0.73374613
53,263,316,0.6171875,-0.66455696
48,272,320,0.625,-0.7
48,272,320,0.625,-0.7
122,196,318,0.62109375,-0.2327044
71,237,308,0.6015625,-0.53896104
30,294,324,0.6328125,-0.81481481
33,295,328,0.640625,-0.79878049
55,253,308,0.6015625,-0.64285714
38,269,307,0.59960938,-0.752443
19,297,316,0.6171875,-0.87974684
43,271,314,0.61328125,-0.72611465
50,269,319,0.62304688,-0.68652038
40,288,328,0.640625,-0.75609756
38,264,302,0.58984375,-0.74834437
99,219,318,0.62109375,-0.37735849
60,254,314,0.61328125,-0.61783439
23,289,312,0.609375,-0.8525641
26,292,318,0.62109375,-0.83647799
63,262,325,0.63476562,-0.61230769
71,244,315,0.61523438,-0.54920635
79,230,309,0.60351562,-0.48867314
127,191,318,0.62109375,-0.20125786
186,116,302,0.58984375,0.23178808
192,114,306,0.59765625,0.25490196
179,123,302,0.58984375,0.18543046
237,71,308,0.6015625,0.53896104
280,42,322,0.62890625,0.73913043
282,37,319,0.62304688,0.76802508
292,15,307,0.59960938,0.90228013
235,67,302,0.58984375,0.55629139
255,64,319,0.62304688,0.59874608
273,35,308,0.6015625,0.77272727
290,22,312,0.609375,0.85897436
263,60,323,0.63085938,0.62848297
259,42,301,0.58789062,0.72093023
284,37,321,0.62695312,0.7694704
253,62,315,0.61523438,0.60634921
276,34,310,0.60546875,0.78064516
276,36,312,0.609375,0.76923077
315,7,322,0.62890625,0.95652174
287,33,320,0.625,0.79375
260,56,316,0.6171875,0.64556962
258,58,316,0.6171875,0.63291139
196,114,310,0.60546875,0.26451613
160,147,307,0.59960938,0.042345277
118,205,323,0.63085938,-0.26934985
88,221,309,0.60351562,-0.43042071
42,270,312,0.609375,-0.73076923
59,253,312,0.609375,-0.62179487
63,250,313,0.61132812,-0.59744409
42,280,322,0.62890625,-0.73913043
111,200,311,0.60742188,-0.28617363
74,231,305,0.59570312,-0.5147541
104,201,305,0.59570312,-0.31803279
138,165,303,0.59179688,-0.089108911
115,192,307,0.59960938,-0.25081433
86,224,310,0.60546875,-0.44516129
33,281,314,0.61328125,-0.78980892
51,272,323,0.63085938,-0.68421053
75,246,321,0.62695312,-0.53271028
55,252,307,0.59960938,-0.64169381
1,332,333,0.65039062,-0.99399399
27,288,315,0.61523438,-0.82857143
18,297,315,0.61523438,-0.88571429
70,234,304,0.59375,-0.53947368
93,216,309,0.60351562,-0.39805825
78,227,305,0.59570312,-0.48852459
110,202,312,0.609375,-0.29487179
88,231,319,0.62304688,-0.44827586
77,244,321,0.62695312,-0.52024922
64,252,316,0.6171875,-0.59493671
65,257,322,0.62890625,-0.59627329
54,272,326,0.63671875,-0.66871166
52,260,312,0.609375,-0.66666667
36,276,312,0.609375,-0.76923077
19,295,314,0.61328125,-0.87898089
10,315,325,0.63476562,-0.93846154
24,302,326,0.63671875,-0.85276074
22,285,307,0.59960938,-0.85667752
25,284,309,0.60351562,-0.8381877
48,256,304,0.59375,-0.68421053
34,279,313,0.61132812,-0.7827476
20,290,310,0.60546875,-0.87096774
82,237,319,0.62304688,-0.48589342
85,231,316,0.6171875,-0.46202532
43,277,320,0.625,-0.73125
50,268,318,0.62109375,-0.68553459
26,297,323,0.63085938,-0.83900929
35,278,313,0.61132812,-0.77635783
46,262,308,0.6015625,-0.7012987
108,207,315,0.61523438,-0.31428571
115,188,303,0.59179688,-0.24092409
164,146,310,0.60546875,0.058064516
195,119,314,0.61328125,0.24203822
227,80,307,0.59960938,0.47882736
241,72,313,0.61132812,0.5399361
241,63,304,0.59375,0.58552632
222,85,307,0.59960938,0.44625407
189,118,307,0.59960938,0.23127036
226,94,320,0.625,0.4125
165,146,311,0.60742188,0.061093248
152,149,301,0.58789062,0.0099667774
168,146,314,0.61328125,0.070063694
127,191,318,0.62109375,-0.20125786
164,147,311,0.60742188,0.054662379
141,169,310,0.60546875,-0.090322581
180,123,303,0.59179688,0.18811881
147,169,316,0.6171875,-0.069620253
77,232,309,0.60351562,-0.50161812
109,206,315,0.61523438,-0.30793651
84,231,315,0.61523438,-0.46666667
57,255,312,0.609375,-0.63461538
77,235,312,0.609375,-0.50641026
58,256,314,0.61328125,-0.63057325
59,243,302,0.58984375,-0.60927152
65,250,315,0.61523438,-0.58730159
78,242,320,0.625,-0.5125
89,228,317,0.61914062,-0.4384858
61,248,309,0.60351562,-0.60517799
27,295,322,0.62890625,-0.83229814
43,265,308,0.6015625,-0.72077922
103,204,307,0.59960938,-0.32899023
104,205,309,0.60351562,-0.32686084
22,300,322,0.62890625,-0.86335404
13,298,311,0.60742188,-0.91639871
70,248,318,0.62109375,-0.55974843
97,221,318,0.62109375,-0.38993711
80,228,308,0.6015625,-0.48051948
55,263,318,0.62109375,-0.65408805
39,271,310,0.60546875,-0.7483871
5,313,318,0.62109375,-0.96855346
44,267,311,0.60742188,-0.7170418
58,273,331,0.64648438,-0.64954683
46,262,308,0.6015625,-0.7012987
71,243,314,0.61328125,-0.5477707
30,294,324,0.6328125,-0.81481481
50,268,318,0.62109375,-0.68553459
7,314,321,0.62695312,-0.95638629
33,288,321,0.62695312,-0.79439252
14,316,330,0.64453125,-0.91515152
43,269,312,0.609375,-0.72435897
31,280,311,0.60742188,-0.80064309
66,242,308,0.6015625,-0.57142857
141,158,299,0.58398438,-0.056856187
175,155,330,0.64453125,0.060606061
186,136,322,0.62890625,0.1552795
165,134,299,0.58398438,0.10367893
152,167,319,0.62304688,-0.047021944
131,165,296,0.578125,-0.11486486
144,172,316,0.6171875,-0.088607595
176,144,320,0.625,0.1
173,136,309,0.60351562,0.1197411
156,150,306,0.59765625,0.019607843
171,140,311,0.60742188,0.099678457
116,193,309,0.60351562,-0.24919094
163,165,328,0.640625,-0.006097561
125,179,304,0.59375,-0.17763158
124,178,302,0.58984375,-0.17880795
181,145,326,0.63671875,0.11042945
239,68,307,0.59960938,0.55700326
264,42,306,0.59765625,0.7254902
260,51,311,0.60742188,0.67202572
263,53,316,0.6171875,0.66455696
222,95,317,0.61914062,0.40063091
264,49,313,0.61132812,0.68690096
268,35,303,0.59179688,0.7689769
267,50,317,0.61914062,0.68454259
174,130,304,0.59375,0.14473684
75,240,315,0.61523438,-0.52380952
68,238,306,0.59765625,-0.55555556
41,273,314,0.61328125,-0.7388535
43,264,307,0.59960938,-0.71986971
31,294,325,0.63476562,-0.80923077
2,317,319,0.62304688,-0.98746082
24,288,312,0.609375,-0.84615385
36,271,307,0.59960938,-0.76547231
34,274,308,0.6015625,-0.77922078
88,217,305,0.59570312,-0.42295082
59,262,321,0.62695312,-0.63239875
31,293,324,0.6328125,-0.80864198
22,301,323,0.63085938,-0.86377709
60,246,306,0.59765625,-0.60784314
98,214,312,0.609375,-0.37179487
93,219,312,0.609375,-0.40384615
66,247,313,0.61132812,-0.57827476
65,249,314,0.61328125,-0.58598726
50,259,309,0.60351562,-0.6763754
13,310,323,0.63085938,-0.91950464
62,251,313,0.61132812,-0.60383387
40,274,314,0.61328125,-0.74522293
71,242,313,0.61132812,-0.54632588
67,249,316,0.6171875,-0.57594937
71,239,310,0.60546875,-0.54193548
50,270,320,0.625,-0.6875
68,247,315,0.61523438,-0.56825397
89,226,315,0.61523438,-0.43492063
38,268,306,0.59765625,-0.75163399
10,311,321,0.62695312,-0.9376947
11,317,328,0.640625,-0.93292683
30,308,338,0.66015625,-0.82248521
32,281,313,0.61132812,-0.79552716
25,289,314,0.61328125,-0.84076433
39,283,322,0.62890625,-0.75776398
16,300,316,0.6171875,-0.89873418
14,296,310,0.60546875,-0.90967742
42,275,317,0.61914062,-0.73501577
51,272,323,0.63085938,-0.68421053
34,285,319,0.62304688,-0.78683386
44,255,299,0.58398438,-0.70568562
62,243,305,0.59570312,-0.59344262
116,190,306,0.59765625,-0.24183007
92,209,301,0.58789062,-0.38870432
150,164,314,0.61328125,-0.044585987
138,181,319,0.62304688,-0.13479624
132,167,299,0.58398438,-0.11705686
159,157,316,0.6171875,0.0063291139
197,114,311,0.60742188,0.26688103
120,196,316,0.6171875,-0.24050633
141,157,298,0.58203125,-0.053691275
246,67,313,0.61132812,0.57188498
307,14,321,0.62695312,0.91277259
267,40,307,0.59960938,0.73941368
191,122,313,0.61132812,0.22044728
221,76,297,0.58007812,0.48821549
267,44,311,0.60742188,0.7170418
327,1,328,0.640625,0.99390244
292,21,313,0.61132812,0.8658147
289,27,316,0.6171875,0.82911392
308,15,323,0.63085938,0.90712074
312,15,327,0.63867188,0.90825688
310,21,331,0.64648438,0.87311178
312,15,327,0.63867188,0.90825688
297,16,313,0.61132812,0.89776358
284,37,321,0.62695312,0.7694704
288,41,329,0.64257812,0.75075988
314,19,333,0.65039062,0.88588589
297,16,313,0.61132812,0.89776358
304,20,324,0.6328125,0.87654321
304,14,318,0.62109375,0.91194969
275,39,314,0.61328125,0.75159236
243,60,303,0.59179688,0.6039604
253,59,312,0.609375,0.62179487
235,84,319,0.62304688,0.47335423
244,66,310,0.60546875,0.57419355
237,78,315,0.61523438,0.5047619
209,103,312,0.609375,0.33974359
168,149,317,0.61914062,0.059936909
186,129,315,0.61523438,0.18095238
263,67,330,0.64453125,0.59393939
248,61,309,0.60351562,0.60517799
233,79,312,0.609375,0.49358974
204,94,298,0.58203125,0.36912752
205,111,316,0.6171875,0.29746835
207,96,303,0.59179688,0.36633663
194,105,299,0.58398438,0.29765886
176,124,300,0.5859375,0.17333333
177,140,317,0.61914062,0.11671924
157,155,312,0.609375,0.0064102564
148,161,309,0.60351562,-0.042071197
146,164,310,0.60546875,-0.058064516
187,123,310,0.60546875,0.20645161
148,163,311,0.60742188,-0.048231511
186,133,319,0.62304688,0.1661442
197,129,326,0.63671875,0.20858896
243,76,319,0.62304688,0.52351097
255,49,304,0.59375,0.67763158
235,63,298,0.58203125,0.57718121
256,60,316,0.6171875,0.62025316
275,57,332,0.6484375,0.65662651
265,45,310,0.60546875,0.70967742
305,18,323,0.63085938,0.88854489
281,37,318,0.62109375,0.7672956
277,47,324,0.6328125,0.70987654
238,81,319,0.62304688,0.49216301
216,107,323,0.63085938,0.3374613
220,105,325,0.63476562,0.35384615
198,104,302,0.58984375,0.31125828
107,209,316,0.6171875,-0.32278481
104,205,309,0.60351562,-0.32686084
90,214,304,0.59375,-0.40789474
72,250,322,0.62890625,-0.55279503
35,297,332,0.6484375,-0.78915663
35,292,327,0.63867188,-0.78593272
27,279,306,0.59765625,-0.82352941
32,288,320,0.625,-0.8
27,286,313,0.61132812,-0.82747604
25,293,318,0.62109375,-0.8427673
45,273,318,0.62109375,-0.71698113
22,299,321,0.62695312,-0.86292835
42,269,311,0.60742188,-0.72990354
74,236,310,0.60546875,-0.52258065
95,227,322,0.62890625,-0.40993789
62,248,310,0.60546875,-0.6
70,231,301,0.58789062,-0.53488372
28,285,313,0.61132812,-0.82108626
72,243,315,0.61523438,-0.54285714
93,216,309,0.60351562,-0.39805825
156,152,308,0.6015625,0.012987013
132,171,303,0.59179688,-0.12871287
166,143,309,0.60351562,0.074433657
192,117,309,0.60351562,0.24271845
226,88,314,0.61328125,0.43949045
225,91,316,0.6171875,0.42405063
245,72,317,0.61914062,0.54574132
270,42,312,0.609375,0.73076923
265,56,321,0.62695312,0.65109034
282,30,312,0.609375,0.80769231
282,20,302,0.58984375,0.86754967
294,18,312,0.609375,0.88461538
312,15,327,0.63867188,0.90825688
316,2,318,0.62109375,0.98742138
316,11,327,0.63867188,0.93272171
289,31,320,0.625,0.80625
304,14,318,0.62109375,0.91194969
298,17,315,0.61523438,0.89206349
305,13,318,0.62109375,0.91823899
284,33,317,0.61914062,0.79179811
276,36,312,0.609375,0.76923077
304,25,329,0.64257812,0.84802432
232,76,308,0.6015625,0.50649351
224,98,322,0.62890625,0.39130435
175,139,314,0.61328125,0.11464968
108,201,309,0.60351562,-0.30097087
126,180,306,0.59765625,-0.17647059
133,176,309,0.60351562,-0.13915858
136,173,309,0.60351562,-0.1197411
93,221,314,0.61328125,-0.40764331
54,270,324,0.6328125,-0.66666667
60,249,309,0.60351562,-0.61165049
85,237,322,0.62890625,-0.47204969
150,160,310,0.60546875,-0.032258065
160,146,306,0.59765625,0.045751634
176,131,307,0.59960938,0.1465798
223,93,316,0.6171875,0.41139241
225,77,302,0.58984375,0.49006623
193,120,313,0.61132812,0.23322684
219,105,324,0.6328125,0.35185185
166,128,294,0.57421875,0.1292517
156,137,293,0.57226562,0.064846416
117,193,310,0.60546875,-0.24516129
68,234,302,0.58984375,-0.54966887
115,185,300,0.5859375,-0.23333333
100,222,322,0.62890625,-0.37888199
139,179,318,0.62109375,-0.12578616
174,141,315,0.61523438,0.1047619
211,107,318,0.62109375,0.32704403
268,54,322,0.62890625,0.66459627
243,69,312,0.609375,0.55769231
277,48,325,0.63476562,0.70461538
259,46,305,0.59570312,0.69836066
236,83,319,0.62304688,0.47962382
266,36,302,0.58984375,0.7615894
273,36,309,0.60351562,0.76699029
289,27,316,0.6171875,0.82911392
282,34,316,0.6171875,0.78481013
298,25,323,0.63085938,0.84520124
314,3,317,0.61914062,0.98107256
302,11,313,0.61132812,0.92971246
283,22,305,0.59570312,0.8557377
305,16,321,0.62695312,0.90031153
263,57,320,0.625,0.64375
282,36,318,0.62109375,0.77358491
299,27,326,0.63671875,0.83435583
299,20,319,0.62304688,0.87460815
319,6,325,0.63476562,0.96307692
259,54,313,0.61132812,0.65495208
280,28,308,0.6015625,0.81818182
276,41,317,0.61914062,0.74132492
285,31,316,0.6171875,0.80379747
289,38,327,0.63867188,0.7675841
261,52,313,0.61132812,0.66773163
246,63,309,0.60351562,0.59223301
243,73,316,0.6171875,0.53797468
236,79,315,0.61523438,0.4984127
282,29,311,0.60742188,0.81350482
278,34,312,0.609375,0.78205128
291,36,327,0.63867188,0.77981651
285,29,314,0.61328125,0.81528662
287,34,321,0.62695312,0.78816199
334,4,338,0.66015625,0.97633136
329,4,333,0.65039062,0.97597598
285,37,322,0.62890625,0.77018634
315,1,316,0.6171875,0.99367089
295,29,324,0.6328125,0.82098765
274,35,309,0.60351562,0.77346278
256,50,306,0.59765625,0.67320261
214,84,298,0.58203125,0.43624161
178,123,301,0.58789062,0.18272425
110,197,307,0.59960938,-0.28338762
79,224,303,0.59179688,-0.47854785
53,259,312,0.609375,-0.66025641
64,254,318,0.62109375,-0.59748428
115,203,318,0.62109375,-0.27672956
127,180,307,0.59960938,-0.17263844
77,223,300,0.5859375,-0.48666667
119,197,316,0.6171875,-0.24683544
88,231,319,0.62304688,-0.44827586
72,247,319,0.62304688,-0.54858934
87,234,321,0.62695312,-0.45794393
94,213,307,0.59960938,-0.38762215
80,234,314,0.61328125,-0.49044586
27,290,317,0.61914062,-0.829653
17,312,329,0.64257812,-0.89665653
22,301,323,0.63085938,-0.86377709
32,275,307,0.59960938,-0.79153094
97,214,311,0.60742188,-0.37620579
142,161,303,0.59179688,-0.062706271
185,115,300,0.5859375,0.23333333
222,89,311,0.60742188,0.42765273
271,29,300,0.5859375,0.80666667
265,48,313,0.61132812,0.69329073
290,21,311,0.60742188,0.86495177
317,8,325,0.63476562,0.95076923
262,55,317,0.61914062,0.65299685
292,22,314,0.61328125,0.85987261
257,59,316,0.6171875,0.62658228
208,103,311,0.60742188,0.33762058
218,77,295,0.57617188,0.4779661
226,84,310,0.60546875,0.45806452
162,151,313,0.61132812,0.03514377
236,88,324,0.6328125,0.45679012
272,49,321,0.62695312,0.69470405
278,38,316,0.6171875,0.75949367
280,37,317,0.61914062,0.76656151
252,60,312,0.609375,0.61538462
238,78,316,0.6171875,0.50632911
227,90,317,0.61914062,0.43217666
218,88,306,0.59765625,0.4248366
199,116,315,0.61523438,0.26349206
172,144,316,0.6171875,0.088607595
238,76,314,0.61328125,0.51592357
244,66,310,0.60546875,0.57419355
262,48,310,0.60546875,0.69032258
272,32,304,0.59375,0.78947368
294,34,328,0.640625,0.79268293
279,32,311,0.60742188,0.79421222
289,39,328,0.640625,0.76219512
272,68,340,0.6640625,0.6
237,89,326,0.63671875,0.45398773
285,25,310,0.60546875,0.83870968
302,15,317,0.61914062,0.90536278
243,58,301,0.58789062,0.61461794
262,64,326,0.63671875,0.60736196
247,65,312,0.609375,0.58333333
258,64,322,0.62890625,0.60248447
231,75,306,0.59765625,0.50980392
274,50,324,0.6328125,0.69135802
288,21,309,0.60351562,0.86407767
300,24,324,0.6328125,0.85185185
305,10,315,0.61523438,0.93650794
291,18,309,0.60351562,0.88349515
296,11,307,0.59960938,0.92833876
333,3,336,0.65625,0.98214286
278,42,320,0.625,0.7375
286,21,307,0.59960938,0.86319218
304,22,326,0.63671875,0.86503067
284,45,329,0.64257812,0.72644377
258,56,314,0.61328125,0.6433121
316,6,322,0.62890625,0.96273292
314,18,332,0.6484375,0.89156627
298,17,315,0.61523438,0.89206349
221,103,324,0.6328125,0.36419753
178,129,307,0.59960938,0.15960912
155,157,312,0.609375,-0.0064102564
186,133,319,0.62304688,0.1661442
168,157,325,0.63476562,0.033846154
146,169,315,0.61523438,-0.073015873
80,232,312,0.609375,-0.48717949
129,179,308,0.6015625,-0.16233766
172,135,307,0.59960938,0.12052117
220,85,305,0.59570312,0.44262295
231,82,313,0.61132812,0.47603834
194,119,313,0.61132812,0.23961661
84,230,314,0.61328125,-0.46496815
40,273,313,0.61132812,-0.74440895
92,216,308,0.6015625,-0.4025974
118,183,301,0.58789062,-0.21594684
82,218,300,0.5859375,-0.45333333
114,192,306,0.59765625,-0.25490196
168,144,312,0.609375,0.076923077
128,184,312,0.609375,-0.17948718
120,185,305,0.59570312,-0.21311475
115,180,295,0.57617188,-0.22033898
56,256,312,0.609375,-0.64102564
84,236,320,0.625,-0.475
70,246,316,0.6171875,-0.55696203
70,253,323,0.63085938,-0.56656347
55,259,314,0.61328125,-0.64968153
55,254,309,0.60351562,-0.64401294
109,193,302,0.58984375,-0.2781457
90,223,313,0.61132812,-0.42492013
102,219,321,0.62695312,-0.36448598
72,249,321,0.62695312,-0.55140187
55,264,319,0.62304688,-0.65517241
36,282,318,0.62109375,-0.77358491
10,309,319,0.62304688,-0.93730408
37,274,311,0.60742188,-0.76205788
2,321,323,0.63085938,-0.9876161
17,303,320,0.625,-0.89375
1,338,339,0.66210938,-0.99410029
14,295,309,0.60351562,-0.90938511
14,305,319,0.62304688,-0.91222571
4,322,326,0.63671875,-0.97546012
9,315,324,0.6328125,-0.94444444
17,297,314,0.61328125,-0.89171975
28,291,319,0.62304688,-0.82445141
14,297,311,0.60742188,-0.90996785
36,274,310,0.60546875,-0.76774194
27,280,307,0.59960938,-0.82410423
27,291,318,0.62109375,-0.83018868
43,281,324,0.6328125,-0.7345679
27,292,319,0.62304688,-0.830721
29,289,318,0.62109375,-0.81761006
66,236,302,0.58984375,-0.56291391
46,284,330,0.64453125,-0.72121212
28,296,324,0.6328125,-0.82716049
32,285,317,0.61914062,-0.79810726
42,266,308,0.6015625,-0.72727273
36,268,304,0.59375,-0.76315789
20,283,303,0.59179688,-0.8679868
28,296,324,0.6328125,-0.82716049
34,280,314,0.61328125,-0.78343949
42,273,315,0.61523438,-0.73333333
46,277,323,0.63085938,-0.71517028
6,314,320,0.625,-0.9625
26,304,330,0.64453125,-0.84242424
40,284,324,0.6328125,-0.75308642
5,312,317,0.61914062,-0.96845426
7,313,320,0.625,-0.95625
89,222,311,0.60742188,-0.42765273
103,192,295,0.57617188,-0.30169492
113,203,316,0.6171875,-0.28481013
106,204,310,0.60546875,-0.31612903
30,288,318,0.62109375,-0.81132075
14,313,327,0.63867188,-0.91437309
51,265,316,0.6171875,-0.67721519
99,194,293,0.57226562,-0.32423208
8,315,323,0.63085938,-0.9504644
32,296,328,0.640625,-0.80487805
43,264,307,0.59960938,-0.71986971
110,197,307,0.59960938,-0.28338762
113,196,309,0.60351562,-0.26860841
70,235,305,0.59570312,-0.54098361
30,284,314,0.61328125,-0.8089172
31,291,322,0.62890625,-0.80745342
0,313,313,0.61132812,-1
11,306,317,0.61914062,-0.93059937
20,303,323,0.63085938,-0.87616099
15,298,313,0.61132812,-0.90415335
29,282,311,0.60742188,-0.81350482
4,311,315,0.61523438,-0.97460317
41,274,315,0.61523438,-0.73968254
18,291,309,0.60351562,-0.88349515
46,265,311,0.60742188,-0.70418006
18,295,313,0.61132812,-0.88498403
67,234,301,0.58789062,-0.55481728
43,268,311,0.60742188,-0.72347267
32,273,305,0.59570312,-0.79016393
41,258,299,0.58398438,-0.72575251
22,289,311,0.60742188,-0.8585209
40,268,308,0.6015625,-0.74025974
32,272,304,0.59375,-0.78947368
46,258,304,0.59375,-0.69736842
47,273,320,0.625,-0.70625
78,246,324,0.6328125,-0.51851852
110,200,310,0.60546875,-0.29032258
93,224,317,0.61914062,-0.41324921
52,249,301,0.58789062,-0.65448505
26,288,314,0.61328125,-0.8343949
13,315,328,0.640625,-0.92073171
22,300,322,0.62890625,-0.86335404
68,239,307,0.59960938,-0.55700326
68,252,320,0.625,-0.575
92,212,304,0.59375,-0.39473684
80,234,314,0.61328125,-0.49044586
81,225,306,0.59765625,-0.47058824
74,238,312,0.609375,-0.52564103
29,285,314,0.61328125,-0.81528662
57,264,321,0.62695312,-0.64485981
35,280,315,0.61523438,-0.77777778
29,308,337,0.65820312,-0.82789318
25,295,320,0.625,-0.84375
7,304,311,0.60742188,-0.95498392
32,283,315,0.61523438,-0.7968254
35,290,325,0.63476562,-0.78461538
28,295,323,0.63085938,-0.82662539
35,281,316,0.6171875,-0.77848101
19,310,329,0.64257812,-0.88449848
5,321,326,0.63671875,-0.96932515
25,295,320,0.625,-0.84375
54,258,312,0.609375,-0.65384615
27,288,315,0.61523438,-0.82857143
30,277,307,0.59960938,-0.80456026
33,284,317,0.61914062,-0.79179811
39,274,313,0.61132812,-0.75079872
50,253,303,0.59179688,-0.669967
18,307,325,0.63476562,-0.88923077
16,311,327,0.63867188,-0.90214067
14,310,324,0.6328125,-0.91358025
47,258,305,0.59570312,-0.69180328
59,260,319,0.62304688,-0.63009404
42,268,310,0.60546875,-0.72903226
58,260,318,0.62109375,-0.63522013
49,277,326,0.63671875,-0.6993865
98,217,315,0.61523438,-0.37777778
110,200,310,0.60546875,-0.29032258
53,273,326,0.63671875,-0.67484663
45,277,322,0.62890625,-0.72049689
15,314,329,0.64257812,-0.90881459
35,277,312,0.609375,-0.77564103
58,265,323,0.63085938,-0.64086687
32,272,304,0.59375,-0.78947368
10,303,313,0.61132812,-0.93610224
41,265,306,0.59765625,-0.73202614
36,284,320,0.625,-0.775
44,268,312,0.609375,-0.71794872
38,271,309,0.60351562,-0.75404531
23,290,313,0.61132812,-0.85303514
23,286,309,0.60351562,-0.85113269
32,279,311,0.60742188,-0.79421222
26,287,313,0.61132812,-0.83386581
11,305,316,0.6171875,-0.93037975
19,306,325,0.63476562,-0.88307692
36,280,316,0.6171875,-0.7721519
49,266,315,0.61523438,-0.68888889
8,312,320,0.625,-0.95
28,280,308,0.6015625,-0.81818182
44,259,303,0.59179688,-0.70957096
112,198,310,0.60546875,-0.27741935
96,212,308,0.6015625,-0.37662338
142,159,301,0.58789062,-0.056478405
149,158,307,0.59960938,-0.029315961
98,204,302,0.58984375,-0.35099338
95,207,302,0.58984375,-0.37086093
89,227,316,0.6171875,-0.43670886
128,180,308,0.6015625,-0.16883117
114,182,296,0.578125,-0.22972973
100,213,313,0.61132812,-0.36102236
110,203,313,0.61132812,-0.2971246
134,184,318,0.62109375,-0.1572327
82,230,312,0.609375,-0.47435897
151,150,301,0.58789062,0.0033222591
155,160,315,0.61523438,-0.015873016
174,127,301,0.58789062,0.15614618
108,201,309,0.60351562,-0.30097087
144,158,302,0.58984375,-0.046357616
132,190,322,0.62890625,-0.18012422
172,158,330,0.64453125,0.042424242
187,120,307,0.59960938,0.21824104
261,63,324,0.6328125,0.61111111
294,23,317,0.61914062,0.85488959
263,58,321,0.62695312,0.63862928
242,78,320,0.625,0.5125
215,97,312,0.609375,0.37820513
294,26,320,0.625,0.8375
319,4,323,0.63085938,0.9752322
275,36,311,0.60742188,0.76848875
306,8,314,0.61328125,0.94904459
298,26,324,0.6328125,0.83950617
287,32,319,0.62304688,0.79937304
237,76,313,0.61132812,0.514377
227,88,315,0.61523438,0.44126984
222,92,314,0.61328125,0.41401274
243,62,305,0.59570312,0.59344262
241,67,308,0.6015625,0.56493506
305,15,320,0.625,0.90625
299,21,320,0.625,0.86875
267,46,313,0.61132812,0.70607029
230,80,310,0.60546875,0.48387097
291,28,319,0.62304688,0.82445141
296,19,315,0.61523438,0.87936508
252,54,306,0.59765625,0.64705882
228,84,312,0.609375,0.46153846
247,68,315,0.61523438,0.56825397
249,55,304,0.59375,0.63815789
295,17,312,0.609375,0.89102564
300,18,318,0.62109375,0.88679245
274,33,307,0.59960938,0.78501629
297,22,319,0.62304688,0.86206897
272,47,319,0.62304688,0.70532915
280,43,323,0.63085938,0.73374613
260,53,313,0.61132812,0.66134185
302,23,325,0.63476562,0.85846154
313,7,320,0.625,0.95625
303,21,324,0.6328125,0.87037037
296,23,319,0.62304688,0.85579937
303,16,319,0.62304688,0.89968652
281,31,312,0.609375,0.80128205
239,67,306,0.59765625,0.5620915
264,51,315,0.61523438,0.67619048
223,90,313,0.61132812,0.42492013
189,111,300,0.5859375,0.26
207,97,304,0.59375,0.36184211
201,109,310,0.60546875,0.29677419
213,106,319,0.62304688,0.3354232
191,114,305,0.59570312,0.25245902
168,147,315,0.61523438,0.066666667
151,153,304,0.59375,-0.0065789474
142,170,312,0.609375,-0.08974359
157,147,304,0.59375,0.032894737
88,227,315,0.61523438,-0.44126984
107,209,316,0.6171875,-0.32278481
75,238,313,0.61132812,-0.52076677
100,216,316,0.6171875,-0.36708861
73,233,306,0.59765625,-0.52287582
56,244,300,0.5859375,-0.62666667
71,250,321,0.62695312,-0.5576324
78,238,316,0.6171875,-0.50632911
40,278,318,0.62109375,-0.74842767
21,309,330,0.64453125,-0.87272727
15,298,313,0.61132812,-0.90415335
14,304,318,0.62109375,-0.91194969
9,318,327,0.63867188,-0.94495413
13,306,319,0.62304688,-0.9184953
19,289,308,0.6015625,-0.87662338
22,301,323,0.63085938,-0.86377709
19,305,324,0.6328125,-0.88271605
2,325,327,0.63867188,-0.98776758
17,304,321,0.62695312,-0.894081
6,320,326,0.63671875,-0.96319018
2,319,321,0.62695312,-0.98753894
31,308,339,0.66210938,-0.81710914
25,298,323,0.63085938,-0.84520124
8,320,328,0.640625,-0.95121951
32,283,315,0.61523438,-0.7968254
49,272,321,0.62695312,-0.69470405
16,303,319,0.62304688,-0.89968652
34,267,301,0.58789062,-0.77408638
12,317,329,0.64257812,-0.92705167
59,263,322,0.62890625,-0.63354037
39,289,328,0.640625,-0.76219512
54,261,315,0.61523438,-0.65714286
42,281,323,0.63085938,-0.73993808
27,296,323,0.63085938,-0.83281734
4,306,310,0.60546875,-0.97419355
23,286,309,0.60351562,-0.85113269
12,293,305,0.59570312,-0.92131148
23,296,319,0.62304688,-0.85579937
0,325,325,0.63476562,-1
17,311,328,0.640625,-0.89634146
20,285,305,0.59570312,-0.86885246
45,277,322,0.62890625,-0.72049689
58,264,322,0.62890625,-0.63975155
4,318,322,0.62890625,-0.97515528
37,284,321,0.62695312,-0.7694704
83,234,317,0.61914062,-0.47634069
116,211,327,0.63867188,-0.29051988
172,141,313,0.61132812,0.099041534
150,161,311,0.60742188,-0.035369775
121,201,322,0.62890625,-0.2484472
122,192,314,0.61328125,-0.22292994
132,185,317,0.61914062,-0.16719243
154,157,311,0.60742188,-0.0096463023
154,154,308,0.6015625,0
193,116,309,0.60351562,0.24919094
192,127,319,0.62304688,0.20376176
230,81,311,0.60742188,0.47909968
233,84,317,0.61914062,0.47003155
207,98,305,0.59570312,0.35737705
252,73,325,0.63476562,0.55076923
298,27,325,0.63476562,0.83384615
290,32,322,0.62890625,0.80124224
300,26,326,0.63671875,0.8404908
301,19,320,0.625,0.88125
310,16,326,0.63671875,0.90184049
305,19,324,0.6328125,0.88271605
312,10,322,0.62890625,0.9378882
301,26,327,0.63867188,0.84097859
298,16,314,0.61328125,0.89808917
299,28,327,0.63867188,0.82874618
258,42,300,0.5859375,0.72
302,14,316,0.6171875,0.91139241
330,8,338,0.66015625,0.95266272
320,8,328,0.640625,0.95121951
305,9,314,0.61328125,0.94267516
279,26,305,0.59570312,0.8295082
309,11,320,0.625,0.93125
255,57,312,0.609375,0.63461538
253,51,304,0.59375,0.66447368
244,77,321,0.62695312,0.52024922
281,30,311,0.60742188,0.80707395
293,21,314,0.61328125,0.86624204
250,62,312,0.609375,0.6025641
297,28,325,0.63476562,0.82769231
290,17,307,0.59960938,0.88925081
301,23,324,0.6328125,0.85802469
266,37,303,0.59179688,0.75577558
302,9,311,0.60742188,0.94212219
316,2,318,0.62109375,0.98742138
313,4,317,0.61914062,0.97476341
308,9,317,0.61914062,0.94321767
326,5,331,0.64648438,0.96978852
272,41,313,0.61132812,0.73801917
318,5,323,0.63085938,0.96904025
270,42,312,0.609375,0.73076923
266,47,313,0.61132812,0.69968051
285,28,313,0.61132812,0.82108626
288,26,314,0.61328125,0.8343949
244,68,312,0.609375,0.56410256
277,36,313,0.61132812,0.76996805
288,33,321,0.62695312,0.79439252
202,111,313,0.61132812,0.29073482
210,102,312,0.609375,0.34615385
229,87,316,0.6171875,0.44936709
247,47,294,0.57421875,0.68027211
188,119,307,0.59960938,0.2247557
214,107,321,0.62695312,0.33333333
217,95,312,0.609375,0.39102564
216,102,318,0.62109375,0.35849057
169,151,320,0.625,0.05625
196,115,311,0.60742188,0.26045016
208,104,312,0.609375,0.33333333
212,105,317,0.61914062,0.33753943
224,97,321,0.62695312,0.39563863
287,28,315,0.61523438,0.82222222
265,44,309,0.60351562,0.71521036
281,37,318,0.62109375,0.7672956
273,52,325,0.63476562,0.68
277,41,318,0.62109375,0.74213836
257,45,302,0.58984375,0.70198675
319,7,326,0.63671875,0.95705521
283,38,321,0.62695312,0.76323988
271,33,304,0.59375,0.78289474
284,39,323,0.63085938,0.75851393
232,72,304,0.59375,0.52631579
229,93,322,0.62890625,0.42236025
197,107,304,0.59375,0.29605263
230,78,308,0.6015625,0.49350649
269,57,326,0.63671875,0.65030675
251,55,306,0.59765625,0.64052288
279,45,324,0.6328125,0.72222222
238,75,313,0.61132812,0.52076677
273,59,332,0.6484375,0.64457831
267,55,322,0.62890625,0.65838509
242,76,318,0.62109375,0.52201258
258,51,309,0.60351562,0.66990291
292,30,322,0.62890625,0.8136646
285,20,305,0.59570312,0.86885246
292,16,308,0.6015625,0.8961039
295,28,323,0.63085938,0.82662539
268,45,313,0.61132812,0.71246006
275,49,324,0.6328125,0.69753086
265,46,311,0.60742188,0.70418006
228,72,300,0.5859375,0.52
253,54,307,0.59960938,0.64820847
223,86,309,0.60351562,0.4433657
228,79,307,0.59960938,0.48534202
206,106,312,0.609375,0.32051282
195,113,308,0.6015625,0.26623377
123,192,315,0.61523438,-0.21904762
138,172,310,0.60546875,-0.10967742
139,164,303,0.59179688,-0.082508251
130,166,296,0.578125,-0.12162162
130,175,305,0.59570312,-0.14754098
139,155,294,0.57421875,-0.054421769
166,132,298,0.58203125,0.11409396
215,92,307,0.59960938,0.40065147
278,47,325,0.63476562,0.71076923
174,129,303,0.59179688,0.14851485
253,63,316,0.6171875,0.60126582
197,113,310,0.60546875,0.27096774
201,116,317,0.61914062,0.2681388
203,126,329,0.64257812,0.23404255
214,92,306,0.59765625,0.39869281
143,157,300,0.5859375,-0.046666667
176,125,301,0.58789062,0.16943522
136,175,311,0.60742188,-0.12540193
125,178,303,0.59179688,-0.17491749
122,190,312,0.609375,-0.21794872
193,127,320,0.625,0.20625
175,138,313,0.61132812,0.11821086
147,167,314,0.61328125,-0.063694268
110,197,307,0.59960938,-0.28338762
105,218,323,0.63085938,-0.3498452
22,286,308,0.6015625,-0.85714286
66,240,306,0.59765625,-0.56862745
116,196,312,0.609375,-0.25641026
68,225,293,0.57226562,-0.53583618
29,300,329,0.64257812,-0.82370821
25,291,316,0.6171875,-0.84177215
37,274,311,0.60742188,-0.76205788
28,293,321,0.62695312,-0.82554517
9,307,316,0.6171875,-0.94303797
15,294,309,0.60351562,-0.90291262
11,308,319,0.62304688,-0.93103448
24,292,316,0.6171875,-0.84810127
9,314,323,0.63085938,-0.94427245
18,302,320,0.625,-0.8875
5,312,317,0.61914062,-0.96845426
9,313,322,0.62890625,-0.94409938
35,278,313,0.61132812,-0.77635783
55,262,317,0.61914062,-0.65299685
40,280,320,0.625,-0.75
8,309,317,0.61914062,-0.94952681
39,267,306,0.59765625,-0.74509804
80,228,308,0.6015625,-0.48051948
17,296,313,0.61132812,-0.8913738
5,313,318,0.62109375,-0.96855346
29,294,323,0.63085938,-0.82043344
1,323,324,0.6328125,-0.99382716
21,305,326,0.63671875,-0.87116564
31,294,325,0.63476562,-0.80923077
31,280,311,0.60742188,-0.80064309
37,275,312,0.609375,-0.76282051
20,298,318,0.62109375,-0.87421384
39,285,324,0.6328125,-0.75925926
23,294,317,0.61914062,-0.85488959
45,272,317,0.61914062,-0.71608833
54,272,326,0.63671875,-0.66871166
54,244,298,0.58203125,-0.63758389
51,263,314,0.61328125,-0.67515924
17,305,322,0.62890625,-0.89440994
20,291,311,0.60742188,-0.87138264
17,291,308,0.6015625,-0.88961039
11,311,322,0.62890625,-0.93167702
34,282,316,0.6171875,-0.78481013
47,263,310,0.60546875,-0.69677419
83,215,298,0.58203125,-0.44295302
90,211,301,0.58789062,-0.40199336
32,279,311,0.60742188,-0.79421222
17,295,312,0.609375,-0.89102564
27,289,316,0.6171875,-0.82911392
9,315,324,0.6328125,-0.94444444
31,283,314,0.61328125,-0.80254777
104,211,315,0.61523438,-0.33968254
133,186,319,0.62304688,-0.1661442
157,161,318,0.62109375,-0.012578616
170,143,313,0.61132812,0.086261981
216,91,307,0.59960938,0.40716612
206,113,319,0.62304688,0.29153605
183,121,304,0.59375,0.20394737
189,126,315,0.61523438,0.2
206,110,316,0.6171875,0.30379747
193,106,299,0.58398438,0.2909699
219,91,310,0.60546875,0.41290323
222,88,310,0.60546875,0.43225806
229,94,323,0.63085938,0.41795666
222,82,304,0.59375,0.46052632
149,163,312,0.609375,-0.044871795
152,163,315,0.61523438,-0.034920635
147,173,320,0.625,-0.08125
123,170,293,0.57226562,-0.16040956
89,238,327,0.63867188,-0.45565749
62,246,308,0.6015625,-0.5974026
49,277,326,0.63671875,-0.6993865
39,266,305,0.59570312,-0.7442623
58,257,315,0.61523438,-0.63174603
82,216,298,0.58203125,-0.44966443
73,251,324,0.6328125,-0.54938272
29,283,312,0.609375,-0.81410256
13,299,312,0.609375,-0.91666667
35,285,320,0.625,-0.78125
14,304,318,0.62109375,-0.91194969
34,269,303,0.59179688,-0.77557756
75,230,305,0.59570312,-0.50819672
57,257,314,0.61328125,-0.63694268
28,299,327,0.63867188,-0.82874618
10,300,310,0.60546875,-0.93548387
15,309,324,0.6328125,-0.90740741
82,219,301,0.58789062,-0.4551495
52,251,303,0.59179688,-0.65676568
54,262,316,0.6171875,-0.65822785
89,223,312,0.609375,-0.42948718
72,238,310,0.60546875,-0.53548387
26,288,314,0.61328125,-0.8343949
49,282,331,0.64648438,-0.70392749
28,287,315,0.61523438,-0.82222222
16,303,319,0.62304688,-0.89968652
2,325,327,0.63867188,-0.98776758
26,297,323,0.63085938,-0.83900929
14,309,323,0.63085938,-0.91331269
22,300,322,0.62890625,-0.86335404
27,282,309,0.60351562,-0.82524272
54,264,318,0.62109375,-0.66037736
61,257,318,0.62109375,-0.6163522
71,240,311,0.60742188,-0.54340836
24,287,311,0.60742188,-0.84565916
0,322,322,0.62890625,-1
2,320,322,0.62890625,-0.98757764
16,304,320,0.625,-0.9
22,297,319,0.62304688,-0.86206897
35,274,309,0.60351562,-0.77346278
25,285,310,0.60546875,-0.83870968
16,314,330,0.64453125,-0.9030303
31,287,318,0.62109375,-0.80503145
62,269,331,0.64648438,-0.62537764
38,291,329,0.64257812,-0.76899696
56,254,310,0.60546875,-0.63870968
31,279,310,0.60546875,-0.8
38,285,323,0.63085938,-0.76470588
18,299,317,0.61914062,-0.88643533
47,274,321,0.62695312,-0.70716511
45,266,311,0.60742188,-0.71061093
28,292,320,0.625,-0.825
23,306,329,0.64257812,-0.86018237
22,309,331,0.64648438,-0.86706949
29,287,316,0.6171875,-0.8164557
80,233,313,0.61132812,-0.48881789
27,292,319,0.62304688,-0.830721
40,275,315,0.61523438,-0.74603175
20,294,314,0.61328125,-0.87261146
36,274,310,0.60546875,-0.76774194
29,287,316,0.6171875,-0.8164557
37,279,316,0.6171875,-0.76582278
11,309,320,0.625,-0.93125
31,282,313,0.61132812,-0.80191693
46,269,315,0.61523438,-0.70793651
23,282,305,0.59570312,-0.84918033
12,306,318,0.62109375,-0.9245283
15,296,311,0.60742188,-0.90353698
16,303,319,0.62304688,-0.89968652
41,277,318,0.62109375,-0.74213836
22,292,314,0.61328125,-0.85987261
55,263,318,0.62109375,-0.65408805
28,287,315,0.61523438,-0.82222222
21,298,319,0.62304688,-0.86833856
39,281,320,0.625,-0.75625
18,306,324,0.6328125,-0.88888889
31,286,317,0.61914062,-0.8044164
97,219,316,0.6171875,-0.38607595
135,181,316,0.6171875,-0.14556962
189,129,318,0.62109375,0.18867925
195,127,322,0.62890625,0.21118012
226,82,308,0.6015625,0.46753247
244,72,316,0.6171875,0.5443038
222,94,316,0.6171875,0.40506329
141,157,298,0.58203125,-0.053691275
109,204,313,0.61132812,-0.30351438
121,192,313,0.61132812,-0.22683706
119,191,310,0.60546875,-0.23225806
110,204,314,0.61328125,-0.29936306
121,198,319,0.62304688,-0.24137931
100,202,302,0.58984375,-0.33774834
147,171,318,0.62109375,-0.075471698
129,172,301,0.58789062,-0.14285714
91,224,315,0.61523438,-0.42222222
89,220,309,0.60351562,-0.42394822
81,214,295,0.57617188,-0.45084746
84,220,304,0.59375,-0.44736842
64,246,310,0.60546875,-0.58709677
64,253,317,0.61914062,-0.59621451
72,253,325,0.63476562,-0.55692308
98,224,322,0.62890625,-0.39130435
79,230,309,0.60351562,-0.48867314
29,290,319,0.62304688,-0.81818182
4,319,323,0.63085938,-0.9752322
38,272,310,0.60546875,-0.75483871
18,300,318,0.62109375,-0.88679245
32,289,321,0.62695312,-0.80062305
39,283,322,0.62890625,-0.75776398
28,291,319,0.62304688,-0.82445141
34,286,320,0.625,-0.7875
2,323,325,0.63476562,-0.98769231
9,307,316,0.6171875,-0.94303797
55,261,316,0.6171875,-0.65189873
90,233,323,0.63085938,-0.44272446
132,189,321,0.62695312,-0.17757009
160,154,314,0.61328125,0.01910828
167,142,309,0.60351562,0.080906149
175,142,317,0.61914062,0.10410095
167,150,317,0.61914062,0.05362776
118,194,312,0.609375,-0.24358974
171,131,302,0.58984375,0.13245033
161,140,301,0.58789062,0.069767442
175,143,318,0.62109375,0.10062893
158,162,320,0.625,-0.0125
136,177,313,0.61132812,-0.13099042
160,151,311,0.60742188,0.028938907
117,181,298,0.58203125,-0.2147651
120,197,317,0.61914062,-0.24290221
76,228,304,0.59375,-0.5
34,279,313,0.61132812,-0.7827476
60,237,297,0.58007812,-0.5959596
90,214,304,0.59375,-0.40789474
113,193,306,0.59765625,-0.26143791
104,203,307,0.59960938,-0.32247557
161,154,315,0.61523438,0.022222222
145,161,306,0.59765625,-0.052287582
156,163,319,0.62304688,-0.021943574
135,177,312,0.609375,-0.13461538
101,209,310,0.60546875,-0.3483871
46,276,322,0.62890625,-0.71428571
45,284,329,0.64257812,-0.72644377
27,284,311,0.60742188,-0.82636656
13,305,318,0.62109375,-0.91823899
42,268,310,0.60546875,-0.72903226
26,296,322,0.62890625,-0.83850932
23,299,322,0.62890625,-0.85714286
30,265,295,0.57617188,-0.79661017
9,312,321,0.62695312,-0.94392523
11,313,324,0.6328125,-0.93209877
17,303,320,0.625,-0.89375
43,261,304,0.59375,-0.71710526
42,272,314,0.61328125,-0.73248408
54,261,315,0.61523438,-0.65714286
31,290,321,0.62695312,-0.80685358
26,289,315,0.61523438,-0.83492063
54,266,320,0.625,-0.6625
61,257,318,0.62109375,-0.6163522
41,273,314,0.61328125,-0.7388535
30,285,315,0.61523438,-0.80952381
27,293,320,0.625,-0.83125
22,283,305,0.59570312,-0.8557377
10,310,320,0.625,-0.9375
26,291,317,0.61914062,-0.83596215
33,282,315,0.61523438,-0.79047619
45,272,317,0.61914062,-0.71608833
62,251,313,0.61132812,-0.60383387
62,239,301,0.58789062,-0.58803987
29,288,317,0.61914062,-0.8170347
25,289,314,0.61328125,-0.84076433
38,276,314,0.61328125,-0.75796178
23,302,325,0.63476562,-0.85846154
42,278,320,0.625,-0.7375
58,265,323,0.63085938,-0.64086687
67,259,326,0.63671875,-0.58895706
53,271,324,0.6328125,-0.67283951
94,227,321,0.62695312,-0.41433022
91,208,299,0.58398438,-0.39130435
57,256,313,0.61132812,-0.63578275
26,288,314,0.61328125,-0.8343949
11,315,326,0.63671875,-0.93251534
7,299,306,0.59765625,-0.95424837
28,284,312,0.609375,-0.82051282
21,309,330,0.64453125,-0.87272727
3,308,311,0.60742188,-0.9807074
43,268,311,0.60742188,-0.72347267
72,254,326,0.63671875,-0.55828221
47,264,311,0.60742188,-0.6977492
28,290,318,0.62109375,-0.82389937
8,316,324,0.6328125,-0.95061728
10,325,335,0.65429688,-0.94029851
50,261,311,0.60742188,-0.67845659
35,283,318,0.62109375,-0.77987421
66,259,325,0.63476562,-0.59384615
39,285,324,0.6328125,-0.75925926
17,300,317,0.61914062,-0.89274448
29,289,318,0.62109375,-0.81761006
64,250,314,0.61328125,-0.59235669
70,244,314,0.61328125,-0.55414013
111,217,328,0.640625,-0.32317073
94,219,313,0.61132812,-0.39936102
88,250,338,0.66015625,-0.47928994
94,236,330,0.64453125,-0.43030303
136,196,332,0.6484375,-0.18072289
98,212,310,0.60546875,-0.36774194
54,260,314,0.61328125,-0.65605096
36,281,317,0.61914062,-0.77287066
53,250,303,0.59179688,-0.65016502
104,212,316,0.6171875,-0.34177215
153,144,297,0.58007812,0.03030303
156,155,311,0.60742188,0.0032154341
176,135,311,0.60742188,0.1318328
164,139,303,0.59179688,0.082508251
233,76,309,0.60351562,0.50809061
258,56,314,0.61328125,0.6433121
298,19,317,0.61914062,0.88012618
301,12,313,0.61132812,0.92332268
271,35,306,0.59765625,0.77124183
302,17,319,0.62304688,0.89341693
257,50,307,0.59960938,0.6742671
260,54,314,0.61328125,0.65605096
241,72,313,0.61132812,0.5399361
241,73,314,0.61328125,0.53503185
240,81,321,0.62695312,0.4953271
249,57,306,0.59765625,0.62745098
268,47,315,0.61523438,0.7015873
292,31,323,0.63085938,0.80804954
301,25,326,0.63671875,0.84662577
292,22,314,0.61328125,0.85987261
321,12,333,0.65039062,0.92792793
252,80,332,0.6484375,0.51807229
188,118,306,0.59765625,0.22875817
246,77,323,0.63085938,0.52321981
252,60,312,0.609375,0.61538462
290,23,313,0.61132812,0.85303514
287,18,305,0.59570312,0.88196721
305,4,309,0.60351562,0.97411003
306,12,318,0.62109375,0.9245283
309,16,325,0.63476562,0.90153846
305,9,314,0.61328125,0.94267516
289,20,309,0.60351562,0.87055016
258,47,305,0.59570312,0.69180328
252,72,324,0.6328125,0.55555556
230,87,317,0.61914062,0.4511041
194,122,316,0.6171875,0.2278481
174,154,328,0.640625,0.06097561
186,117,303,0.59179688,0.22772277
207,100,307,0.59960938,0.3485342
232,85,317,0.61914062,0.4637224
212,97,309,0.60351562,0.37216828
218,92,310,0.60546875,0.40645161
245,76,321,0.62695312,0.52647975
251,62,313,0.61132812,0.60383387
197,108,305,0.59570312,0.29180328
186,115,301,0.58789062,0.2358804
210,98,308,0.6015625,0.36363636
298,12,310,0.60546875,0.92258065
270,38,308,0.6015625,0.75324675
274,26,300,0.5859375,0.82666667
305,3,308,0.6015625,0.98051948
300,35,335,0.65429688,0.79104478
304,14,318,0.62109375,0.91194969
308,13,321,0.62695312,0.91900312
324,2,326,0.63671875,0.98773006
312,20,332,0.6484375,0.87951807
282,36,318,0.62109375,0.77358491
268,37,305,0.59570312,0.75737705
249,57,306,0.59765625,0.62745098
258,50,308,0.6015625,0.67532468
252,65,317,0.61914062,0.58990536
273,34,307,0.59960938,0.77850163
274,48,322,0.62890625,0.70186335
288,31,319,0.62304688,0.80564263
261,50,311,0.60742188,0.67845659
274,56,330,0.64453125,0.66060606
270,53,323,0.63085938,0.67182663
265,51,316,0.6171875,0.67721519
282,32,314,0.61328125,0.79617834
293,24,317,0.61914062,0.84858044
289,21,310,0.60546875,0.86451613
310,18,328,0.640625,0.8902439
278,22,300,0.5859375,0.85333333
326,7,333,0.65039062,0.95795796
310,16,326,0.63671875,0.90184049
291,32,323,0.63085938,0.80185759
283,32,315,0.61523438,0.7968254
322,1,323,0.63085938,0.99380805
295,20,315,0.61523438,0.87301587
294,27,321,0.62695312,0.8317757
306,25,331,0.64648438,0.8489426
275,43,318,0.62109375,0.72955975
276,31,307,0.59960938,0.7980456
324,3,327,0.63867188,0.98165138
312,11,323,0.63085938,0.93188854
301,9,310,0.60546875,0.94193548
310,12,322,0.62890625,0.92546584
311,8,319,0.62304688,0.94984326
305,13,318,0.62109375,0.91823899
279,38,317,0.61914062,0.76025237
302,21,323,0.63085938,0.86996904
315,10,325,0.63476562,0.93846154
282,30,312,0.609375,0.80769231
301,14,315,0.61523438,0.91111111
316,14,330,0.64453125,0.91515152
267,50,317,0.61914062,0.68454259
252,75,327,0.63867188,0.5412844
289,36,325,0.63476562,0.77846154
285,32,317,0.61914062,0.79810726
233,84,317,0.61914062,0.47003155
253,59,312,0.609375,0.62179487
254,57,311,0.60742188,0.63344051
264,42,306,0.59765625,0.7254902
284,43,327,0.63867188,0.73700306
247,71,318,0.62109375,0.55345912
276,41,317,0.61914062,0.74132492
278,30,308,0.6015625,0.80519481
218,90,308,0.6015625,0.41558442
274,38,312,0.609375,0.75641026
290,18,308,0.6015625,0.88311688
296,21,317,0.61914062,0.86750789
283,36,319,0.62304688,0.77429467
241,66,307,0.59960938,0.57003257
225,84,309,0.60351562,0.45631068
241,83,324,0.6328125,0.48765432
259,51,310,0.60546875,0.67096774
245,61,306,0.59765625,0.60130719
256,63,319,0.62304688,0.60501567
230,75,305,0.59570312,0.50819672
271,35,306,0.59765625,0.77124183
310,13,323,0.63085938,0.91950464
305,23,328,0.640625,0.8597561
309,18,327,0.63867188,0.88990826
322,9,331,0.64648438,0.94561934
313,11,324,0.6328125,0.93209877
304,19,323,0.63085938,0.88235294
262,46,308,0.6015625,0.7012987
252,56,308,0.6015625,0.63636364
286,31,317,0.61914062,0.8044164
302,11,313,0.61132812,0.92971246
284,31,315,0.61523438,0.8031746
290,17,307,0.59960938,0.88925081
299,12,311,0.60742188,0.92282958
289,30,319,0.62304688,0.81191223
308,16,324,0.6328125,0.90123457
264,33,297,0.58007812,0.77777778
289,24,313,0.61132812,0.84664537
253,59,312,0.609375,0.62179487
217,91,308,0.6015625,0.40909091
180,107,287,0.56054688,0.2543554
146,172,318,0.62109375,-0.081761006
126,177,303,0.59179688,-0.16831683
133,178,311,0.60742188,-0.14469453
98,217,315,0.61523438,-0.37777778
43,267,310,0.60546875,-0.72258065
14,293,307,0.59960938,-0.90879479
13,306,319,0.62304688,-0.9184953
5,318,323,0.63085938,-0.96904025
18,287,305,0.59570312,-0.88196721
24,282,306,0.59765625,-0.84313725
9,320,329,0.64257812,-0.94528875
39,272,311,0.60742188,-0.74919614
47,263,310,0.60546875,-0.69677419
36,274,310,0.60546875,-0.76774194
55,251,306,0.59765625,-0.64052288
48,279,327,0.63867188,-0.70642202
35,286,321,0.62695312,-0.78193146
7,323,330,0.64453125,-0.95757576
15,296,311,0.60742188,-0.90353698
42,285,327,0.63867188,-0.74311927
54,253,307,0.59960938,-0.64820847
40,272,312,0.609375,-0.74358974
56,257,313,0.61132812,-0.64217252
98,210,308,0.6015625,-0.36363636
93,217,310,0.60546875,-0.4
29,304,333,0.65039062,-0.82582583
25,276,301,0.58789062,-0.83388704
37,274,311,0.60742188,-0.76205788
91,217,308,0.6015625,-0.40909091
44,265,309,0.60351562,-0.71521036
96,219,315,0.61523438,-0.39047619
127,190,317,0.61914062,-0.19873817
103,206,309,0.60351562,-0.33333333
59,259,318,0.62109375,-0.62893082
10,310,320,0.625,-0.9375
9,327,336,0.65625,-0.94642857
36,295,331,0.64648438,-0.78247734
17,275,292,0.5703125,-0.88356164
33,298,331,0.64648438,-0.80060423
25,297,322,0.62890625,-0.8447205
33,277,310,0.60546875,-0.78709677
20,293,313,0.61132812,-0.87220447
54,263,317,0.61914062,-0.65930599
57,263,320,0.625,-0.64375
72,239,311,0.60742188,-0.53697749
39,276,315,0.61523438,-0.75238095
23,294,317,0.61914062,-0.85488959
76,240,316,0.6171875,-0.51898734
34,280,314,0.61328125,-0.78343949
20,294,314,0.61328125,-0.87261146
65,255,320,0.625,-0.59375
24,283,307,0.59960938,-0.84364821
46,272,318,0.62109375,-0.71069182
37,278,315,0.61523438,-0.76507937
26,293,319,0.62304688,-0.8369906
17,305,322,0.62890625,-0.89440994
2,319,321,0.62695312,-0.98753894
14,321,335,0.65429688,-0.91641791
67,250,317,0.61914062,-0.57728707
61,243,304,0.59375,-0.59868421
95,235,330,0.64453125,-0.42424242
139,168,307,0.59960938,-0.094462541
152,164,316,0.6171875,-0.037974684
167,152,319,0.62304688,0.047021944
177,131,308,0.6015625,0.14935065
236,77,313,0.61132812,0.50798722
256,58,314,0.61328125,0.63057325
221,75,296,0.578125,0.49324324
282,34,316,0.6171875,0.78481013
292,15,307,0.59960938,0.90228013
305,12,317,0.61914062,0.92429022
293,25,318,0.62109375,0.8427673
281,35,316,0.6171875,0.77848101
319,7,326,0.63671875,0.95705521
302,9,311,0.60742188,0.94212219
294,23,317,0.61914062,0.85488959
307,13,320,0.625,0.91875
299,15,314,0.61328125,0.9044586
267,29,296,0.578125,0.80405405
291,35,326,0.63671875,0.78527607
305,17,322,0.62890625,0.89440994
262,52,314,0.61328125,0.66878981
244,72,316,0.6171875,0.5443038
223,78,301,0.58789062,0.48172757
257,57,314,0.61328125,0.63694268
291,26,317,0.61914062,0.83596215
272,40,312,0.609375,0.74358974
289,43,332,0.6484375,0.74096386
274,42,316,0.6171875,0.73417722
275,39,314,0.61328125,0.75159236
287,28,315,0.61523438,0.82222222
255,47,302,0.58984375,0.68874172
291,35,326,0.63671875,0.78527607
282,26,308,0.6015625,0.83116883
278,38,316,0.6171875,0.75949367
255,50,305,0.59570312,0.67213115
251,73,324,0.6328125,0.54938272
253,66,319,0.62304688,0.5862069
192,123,315,0.61523438,0.21904762
218,94,312,0.609375,0.3974359
239,79,318,0.62109375,0.50314465
271,52,323,0.63085938,0.67801858
288,26,314,0.61328125,0.8343949
271,43,314,0.61328125,0.72611465
281,25,306,0.59765625,0.83660131
279,38,317,0.61914062,0.76025237
308,12,320,0.625,0.925
293,12,305,0.59570312,0.92131148
315,6,321,0.62695312,0.96261682
294,20,314,0.61328125,0.87261146
300,21,321,0.62695312,0.86915888
293,29,322,0.62890625,0.81987578
239,67,306,0.59765625,0.5620915
281,39,320,0.625,0.75625
299,21,320,0.625,0.86875
317,13,330,0.64453125,0.92121212
296,28,324,0.6328125,0.82716049
308,8,316,0.6171875,0.94936709
305,13,318,0.62109375,0.91823899
306,21,327,0.63867188,0.87155963
303,20,323,0.63085938,0.87616099
278,37,315,0.61523438,0.76507937
238,71,309,0.60351562,0.54045307
227,88,315,0.61523438,0.44126984
174,137,311,0.60742188,0.11897106
109,199,308,0.6015625,-0.29220779
100,217,317,0.61914062,-0.36908517
81,239,320,0.625,-0.49375
110,201,311,0.60742188,-0.2926045
114,200,314,0.61328125,-0.27388535
99,218,317,0.61914062,-0.37539432
113,192,305,0.59570312,-0.25901639
129,189,318,0.62109375,-0.18867925
91,220,311,0.60742188,-0.414791
134,176,310,0.60546875,-0.13548387
116,203,319,0.62304688,-0.27272727
94,211,305,0.59570312,-0.38360656
78,236,314,0.61328125,-0.50318471
30,294,324,0.6328125,-0.81481481
6,310,316,0.6171875,-0.96202532
21,310,331,0.64648438,-0.87311178
6,313,319,0.62304688,-0.96238245
17,297,314,0.61328125,-0.89171975
2,305,307,0.59960938,-0.98697068
76,231,307,0.59960938,-0.50488599
56,238,294,0.57421875,-0.61904762
57,260,317,0.61914062,-0.64037855
79,240,319,0.62304688,-0.50470219
71,228,299,0.58398438,-0.52508361
48,259,307,0.59960938,-0.68729642
45,283,328,0.640625,-0.72560976
40,281,321,0.62695312,-0.75077882
43,281,324,0.6328125,-0.7345679
36,282,318,0.62109375,-0.77358491
75,239,314,0.61328125,-0.52229299
118,184,302,0.58984375,-0.21854305
117,196,313,0.61132812,-0.25239617
112,200,312,0.609375,-0.28205128
85,225,310,0.60546875,-0.4516129
85,228,313,0.61132812,-0.45686901
68,251,319,0.62304688,-0.57366771
42,281,323,0.63085938,-0.73993808
55,244,299,0.58398438,-0.63210702
22,300,322,0.62890625,-0.86335404
28,293,321,0.62695312,-0.82554517
75,233,308,0.6015625,-0.51298701
130,177,307,0.59960938,-0.15309446
193,122,315,0.61523438,0.22539683
273,32,305,0.59570312,0.79016393
201,111,312,0.609375,0.28846154
143,177,320,0.625,-0.10625
230,95,325,0.63476562,0.41538462
198,104,302,0.58984375,0.31125828
245,55,300,0.5859375,0.63333333
274,46,320,0.625,0.7125
289,26,315,0.61523438,0.83492063
300,16,316,0.6171875,0.89873418
230,95,325,0.63476562,0.41538462
242,67,309,0.60351562,0.56634304
226,84,310,0.60546875,0.45806452
231,70,301,0.58789062,0.53488372
229,87,316,0.6171875,0.44936709
301,18,319,0.62304688,0.88714734
284,38,322,0.62890625,0.76397516
272,45,317,0.61914062,0.71608833
290,20,310,0.60546875,0.87096774
298,25,323,0.63085938,0.84520124
329,4,333,0.65039062,0.97597598
294,28,322,0.62890625,0.82608696
272,44,316,0.6171875,0.72151899
263,60,323,0.63085938,0.62848297
251,67,318,0.62109375,0.57861635
259,48,307,0.59960938,0.68729642
290,32,322,0.62890625,0.80124224
294,34,328,0.640625,0.79268293
255,61,316,0.6171875,0.61392405
290,21,311,0.60742188,0.86495177
295,27,322,0.62890625,0.83229814
308,21,329,0.64257812,0.87234043
321,4,325,0.63476562,0.97538462
305,15,320,0.625,0.90625
275,45,320,0.625,0.71875
258,48,306,0.59765625,0.68627451
246,75,321,0.62695312,0.53271028
282,30,312,0.609375,0.80769231
327,6,333,0.65039062,0.96396396
289,30,319,0.62304688,0.81191223
277,26,303,0.59179688,0.82838284
262,44,306,0.59765625,0.7124183
279,50,329,0.64257812,0.69604863
261,45,306,0.59765625,0.70588235
262,53,315,0.61523438,0.66349206
299,19,318,0.62109375,0.88050314
305,6,311,0.60742188,0.96141479
299,12,311,0.60742188,0.92282958
314,26,340,0.6640625,0.84705882
265,35,300,0.5859375,0.76666667
322,9,331,0.64648438,0.94561934
310,12,322,0.62890625,0.92546584
287,32,319,0.62304688,0.79937304
290,17,307,0.59960938,0.88925081
317,0,317,0.61914062,1
300,23,323,0.63085938,0.85758514
311,6,317,0.61914062,0.96214511
290,20,310,0.60546875,0.87096774
307,12,319,0.62304688,0.92476489
301,27,328,0.640625,0.83536585
310,12,322,0.62890625,0.92546584
294,23,317,0.61914062,0.85488959
262,46,308,0.6015625,0.7012987
284,28,312,0.609375,0.82051282
307,16,323,0.63085938,0.90092879
309,14,323,0.63085938,0.91331269
301,24,325,0.63476562,0.85230769
282,29,311,0.60742188,0.81350482
256,57,313,0.61132812,0.63578275
275,39,314,0.61328125,0.75159236
277,34,311,0.60742188,0.78135048
239,72,311,0.60742188,0.53697749
236,76,312,0.609375,0.51282051
234,86,320,0.625,0.4625
219,106,325,0.63476562,0.34769231
246,65,311,0.60742188,0.58199357
143,167,310,0.60546875,-0.077419355
153,163,316,0.6171875,-0.03164557
111,199,310,0.60546875,-0.28387097
73,237,310,0.60546875,-0.52903226
51,268,319,0.62304688,-0.68025078
47,258,305,0.59570312,-0.69180328
67,265,332,0.6484375,-0.59638554
76,240,316,0.6171875,-0.51898734
150,168,318,0.62109375,-0.056603774
177,130,307,0.59960938,0.15309446
186,119,305,0.59570312,0.21967213
235,86,321,0.62695312,0.46417445
254,55,309,0.60351562,0.64401294
267,31,298,0.58203125,0.79194631
218,85,303,0.59179688,0.43894389
287,33,320,0.625,0.79375
290,22,312,0.609375,0.85897436
254,67,321,0.62695312,0.58255452
274,40,314,0.61328125,0.74522293
269,48,317,0.61914062,0.69716088
297,21,318,0.62109375,0.86792453
292,24,316,0.6171875,0.84810127
276,37,313,0.61132812,0.76357827
273,49,322,0.62890625,0.69565217
203,108,311,0.60742188,0.30546624
198,116,314,0.61328125,0.2611465
165,144,309,0.60351562,0.067961165
127,202,329,0.64257812,-0.22796353
127,182,309,0.60351562,-0.17799353
130,176,306,0.59765625,-0.1503268
115,180,295,0.57617188,-0.22033898
114,187,301,0.58789062,-0.24252492
70,234,304,0.59375,-0.53947368
46,283,329,0.64257812,-0.72036474
74,242,316,0.6171875,-0.53164557
87,204,291,0.56835938,-0.40206186
67,245,312,0.609375,-0.57051282
36,260,296,0.578125,-0.75675676
14,304,318,0.62109375,-0.91194969
18,316,334,0.65234375,-0.89221557
0,318,318,0.62109375,-1
10,318,328,0.640625,-0.93902439
11,299,310,0.60546875,-0.92903226
14,304,318,0.62109375,-0.91194969
21,288,309,0.60351562,-0.86407767
46,266,312,0.609375,-0.70512821
93,223,316,0.6171875,-0.41139241
89,222,311,0.60742188,-0.42765273
85,236,321,0.62695312,-0.47040498
96,219,315,0.61523438,-0.39047619
180,119,299,0.58398438,0.20401338
183,136,319,0.62304688,0.14733542
216,92,308,0.6015625,0.4025974
221,98,319,0.62304688,0.38557994
277,36,313,0.61132812,0.76996805
262,53,315,0.61523438,0.66349206
310,12,322,0.62890625,0.92546584
271,38,309,0.60351562,0.75404531
270,41,311,0.60742188,0.73633441
275,45,320,0.625,0.71875
238,73,311,0.60742188,0.53054662
264,47,311,0.60742188,0.6977492
231,70,301,0.58789062,0.53488372
274,39,313,0.61132812,0.75079872
274,33,307,0.59960938,0.78501629
270,46,316,0.6171875,0.70886076
256,61,317,0.61914062,0.61514196
252,55,307,0.59960938,0.64169381
260,54,314,0.61328125,0.65605096
259,46,305,0.59570312,0.69836066
270,47,317,0.61914062,0.70347003
283,22,305,0.59570312,0.8557377
263,53,316,0.6171875,0.66455696
280,37,317,0.61914062,0.76656151
267,51,318,0.62109375,0.67924528
295,26,321,0.62695312,0.83800623
225,84,309,0.60351562,0.45631068
282,31,313,0.61132812,0.80191693
251,56,307,0.59960938,0.63517915
322,2,324,0.6328125,0.98765432
309,15,324,0.6328125,0.90740741
312,19,331,0.64648438,0.88519637
324,3,327,0.63867188,0.98165138
306,17,323,0.63085938,0.89473684
272,40,312,0.609375,0.74358974
289,27,316,0.6171875,0.82911392
268,44,312,0.609375,0.71794872
278,36,314,0.61328125,0.77070064
307,24,331,0.64648438,0.85498489
322,6,328,0.640625,0.96341463
292,32,324,0.6328125,0.80246914
301,25,326,0.63671875,0.84662577
277,29,306,0.59765625,0.81045752
290,32,322,0.62890625,0.80124224
275,38,313,0.61132812,0.7571885
289,32,321,0.62695312,0.80062305
261,56,317,0.61914062,0.6466877
257,40,297,0.58007812,0.73063973
275,48,323,0.63085938,0.70278638
290,30,320,0.625,0.8125
293,18,311,0.60742188,0.88424437
297,20,317,0.61914062,0.87381703
275,30,305,0.59570312,0.80327869
249,63,312,0.609375,0.59615385
244,79,323,0.63085938,0.51083591
199,114,313,0.61132812,0.2715655
162,147,309,0.60351562,0.048543689
178,141,319,0.62304688,0.11598746
187,125,312,0.609375,0.19871795
160,157,317,0.61914062,0.0094637224
144,173,317,0.61914062,-0.09148265
154,154,308,0.6015625,0
152,155,307,0.59960938,-0.009771987
152,174,326,0.63671875,-0.067484663
74,228,302,0.58984375,-0.50993377
167,139,306,0.59765625,0.091503268
142,167,309,0.60351562,-0.080906149
135,162,297,0.58007812,-0.090909091
146,169,315,0.61523438,-0.073015873
109,199,308,0.6015625,-0.29220779
100,209,309,0.60351562,-0.35275081
64,242,306,0.59765625,-0.58169935
137,177,314,0.61328125,-0.12738854
141,167,308,0.6015625,-0.084415584
164,144,308,0.6015625,0.064935065
146,157,303,0.59179688,-0.03630363
147,155,302,0.58984375,-0.026490066
189,117,306,0.59765625,0.23529412
207,107,314,0.61328125,0.31847134
164,136,300,0.5859375,0.093333333
208,112,320,0.625,0.3
172,136,308,0.6015625,0.11688312
116,189,305,0.59570312,-0.23934426
110,199,309,0.60351562,-0.28802589
61,246,307,0.59960938,-0.60260586
34,287,321,0.62695312,-0.78816199
38,270,308,0.6015625,-0.75324675
54,261,315,0.61523438,-0.65714286
26,297,323,0.63085938,-0.83900929
4,315,319,0.62304688,-0.97492163
9,319,328,0.640625,-0.94512195
6,332,338,0.66015625,-0.96449704
21,294,315,0.61523438,-0.86666667
38,276,314,0.61328125,-0.75796178
12,319,331,0.64648438,-0.92749245
6,304,310,0.60546875,-0.96129032
7,303,310,0.60546875,-0.95483871
30,291,321,0.62695312,-0.81308411
21,294,315,0.61523438,-0.86666667
13,307,320,0.625,-0.91875
36,288,324,0.6328125,-0.77777778
73,231,304,0.59375,-0.51973684
141,167,308,0.6015625,-0.084415584
86,221,307,0.59960938,-0.43973941
69,243,312,0.609375,-0.55769231
74,238,312,0.609375,-0.52564103
49,270,319,0.62304688,-0.69278997
67,254,321,0.62695312,-0.58255452
92,217,309,0.60351562,-0.40453074
120,186,306,0.59765625,-0.21568627
180,131,311,0.60742188,0.15755627
196,117,313,0.61132812,0.25239617
213,109,322,0.62890625,0.32298137
197,109,306,0.59765625,0.2875817
255,55,310,0.60546875,0.64516129
273,29,302,0.58984375,0.80794702
278,35,313,0.61132812,0.77635783
296,21,317,0.61914062,0.86750789
300,19,319,0.62304688,0.88087774
311,10,321,0.62695312,0.9376947
294,17,311,0.60742188,0.89067524
283,24,307,0.59960938,0.84364821
331,1,332,0.6484375,0.9939759
324,1,325,0.63476562,0.99384615
305,9,314,0.61328125,0.94267516
285,37,322,0.62890625,0.77018634
292,26,318,0.62109375,0.83647799
307,15,322,0.62890625,0.9068323
304,8,312,0.609375,0.94871795
310,4,314,0.61328125,0.97452229
299,24,323,0.63085938,0.85139319
293,30,323,0.63085938,0.81424149
275,41,316,0.6171875,0.74050633
226,83,309,0.60351562,0.46278317
265,62,327,0.63867188,0.62079511
281,28,309,0.60351562,0.81877023
308,12,320,0.625,0.925
295,21,316,0.6171875,0.86708861
295,20,315,0.61523438,0.87301587
316,11,327,0.63867188,0.93272171
274,40,314,0.61328125,0.74522293
261,62,323,0.63085938,0.61609907
278,33,311,0.60742188,0.78778135
243,69,312,0.609375,0.55769231
229,78,307,0.59960938,0.49185668
243,62,305,0.59570312,0.59344262
174,123,297,0.58007812,0.17171717
146,154,300,0.5859375,-0.026666667
129,191,320,0.625,-0.19375
154,154,308,0.6015625,0
111,189,300,0.5859375,-0.26
194,123,317,0.61914062,0.22397476
240,65,305,0.59570312,0.57377049
277,47,324,0.6328125,0.70987654
302,24,326,0.63671875,0.85276074
273,34,307,0.59960938,0.77850163
297,26,323,0.63085938,0.83900929
264,58,322,0.62890625,0.63975155
217,87,304,0.59375,0.42763158
208,98,306,0.59765625,0.35947712
162,151,313,0.61132812,0.03514377
139,176,315,0.61523438,-0.11746032
179,137,316,0.6171875,0.13291139
126,200,326,0.63671875,-0.22699387
60,237,297,0.58007812,-0.5959596
61,251,312,0.609375,-0.60897436
22,288,310,0.60546875,-0.85806452
40,259,299,0.58398438,-0.73244147
29,285,314,0.61328125,-0.81528662
71,232,303,0.59179688,-0.53135314
108,205,313,0.61132812,-0.30990415
168,143,311,0.60742188,0.080385852
194,110,304,0.59375,0.27631579
196,122,318,0.62109375,0.2327044
170,142,312,0.609375,0.08974359
136,170,306,0.59765625,-0.11111111
159,142,301,0.58789062,0.056478405
180,137,317,0.61914062,0.13564669
189,112,301,0.58789062,0.25581395
163,153,316,0.6171875,0.03164557
136,183,319,0.62304688,-0.14733542
168,157,325,0.63476562,0.033846154
114,196,310,0.60546875,-0.26451613
120,198,318,0.62109375,-0.24528302
118,194,312,0.609375,-0.24358974
88,217,305,0.59570312,-0.42295082
133,169,302,0.58984375,-0.1192053
111,201,312,0.609375,-0.28846154
58,260,318,0.62109375,-0.63522013
86,230,316,0.6171875,-0.4556962
70,249,319,0.62304688,-0.56112853
22,294,316,0.6171875,-0.86075949
49,281,330,0.64453125,-0.7030303
49,265,314,0.61328125,-0.68789809
23,301,324,0.6328125,-0.85802469
67,234,301,0.58789062,-0.55481728
27,285,312,0.609375,-0.82692308
10,311,321,0.62695312,-0.9376947
11,301,312,0.609375,-0.92948718
44,281,325,0.63476562,-0.72923077
26,290,316,0.6171875,-0.83544304
22,288,310,0.60546875,-0.85806452
13,305,318,0.62109375,-0.91823899
48,270,318,0.62109375,-0.69811321
52,263,315,0.61523438,-0.66984127
86,216,302,0.58984375,-0.43046358
131,174,305,0.59570312,-0.14098361
103,204,307,0.59960938,-0.32899023
122,184,306,0.59765625,-0.20261438
141,185,326,0.63671875,-0.13496933
99,218,317,0.61914062,-0.37539432
174,146,320,0.625,0.0875
168,139,307,0.59960938,0.094462541
200,100,300,0.5859375,0.33333333
225,77,302,0.58984375,0.49006623
279,48,327,0.63867188,0.70642202
215,85,300,0.5859375,0.43333333
305,18,323,0.63085938,0.88854489
299,23,322,0.62890625,0.85714286
296,28,324,0.6328125,0.82716049
306,5,311,0.60742188,0.96784566
312,5,317,0.61914062,0.96845426
269,36,305,0.59570312,0.76393443
312,8,320,0.625,0.95
303,25,328,0.640625,0.84756098
295,22,317,0.61914062,0.86119874
319,14,333,0.65039062,0.91591592
309,7,316,0.6171875,0.9556962
320,8,328,0.640625,0.95121951
247,60,307,0.59960938,0.60912052
233,86,319,0.62304688,0.46081505
255,44,299,0.58398438,0.70568562
309,22,331,0.64648438,0.86706949
300,20,320,0.625,0.875
301,11,312,0.609375,0.92948718
279,30,309,0.60351562,0.80582524
315,3,318,0.62109375,0.98113208
302,13,315,0.61523438,0.91746032
316,4,320,0.625,0.975
305,13,318,0.62109375,0.91823899
284,28,312,0.609375,0.82051282
285,29,314,0.61328125,0.81528662
249,69,318,0.62109375,0.56603774
289,34,323,0.63085938,0.78947368
275,27,302,0.58984375,0.82119205
299,27,326,0.63671875,0.83435583
283,29,312,0.609375,0.81410256
280,29,309,0.60351562,0.81229773
286,34,320,0.625,0.7875
284,47,331,0.64648438,0.71601208
213,94,307,0.59960938,0.38762215
183,138,321,0.62695312,0.14018692
117,185,302,0.58984375,-0.22516556
75,236,311,0.60742188,-0.51768489
49,268,317,0.61914062,-0.69085174
43,260,303,0.59179688,-0.71617162
13,301,314,0.61328125,-0.91719745
21,302,323,0.63085938,-0.86996904
32,280,312,0.609375,-0.79487179
39,277,316,0.6171875,-0.75316456
42,270,312,0.609375,-0.73076923
46,277,323,0.63085938,-0.71517028
2,327,329,0.64257812,-0.98784195
53,266,319,0.62304688,-0.6677116
98,207,305,0.59570312,-0.35737705
120,185,305,0.59570312,-0.21311475
93,216,309,0.60351562,-0.39805825
118,184,302,0.58984375,-0.21854305
65,246,311,0.60742188,-0.58199357
113,200,313,0.61132812,-0.27795527
112,196,308,0.6015625,-0.27272727
55,254,309,0.60351562,-0.64401294
11,302,313,0.61132812,-0.92971246
0,324,324,0.6328125,-1
6,321,327,0.63867188,-0.96330275
9,311,320,0.625,-0.94375
15,296,311,0.60742188,-0.90353698
16,289,305,0.59570312,-0.89508197
35,279,314,0.61328125,-0.77707006
51,261,312,0.609375,-0.67307692
53,255,308,0.6015625,-0.65584416
62,257,319,0.62304688,-0.61128527
41,280,321,0.62695312,-0.74454829
19,302,321,0.62695312,-0.88161994
1,321,322,0.62890625,-0.99378882
23,293,316,0.6171875,-0.85443038
21,303,324,0.6328125,-0.87037037
37,297,334,0.65234375,-0.77844311
50,262,312,0.609375,-0.67948718
14,286,300,0.5859375,-0.90666667
24,276,300,0.5859375,-0.84
12,302,314,0.61328125,-0.92356688
39,280,319,0.62304688,-0.75548589
24,289,313,0.61132812,-0.84664537
9,319,328,0.640625,-0.94512195
21,299,320,0.625,-0.86875
11,307,318,0.62109375,-0.93081761
20,299,319,0.62304688,-0.87460815
17,294,311,0.60742188,-0.89067524
29,288,317,0.61914062,-0.8170347
35,287,322,0.62890625,-0.7826087
18,296,314,0.61328125,-0.88535032
3,324,327,0.63867188,-0.98165138
71,248,319,0.62304688,-0.55485893
69,247,316,0.6171875,-0.56329114
60,255,315,0.61523438,-0.61904762
54,270,324,0.6328125,-0.66666667
65,225,290,0.56640625,-0.55172414
92,222,314,0.61328125,-0.41401274
93,208,301,0.58789062,-0.3820598
60,264,324,0.6328125,-0.62962963
64,242,306,0.59765625,-0.58169935
78,241,319,0.62304688,-0.51097179
34,281,315,0.61523438,-0.78412698
22,289,311,0.60742188,-0.8585209
22,292,314,0.61328125,-0.85987261
10,308,318,0.62109375,-0.93710692
13,306,319,0.62304688,-0.9184953
6,293,299,0.58398438,-0.95986622
24,292,316,0.6171875,-0.84810127
36,284,320,0.625,-0.775
74,238,312,0.609375,-0.52564103
41,283,324,0.6328125,-0.74691358
4,323,327,0.63867188,-0.97553517
21,303,324,0.6328125,-0.87037037
37,286,323,0.63085938,-0.77089783
32,281,313,0.61132812,-0.79552716
21,296,317,0.61914062,-0.86750789
43,263,306,0.59765625,-0.71895425
33,278,311,0.60742188,-0.78778135
71,255,326,0.63671875,-0.56441718
57,270,327,0.63867188,-0.65137615
26,288,314,0.61328125,-0.8343949
47,271,318,0.62109375,-0.70440252
15,300,315,0.61523438,-0.9047619
84,230,314,0.61328125,-0.46496815
97,222,319,0.62304688,-0.39184953
95,207,302,0.58984375,-0.37086093
43,281,324,0.6328125,-0.7345679
25,289,314,0.61328125,-0.84076433
72,239,311,0.60742188,-0.53697749
48,253,301,0.58789062,-0.68106312
61,268,329,0.64257812,-0.62917933
110,203,313,0.61132812,-0.2971246
106,208,314,0.61328125,-0.32484076
67,252,319,0.62304688,-0.5799373
98,217,315,0.61523438,-0.37777778
106,196,302,0.58984375,-0.29801325
93,227,320,0.625,-0.41875
80,228,308,0.6015625,-0.48051948
64,249,313,0.61132812,-0.59105431
58,263,321,0.62695312,-0.63862928
64,250,314,0.61328125,-0.59235669
94,215,309,0.60351562,-0.39158576
68,252,320,0.625,-0.575
36,285,321,0.62695312,-0.77570093
40,285,325,0.63476562,-0.75384615
29,294,323,0.63085938,-0.82043344
42,262,304,0.59375,-0.72368421
114,197,311,0.60742188,-0.26688103
62,246,308,0.6015625,-0.5974026
84,226,310,0.60546875,-0.45806452
57,256,313,0.61132812,-0.63578275
87,234,321,0.62695312,-0.45794393
53,262,315,0.61523438,-0.66349206
109,227,336,0.65625,-0.35119048
155,161,316,0.6171875,-0.018987342
145,146,291,0.56835938,-0.0034364261
153,150,303,0.59179688,0.0099009901
180,126,306,0.59765625,0.17647059
144,161,305,0.59570312,-0.055737705
235,82,317,0.61914062,0.48264984
259,57,316,0.6171875,0.63924051
253,68,321,0.62695312,0.57632399
261,54,315,0.61523438,0.65714286
286,34,320,0.625,0.7875
261,53,314,0.61328125,0.66242038
218,91,309,0.60351562,0.41100324
209,91,300,0.5859375,0.39333333
184,132,316,0.6171875,0.16455696
242,76,318,0.62109375,0.52201258
261,59,320,0.625,0.63125
161,146,307,0.59960938,0.048859935
192,101,293,0.57226562,0.3105802
156,144,300,0.5859375,0.04
169,155,324,0.6328125,0.043209877
163,140,303,0.59179688,0.075907591
166,143,309,0.60351562,0.074433657
132,171,303,0.59179688,-0.12871287
98,198,296,0.578125,-0.33783784
118,202,320,0.625,-0.2625
99,206,305,0.59570312,-0.35081967
92,223,315,0.61523438,-0.41587302
63,240,303,0.59179688,-0.58415842
76,226,302,0.58984375,-0.49668874
92,216,308,0.6015625,-0.4025974
97,202,299,0.58398438,-0.35117057
157,157,314,0.61328125,0
129,194,323,0.63085938,-0.20123839
119,185,304,0.59375,-0.21710526
110,218,328,0.640625,-0.32926829
146,175,321,0.62695312,-0.090342679
154,150,304,0.59375,0.013157895
157,153,310,0.60546875,0.012903226
164,147,311,0.60742188,0.054662379
187,113,300,0.5859375,0.24666667
205,102,307,0.59960938,0.33550489
254,69,323,0.63085938,0.57275542
274,30,304,0.59375,0.80263158
324,10,334,0.65234375,0.94011976
298,20,318,0.62109375,0.87421384
244,78,322,0.62890625,0.51552795
248,62,310,0.60546875,0.6
295,24,319,0.62304688,0.84952978
270,39,309,0.60351562,0.74757282
272,35,307,0.59960938,0.77198697
247,60,307,0.59960938,0.60912052
303,15,318,0.62109375,0.90566038
303,14,317,0.61914062,0.91167192
302,15,317,0.61914062,0.90536278
281,30,311,0.60742188,0.80707395
296,23,319,0.62304688,0.85579937
296,17,313,0.61132812,0.8913738
261,46,307,0.59960938,0.70032573
269,59,328,0.640625,0.6402439
229,83,312,0.609375,0.46794872
198,120,318,0.62109375,0.24528302
193,117,310,0.60546875,0.24516129
220,85,305,0.59570312,0.44262295
285,29,314,0.61328125,0.81528662
302,23,325,0.63476562,0.85846154
300,16,316,0.6171875,0.89873418
324,1,325,0.63476562,0.99384615
311,2,313,0.61132812,0.98722045
267,38,305,0.59570312,0.75081967
281,30,311,0.60742188,0.80707395
270,38,308,0.6015625,0.75324675
301,12,313,0.61132812,0.92332268
295,22,317,0.61914062,0.86119874
290,23,313,0.61132812,0.85303514
277,35,312,0.609375,0.77564103
299,20,319,0.62304688,0.87460815
305,17,322,0.62890625,0.89440994
279,30,309,0.60351562,0.80582524
298,20,318,0.62109375,0.87421384
246,69,315,0.61523438,0.56190476
258,53,311,0.60742188,0.65916399
276,27,303,0.59179688,0.82178218
286,24,310,0.60546875,0.84516129
230,68,298,0.58203125,0.54362416
266,45,311,0.60742188,0.71061093
285,35,320,0.625,0.78125
300,15,315,0.61523438,0.9047619
227,64,291,0.56835938,0.56013746
218,88,306,0.59765625,0.4248366
162,141,303,0.59179688,0.069306931
213,110,323,0.63085938,0.31888545
217,108,325,0.63476562,0.33538462
232,85,317,0.61914062,0.4637224
196,118,314,0.61328125,0.24840764
203,112,315,0.61523438,0.28888889
165,145,310,0.60546875,0.064516129
135,177,312,0.609375,-0.13461538
105,205,310,0.60546875,-0.32258065
66,242,308,0.6015625,-0.57142857
88,227,315,0.61523438,-0.44126984
5,315,320,0.625,-0.96875
0,326,326,0.63671875,-1
8,321,329,0.64257812,-0.95136778
19,297,316,0.6171875,-0.87974684
42,272,314,0.61328125,-0.73248408
54,248,302,0.58984375,-0.64238411
50,269,319,0.62304688,-0.68652038
17,303,320,0.625,-0.89375
45,273,318,0.62109375,-0.71698113
54,261,315,0.61523438,-0.65714286
55,256,311,0.60742188,-0.64630225
69,241,310,0.60546875,-0.55483871
103,193,296,0.578125,-0.30405405
34,271,305,0.59570312,-0.77704918
42,285,327,0.63867188,-0.74311927
15,310,325,0.63476562,-0.90769231
23,284,307,0.59960938,-0.85016287
44,281,325,0.63476562,-0.72923077
75,233,308,0.6015625,-0.51298701
56,256,312,0.609375,-0.64102564
38,286,324,0.6328125,-0.7654321
37,283,320,0.625,-0.76875
57,259,316,0.6171875,-0.63924051
58,267,325,0.63476562,-0.64307692
17,313,330,0.64453125,-0.8969697
23,284,307,0.59960938,-0.85016287
5,325,330,0.64453125,-0.96969697
5,324,329,0.64257812,-0.96960486
22,301,323,0.63085938,-0.86377709
34,274,308,0.6015625,-0.77922078
15,300,315,0.61523438,-0.9047619
25,278,303,0.59179688,-0.8349835
23,300,323,0.63085938,-0.85758514
12,316,328,0.640625,-0.92682927
12,307,319,0.62304688,-0.92476489
20,292,312,0.609375,-0.87179487
12,308,320,0.625,-0.925
17,296,313,0.61132812,-0.8913738
21,303,324,0.6328125,-0.87037037
21,294,315,0.61523438,-0.86666667
34,293,327,0.63867188,-0.79204893
115,206,321,0.62695312,-0.2834891
174,126,300,0.5859375,0.16
203,110,313,0.61132812,0.2971246
125,179,304,0.59375,-0.17763158
130,168,298,0.58203125,-0.12751678
121,185,306,0.59765625,-0.20915033
202,103,305,0.59570312,0.32459016
170,140,310,0.60546875,0.096774194
180,116,296,0.578125,0.21621622
214,93,307,0.59960938,0.39413681
187,144,331,0.64648438,0.12990937
210,102,312,0.609375,0.34615385
242,65,307,0.59960938,0.57654723
263,48,311,0.60742188,0.69131833
291,21,312,0.609375,0.86538462
287,35,322,0.62890625,0.7826087
312,15,327,0.63867188,0.90825688
316,1,317,0.61914062,0.99369085
280,31,311,0.60742188,0.80064309
284,37,321,0.62695312,0.7694704
288,22,310,0.60546875,0.85806452
278,48,326,0.63671875,0.70552147
284,32,316,0.6171875,0.79746835
309,20,329,0.64257812,0.87841945
279,33,312,0.609375,0.78846154
288,29,317,0.61914062,0.8170347
292,24,316,0.6171875,0.84810127
311,10,321,0.62695312,0.9376947
288,21,309,0.60351562,0.86407767
266,46,312,0.609375,0.70512821
275,29,304,0.59375,0.80921053
303,18,321,0.62695312,0.88785047
290,19,309,0.60351562,0.87702265
274,47,321,0.62695312,0.70716511
308,20,328,0.640625,0.87804878
310,12,322,0.62890625,0.92546584
308,20,328,0.640625,0.87804878
271,38,309,0.60351562,0.75404531
310,7,317,0.61914062,0.95583596
283,29,312,0.609375,0.81410256
290,33,323,0.63085938,0.79566563
262,41,303,0.59179688,0.72937294
288,28,316,0.6171875,0.82278481
247,55,302,0.58984375,0.63576159
268,56,324,0.6328125,0.65432099
317,7,324,0.6328125,0.95679012
294,24,318,0.62109375,0.8490566
281,18,299,0.58398438,0.87959866
315,8,323,0.63085938,0.9504644
314,12,326,0.63671875,0.92638037
296,16,312,0.609375,0.8974359
271,44,315,0.61523438,0.72063492
299,27,326,0.63671875,0.83435583
313,16,329,0.64257812,0.90273556
317,8,325,0.63476562,0.95076923
280,43,323,0.63085938,0.73374613
254,62,316,0.6171875,0.60759494
271,57,328,0.640625,0.65243902
267,36,303,0.59179688,0.76237624
271,53,324,0.6328125,0.67283951
265,46,311,0.60742188,0.70418006
284,24,308,0.6015625,0.84415584
297,14,311,0.60742188,0.90996785
297,22,319,0.62304688,0.86206897
294,30,324,0.6328125,0.81481481
262,50,312,0.609375,0.67948718
289,30,319,0.62304688,0.81191223
304,18,322,0.62890625,0.88819876
279,33,312,0.609375,0.78846154
295,9,304,0.59375,0.94078947
329,3,332,0.6484375,0.98192771
284,32,316,0.6171875,0.79746835
296,17,313,0.61132812,0.8913738
285,27,312,0.609375,0.82692308
314,10,324,0.6328125,0.9382716
248,61,309,0.60351562,0.60517799
218,95,313,0.61132812,0.39297125
185,132,317,0.61914062,0.16719243
215,95,310,0.60546875,0.38709677
247,51,298,0.58203125,0.65771812
270,51,321,0.62695312,0.68224299
308,8,316,0.6171875,0.94936709
282,35,317,0.61914062,0.77917981
279,39,318,0.62109375,0.75471698
247,67,314,0.61328125,0.57324841
285,41,326,0.63671875,0.74846626
278,31,309,0.60351562,0.79935275
244,77,321,0.62695312,0.52024922
217,83,300,0.5859375,0.44666667
273,46,319,0.62304688,0.71159875
238,54,292,0.5703125,0.63013699
261,50,311,0.60742188,0.67845659
294,32,326,0.63671875,0.80368098
308,8,316,0.6171875,0.94936709
321,3,324,0.6328125,0.98148148
283,31,314,0.61328125,0.80254777
293,24,317,0.61914062,0.84858044
284,30,314,0.61328125,0.8089172
254,65,319,0.62304688,0.59247649
248,66,314,0.61328125,0.57961783
271,46,317,0.61914062,0.70977918
245,76,321,0.62695312,0.52647975
244,65,309,0.60351562,0.57928803
255,57,312,0.609375,0.63461538
311,14,325,0.63476562,0.91384615
286,31,317,0.61914062,0.8044164
229,76,305,0.59570312,0.50163934
240,70,310,0.60546875,0.5483871
201,107,308,0.6015625,0.30519481
161,160,321,0.62695312,0.0031152648
201,114,315,0.61523438,0.27619048
173,140,313,0.61132812,0.10543131
200,104,304,0.59375,0.31578947
232,70,302,0.58984375,0.53642384
238,80,318,0.62109375,0.49685535
238,66,304,0.59375,0.56578947
268,64,332,0.6484375,0.61445783
152,158,310,0.60546875,-0.019354839
140,159,299,0.58398438,-0.063545151
182,122,304,0.59375,0.19736842
173,137,310,0.60546875,0.11612903
213,116,329,0.64257812,0.29483283
231,76,307,0.59960938,0.50488599
225,88,313,0.61132812,0.43769968
218,88,306,0.59765625,0.4248366
275,48,323,0.63085938,0.70278638
278,45,323,0.63085938,0.72136223
293,17,310,0.60546875,0.89032258
261,53,314,0.61328125,0.66242038
311,4,315,0.61523438,0.97460317
322,7,329,0.64257812,0.95744681
303,16,319,0.62304688,0.89968652
316,14,330,0.64453125,0.91515152
254,55,309,0.60351562,0.64401294
252,56,308,0.6015625,0.63636364
240,75,315,0.61523438,0.52380952
213,96,309,0.60351562,0.37864078
219,84,303,0.59179688,0.44554455
234,78,312,0.609375,0.5
239,72,311,0.60742188,0.53697749
223,87,310,0.60546875,0.43870968
165,144,309,0.60351562,0.067961165
238,86,324,0.6328125,0.4691358
244,72,316,0.6171875,0.5443038
200,113,313,0.61132812,0.27795527
210,106,316,0.6171875,0.32911392
226,71,297,0.58007812,0.52188552
245,59,304,0.59375,0.61184211
290,47,337,0.65820312,0.72106825
324,7,331,0.64648438,0.95770393
299,9,308,0.6015625,0.94155844
303,17,320,0.625,0.89375
285,25,310,0.60546875,0.83870968
296,24,320,0.625,0.85
307,10,317,0.61914062,0.93690852
319,15,334,0.65234375,0.91017964
304,11,315,0.61523438,0.93015873
299,17,316,0.6171875,0.89240506
250,54,304,0.59375,0.64473684
311,13,324,0.6328125,0.91975309
279,31,310,0.60546875,0.8
280,47,327,0.63867188,0.71253823
259,56,315,0.61523438,0.64444444
269,52,321,0.62695312,0.67601246
225,77,302,0.58984375,0.49006623
227,86,313,0.61132812,0.45047923
210,95,305,0.59570312,0.37704918
195,94,289,0.56445312,0.34948097
241,83,324,0.6328125,0.48765432
231,82,313,0.61132812,0.47603834
170,148,318,0.62109375,0.06918239
170,132,302,0.58984375,0.12582781
168,149,317,0.61914062,0.059936909
131,178,309,0.60351562,-0.15210356
93,225,318,0.62109375,-0.41509434
128,196,324,0.6328125,-0.20987654
122,184,306,0.59765625,-0.20261438
187,119,306,0.59765625,0.22222222
256,51,307,0.59960938,0.66775244
237,81,318,0.62109375,0.49056604
207,106,313,0.61132812,0.32268371
183,125,308,0.6015625,0.18831169
208,105,313,0.61132812,0.32907348
163,143,306,0.59765625,0.065359477
206,107,313,0.61132812,0.31629393
164,149,313,0.61132812,0.047923323
157,150,307,0.59960938,0.022801303
155,158,313,0.61132812,-0.0095846645
111,189,300,0.5859375,-0.26
181,120,301,0.58789062,0.20265781
133,190,323,0.63085938,-0.17647059
166,153,319,0.62304688,0.040752351
212,103,315,0.61523438,0.34603175
220,91,311,0.60742188,0.414791
212,101,313,0.61132812,0.35463259
208,101,309,0.60351562,0.34627832
158,144,302,0.58984375,0.046357616
168,139,307,0.59960938,0.094462541
143,179,322,0.62890625,-0.11180124
144,165,309,0.60351562,-0.067961165
125,188,313,0.61132812,-0.20127796
136,175,311,0.60742188,-0.12540193
149,171,320,0.625,-0.06875
176,129,305,0.59570312,0.15409836
233,77,310,0.60546875,0.50322581
182,134,316,0.6171875,0.15189873
218,90,308,0.6015625,0.41558442
246,66,312,0.609375,0.57692308
215,87,302,0.58984375,0.42384106
205,108,313,0.61132812,0.30990415
207,104,311,0.60742188,0.33118971
248,57,305,0.59570312,0.62622951
263,60,323,0.63085938,0.62848297
284,45,329,0.64257812,0.72644377
303,23,326,0.63671875,0.85889571
315,17,332,0.6484375,0.89759036
248,61,309,0.60351562,0.60517799
287,31,318,0.62109375,0.80503145
239,60,299,0.58398438,0.59866221
265,52,317,0.61914062,0.67192429
274,35,309,0.60351562,0.77346278
256,43,299,0.58398438,0.71237458
272,39,311,0.60742188,0.74919614
237,78,315,0.61523438,0.5047619
246,78,324,0.6328125,0.51851852
255,62,317,0.61914062,0.60883281
266,49,315,0.61523438,0.68888889
216,87,303,0.59179688,0.42574257
281,34,315,0.61523438,0.78412698
315,6,321,0.62695312,0.96261682
268,48,316,0.6171875,0.69620253
205,104,309,0.60351562,0.32686084
172,124,296,0.578125,0.16216216
117,182,299,0.58398438,-0.2173913
170,147,317,0.61914062,0.072555205
154,144,298,0.58203125,0.033557047
162,148,310,0.60546875,0.04516129
126,181,307,0.59960938,-0.17915309
89,220,309,0.60351562,-0.42394822
59,254,313,0.61132812,-0.62300319
55,262,317,0.61914062,-0.65299685
47,262,309,0.60351562,-0.69579288
14,298,312,0.609375,-0.91025641
20,291,311,0.60742188,-0.87138264
15,306,321,0.62695312,-0.90654206
34,289,323,0.63085938,-0.78947368
25,278,303,0.59179688,-0.8349835
23,302,325,0.63476562,-0.85846154
37,264,301,0.58789062,-0.75415282
44,287,331,0.64648438,-0.73413897
39,264,303,0.59179688,-0.74257426
21,304,325,0.63476562,-0.87076923
32,280,312,0.609375,-0.79487179
15,305,320,0.625,-0.90625
17,306,323,0.63085938,-0.89473684
25,288,313,0.61132812,-0.84025559
60,241,301,0.58789062,-0.6013289
41,269,310,0.60546875,-0.73548387
26,294,320,0.625,-0.8375
22,304,326,0.63671875,-0.86503067
62,249,311,0.60742188,-0.60128617
73,244,317,0.61914062,-0.53943218
81,237,318,0.62109375,-0.49056604
56,251,307,0.59960938,-0.63517915
14,321,335,0.65429688,-0.91641791
13,321,334,0.65234375,-0.92215569
14,307,321,0.62695312,-0.91277259
69,251,320,0.625,-0.56875
72,242,314,0.61328125,-0.54140127
108,206,314,0.61328125,-0.31210191
163,155,318,0.62109375,0.025157233
132,191,323,0.63085938,-0.18266254
119,176,295,0.57617188,-0.19322034
96,212,308,0.6015625,-0.37662338
128,174,302,0.58984375,-0.15231788
91,234,325,0.63476562,-0.44
111,195,306,0.59765625,-0.2745098
42,260,302,0.58984375,-0.7218543
55,261,316,0.6171875,-0.65189873
62,252,314,0.61328125,-0.60509554
86,238,324,0.6328125,-0.4691358
60,254,314,0.61328125,-0.61783439
56,259,315,0.61523438,-0.64444444
55,268,323,0.63085938,-0.65944272
61,251,312,0.609375,-0.60897436
48,265,313,0.61132812,-0.69329073
65,248,313,0.61132812,-0.58466454
64,253,317,0.61914062,-0.59621451
6,313,319,0.62304688,-0.96238245
13,307,320,0.625,-0.91875
8,317,325,0.63476562,-0.95076923
33,297,330,0.64453125,-0.8
43,287,330,0.64453125,-0.73939394
36,272,308,0.6015625,-0.76623377
33,281,314,0.61328125,-0.78980892
12,304,316,0.6171875,-0.92405063
35,268,303,0.59179688,-0.7689769
35,284,319,0.62304688,-0.78056426
53,265,318,0.62109375,-0.66666667
22,297,319,0.62304688,-0.86206897
20,286,306,0.59765625,-0.86928105
49,259,308,0.6015625,-0.68181818
23,291,314,0.61328125,-0.85350318
61,247,308,0.6015625,-0.6038961
16,307,323,0.63085938,-0.90092879
20,296,316,0.6171875,-0.87341772
53,249,302,0.58984375,-0.64900662
37,276,313,0.61132812,-0.76357827
52,251,303,0.59179688,-0.65676568
54,243,297,0.58007812,-0.63636364
37,271,308,0.6015625,-0.75974026
63,243,306,0.59765625,-0.58823529
76,244,320,0.625,-0.525
34,271,305,0.59570312,-0.77704918
30,294,324,0.6328125,-0.81481481
24,307,331,0.64648438,-0.85498489
25,302,327,0.63867188,-0.8470948
26,287,313,0.61132812,-0.83386581
38,277,315,0.61523438,-0.75873016
35,285,320,0.625,-0.78125
19,304,323,0.63085938,-0.88235294
22,309,331,0.64648438,-0.86706949
17,300,317,0.61914062,-0.89274448
2,320,322,0.62890625,-0.98757764
11,300,311,0.60742188,-0.92926045
9,320,329,0.64257812,-0.94528875
18,295,313,0.61132812,-0.88498403
39,291,330,0.64453125,-0.76363636
22,296,318,0.62109375,-0.86163522
10,324,334,0.65234375,-0.94011976
9,301,310,0.60546875,-0.94193548
9,304,313,0.61132812,-0.94249201
13,300,313,0.61132812,-0.91693291
15,303,318,0.62109375,-0.90566038
46,275,321,0.62695312,-0.71339564
38,286,324,0.6328125,-0.7654321
35,292,327,0.63867188,-0.78593272
74,226,300,0.5859375,-0.50666667
119,188,307,0.59960938,-0.2247557
177,141,318,0.62109375,0.11320755
201,100,301,0.58789062,0.33554817
251,63,314,0.61328125,0.59872611
290,34,324,0.6328125,0.79012346
272,32,304,0.59375,0.78947368
300,5,305,0.59570312,0.96721311
311,0,311,0.60742188,1
278,26,304,0.59375,0.82894737
282,30,312,0.609375,0.80769231
275,39,314,0.61328125,0.75159236
297,18,315,0.61523438,0.88571429
312,14,326,0.63671875,0.91411043
242,72,314,0.61328125,0.54140127
263,52,315,0.61523438,0.66984127
255,58,313,0.61132812,0.62939297
291,27,318,0.62109375,0.83018868
285,27,312,0.609375,0.82692308
303,8,311,0.60742188,0.94855305
318,15,333,0.65039062,0.90990991
302,17,319,0.62304688,0.89341693
239,76,315,0.61523438,0.51746032
315,17,332,0.6484375,0.89759036
245,76,321,0.62695312,0.52647975
257,45,302,0.58984375,0.70198675
275,34,309,0.60351562,0.77993528
277,50,327,0.63867188,0.6941896
246,57,303,0.59179688,0.62376238
260,57,317,0.61914062,0.64037855
240,81,321,0.62695312,0.4953271
238,64,302,0.58984375,0.57615894
252,60,312,0.609375,0.61538462
312,12,324,0.6328125,0.92592593
318,11,329,0.64257812,0.9331307
292,14,306,0.59765625,0.90849673
268,43,311,0.60742188,0.72347267
282,33,315,0.61523438,0.79047619
202,113,315,0.61523438,0.28253968
173,140,313,0.61132812,0.10543131
178,131,309,0.60351562,0.15210356
154,163,317,0.61914062,-0.028391167
161,158,319,0.62304688,0.0094043887
144,162,306,0.59765625,-0.058823529
132,179,311,0.60742188,-0.1511254
130,184,314,0.61328125,-0.17197452
111,212,323,0.63085938,-0.3126935
111,207,318,0.62109375,-0.30188679
214,88,302,0.58984375,0.41721854
186,130,316,0.6171875,0.17721519
192,114,306,0.59765625,0.25490196
212,91,303,0.59179688,0.39933993
213,81,294,0.57421875,0.44897959
225,88,313,0.61132812,0.43769968
272,40,312,0.609375,0.74358974
288,26,314,0.61328125,0.8343949
282,19,301,0.58789062,0.87375415
265,49,314,0.61328125,0.68789809
268,40,308,0.6015625,0.74025974
318,6,324,0.6328125,0.96296296
303,12,315,0.61523438,0.92380952
300,10,310,0.60546875,0.93548387
295,15,310,0.60546875,0.90322581
303,25,328,0.640625,0.84756098
302,7,309,0.60351562,0.95469256
274,36,310,0.60546875,0.76774194
267,62,329,0.64257812,0.6231003
291,37,328,0.640625,0.77439024
208,103,311,0.60742188,0.33762058
202,103,305,0.59570312,0.32459016
191,118,309,0.60351562,0.23624595
159,156,315,0.61523438,0.0095238095
136,186,322,0.62890625,-0.1552795
146,164,310,0.60546875,-0.058064516
152,166,318,0.62109375,-0.044025157
157,151,308,0.6015625,0.019480519
180,123,303,0.59179688,0.18811881
217,97,314,0.61328125,0.38216561
207,110,317,0.61914062,0.30599369
179,135,314,0.61328125,0.14012739
244,71,315,0.61523438,0.54920635
309,10,319,0.62304688,0.93730408
305,11,316,0.6171875,0.93037975
299,19,318,0.62109375,0.88050314
302,7,309,0.60351562,0.95469256
305,19,324,0.6328125,0.88271605
277,36,313,0.61132812,0.76996805
268,46,314,0.61328125,0.70700637
303,22,325,0.63476562,0.86461538
282,35,317,0.61914062,0.77917981
308,20,328,0.640625,0.87804878
311,10,321,0.62695312,0.9376947
285,29,314,0.61328125,0.81528662
294,29,323,0.63085938,0.82043344
279,43,322,0.62890625,0.73291925
284,26,310,0.60546875,0.83225806
270,40,310,0.60546875,0.74193548
234,71,305,0.59570312,0.53442623
266,58,324,0.6328125,0.64197531
277,34,311,0.60742188,0.78135048
270,48,318,0.62109375,0.69811321
244,75,319,0.62304688,0.52978056
313,10,323,0.63085938,0.9380805
322,3,325,0.63476562,0.98153846
324,0,324,0.6328125,1
278,40,318,0.62109375,0.74842767
316,18,334,0.65234375,0.89221557
313,14,327,0.63867188,0.91437309
311,13,324,0.6328125,0.91975309
254,58,312,0.609375,0.62820513
284,21,305,0.59570312,0.86229508
238,84,322,0.62890625,0.47826087
263,51,314,0.61328125,0.67515924
278,41,319,0.62304688,0.74294671
262,46,308,0.6015625,0.7012987
262,43,305,0.59570312,0.71803279
318,5,323,0.63085938,0.96904025
297,11,308,0.6015625,0.92857143
279,38,317,0.61914062,0.76025237
301,17,318,0.62109375,0.89308176
328,1,329,0.64257812,0.99392097
296,24,320,0.625,0.85
170,124,294,0.57421875,0.15646259
304,23,327,0.63867188,0.85932722
311,11,322,0.62890625,0.93167702
316,8,324,0.6328125,0.95061728
296,21,317,0.61914062,0.86750789
258,43,301,0.58789062,0.71428571
282,43,325,0.63476562,0.73538462
254,55,309,0.60351562,0.64401294
266,50,316,0.6171875,0.6835443
299,15,314,0.61328125,0.9044586
315,15,330,0.64453125,0.90909091
292,25,317,0.61914062,0.84227129
316,5,321,0.62695312,0.96884735
303,25,328,0.640625,0.84756098
275,32,307,0.59960938,0.79153094
291,29,320,0.625,0.81875
300,22,322,0.62890625,0.86335404
298,18,316,0.6171875,0.88607595
318,2,320,0.625,0.9875
243,71,314,0.61328125,0.5477707
269,41,310,0.60546875,0.73548387
234,88,322,0.62890625,0.45341615
226,69,295,0.57617188,0.53220339
280,45,325,0.63476562,0.72307692
292,29,321,0.62695312,0.81931464
290,18,308,0.6015625,0.88311688
274,47,321,0.62695312,0.70716511
276,43,319,0.62304688,0.73040752
269,42,311,0.60742188,0.72990354
244,60,304,0.59375,0.60526316
272,46,318,0.62109375,0.71069182
283,33,316,0.6171875,0.79113924
265,62,327,0.63867188,0.62079511
255,52,307,0.59960938,0.66123779
291,30,321,0.62695312,0.81308411
261,58,319,0.62304688,0.63636364
276,46,322,0.62890625,0.71428571
262,42,304,0.59375,0.72368421
276,48,324,0.6328125,0.7037037
284,34,318,0.62109375,0.78616352
284,37,321,0.62695312,0.7694704
270,42,312,0.609375,0.73076923
275,26,301,0.58789062,0.82724252
217,88,305,0.59570312,0.42295082
207,108,315,0.61523438,0.31428571
192,114,306,0.59765625,0.25490196
279,40,319,0.62304688,0.7492163
274,36,310,0.60546875,0.76774194
237,71,308,0.6015625,0.53896104
210,102,312,0.609375,0.34615385
203,114,317,0.61914062,0.2807571
258,71,329,0.64257812,0.56838906
281,40,321,0.62695312,0.75077882
304,8,312,0.609375,0.94871795
312,13,325,0.63476562,0.92
287,27,314,0.61328125,0.82802548
314,12,326,0.63671875,0.92638037
286,26,312,0.609375,0.83333333
232,63,295,0.57617188,0.57288136
308,16,324,0.6328125,0.90123457
296,20,316,0.6171875,0.87341772
258,44,302,0.58984375,0.70860927
295,21,316,0.6171875,0.86708861
288,31,319,0.62304688,0.80564263
259,43,302,0.58984375,0.71523179
284,36,320,0.625,0.775
309,11,320,0.625,0.93125
295,23,318,0.62109375,0.85534591
280,28,308,0.6015625,0.81818182
323,12,335,0.65429688,0.92835821
299,11,310,0.60546875,0.92903226
298,3,301,0.58789062,0.98006645
291,25,316,0.6171875,0.84177215
281,48,329,0.64257812,0.70820669
284,23,307,0.59960938,0.85016287
247,53,300,0.5859375,0.64666667
260,55,315,0.61523438,0.65079365
191,115,306,0.59765625,0.24836601
251,58,309,0.60351562,0.62459547
259,55,314,0.61328125,0.64968153
252,66,318,0.62109375,0.58490566
237,64,301,0.58789062,0.57475083
223,83,306,0.59765625,0.45751634
210,106,316,0.6171875,0.32911392
223,80,303,0.59179688,0.47194719
278,31,309,0.60351562,0.79935275
307,23,330,0.64453125,0.86060606
308,18,326,0.63671875,0.88957055
246,63,309,0.60351562,0.59223301
245,71,316,0.6171875,0.55063291
240,72,312,0.609375,0.53846154
228,91,319,0.62304688,0.42946708
232,84,316,0.6171875,0.46835443
279,34,313,0.61132812,0.7827476
248,62,310,0.60546875,0.6
229,75,304,0.59375,0.50657895
183,107,290,0.56640625,0.26206897
198,118,316,0.6171875,0.25316456
183,120,303,0.59179688,0.20792079
246,55,301,0.58789062,0.6345515
260,51,311,0.60742188,0.67202572
279,21,300,0.5859375,0.86
291,33,324,0.6328125,0.7962963
281,32,313,0.61132812,0.79552716
291,22,313,0.61132812,0.85942492
293,29,322,0.62890625,0.81987578
291,29,320,0.625,0.81875
279,30,309,0.60351562,0.80582524
265,56,321,0.62695312,0.65109034
277,42,319,0.62304688,0.73667712
244,56,300,0.5859375,0.62666667
250,65,315,0.61523438,0.58730159
260,49,309,0.60351562,0.6828479
253,56,309,0.60351562,0.63754045
275,30,305,0.59570312,0.80327869
267,55,322,0.62890625,0.65838509
325,3,328,0.640625,0.98170732
306,8,314,0.61328125,0.94904459
288,29,317,0.61914062,0.8170347
257,51,308,0.6015625,0.66883117
297,16,313,0.61132812,0.89776358
275,42,317,0.61914062,0.73501577
307,14,321,0.62695312,0.91277259
294,21,315,0.61523438,0.86666667
278,36,314,0.61328125,0.77070064
305,22,327,0.63867188,0.86544343
319,3,322,0.62890625,0.98136646
322,7,329,0.64257812,0.95744681
318,7,325,0.63476562,0.95692308
269,37,306,0.59765625,0.75816993
252,72,324,0.6328125,0.55555556
244,68,312,0.609375,0.56410256
233,71,304,0.59375,0.53289474
230,83,313,0.61132812,0.46964856
298,14,312,0.609375,0.91025641
297,9,306,0.59765625,0.94117647
273,36,309,0.60351562,0.76699029
277,32,309,0.60351562,0.79288026
263,48,311,0.60742188,0.69131833
293,44,337,0.65820312,0.7388724
258,63,321,0.62695312,0.60747664
255,51,306,0.59765625,0.66666667
216,92,308,0.6015625,0.4025974
228,92,320,0.625,0.425
261,54,315,0.61523438,0.65714286
243,67,310,0.60546875,0.56774194
189,126,315,0.61523438,0.2
156,148,304,0.59375,0.026315789
168,137,305,0.59570312,0.10163934
201,109,310,0.60546875,0.29677419
208,106,314,0.61328125,0.32484076
231,87,318,0.62109375,0.45283019
262,44,306,0.59765625,0.7124183
294,25,319,0.62304688,0.84326019
291,26,317,0.61914062,0.83596215
224,90,314,0.61328125,0.42675159
298,20,318,0.62109375,0.87421384
291,24,315,0.61523438,0.84761905
310,8,318,0.62109375,0.94968553
314,12,326,0.63671875,0.92638037
297,21,318,0.62109375,0.86792453
295,17,312,0.609375,0.89102564
295,18,313,0.61132812,0.88498403
285,23,308,0.6015625,0.85064935
300,16,316,0.6171875,0.89873418
298,12,310,0.60546875,0.92258065
305,21,326,0.63671875,0.87116564
297,16,313,0.61132812,0.89776358
303,26,329,0.64257812,0.84194529
267,44,311,0.60742188,0.7170418
282,35,317,0.61914062,0.77917981
318,3,321,0.62695312,0.98130841
302,12,314,0.61328125,0.92356688
315,6,321,0.62695312,0.96261682
316,4,320,0.625,0.975
291,24,315,0.61523438,0.84761905
302,27,329,0.64257812,0.83586626
318,8,326,0.63671875,0.95092025
265,52,317,0.61914062,0.67192429
264,48,312,0.609375,0.69230769
218,95,313,0.61132812,0.39297125
218,108,326,0.63671875,0.33742331
236,69,305,0.59570312,0.54754098
192,122,314,0.61328125,0.22292994
177,135,312,0.609375,0.13461538
250,66,316,0.6171875,0.58227848
234,70,304,0.59375,0.53947368
260,52,312,0.609375,0.66666667
310,14,324,0.6328125,0.91358025
285,30,315,0.61523438,0.80952381
264,55,319,0.62304688,0.65517241
215,100,315,0.61523438,0.36507937
204,108,312,0.609375,0.30769231
156,145,301,0.58789062,0.03654485
70,239,309,0.60351562,-0.54692557
86,228,314,0.61328125,-0.4522293
38,275,313,0.61132812,-0.7571885
24,288,312,0.609375,-0.84615385
11,318,329,0.64257812,-0.9331307
19,296,315,0.61523438,-0.87936508
7,308,315,0.61523438,-0.95555556
19,294,313,0.61132812,-0.87859425
6,310,316,0.6171875,-0.96202532
5,310,315,0.61523438,-0.96825397
53,282,335,0.65429688,-0.68358209
3,320,323,0.63085938,-0.98142415
10,306,316,0.6171875,-0.93670886
23,286,309,0.60351562,-0.85113269
43,272,315,0.61523438,-0.72698413
50,256,306,0.59765625,-0.67320261
43,281,324,0.6328125,-0.7345679
19,303,322,0.62890625,-0.88198758
22,294,316,0.6171875,-0.86075949
11,303,314,0.61328125,-0.92993631
30,289,319,0.62304688,-0.81191223
22,298,320,0.625,-0.8625
4,331,335,0.65429688,-0.9761194
19,306,325,0.63476562,-0.88307692
60,251,311,0.60742188,-0.61414791
50,259,309,0.60351562,-0.6763754
4,321,325,0.63476562,-0.97538462
7,313,320,0.625,-0.95625
10,311,321,0.62695312,-0.9376947
20,297,317,0.61914062,-0.87381703
53,252,305,0.59570312,-0.65245902
74,239,313,0.61132812,-0.52715655
16,289,305,0.59570312,-0.89508197
9,303,312,0.609375,-0.94230769
9,307,316,0.6171875,-0.94303797
18,313,331,0.64648438,-0.89123867
22,284,306,0.59765625,-0.85620915
20,295,315,0.61523438,-0.87301587
7,310,317,0.61914062,-0.95583596
18,304,322,0.62890625,-0.88819876
19,299,318,0.62109375,-0.88050314
18,291,309,0.60351562,-0.88349515
7,314,321,0.62695312,-0.95638629
73,243,316,0.6171875,-0.53797468
93,226,319,0.62304688,-0.4169279
70,240,310,0.60546875,-0.5483871
110,186,296,0.578125,-0.25675676
95,211,306,0.59765625,-0.37908497
76,236,312,0.609375,-0.51282051
43,275,318,0.62109375,-0.72955975
50,266,316,0.6171875,-0.6835443
100,212,312,0.609375,-0.35897436
106,202,308,0.6015625,-0.31168831
161,155,316,0.6171875,0.018987342
200,103,303,0.59179688,0.32013201
238,78,316,0.6171875,0.50632911
225,87,312,0.609375,0.44230769
269,34,303,0.59179688,0.77557756
218,104,322,0.62890625,0.35403727
214,110,324,0.6328125,0.32098765
185,129,314,0.61328125,0.17834395
143,166,309,0.60351562,-0.074433657
137,172,309,0.60351562,-0.11326861
191,125,316,0.6171875,0.20886076
147,166,313,0.61132812,-0.060702875
128,180,308,0.6015625,-0.16883117
48,258,306,0.59765625,-0.68627451
86,235,321,0.62695312,-0.46417445
80,234,314,0.61328125,-0.49044586
21,288,309,0.60351562,-0.86407767
30,295,325,0.63476562,-0.81538462
62,261,323,0.63085938,-0.61609907
9,314,323,0.63085938,-0.94427245
31,274,305,0.59570312,-0.79672131
35,273,308,0.6015625,-0.77272727
11,307,318,0.62109375,-0.93081761
26,290,316,0.6171875,-0.83544304
21,311,332,0.6484375,-0.87349398
16,303,319,0.62304688,-0.89968652
41,273,314,0.61328125,-0.7388535
22,293,315,0.61523438,-0.86031746
59,241,300,0.5859375,-0.60666667
96,231,327,0.63867188,-0.41284404
71,237,308,0.6015625,-0.53896104
60,256,316,0.6171875,-0.62025316
45,263,308,0.6015625,-0.70779221
48,266,314,0.61328125,-0.69426752
35,273,308,0.6015625,-0.77272727
30,297,327,0.63867188,-0.81651376
52,265,317,0.61914062,-0.67192429
72,239,311,0.60742188,-0.53697749
36,284,320,0.625,-0.775
38,286,324,0.6328125,-0.7654321
37,280,317,0.61914062,-0.76656151
70,237,307,0.59960938,-0.54397394
108,199,307,0.59960938,-0.29641694
100,205,305,0.59570312,-0.3442623
114,208,322,0.62890625,-0.29192547
112,201,313,0.61132812,-0.28434505
86,221,307,0.59960938,-0.43973941
57,252,309,0.60351562,-0.63106796
58,260,318,0.62109375,-0.63522013
65,261,326,0.63671875,-0.60122699
79,230,309,0.60351562,-0.48867314
109,196,305,0.59570312,-0.2852459
103,209,312,0.609375,-0.33974359
79,240,319,0.62304688,-0.50470219
93,227,320,0.625,-0.41875
134,184,318,0.62109375,-0.1572327
125,185,310,0.60546875,-0.19354839
65,251,316,0.6171875,-0.58860759
28,295,323,0.63085938,-0.82662539
27,271,298,0.58203125,-0.81879195
13,304,317,0.61914062,-0.91798107
12,299,311,0.60742188,-0.92282958
12,309,321,0.62695312,-0.92523364
27,306,333,0.65039062,-0.83783784
20,287,307,0.59960938,-0.86970684
27,278,305,0.59570312,-0.82295082
12,297,309,0.60351562,-0.9223301
8,310,318,0.62109375,-0.94968553
28,285,313,0.61132812,-0.82108626
35,283,318,0.62109375,-0.77987421
19,296,315,0.61523438,-0.87936508
4,317,321,0.62695312,-0.97507788
25,293,318,0.62109375,-0.8427673
21,295,316,0.6171875,-0.86708861
73,233,306,0.59765625,-0.52287582
54,257,311,0.60742188,-0.65273312
49,272,321,0.62695312,-0.69470405
77,240,317,0.61914062,-0.51419558
102,202,304,0.59375,-0.32894737
119,196,315,0.61523438,-0.24444444
135,191,326,0.63671875,-0.17177914
102,211,313,0.61132812,-0.34824281
77,230,307,0.59960938,-0.49837134
56,256,312,0.609375,-0.64102564
40,272,312,0.609375,-0.74358974
25,278,303,0.59179688,-0.8349835
22,286,308,0.6015625,-0.85714286
14,309,323,0.63085938,-0.91331269
9,323,332,0.6484375,-0.94578313
18,296,314,0.61328125,-0.88535032
2,314,316,0.6171875,-0.98734177
17,315,332,0.6484375,-0.89759036
38,271,309,0.60351562,-0.75404531
9,307,316,0.6171875,-0.94303797
22,299,321,0.62695312,-0.86292835
27,296,323,0.63085938,-0.83281734
3,317,320,0.625,-0.98125
13,316,329,0.64257812,-0.92097264
47,263,310,0.60546875,-0.69677419
36,277,313,0.61132812,-0.76996805
2,316,318,0.62109375,-0.98742138
20,310,330,0.64453125,-0.87878788
7,320,327,0.63867188,-0.95718654
12,315,327,0.63867188,-0.9266055
13,316,329,0.64257812,-0.92097264
11,315,326,0.63671875,-0.93251534
20,299,319,0.62304688,-0.87460815
55,253,308,0.6015625,-0.64285714
93,211,304,0.59375,-0.38815789
104,207,311,0.60742188,-0.33118971
103,207,310,0.60546875,-0.33548387
110,195,305,0.59570312,-0.27868852
65,255,320,0.625,-0.59375
37,283,320,0.625,-0.76875
19,300,319,0.62304688,-0.88087774
19,289,308,0.6015625,-0.87662338
28,297,325,0.63476562,-0.82769231
41,278,319,0.62304688,-0.74294671
84,224,308,0.6015625,-0.45454545
68,241,309,0.60351562,-0.55987055
20,296,316,0.6171875,-0.87341772
11,302,313,0.61132812,-0.92971246
9,315,324,0.6328125,-0.94444444
14,309,323,0.63085938,-0.91331269
23,283,306,0.59765625,-0.8496732
41,268,309,0.60351562,-0.73462783
17,288,305,0.59570312,-0.88852459
35,277,312,0.609375,-0.77564103
48,276,324,0.6328125,-0.7037037
45,280,325,0.63476562,-0.72307692
36,274,310,0.60546875,-0.76774194
37,281,318,0.62109375,-0.7672956
26,297,323,0.63085938,-0.83900929
42,269,311,0.60742188,-0.72990354
10,303,313,0.61132812,-0.93610224
65,250,315,0.61523438,-0.58730159
34,277,311,0.60742188,-0.78135048
92,215,307,0.59960938,-0.40065147
57,260,317,0.61914062,-0.64037855
76,244,320,0.625,-0.525
30,279,309,0.60351562,-0.80582524
12,292,304,0.59375,-0.92105263
5,302,307,0.59960938,-0.96742671
32,285,317,0.61914062,-0.79810726
57,257,314,0.61328125,-0.63694268
33,297,330,0.64453125,-0.8
33,277,310,0.60546875,-0.78709677
31,277,308,0.6015625,-0.7987013
36,281,317,0.61914062,-0.77287066
82,234,316,0.6171875,-0.48101266
121,186,307,0.59960938,-0.21172638
122,180,302,0.58984375,-0.19205298
117,188,305,0.59570312,-0.23278689
95,218,313,0.61132812,-0.39297125
109,203,312,0.609375,-0.30128205
69,238,307,0.59960938,-0.5504886
68,242,310,0.60546875,-0.56129032
34,283,317,0.61914062,-0.78548896
14,313,327,0.63867188,-0.91437309
10,313,323,0.63085938,-0.9380805
2,330,332,0.6484375,-0.98795181
10,302,312,0.609375,-0.93589744
14,304,318,0.62109375,-0.91194969
23,298,321,0.62695312,-0.85669782
68,250,318,0.62109375,-0.57232704
56,254,310,0.60546875,-0.63870968
40,273,313,0.61132812,-0.74440895
55,253,308,0.6015625,-0.64285714
69,253,322,0.62890625,-0.57142857
42,264,306,0.59765625,-0.7254902
48,266,314,0.61328125,-0.69426752
26,280,306,0.59765625,-0.83006536
18,301,319,0.62304688,-0.88714734
35,283,318,0.62109375,-0.77987421
40,278,318,0.62109375,-0.74842767
33,284,317,0.61914062,-0.79179811
76,235,311,0.60742188,-0.51125402
91,215,306,0.59765625,-0.40522876
145,155,300,0.5859375,-0.033333333
198,108,306,0.59765625,0.29411765
168,143,311,0.60742188,0.080385852
122,195,317,0.61914062,-0.23028391
133,178,311,0.60742188,-0.14469453
165,135,300,0.5859375,0.1
161,157,318,0.62109375,0.012578616
162,152,314,0.61328125,0.031847134
165,144,309,0.60351562,0.067961165
163,160,323,0.63085938,0.0092879257
133,185,318,0.62109375,-0.16352201
183,133,316,0.6171875,0.15822785
145,159,304,0.59375,-0.046052632
87,223,310,0.60546875,-0.43870968
89,227,316,0.6171875,-0.43670886
67,254,321,0.62695312,-0.58255452
23,304,327,0.63867188,-0.85932722
26,282,308,0.6015625,-0.83116883
87,228,315,0.61523438,-0.44761905
107,209,316,0.6171875,-0.32278481
68,231,299,0.58398438,-0.5451505
54,249,303,0.59179688,-0.64356436
37,274,311,0.60742188,-0.76205788
27,286,313,0.61132812,-0.82747604
37,278,315,0.61523438,-0.76507937
72,240,312,0.609375,-0.53846154
44,271,315,0.61523438,-0.72063492
9,303,312,0.609375,-0.94230769
6,315,321,0.62695312,-0.96261682
22,294,316,0.6171875,-0.86075949
70,245,315,0.61523438,-0.55555556
48,259,307,0.59960938,-0.68729642
48,267,315,0.61523438,-0.6952381
31,290,321,0.62695312,-0.80685358
3,320,323,0.63085938,-0.98142415
7,312,319,0.62304688,-0.95611285
11,305,316,0.6171875,-0.93037975
34,270,304,0.59375,-0.77631579
19,303,322,0.62890625,-0.88198758
16,300,316,0.6171875,-0.89873418
40,281,321,0.62695312,-0.75077882
60,247,307,0.59960938,-0.60912052
74,239,313,0.61132812,-0.52715655
68,250,318,0.62109375,-0.57232704
56,258,314,0.61328125,-0.6433121
73,256,329,0.64257812,-0.556231
56,272,328,0.640625,-0.65853659
28,290,318,0.62109375,-0.82389937
37,292,329,0.64257812,-0.77507599
2,323,325,0.63476562,-0.98769231
8,316,324,0.6328125,-0.95061728
3,325,328,0.640625,-0.98170732
14,301,315,0.61523438,-0.91111111
6,295,301,0.58789062,-0.96013289
21,308,329,0.64257812,-0.87234043
46,268,314,0.61328125,-0.70700637
37,282,319,0.62304688,-0.76802508
38,274,312,0.609375,-0.75641026
46,262,308,0.6015625,-0.7012987
49,266,315,0.61523438,-0.68888889
71,229,300,0.5859375,-0.52666667
35,285,320,0.625,-0.78125
35,291,326,0.63671875,-0.78527607
20,299,319,0.62304688,-0.87460815
35,286,321,0.62695312,-0.78193146
20,312,332,0.6484375,-0.87951807
48,260,308,0.6015625,-0.68831169
16,293,309,0.60351562,-0.89644013
4,307,311,0.60742188,-0.97427653
7,320,327,0.63867188,-0.95718654
2,322,324,0.6328125,-0.98765432
25,288,313,0.61132812,-0.84025559
11,305,316,0.6171875,-0.93037975
27,283,310,0.60546875,-0.82580645
57,253,310,0.60546875,-0.63225806
32,286,318,0.62109375,-0.79874214
95,209,304,0.59375,-0.375
111,185,296,0.578125,-0.25
34,292,326,0.63671875,-0.79141104
111,198,309,0.60351562,-0.2815534
93,215,308,0.6015625,-0.3961039
91,219,310,0.60546875,-0.41290323
63,257,320,0.625,-0.60625
101,215,316,0.6171875,-0.36075949
113,214,327,0.63867188,-0.3088685
118,201,319,0.62304688,-0.26018809
133,174,307,0.59960938,-0.13355049
218,100,318,0.62109375,0.37106918
218,86,304,0.59375,0.43421053
273,30,303,0.59179688,0.8019802
301,22,323,0.63085938,0.86377709
278,44,322,0.62890625,0.72670807
252,68,320,0.625,0.575
225,93,318,0.62109375,0.41509434
159,133,292,0.5703125,0.089041096
175,131,306,0.59765625,0.14379085
202,103,305,0.59570312,0.32459016
185,126,311,0.60742188,0.18971061
226,78,304,0.59375,0.48684211
216,90,306,0.59765625,0.41176471
174,125,299,0.58398438,0.1638796
224,98,322,0.62890625,0.39130435
213,87,300,0.5859375,0.42
258,56,314,0.61328125,0.6433121
201,113,314,0.61328125,0.28025478
271,43,314,0.61328125,0.72611465
278,31,309,0.60351562,0.79935275
271,48,319,0.62304688,0.69905956
286,25,311,0.60742188,0.8392283
281,31,312,0.609375,0.80128205
258,66,324,0.6328125,0.59259259
305,15,320,0.625,0.90625
251,61,312,0.609375,0.60897436
256,51,307,0.59960938,0.66775244
281,49,330,0.64453125,0.7030303
301,19,320,0.625,0.88125
264,52,316,0.6171875,0.67088608
261,46,307,0.59960938,0.70032573
274,41,315,0.61523438,0.73968254
290,16,306,0.59765625,0.89542484
295,18,313,0.61132812,0.88498403
280,25,305,0.59570312,0.83606557
271,44,315,0.61523438,0.72063492
262,51,313,0.61132812,0.67412141
224,93,317,0.61914062,0.41324921
231,82,313,0.61132812,0.47603834
220,86,306,0.59765625,0.4379085
210,101,311,0.60742188,0.35048232
256,55,311,0.60742188,0.64630225
261,46,307,0.59960938,0.70032573
291,27,318,0.62109375,0.83018868
300,19,319,0.62304688,0.88087774
320,7,327,0.63867188,0.95718654
288,32,320,0.625,0.8
288,30,318,0.62109375,0.81132075
280,38,318,0.62109375,0.76100629
266,45,311,0.60742188,0.71061093
267,41,308,0.6015625,0.73376623
276,27,303,0.59179688,0.82178218
292,18,310,0.60546875,0.88387097
272,31,303,0.59179688,0.79537954
279,41,320,0.625,0.74375
288,40,328,0.640625,0.75609756
194,120,314,0.61328125,0.23566879
109,193,302,0.58984375,-0.2781457
104,216,320,0.625,-0.35
104,214,318,0.62109375,-0.34591195
97,210,307,0.59960938,-0.36807818
116,197,313,0.61132812,-0.25878594
160,149,309,0.60351562,0.035598706
118,182,300,0.5859375,-0.21333333
123,190,313,0.61132812,-0.21405751
95,232,327,0.63867188,-0.41896024
58,260,318,0.62109375,-0.63522013
33,272,305,0.59570312,-0.78360656
69,247,316,0.6171875,-0.56329114
18,293,311,0.60742188,-0.88424437
22,297,319,0.62304688,-0.86206897
33,282,315,0.61523438,-0.79047619
46,270,316,0.6171875,-0.70886076
17,308,325,0.63476562,-0.89538462
7,310,317,0.61914062,-0.95583596
11,302,313,0.61132812,-0.92971246
31,297,328,0.640625,-0.81097561
48,267,315,0.61523438,-0.6952381
75,243,318,0.62109375,-0.52830189
36,295,331,0.64648438,-0.78247734
33,282,315,0.61523438,-0.79047619
45,271,316,0.6171875,-0.71518987
62,255,317,0.61914062,-0.60883281
45,281,326,0.63671875,-0.72392638
82,238,320,0.625,-0.4875
70,237,307,0.59960938,-0.54397394
119,199,318,0.62109375,-0.25157233
126,184,310,0.60546875,-0.18709677
188,130,318,0.62109375,0.18238994
203,107,310,0.60546875,0.30967742
186,116,302,0.58984375,0.23178808
154,159,313,0.61132812,-0.015974441
196,116,312,0.609375,0.25641026
175,124,299,0.58398438,0.17056856
165,154,319,0.62304688,0.034482759
198,116,314,0.61328125,0.2611465
207,99,306,0.59765625,0.35294118
193,135,328,0.640625,0.17682927
207,109,316,0.6171875,0.31012658
247,65,312,0.609375,0.58333333
306,8,314,0.61328125,0.94904459
313,10,323,0.63085938,0.9380805
304,17,321,0.62695312,0.894081
318,10,328,0.640625,0.93902439
295,25,320,0.625,0.84375
291,16,307,0.59960938,0.89576547
292,15,307,0.59960938,0.90228013
302,21,323,0.63085938,0.86996904
303,9,312,0.609375,0.94230769
317,18,335,0.65429688,0.89253731
290,20,310,0.60546875,0.87096774
314,14,328,0.640625,0.91463415
306,4,310,0.60546875,0.97419355
312,7,319,0.62304688,0.95611285
301,13,314,0.61328125,0.91719745
311,14,325,0.63476562,0.91384615
310,9,319,0.62304688,0.94357367
294,13,307,0.59960938,0.91530945
313,3,316,0.6171875,0.98101266
293,28,321,0.62695312,0.82554517
278,27,305,0.59570312,0.82295082
276,35,311,0.60742188,0.77491961
254,56,310,0.60546875,0.63870968
270,47,317,0.61914062,0.70347003
292,17,309,0.60351562,0.88996764
290,17,307,0.59960938,0.88925081
261,53,314,0.61328125,0.66242038
266,54,320,0.625,0.6625
229,85,314,0.61328125,0.45859873
191,117,308,0.6015625,0.24025974
195,108,303,0.59179688,0.28712871
243,79,322,0.62890625,0.50931677
283,28,311,0.60742188,0.81993569
255,53,308,0.6015625,0.65584416
277,35,312,0.609375,0.77564103
291,43,334,0.65234375,0.74251497
283,36,319,0.62304688,0.77429467
275,42,317,0.61914062,0.73501577
276,39,315,0.61523438,0.75238095
308,13,321,0.62695312,0.91900312
296,26,322,0.62890625,0.83850932
244,54,298,0.58203125,0.63758389
250,75,325,0.63476562,0.53846154
257,57,314,0.61328125,0.63694268
239,79,318,0.62109375,0.50314465
200,120,320,0.625,0.25
196,113,309,0.60351562,0.26860841
232,69,301,0.58789062,0.54152824
283,31,314,0.61328125,0.80254777
294,19,313,0.61132812,0.87859425
286,35,321,0.62695312,0.78193146
319,10,329,0.64257812,0.93920973
293,19,312,0.609375,0.87820513
297,12,309,0.60351562,0.9223301
287,26,313,0.61132812,0.83386581
327,3,330,0.64453125,0.98181818
294,19,313,0.61132812,0.87859425
293,15,308,0.6015625,0.9025974
315,1,316,0.6171875,0.99367089
325,3,328,0.640625,0.98170732
276,44,320,0.625,0.725
286,36,322,0.62890625,0.77639752
222,83,305,0.59570312,0.4557377
260,43,303,0.59179688,0.71617162
291,36,327,0.63867188,0.77981651
294,22,316,0.6171875,0.86075949
263,42,305,0.59570312,0.72459016
269,40,309,0.60351562,0.74110032
273,46,319,0.62304688,0.71159875
306,7,313,0.61132812,0.95527157
298,12,310,0.60546875,0.92258065
314,7,321,0.62695312,0.95638629
309,10,319,0.62304688,0.93730408
290,21,311,0.60742188,0.86495177
304,22,326,0.63671875,0.86503067
288,21,309,0.60351562,0.86407767
262,63,325,0.63476562,0.61230769
231,77,308,0.6015625,0.5
184,126,310,0.60546875,0.18709677
202,108,310,0.60546875,0.30322581
225,77,302,0.58984375,0.49006623
258,49,307,0.59960938,0.68078176
255,55,310,0.60546875,0.64516129
273,38,311,0.60742188,0.75562701
312,4,316,0.6171875,0.97468354
274,41,315,0.61523438,0.73968254
270,39,309,0.60351562,0.74757282
261,41,302,0.58984375,0.72847682
281,30,311,0.60742188,0.80707395
312,16,328,0.640625,0.90243902
295,22,317,0.61914062,0.86119874
293,26,319,0.62304688,0.8369906
272,42,314,0.61328125,0.73248408
224,81,305,0.59570312,0.46885246
264,76,340,0.6640625,0.55294118
272,43,315,0.61523438,0.72698413
263,49,312,0.609375,0.68589744
323,2,325,0.63476562,0.98769231
303,14,317,0.61914062,0.91167192
315,8,323,0.63085938,0.9504644
307,16,323,0.63085938,0.90092879
300,23,323,0.63085938,0.85758514
309,24,333,0.65039062,0.85585586
309,12,321,0.62695312,0.92523364
338,3,341,0.66601562,0.98240469
305,20,325,0.63476562,0.87692308
253,65,318,0.62109375,0.59119497
266,72,338,0.66015625,0.5739645
282,35,317,0.61914062,0.77917981
286,33,319,0.62304688,0.79310345
269,45,314,0.61328125,0.7133758
301,23,324,0.6328125,0.85802469
319,6,325,0.63476562,0.96307692
271,52,323,0.63085938,0.67801858
261,58,319,0.62304688,0.63636364
265,47,312,0.609375,0.69871795
293,24,317,0.61914062,0.84858044
303,20,323,0.63085938,0.87616099
290,31,321,0.62695312,0.80685358
284,18,302,0.58984375,0.8807947
249,49,298,0.58203125,0.67114094
282,29,311,0.60742188,0.81350482
323,15,338,0.66015625,0.9112426
328,4,332,0.6484375,0.97590361
320,0,320,0.625,1
275,41,316,0.6171875,0.74050633
263,49,312,0.609375,0.68589744
257,53,310,0.60546875,0.65806452
286,29,315,0.61523438,0.81587302
236,75,311,0.60742188,0.51768489
286,41,327,0.63867188,0.74923547
280,25,305,0.59570312,0.83606557
294,20,314,0.61328125,0.87261146
292,30,322,0.62890625,0.8136646
294,26,320,0.625,0.8375
275,41,316,0.6171875,0.74050633
308,11,319,0.62304688,0.93103448
299,14,313,0.61132812,0.91054313
279,41,320,0.625,0.74375
301,16,317,0.61914062,0.89905363
295,20,315,0.61523438,0.87301587
267,36,303,0.59179688,0.76237624
245,65,310,0.60546875,0.58064516
236,79,315,0.61523438,0.4984127
236,91,327,0.63867188,0.44342508
218,86,304,0.59375,0.43421053
247,58,305,0.59570312,0.61967213
265,53,318,0.62109375,0.66666667
272,49,321,0.62695312,0.69470405
239,68,307,0.59960938,0.55700326
263,50,313,0.61132812,0.68051118
232,79,311,0.60742188,0.49196141
235,81,316,0.6171875,0.48734177
211,96,307,0.59960938,0.37459283
272,39,311,0.60742188,0.74919614
236,81,317,0.61914062,0.48895899
283,20,303,0.59179688,0.8679868
314,11,325,0.63476562,0.93230769
255,55,310,0.60546875,0.64516129
228,86,314,0.61328125,0.4522293
187,119,306,0.59765625,0.22222222
159,157,316,0.6171875,0.0063291139
111,211,322,0.62890625,-0.31055901
80,237,317,0.61914062,-0.49526814
51,268,319,0.62304688,-0.68025078
23,288,311,0.60742188,-0.85209003
19,311,330,0.64453125,-0.88484848
14,294,308,0.6015625,-0.90909091
9,317,326,0.63671875,-0.94478528
17,303,320,0.625,-0.89375
22,299,321,0.62695312,-0.86292835
44,277,321,0.62695312,-0.7258567
64,245,309,0.60351562,-0.58576052
35,282,317,0.61914062,-0.77917981
78,236,314,0.61328125,-0.50318471
98,218,316,0.6171875,-0.37974684
98,215,313,0.61132812,-0.37380192
76,239,315,0.61523438,-0.51746032
53,261,314,0.61328125,-0.66242038
36,293,329,0.64257812,-0.78115502
36,284,320,0.625,-0.775
48,275,323,0.63085938,-0.70278638
1,321,322,0.62890625,-0.99378882
13,305,318,0.62109375,-0.91823899
42,279,321,0.62695312,-0.73831776
55,248,303,0.59179688,-0.6369637
36,278,314,0.61328125,-0.77070064
14,301,315,0.61523438,-0.91111111
27,287,314,0.61328125,-0.82802548
32,292,324,0.6328125,-0.80246914
62,240,302,0.58984375,-0.58940397
22,283,305,0.59570312,-0.8557377
4,318,322,0.62890625,-0.97515528
11,304,315,0.61523438,-0.93015873
17,304,321,0.62695312,-0.894081
0,327,327,0.63867188,-1
13,308,321,0.62695312,-0.91900312
25,289,314,0.61328125,-0.84076433
1,320,321,0.62695312,-0.99376947
14,298,312,0.609375,-0.91025641
41,270,311,0.60742188,-0.73633441
13,301,314,0.61328125,-0.91719745
16,298,314,0.61328125,-0.89808917
1,305,306,0.59765625,-0.99346405
30,290,320,0.625,-0.8125
38,283,321,0.62695312,-0.76323988
37,283,320,0.625,-0.76875
20,297,317,0.61914062,-0.87381703
11,310,321,0.62695312,-0.93146417
13,303,316,0.6171875,-0.91772152
14,287,301,0.58789062,-0.90697674
15,296,311,0.60742188,-0.90353698
44,268,312,0.609375,-0.71794872
18,298,316,0.6171875,-0.88607595
39,281,320,0.625,-0.75625
27,283,310,0.60546875,-0.82580645
10,299,309,0.60351562,-0.93527508
6,325,331,0.64648438,-0.96374622
6,313,319,0.62304688,-0.96238245
6,311,317,0.61914062,-0.96214511
10,310,320,0.625,-0.9375
35,283,318,0.62109375,-0.77987421
90,221,311,0.60742188,-0.42122186
73,244,317,0.61914062,-0.53943218
86,233,319,0.62304688,-0.46081505
65,254,319,0.62304688,-0.59247649
34,287,321,0.62695312,-0.78816199
64,259,323,0.63085938,-0.60371517
66,245,311,0.60742188,-0.5755627
65,242,307,0.59960938,-0.57654723
39,275,314,0.61328125,-0.75159236
23,291,314,0.61328125,-0.85350318
35,266,301,0.58789062,-0.76744186
1,326,327,0.63867188,-0.99388379
8,300,308,0.6015625,-0.94805195
37,282,319,0.62304688,-0.76802508
45,268,313,0.61132812,-0.71246006
69,256,325,0.63476562,-0.57538462
108,200,308,0.6015625,-0.2987013
104,202,306,0.59765625,-0.32026144
128,179,307,0.59960938,-0.16612378
123,190,313,0.61132812,-0.21405751
146,170,316,0.6171875,-0.075949367
220,78,298,0.58203125,0.47651007
277,42,319,0.62304688,0.73667712
226,81,307,0.59960938,0.4723127
297,31,328,0.640625,0.81097561
316,6,322,0.62890625,0.96273292
278,43,321,0.62695312,0.73208723
297,19,316,0.6171875,0.87974684
267,47,314,0.61328125,0.70063694
235,73,308,0.6015625,0.52597403
292,32,324,0.6328125,0.80246914
286,32,318,0.62109375,0.79874214
313,11,324,0.6328125,0.93209877
295,18,313,0.61132812,0.88498403
287,26,313,0.61132812,0.83386581
283,28,311,0.60742188,0.81993569
281,32,313,0.61132812,0.79552716
246,66,312,0.609375,0.57692308
234,72,306,0.59765625,0.52941176
278,52,330,0.64453125,0.68484848
246,80,326,0.63671875,0.50920245
271,45,316,0.6171875,0.71518987
240,68,308,0.6015625,0.55844156
306,18,324,0.6328125,0.88888889
315,2,317,0.61914062,0.9873817
266,30,296,0.578125,0.7972973
318,9,327,0.63867188,0.94495413
285,37,322,0.62890625,0.77018634
300,17,317,0.61914062,0.89274448
271,35,306,0.59765625,0.77124183
312,11,323,0.63085938,0.93188854
318,11,329,0.64257812,0.9331307
296,20,316,0.6171875,0.87341772
325,1,326,0.63671875,0.99386503
282,30,312,0.609375,0.80769231
278,38,316,0.6171875,0.75949367
274,42,316,0.6171875,0.73417722
294,12,306,0.59765625,0.92156863
311,11,322,0.62890625,0.93167702
270,43,313,0.61132812,0.72523962
264,43,307,0.59960938,0.71986971
226,73,299,0.58398438,0.51170569
261,53,314,0.61328125,0.66242038
278,33,311,0.60742188,0.78778135
302,14,316,0.6171875,0.91139241
326,6,332,0.6484375,0.96385542
307,11,318,0.62109375,0.93081761
294,11,305,0.59570312,0.92786885
290,23,313,0.61132812,0.85303514
297,5,302,0.58984375,0.96688742
339,7,346,0.67578125,0.95953757
305,15,320,0.625,0.90625
338,0,338,0.66015625,1
297,19,316,0.6171875,0.87974684
269,39,308,0.6015625,0.74675325
284,23,307,0.59960938,0.85016287
252,62,314,0.61328125,0.60509554
249,58,307,0.59960938,0.62214984
212,93,305,0.59570312,0.39016393
204,103,307,0.59960938,0.32899023
157,154,311,0.60742188,0.0096463023
166,138,304,0.59375,0.092105263
169,154,323,0.63085938,0.046439628
180,129,309,0.60351562,0.16504854
171,131,302,0.58984375,0.13245033
137,182,319,0.62304688,-0.14106583
145,169,314,0.61328125,-0.076433121
125,191,316,0.6171875,-0.20886076
141,161,302,0.58984375,-0.066225166
174,133,307,0.59960938,0.13355049
125,189,314,0.61328125,-0.20382166
103,189,292,0.5703125,-0.29452055
110,206,316,0.6171875,-0.30379747
89,229,318,0.62109375,-0.44025157
91,226,317,0.61914062,-0.42586751
106,199,305,0.59570312,-0.30491803
82,227,309,0.60351562,-0.46925566
120,200,320,0.625,-0.25
97,209,306,0.59765625,-0.36601307
80,228,308,0.6015625,-0.48051948
98,235,333,0.65039062,-0.41141141
62,247,309,0.60351562,-0.5987055
97,212,309,0.60351562,-0.37216828
90,221,311,0.60742188,-0.42122186
96,223,319,0.62304688,-0.39811912
89,228,317,0.61914062,-0.4384858
49,257,306,0.59765625,-0.67973856
27,292,319,0.62304688,-0.830721
35,278,313,0.61132812,-0.77635783
37,293,330,0.64453125,-0.77575758
9,309,318,0.62109375,-0.94339623
17,299,316,0.6171875,-0.89240506
20,301,321,0.62695312,-0.87538941
29,291,320,0.625,-0.81875
14,289,303,0.59179688,-0.90759076
10,318,328,0.640625,-0.93902439
1,309,310,0.60546875,-0.99354839
43,253,296,0.578125,-0.70945946
30,292,322,0.62890625,-0.8136646
14,294,308,0.6015625,-0.90909091
43,267,310,0.60546875,-0.72258065
23,300,323,0.63085938,-0.85758514
15,305,320,0.625,-0.90625
61,263,324,0.6328125,-0.62345679
65,251,316,0.6171875,-0.58860759
54,263,317,0.61914062,-0.65930599
63,261,324,0.6328125,-0.61111111
67,246,313,0.61132812,-0.57188498
34,271,305,0.59570312,-0.77704918
37,269,306,0.59765625,-0.75816993
14,304,318,0.62109375,-0.91194969
30,274,304,0.59375,-0.80263158
37,269,306,0.59765625,-0.75816993
27,290,317,0.61914062,-0.829653
14,303,317,0.61914062,-0.91167192
22,301,323,0.63085938,-0.86377709
40,269,309,0.60351562,-0.74110032
41,279,320,0.625,-0.74375
10,312,322,0.62890625,-0.9378882
21,304,325,0.63476562,-0.87076923
74,235,309,0.60351562,-0.5210356
84,228,312,0.609375,-0.46153846
130,184,314,0.61328125,-0.17197452
151,146,297,0.58007812,0.016835017
174,119,293,0.57226562,0.18771331
146,169,315,0.61523438,-0.073015873
132,175,307,0.59960938,-0.14006515
95,206,301,0.58789062,-0.36877076
66,251,317,0.61914062,-0.58359621
113,205,318,0.62109375,-0.28930818
113,195,308,0.6015625,-0.26623377
89,231,320,0.625,-0.44375
98,216,314,0.61328125,-0.37579618
111,198,309,0.60351562,-0.2815534
129,177,306,0.59765625,-0.15686275
132,189,321,0.62695312,-0.17757009
89,222,311,0.60742188,-0.42765273
87,242,329,0.64257812,-0.47112462
87,234,321,0.62695312,-0.45794393
32,288,320,0.625,-0.8
13,298,311,0.60742188,-0.91639871
4,313,317,0.61914062,-0.97476341
57,257,314,0.61328125,-0.63694268
57,262,319,0.62304688,-0.64263323
72,229,301,0.58789062,-0.52159468
27,292,319,0.62304688,-0.830721
26,297,323,0.63085938,-0.83900929
25,289,314,0.61328125,-0.84076433
3,311,314,0.61328125,-0.98089172
13,300,313,0.61132812,-0.91693291
12,308,320,0.625,-0.925
57,264,321,0.62695312,-0.64485981
68,235,303,0.59179688,-0.55115512
68,247,315,0.61523438,-0.56825397
101,210,311,0.60742188,-0.35048232
93,214,307,0.59960938,-0.39413681
57,249,306,0.59765625,-0.62745098
62,249,311,0.60742188,-0.60128617
51,268,319,0.62304688,-0.68025078
42,270,312,0.609375,-0.73076923
84,222,306,0.59765625,-0.45098039
40,270,310,0.60546875,-0.74193548
47,285,332,0.6484375,-0.71686747
61,261,322,0.62890625,-0.62111801
89,219,308,0.6015625,-0.42207792
76,233,309,0.60351562,-0.50809061
106,206,312,0.609375,-0.32051282
80,246,326,0.63671875,-0.50920245
60,260,320,0.625,-0.625
68,260,328,0.640625,-0.58536585
76,223,299,0.58398438,-0.4916388
82,228,310,0.60546875,-0.47096774
77,235,312,0.609375,-0.50641026
88,218,306,0.59765625,-0.4248366
97,210,307,0.59960938,-0.36807818
74,242,316,0.6171875,-0.53164557
99,214,313,0.61132812,-0.36741214
113,203,316,0.6171875,-0.28481013
168,141,309,0.60351562,0.087378641
157,142,299,0.58398438,0.050167224
139,160,299,0.58398438,-0.070234114
139,166,305,0.59570312,-0.08852459
125,183,308,0.6015625,-0.18831169
104,211,315,0.61523438,-0.33968254
53,263,316,0.6171875,-0.66455696
88,220,308,0.6015625,-0.42857143
84,225,309,0.60351562,-0.45631068
50,259,309,0.60351562,-0.6763754
157,143,300,0.5859375,0.046666667
197,99,296,0.578125,0.33108108
189,118,307,0.59960938,0.23127036
166,135,301,0.58789062,0.10299003
174,130,304,0.59375,0.14473684
177,127,304,0.59375,0.16447368
250,67,317,0.61914062,0.57728707
258,61,319,0.62304688,0.61755486
210,104,314,0.61328125,0.33757962
212,101,313,0.61132812,0.35463259
279,36,315,0.61523438,0.77142857
260,64,324,0.6328125,0.60493827
283,33,316,0.6171875,0.79113924
219,94,313,0.61132812,0.39936102
198,113,311,0.60742188,0.2733119
252,59,311,0.60742188,0.62057878
238,69,307,0.59960938,0.5504886
241,72,313,0.61132812,0.5399361
307,13,320,0.625,0.91875
293,18,311,0.60742188,0.88424437
301,27,328,0.640625,0.83536585
321,10,331,0.64648438,0.93957704
281,35,316,0.6171875,0.77848101
263,61,324,0.6328125,0.62345679
280,31,311,0.60742188,0.80064309
319,11,330,0.64453125,0.93333333
299,21,320,0.625,0.86875
290,22,312,0.609375,0.85897436
330,1,331,0.64648438,0.9939577
292,22,314,0.61328125,0.85987261
285,32,317,0.61914062,0.79810726
278,26,304,0.59375,0.82894737
288,26,314,0.61328125,0.8343949
297,32,329,0.64257812,0.80547112
215,94,309,0.60351562,0.39158576
208,95,303,0.59179688,0.37293729
248,52,300,0.5859375,0.65333333
285,18,303,0.59179688,0.88118812
267,55,322,0.62890625,0.65838509
300,17,317,0.61914062,0.89274448
307,15,322,0.62890625,0.9068323
300,35,335,0.65429688,0.79104478
271,39,310,0.60546875,0.7483871
318,2,320,0.625,0.9875
301,15,316,0.6171875,0.90506329
317,17,334,0.65234375,0.89820359
293,15,308,0.6015625,0.9025974
298,17,315,0.61523438,0.89206349
319,1,320,0.625,0.99375
310,22,332,0.6484375,0.86746988
317,11,328,0.640625,0.93292683
304,18,322,0.62890625,0.88819876
303,25,328,0.640625,0.84756098
279,38,317,0.61914062,0.76025237
287,32,319,0.62304688,0.79937304
230,84,314,0.61328125,0.46496815
241,74,315,0.61523438,0.53015873
243,63,306,0.59765625,0.58823529
180,120,300,0.5859375,0.2
237,86,323,0.63085938,0.46749226
273,48,321,0.62695312,0.70093458
281,42,323,0.63085938,0.73993808
252,57,309,0.60351562,0.63106796
262,44,306,0.59765625,0.7124183
257,50,307,0.59960938,0.6742671
277,39,316,0.6171875,0.75316456
275,40,315,0.61523438,0.74603175
239,62,301,0.58789062,0.58803987
207,106,313,0.61132812,0.32268371
219,105,324,0.6328125,0.35185185
244,62,306,0.59765625,0.59477124
284,34,318,0.62109375,0.78616352
314,8,322,0.62890625,0.95031056
322,11,333,0.65039062,0.93393393
296,22,318,0.62109375,0.86163522
283,31,314,0.61328125,0.80254777
224,78,302,0.58984375,0.48344371
210,109,319,0.62304688,0.31661442
234,79,313,0.61132812,0.49520767
296,18,314,0.61328125,0.88535032
314,12,326,0.63671875,0.92638037
310,11,321,0.62695312,0.93146417
321,5,326,0.63671875,0.96932515
286,30,316,0.6171875,0.81012658
297,21,318,0.62109375,0.86792453
293,23,316,0.6171875,0.85443038
300,9,309,0.60351562,0.94174757
299,20,319,0.62304688,0.87460815
306,9,315,0.61523438,0.94285714
300,22,322,0.62890625,0.86335404
259,68,327,0.63867188,0.58409786
239,77,316,0.6171875,0.51265823
237,77,314,0.61328125,0.50955414
222,85,307,0.59960938,0.44625407
300,9,309,0.60351562,0.94174757
286,32,318,0.62109375,0.79874214
288,32,320,0.625,0.8
282,45,327,0.63867188,0.72477064
297,17,314,0.61328125,0.89171975
318,1,319,0.62304688,0.99373041
251,55,306,0.59765625,0.64052288
238,74,312,0.609375,0.52564103
286,30,316,0.6171875,0.81012658
288,27,315,0.61523438,0.82857143
287,26,313,0.61132812,0.83386581
314,7,321,0.62695312,0.95638629
309,6,315,0.61523438,0.96190476
277,42,319,0.62304688,0.73667712
301,13,314,0.61328125,0.91719745
304,20,324,0.6328125,0.87654321
257,49,306,0.59765625,0.67973856
249,63,312,0.609375,0.59615385
304,17,321,0.62695312,0.894081
315,12,327,0.63867188,0.9266055
279,40,319,0.62304688,0.7492163
308,11,319,0.62304688,0.93103448
307,15,322,0.62890625,0.9068323
314,12,326,0.63671875,0.92638037
296,15,311,0.60742188,0.90353698
291,31,322,0.62890625,0.80745342
264,44,308,0.6015625,0.71428571
288,23,311,0.60742188,0.85209003
265,44,309,0.60351562,0.71521036
261,45,306,0.59765625,0.70588235
293,12,305,0.59570312,0.92131148
312,6,318,0.62109375,0.96226415
252,48,300,0.5859375,0.68
295,16,311,0.60742188,0.89710611
282,33,315,0.61523438,0.79047619
277,24,301,0.58789062,0.84053156
305,6,311,0.60742188,0.96141479
281,30,311,0.60742188,0.80707395
304,8,312,0.609375,0.94871795
289,26,315,0.61523438,0.83492063
292,26,318,0.62109375,0.83647799
312,6,318,0.62109375,0.96226415
286,31,317,0.61914062,0.8044164
233,76,309,0.60351562,0.50809061
296,23,319,0.62304688,0.85579937
291,24,315,0.61523438,0.84761905
263,53,316,0.6171875,0.66455696
239,84,323,0.63085938,0.47987616
194,126,320,0.625,0.2125
185,116,301,0.58789062,0.22923588
225,84,309,0.60351562,0.45631068
242,69,311,0.60742188,0.5562701
273,47,320,0.625,0.70625
249,61,310,0.60546875,0.60645161
241,63,304,0.59375,0.58552632
318,9,327,0.63867188,0.94495413
290,38,328,0.640625,0.76829268
205,95,300,0.5859375,0.36666667
222,90,312,0.609375,0.42307692
219,97,316,0.6171875,0.38607595
218,105,323,0.63085938,0.3498452
221,87,308,0.6015625,0.43506494
252,61,313,0.61132812,0.61022364
235,79,314,0.61328125,0.49681529
200,96,296,0.578125,0.35135135
282,33,315,0.61523438,0.79047619
313,2,315,0.61523438,0.98730159
286,28,314,0.61328125,0.82165605
252,67,319,0.62304688,0.5799373
250,69,319,0.62304688,0.56739812
212,102,314,0.61328125,0.35031847
213,99,312,0.609375,0.36538462
274,40,314,0.61328125,0.74522293
216,90,306,0.59765625,0.41176471
229,84,313,0.61132812,0.46325879
245,79,324,0.6328125,0.51234568
277,43,320,0.625,0.73125
280,48,328,0.640625,0.70731707
244,54,298,0.58203125,0.63758389
250,54,304,0.59375,0.64473684
261,46,307,0.59960938,0.70032573
239,64,303,0.59179688,0.57755776
216,99,315,0.61523438,0.37142857
207,117,324,0.6328125,0.27777778
189,129,318,0.62109375,0.18867925
200,119,319,0.62304688,0.2539185
143,158,301,0.58789062,-0.049833887
137,188,325,0.63476562,-0.15692308
186,128,314,0.61328125,0.18471338
245,68,313,0.61132812,0.56549521
273,43,316,0.6171875,0.7278481
269,48,317,0.61914062,0.69716088
271,35,306,0.59765625,0.77124183
279,39,318,0.62109375,0.75471698
274,36,310,0.60546875,0.76774194
293,22,315,0.61523438,0.86031746
303,6,309,0.60351562,0.96116505
330,7,337,0.65820312,0.95845697
320,4,324,0.6328125,0.97530864
304,12,316,0.6171875,0.92405063
309,8,317,0.61914062,0.94952681
291,23,314,0.61328125,0.85350318
312,8,320,0.625,0.95
334,4,338,0.66015625,0.97633136
268,49,317,0.61914062,0.69085174
288,29,317,0.61914062,0.8170347
200,107,307,0.59960938,0.3029316
261,62,323,0.63085938,0.61609907
224,91,315,0.61523438,0.42222222
172,136,308,0.6015625,0.11688312
215,100,315,0.61523438,0.36507937
205,113,318,0.62109375,0.28930818
204,87,291,0.56835938,0.40206186
264,52,316,0.6171875,0.67088608
276,30,306,0.59765625,0.80392157
269,32,301,0.58789062,0.78737542
309,21,330,0.64453125,0.87272727
323,3,326,0.63671875,0.98159509
319,3,322,0.62890625,0.98136646
256,53,309,0.60351562,0.65695793
262,53,315,0.61523438,0.66349206
254,57,311,0.60742188,0.63344051
230,87,317,0.61914062,0.4511041
232,75,307,0.59960938,0.51140065
246,73,319,0.62304688,0.54231975
240,78,318,0.62109375,0.50943396
276,41,317,0.61914062,0.74132492
301,20,321,0.62695312,0.87538941
276,37,313,0.61132812,0.76357827
281,37,318,0.62109375,0.7672956
266,38,304,0.59375,0.75
216,83,299,0.58398438,0.44481605
257,51,308,0.6015625,0.66883117
262,55,317,0.61914062,0.65299685
215,91,306,0.59765625,0.40522876
241,79,320,0.625,0.50625
290,28,318,0.62109375,0.82389937
315,14,329,0.64257812,0.91489362
303,16,319,0.62304688,0.89968652
252,41,293,0.57226562,0.72013652
286,17,303,0.59179688,0.88778878
287,26,313,0.61132812,0.83386581
310,13,323,0.63085938,0.91950464
301,31,332,0.6484375,0.81325301
217,90,307,0.59960938,0.41368078
260,48,308,0.6015625,0.68831169
265,51,316,0.6171875,0.67721519
273,43,316,0.6171875,0.7278481
319,7,326,0.63671875,0.95705521
283,30,313,0.61132812,0.80830671
266,42,308,0.6015625,0.72727273
280,38,318,0.62109375,0.76100629
281,39,320,0.625,0.75625
198,116,314,0.61328125,0.2611465
131,174,305,0.59570312,-0.14098361
120,186,306,0.59765625,-0.21568627
82,234,316,0.6171875,-0.48101266
101,215,316,0.6171875,-0.36075949
75,235,310,0.60546875,-0.51612903
39,270,309,0.60351562,-0.74757282
8,302,310,0.60546875,-0.9483871
48,266,314,0.61328125,-0.69426752
57,257,314,0.61328125,-0.63694268
62,250,312,0.609375,-0.6025641
30,291,321,0.62695312,-0.81308411
57,264,321,0.62695312,-0.64485981
47,269,316,0.6171875,-0.70253165
76,239,315,0.61523438,-0.51746032
45,274,319,0.62304688,-0.71786834
23,300,323,0.63085938,-0.85758514
54,257,311,0.60742188,-0.65273312
13,310,323,0.63085938,-0.91950464
3,321,324,0.6328125,-0.98148148
23,294,317,0.61914062,-0.85488959
21,299,320,0.625,-0.86875
24,289,313,0.61132812,-0.84664537
58,236,294,0.57421875,-0.60544218
69,253,322,0.62890625,-0.57142857
63,245,308,0.6015625,-0.59090909
75,232,307,0.59960938,-0.51140065
45,283,328,0.640625,-0.72560976
87,220,307,0.59960938,-0.43322476
93,221,314,0.61328125,-0.40764331
56,252,308,0.6015625,-0.63636364
77,242,319,0.62304688,-0.51724138
180,135,315,0.61523438,0.14285714
112,196,308,0.6015625,-0.27272727
74,239,313,0.61132812,-0.52715655
49,266,315,0.61523438,-0.68888889
86,220,306,0.59765625,-0.4379085
70,246,316,0.6171875,-0.55696203
32,293,325,0.63476562,-0.80307692
15,288,303,0.59179688,-0.9009901
30,294,324,0.6328125,-0.81481481
9,322,331,0.64648438,-0.94561934
26,283,309,0.60351562,-0.83171521
53,269,322,0.62890625,-0.67080745
33,290,323,0.63085938,-0.79566563
71,237,308,0.6015625,-0.53896104
41,278,319,0.62304688,-0.74294671
76,241,317,0.61914062,-0.52050473
90,224,314,0.61328125,-0.42675159
79,227,306,0.59765625,-0.48366013
31,273,304,0.59375,-0.79605263
62,247,309,0.60351562,-0.5987055
62,267,329,0.64257812,-0.6231003
57,264,321,0.62695312,-0.64485981
28,284,312,0.609375,-0.82051282
56,253,309,0.60351562,-0.63754045
64,253,317,0.61914062,-0.59621451
28,287,315,0.61523438,-0.82222222
23,299,322,0.62890625,-0.85714286
32,283,315,0.61523438,-0.7968254
33,292,325,0.63476562,-0.79692308
16,299,315,0.61523438,-0.8984127
29,295,324,0.6328125,-0.82098765
37,286,323,0.63085938,-0.77089783
35,280,315,0.61523438,-0.77777778
32,292,324,0.6328125,-0.80246914
75,239,314,0.61328125,-0.52229299
62,252,314,0.61328125,-0.60509554
44,256,300,0.5859375,-0.70666667
56,263,319,0.62304688,-0.64890282
41,268,309,0.60351562,-0.73462783
18,304,322,0.62890625,-0.88819876
58,258,316,0.6171875,-0.63291139
71,247,318,0.62109375,-0.55345912
71,228,299,0.58398438,-0.52508361
59,262,321,0.62695312,-0.63239875
34,281,315,0.61523438,-0.78412698
17,300,317,0.61914062,-0.89274448
15,298,313,0.61132812,-0.90415335
28,301,329,0.64257812,-0.82978723
41,280,321,0.62695312,-0.74454829
14,301,315,0.61523438,-0.91111111
9,312,321,0.62695312,-0.94392523
12,317,329,0.64257812,-0.92705167
3,320,323,0.63085938,-0.98142415
14,306,320,0.625,-0.9125
18,312,330,0.64453125,-0.89090909
41,269,310,0.60546875,-0.73548387
18,283,301,0.58789062,-0.88039867
22,288,310,0.60546875,-0.85806452
36,283,319,0.62304688,-0.77429467
15,304,319,0.62304688,-0.90595611
34,272,306,0.59765625,-0.77777778
65,250,315,0.61523438,-0.58730159
28,272,300,0.5859375,-0.81333333
11,307,318,0.62109375,-0.93081761
11,322,333,0.65039062,-0.93393393
13,310,323,0.63085938,-0.91950464
14,296,310,0.60546875,-0.90967742
19,294,313,0.61132812,-0.87859425
46,273,319,0.62304688,-0.71159875
8,309,317,0.61914062,-0.94952681
11,312,323,0.63085938,-0.93188854
16,305,321,0.62695312,-0.90031153
3,323,326,0.63671875,-0.98159509
2,328,330,0.64453125,-0.98787879
22,279,301,0.58789062,-0.8538206
56,261,317,0.61914062,-0.6466877
76,239,315,0.61523438,-0.51746032
55,254,309,0.60351562,-0.64401294
64,238,302,0.58984375,-0.57615894
37,272,309,0.60351562,-0.7605178
3,322,325,0.63476562,-0.98153846
10,312,322,0.62890625,-0.9378882
64,242,306,0.59765625,-0.58169935
48,253,301,0.58789062,-0.68106312
20,295,315,0.61523438,-0.87301587
42,267,309,0.60351562,-0.72815534
41,280,321,0.62695312,-0.74454829
75,227,302,0.58984375,-0.50331126
53,278,331,0.64648438,-0.67975831
25,299,324,0.6328125,-0.84567901
25,282,307,0.59960938,-0.83713355
42,268,310,0.60546875,-0.72903226
79,237,316,0.6171875,-0.5
128,158,286,0.55859375,-0.1048951
149,155,304,0.59375,-0.019736842
185,133,318,0.62109375,0.16352201
112,200,312,0.609375,-0.28205128
135,187,322,0.62890625,-0.16149068
121,181,302,0.58984375,-0.1986755
149,162,311,0.60742188,-0.041800643
172,148,320,0.625,0.075
148,161,309,0.60351562,-0.042071197
208,111,319,0.62304688,0.30407524
299,18,317,0.61914062,0.88643533
312,12,324,0.6328125,0.92592593
267,52,319,0.62304688,0.67398119
276,44,320,0.625,0.725
316,16,332,0.6484375,0.90361446
299,18,317,0.61914062,0.88643533
308,11,319,0.62304688,0.93103448
300,18,318,0.62109375,0.88679245
311,9,320,0.625,0.94375
299,20,319,0.62304688,0.87460815
302,21,323,0.63085938,0.86996904
273,46,319,0.62304688,0.71159875
266,55,321,0.62695312,0.65732087
220,84,304,0.59375,0.44736842
228,61,289,0.56445312,0.57785467
276,43,319,0.62304688,0.73040752
260,54,314,0.61328125,0.65605096
212,99,311,0.60742188,0.36334405
273,50,323,0.63085938,0.69040248
272,39,311,0.60742188,0.74919614
247,65,312,0.609375,0.58333333
236,75,311,0.60742188,0.51768489
164,145,309,0.60351562,0.061488673
140,173,313,0.61132812,-0.10543131
136,182,318,0.62109375,-0.14465409
163,139,302,0.58984375,0.079470199
226,78,304,0.59375,0.48684211
224,76,300,0.5859375,0.49333333
221,97,318,0.62109375,0.38993711
203,109,312,0.609375,0.30128205
184,139,323,0.63085938,0.13931889
183,125,308,0.6015625,0.18831169
148,172,320,0.625,-0.075
132,180,312,0.609375,-0.15384615
171,124,295,0.57617188,0.15932203
239,76,315,0.61523438,0.51746032
138,178,316,0.6171875,-0.12658228
144,170,314,0.61328125,-0.082802548
115,196,311,0.60742188,-0.26045016
84,233,317,0.61914062,-0.47003155
39,274,313,0.61132812,-0.75079872
41,281,322,0.62890625,-0.74534161
8,309,317,0.61914062,-0.94952681
13,312,325,0.63476562,-0.92
8,309,317,0.61914062,-0.94952681
18,295,313,0.61132812,-0.88498403
19,303,322,0.62890625,-0.88198758
42,256,298,0.58203125,-0.71812081
104,217,321,0.62695312,-0.35202492
102,212,314,0.61328125,-0.35031847
71,235,306,0.59765625,-0.53594771
100,215,315,0.61523438,-0.36507937
114,177,291,0.56835938,-0.21649485
97,223,320,0.625,-0.39375
177,143,320,0.625,0.10625
150,164,314,0.61328125,-0.044585987
123,181,304,0.59375,-0.19078947
126,186,312,0.609375,-0.19230769
106,209,315,0.61523438,-0.32698413
119,192,311,0.60742188,-0.23472669
75,236,311,0.60742188,-0.51768489
88,231,319,0.62304688,-0.44827586
64,249,313,0.61132812,-0.59105431
47,278,325,0.63476562,-0.71076923
57,251,308,0.6015625,-0.62987013
30,278,308,0.6015625,-0.80519481
32,289,321,0.62695312,-0.80062305
51,255,306,0.59765625,-0.66666667
44,267,311,0.60742188,-0.7170418
37,293,330,0.64453125,-0.77575758
76,227,303,0.59179688,-0.49834983
77,244,321,0.62695312,-0.52024922
100,211,311,0.60742188,-0.35691318
77,235,312,0.609375,-0.50641026
116,193,309,0.60351562,-0.24919094
145,171,316,0.6171875,-0.082278481
140,169,309,0.60351562,-0.093851133
132,186,318,0.62109375,-0.16981132
136,170,306,0.59765625,-0.11111111
229,77,306,0.59765625,0.49673203
254,62,316,0.6171875,0.60759494
232,76,308,0.6015625,0.50649351
212,105,317,0.61914062,0.33753943
218,102,320,0.625,0.3625
167,133,300,0.5859375,0.11333333
177,121,298,0.58203125,0.18791946
239,73,312,0.609375,0.53205128
257,60,317,0.61914062,0.6214511
214,96,310,0.60546875,0.38064516
260,45,305,0.59570312,0.70491803
247,68,315,0.61523438,0.56825397
256,56,312,0.609375,0.64102564
232,86,318,0.62109375,0.4591195
276,44,320,0.625,0.725
267,41,308,0.6015625,0.73376623
286,39,325,0.63476562,0.76
301,11,312,0.609375,0.92948718
313,13,326,0.63671875,0.9202454
323,4,327,0.63867188,0.97553517
301,18,319,0.62304688,0.88714734
319,10,329,0.64257812,0.93920973
297,21,318,0.62109375,0.86792453
259,67,326,0.63671875,0.58895706
278,38,316,0.6171875,0.75949367
323,7,330,0.64453125,0.95757576
298,24,322,0.62890625,0.85093168
293,39,332,0.6484375,0.76506024
241,64,305,0.59570312,0.58032787
322,9,331,0.64648438,0.94561934
280,32,312,0.609375,0.79487179
286,29,315,0.61523438,0.81587302
277,36,313,0.61132812,0.76996805
271,41,312,0.609375,0.73717949
299,25,324,0.6328125,0.84567901
292,27,319,0.62304688,0.830721
299,21,320,0.625,0.86875
293,33,326,0.63671875,0.79754601
288,25,313,0.61132812,0.84025559
269,49,318,0.62109375,0.6918239
288,21,309,0.60351562,0.86407767
332,1,333,0.65039062,0.99399399
317,1,318,0.62109375,0.99371069
306,12,318,0.62109375,0.9245283
285,27,312,0.609375,0.82692308
320,1,321,0.62695312,0.99376947
309,16,325,0.63476562,0.90153846
297,22,319,0.62304688,0.86206897
305,18,323,0.63085938,0.88854489
282,33,315,0.61523438,0.79047619
311,7,318,0.62109375,0.95597484
313,7,320,0.625,0.95625
316,8,324,0.6328125,0.95061728
298,22,320,0.625,0.8625
283,22,305,0.59570312,0.8557377
314,7,321,0.62695312,0.95638629
285,42,327,0.63867188,0.74311927
266,52,318,0.62109375,0.67295597
305,25,330,0.64453125,0.84848485
301,15,316,0.6171875,0.90506329
279,33,312,0.609375,0.78846154
319,6,325,0.63476562,0.96307692
316,6,322,0.62890625,0.96273292
309,8,317,0.61914062,0.94952681
299,18,317,0.61914062,0.88643533
298,20,318,0.62109375,0.87421384
296,18,314,0.61328125,0.88535032
332,0,332,0.6484375,1
312,4,316,0.6171875,0.97468354
272,52,324,0.6328125,0.67901235
274,54,328,0.640625,0.67073171
277,47,324,0.6328125,0.70987654
278,38,316,0.6171875,0.75949367
299,18,317,0.61914062,0.88643533
306,9,315,0.61523438,0.94285714
262,68,330,0.64453125,0.58787879
286,21,307,0.59960938,0.86319218
285,27,312,0.609375,0.82692308
306,13,319,0.62304688,0.9184953
271,54,325,0.63476562,0.66769231
286,31,317,0.61914062,0.8044164
249,56,305,0.59570312,0.63278689
310,13,323,0.63085938,0.91950464
295,42,337,0.65820312,0.75074184
202,117,319,0.62304688,0.26645768
210,107,317,0.61914062,0.32492114
243,64,307,0.59960938,0.58306189
259,41,300,0.5859375,0.72666667
226,82,308,0.6015625,0.46753247
247,69,316,0.6171875,0.56329114
305,20,325,0.63476562,0.87692308
290,28,318,0.62109375,0.82389937
297,21,318,0.62109375,0.86792453
315,15,330,0.64453125,0.90909091
290,33,323,0.63085938,0.79566563
312,12,324,0.6328125,0.92592593
266,44,310,0.60546875,0.71612903
255,78,333,0.65039062,0.53153153
234,89,323,0.63085938,0.44891641
237,79,316,0.6171875,0.5
253,59,312,0.609375,0.62179487
280,40,320,0.625,0.75
285,31,316,0.6171875,0.80379747
266,51,317,0.61914062,0.67823344
213,102,315,0.61523438,0.35238095
237,83,320,0.625,0.48125
264,55,319,0.62304688,0.65517241
266,47,313,0.61132812,0.69968051
279,30,309,0.60351562,0.80582524
305,21,326,0.63671875,0.87116564
263,30,293,0.57226562,0.79522184
283,26,309,0.60351562,0.83171521
262,40,302,0.58984375,0.73509934
252,64,316,0.6171875,0.59493671
245,64,309,0.60351562,0.58576052
239,63,302,0.58984375,0.58278146
283,35,318,0.62109375,0.77987421
281,39,320,0.625,0.75625
260,51,311,0.60742188,0.67202572
244,55,299,0.58398438,0.63210702
274,42,316,0.6171875,0.73417722
290,35,325,0.63476562,0.78461538
300,12,312,0.609375,0.92307692
259,36,295,0.57617188,0.7559322
293,27,320,0.625,0.83125
296,25,321,0.62695312,0.84423676
306,14,320,0.625,0.9125
296,27,323,0.63085938,0.83281734
313,10,323,0.63085938,0.9380805
300,24,324,0.6328125,0.85185185
229,67,296,0.578125,0.5472973
282,42,324,0.6328125,0.74074074
275,41,316,0.6171875,0.74050633
252,52,304,0.59375,0.65789474
300,22,322,0.62890625,0.86335404
262,68,330,0.64453125,0.58787879
244,66,310,0.60546875,0.57419355
294,24,318,0.62109375,0.8490566
286,33,319,0.62304688,0.79310345
269,36,305,0.59570312,0.76393443
231,77,308,0.6015625,0.5
283,26,309,0.60351562,0.83171521
291,33,324,0.6328125,0.7962963
301,19,320,0.625,0.88125
321,6,327,0.63867188,0.96330275
250,65,315,0.61523438,0.58730159
227,82,309,0.60351562,0.46925566
220,93,313,0.61132812,0.4057508
236,68,304,0.59375,0.55263158
217,88,305,0.59570312,0.42295082
277,47,324,0.6328125,0.70987654
268,53,321,0.62695312,0.66978193
250,61,311,0.60742188,0.60771704
249,62,311,0.60742188,0.60128617
289,22,311,0.60742188,0.8585209
281,34,315,0.61523438,0.78412698
247,71,318,0.62109375,0.55345912
241,69,310,0.60546875,0.55483871
249,60,309,0.60351562,0.61165049
267,53,320,0.625,0.66875
232,77,309,0.60351562,0.50161812
238,85,323,0.63085938,0.47368421
244,70,314,0.61328125,0.55414013
235,71,306,0.59765625,0.53594771
268,58,326,0.63671875,0.64417178
241,72,313,0.61132812,0.5399361
229,84,313,0.61132812,0.46325879
261,57,318,0.62109375,0.64150943
282,43,325,0.63476562,0.73538462
318,6,324,0.6328125,0.96296296
277,35,312,0.609375,0.77564103
277,24,301,0.58789062,0.84053156
329,0,329,0.64257812,1
300,7,307,0.59960938,0.95439739
294,19,313,0.61132812,0.87859425
306,20,326,0.63671875,0.87730061
266,50,316,0.6171875,0.6835443
249,54,303,0.59179688,0.64356436
275,31,306,0.59765625,0.79738562
265,60,325,0.63476562,0.63076923
195,125,320,0.625,0.21875
174,130,304,0.59375,0.14473684
139,177,316,0.6171875,-0.12025316
120,191,311,0.60742188,-0.22829582
56,264,320,0.625,-0.65
22,286,308,0.6015625,-0.85714286
19,299,318,0.62109375,-0.88050314
5,306,311,0.60742188,-0.96784566
27,288,315,0.61523438,-0.82857143
14,299,313,0.61132812,-0.91054313
28,283,311,0.60742188,-0.81993569
56,265,321,0.62695312,-0.65109034
41,268,309,0.60351562,-0.73462783
24,298,322,0.62890625,-0.85093168
17,306,323,0.63085938,-0.89473684
35,277,312,0.609375,-0.77564103
63,255,318,0.62109375,-0.60377358
63,252,315,0.61523438,-0.6
13,312,325,0.63476562,-0.92
34,280,314,0.61328125,-0.78343949
17,304,321,0.62695312,-0.894081
7,316,323,0.63085938,-0.95665635
45,265,310,0.60546875,-0.70967742
71,262,333,0.65039062,-0.57357357
43,271,314,0.61328125,-0.72611465
64,253,317,0.61914062,-0.59621451
2,314,316,0.6171875,-0.98734177
17,286,303,0.59179688,-0.88778878
7,313,320,0.625,-0.95625
0,313,313,0.61132812,-1
24,289,313,0.61132812,-0.84664537
54,265,319,0.62304688,-0.66144201
32,291,323,0.63085938,-0.80185759
39,278,317,0.61914062,-0.75394322
23,301,324,0.6328125,-0.85802469
50,276,326,0.63671875,-0.69325153
73,230,303,0.59179688,-0.51815182
37,282,319,0.62304688,-0.76802508
57,248,305,0.59570312,-0.62622951
55,266,321,0.62695312,-0.65732087
45,262,307,0.59960938,-0.70684039
54,280,334,0.65234375,-0.67664671
80,227,307,0.59960938,-0.47882736
134,178,312,0.609375,-0.14102564
132,181,313,0.61132812,-0.15654952
159,148,307,0.59960938,0.035830619
181,123,304,0.59375,0.19078947
215,85,300,0.5859375,0.43333333
226,94,320,0.625,0.4125
152,161,313,0.61132812,-0.028753994
82,242,324,0.6328125,-0.49382716
89,237,326,0.63671875,-0.45398773
95,218,313,0.61132812,-0.39297125
93,215,308,0.6015625,-0.3961039
96,215,311,0.60742188,-0.38263666
155,156,311,0.60742188,-0.0032154341
83,209,292,0.5703125,-0.43150685
67,252,319,0.62304688,-0.5799373
114,214,328,0.640625,-0.30487805
69,244,313,0.61132812,-0.55910543
82,219,301,0.58789062,-0.4551495
33,281,314,0.61328125,-0.78980892
18,295,313,0.61132812,-0.88498403
1,327,328,0.640625,-0.99390244
2,307,309,0.60351562,-0.98705502
59,247,306,0.59765625,-0.61437908
34,283,317,0.61914062,-0.78548896
14,304,318,0.62109375,-0.91194969
11,318,329,0.64257812,-0.9331307
20,298,318,0.62109375,-0.87421384
25,299,324,0.6328125,-0.84567901
29,297,326,0.63671875,-0.82208589
17,298,315,0.61523438,-0.89206349
23,280,303,0.59179688,-0.84818482
19,298,317,0.61914062,-0.88012618
37,274,311,0.60742188,-0.76205788
54,276,330,0.64453125,-0.67272727
60,248,308,0.6015625,-0.61038961
91,223,314,0.61328125,-0.42038217
68,246,314,0.61328125,-0.56687898
70,260,330,0.64453125,-0.57575758
17,304,321,0.62695312,-0.894081
10,304,314,0.61328125,-0.93630573
19,286,305,0.59570312,-0.87540984
53,262,315,0.61523438,-0.66349206
46,274,320,0.625,-0.7125
55,259,314,0.61328125,-0.64968153
21,297,318,0.62109375,-0.86792453
23,285,308,0.6015625,-0.85064935
50,275,325,0.63476562,-0.69230769
88,238,326,0.63671875,-0.4601227
125,179,304,0.59375,-0.17763158
147,174,321,0.62695312,-0.08411215
156,150,306,0.59765625,0.019607843
198,119,317,0.61914062,0.24921136
212,95,307,0.59960938,0.38110749
272,42,314,0.61328125,0.73248408
279,47,326,0.63671875,0.71165644
256,46,302,0.58984375,0.69536424
303,21,324,0.6328125,0.87037037
315,10,325,0.63476562,0.93846154
309,19,328,0.640625,0.88414634
315,3,318,0.62109375,0.98113208
271,49,320,0.625,0.69375
288,27,315,0.61523438,0.82857143
253,53,306,0.59765625,0.65359477
251,55,306,0.59765625,0.64052288
292,21,313,0.61132812,0.8658147
304,23,327,0.63867188,0.85932722
312,16,328,0.640625,0.90243902
269,44,313,0.61132812,0.71884984
263,39,302,0.58984375,0.74172185
288,14,302,0.58984375,0.90728477
290,23,313,0.61132812,0.85303514
274,39,313,0.61132812,0.75079872
316,16,332,0.6484375,0.90361446
288,9,297,0.58007812,0.93939394
272,32,304,0.59375,0.78947368
216,90,306,0.59765625,0.41176471
215,91,306,0.59765625,0.40522876
271,35,306,0.59765625,0.77124183
275,44,319,0.62304688,0.72413793
288,23,311,0.60742188,0.85209003
307,15,322,0.62890625,0.9068323
297,26,323,0.63085938,0.83900929
279,36,315,0.61523438,0.77142857
194,119,313,0.61132812,0.23961661
167,149,316,0.6171875,0.056962025
122,192,314,0.61328125,-0.22292994
145,166,311,0.60742188,-0.067524116
123,193,316,0.6171875,-0.22151899
150,161,311,0.60742188,-0.035369775
195,111,306,0.59765625,0.2745098
195,112,307,0.59960938,0.27035831
203,105,308,0.6015625,0.31818182
187,111,298,0.58203125,0.25503356
260,65,325,0.63476562,0.6
297,12,309,0.60351562,0.9223301
301,23,324,0.6328125,0.85802469
290,20,310,0.60546875,0.87096774
285,37,322,0.62890625,0.77018634
303,23,326,0.63671875,0.85889571
291,32,323,0.63085938,0.80185759
312,1,313,0.61132812,0.99361022
313,9,322,0.62890625,0.94409938
321,11,332,0.6484375,0.93373494
288,44,332,0.6484375,0.73493976
293,28,321,0.62695312,0.82554517
290,34,324,0.6328125,0.79012346
280,45,325,0.63476562,0.72307692
260,47,307,0.59960938,0.69381107
245,70,315,0.61523438,0.55555556
289,24,313,0.61132812,0.84664537
274,34,308,0.6015625,0.77922078
283,30,313,0.61132812,0.80830671
269,45,314,0.61328125,0.7133758
281,43,324,0.6328125,0.7345679
267,49,316,0.6171875,0.68987342
239,66,305,0.59570312,0.56721311
235,75,310,0.60546875,0.51612903
270,32,302,0.58984375,0.78807947
287,23,310,0.60546875,0.8516129
309,17,326,0.63671875,0.89570552
328,0,328,0.640625,1
309,7,316,0.6171875,0.9556962
301,16,317,0.61914062,0.89905363
321,9,330,0.64453125,0.94545455
289,15,304,0.59375,0.90131579
286,30,316,0.6171875,0.81012658
266,57,323,0.63085938,0.64705882
243,70,313,0.61132812,0.55271565
276,36,312,0.609375,0.76923077
275,49,324,0.6328125,0.69753086
312,26,338,0.66015625,0.84615385
279,29,308,0.6015625,0.81168831
243,59,302,0.58984375,0.60927152
280,42,322,0.62890625,0.73913043
309,11,320,0.625,0.93125
276,42,318,0.62109375,0.73584906
292,34,326,0.63671875,0.79141104
285,35,320,0.625,0.78125
284,39,323,0.63085938,0.75851393
245,76,321,0.62695312,0.52647975
172,139,311,0.60742188,0.10610932
123,177,300,0.5859375,-0.18
28,290,318,0.62109375,-0.82389937
27,303,330,0.64453125,-0.83636364
42,276,318,0.62109375,-0.73584906
40,271,311,0.60742188,-0.74276527
26,290,316,0.6171875,-0.83544304
30,285,315,0.61523438,-0.80952381
34,266,300,0.5859375,-0.77333333
21,309,330,0.64453125,-0.87272727
42,281,323,0.63085938,-0.73993808
29,291,320,0.625,-0.81875
81,227,308,0.6015625,-0.47402597
42,271,313,0.61132812,-0.73162939
92,216,308,0.6015625,-0.4025974
67,230,297,0.58007812,-0.54882155
43,289,332,0.6484375,-0.74096386
46,262,308,0.6015625,-0.7012987
83,224,307,0.59960938,-0.45928339
101,221,322,0.62890625,-0.37267081
77,233,310,0.60546875,-0.50322581
58,244,302,0.58984375,-0.61589404
70,244,314,0.61328125,-0.55414013
97,218,315,0.61523438,-0.38412698
43,261,304,0.59375,-0.71710526
68,265,333,0.65039062,-0.59159159
27,285,312,0.609375,-0.82692308
56,254,310,0.60546875,-0.63870968
37,282,319,0.62304688,-0.76802508
56,256,312,0.609375,-0.64102564
109,199,308,0.6015625,-0.29220779
197,113,310,0.60546875,0.27096774
204,110,314,0.61328125,0.29936306
144,172,316,0.6171875,-0.088607595
131,178,309,0.60351562,-0.15210356
126,191,317,0.61914062,-0.20504732
70,225,295,0.57617188,-0.52542373
54,249,303,0.59179688,-0.64356436
25,297,322,0.62890625,-0.8447205
15,309,324,0.6328125,-0.90740741
8,305,313,0.61132812,-0.94888179
18,307,325,0.63476562,-0.88923077
32,279,311,0.60742188,-0.79421222
23,294,317,0.61914062,-0.85488959
18,297,315,0.61523438,-0.88571429
23,301,324,0.6328125,-0.85802469
25,298,323,0.63085938,-0.84520124
84,232,316,0.6171875,-0.46835443
114,193,307,0.59960938,-0.25732899
134,173,307,0.59960938,-0.12703583
120,180,300,0.5859375,-0.2
153,156,309,0.60351562,-0.0097087379
171,132,303,0.59179688,0.12871287
179,119,298,0.58203125,0.20134228
210,97,307,0.59960938,0.36807818
185,139,324,0.6328125,0.14197531
214,98,312,0.609375,0.37179487
209,89,298,0.58203125,0.40268456
271,44,315,0.61523438,0.72063492
306,17,323,0.63085938,0.89473684
292,31,323,0.63085938,0.80804954
257,49,306,0.59765625,0.67973856
238,70,308,0.6015625,0.54545455
300,38,338,0.66015625,0.77514793
244,51,295,0.57617188,0.65423729
250,56,306,0.59765625,0.63398693
246,64,310,0.60546875,0.58709677
302,16,318,0.62109375,0.89937107
278,36,314,0.61328125,0.77070064
244,56,300,0.5859375,0.62666667
279,47,326,0.63671875,0.71165644
304,16,320,0.625,0.9
305,11,316,0.6171875,0.93037975
271,44,315,0.61523438,0.72063492
231,93,324,0.6328125,0.42592593
250,58,308,0.6015625,0.62337662
229,65,294,0.57421875,0.55782313
248,55,303,0.59179688,0.6369637
246,59,305,0.59570312,0.61311475
218,80,298,0.58203125,0.46308725
255,66,321,0.62695312,0.58878505
185,114,299,0.58398438,0.23745819
264,51,315,0.61523438,0.67619048
235,82,317,0.61914062,0.48264984
242,75,317,0.61914062,0.52681388
281,46,327,0.63867188,0.71865443
251,65,316,0.6171875,0.58860759
238,90,328,0.640625,0.45121951
254,54,308,0.6015625,0.64935065
262,54,316,0.6171875,0.65822785
258,59,317,0.61914062,0.62776025
236,80,316,0.6171875,0.49367089
225,80,305,0.59570312,0.47540984
260,45,305,0.59570312,0.70491803
268,44,312,0.609375,0.71794872
244,66,310,0.60546875,0.57419355
305,15,320,0.625,0.90625
297,25,322,0.62890625,0.8447205
302,17,319,0.62304688,0.89341693
310,5,315,0.61523438,0.96825397
317,0,317,0.61914062,1
289,31,320,0.625,0.80625
313,12,325,0.63476562,0.92615385
308,15,323,0.63085938,0.90712074
237,64,301,0.58789062,0.57475083
246,69,315,0.61523438,0.56190476
303,19,322,0.62890625,0.88198758
303,11,314,0.61328125,0.92993631
294,16,310,0.60546875,0.89677419
281,39,320,0.625,0.75625
252,80,332,0.6484375,0.51807229
277,38,315,0.61523438,0.75873016
309,11,320,0.625,0.93125
280,25,305,0.59570312,0.83606557
257,57,314,0.61328125,0.63694268
290,41,331,0.64648438,0.75226586
279,38,317,0.61914062,0.76025237
271,37,308,0.6015625,0.75974026
255,46,301,0.58789062,0.69435216
304,7,311,0.60742188,0.95498392
271,42,313,0.61132812,0.73162939
302,10,312,0.609375,0.93589744
301,14,315,0.61523438,0.91111111
310,1,311,0.60742188,0.99356913
302,7,309,0.60351562,0.95469256
249,68,317,0.61914062,0.57097792
217,93,310,0.60546875,0.4
255,51,306,0.59765625,0.66666667
280,33,313,0.61132812,0.78913738
305,21,326,0.63671875,0.87116564
297,7,304,0.59375,0.95394737
308,13,321,0.62695312,0.91900312
298,17,315,0.61523438,0.89206349
294,15,309,0.60351562,0.90291262
303,21,324,0.6328125,0.87037037
304,11,315,0.61523438,0.93015873
292,29,321,0.62695312,0.81931464
321,6,327,0.63867188,0.96330275
292,15,307,0.59960938,0.90228013
291,22,313,0.61132812,0.85942492
273,35,308,0.6015625,0.77272727
279,35,314,0.61328125,0.77707006
283,38,321,0.62695312,0.76323988
300,14,314,0.61328125,0.91082803
294,14,308,0.6015625,0.90909091
287,32,319,0.62304688,0.79937304
292,21,313,0.61132812,0.8658147
296,27,323,0.63085938,0.83281734
286,33,319,0.62304688,0.79310345
238,69,307,0.59960938,0.5504886
212,101,313,0.61132812,0.35463259
236,73,309,0.60351562,0.52750809
244,66,310,0.60546875,0.57419355
295,31,326,0.63671875,0.80981595
248,73,321,0.62695312,0.54517134
287,34,321,0.62695312,0.78816199
273,58,331,0.64648438,0.64954683
285,49,334,0.65234375,0.70658683
290,33,323,0.63085938,0.79566563
264,46,310,0.60546875,0.70322581
297,15,312,0.609375,0.90384615
273,40,313,0.61132812,0.74440895
315,3,318,0.62109375,0.98113208
320,0,320,0.625,1
296,27,323,0.63085938,0.83281734
289,38,327,0.63867188,0.7675841
260,39,299,0.58398438,0.73913043
281,31,312,0.609375,0.80128205
259,60,319,0.62304688,0.62382445
253,56,309,0.60351562,0.63754045
306,21,327,0.63867188,0.87155963
323,15,338,0.66015625,0.9112426
286,20,306,0.59765625,0.86928105
303,28,331,0.64648438,0.83081571
272,34,306,0.59765625,0.77777778
208,97,305,0.59570312,0.36393443
299,20,319,0.62304688,0.87460815
319,0,319,0.62304688,1
287,31,318,0.62109375,0.80503145
272,47,319,0.62304688,0.70532915
240,68,308,0.6015625,0.55844156
295,15,310,0.60546875,0.90322581
293,40,333,0.65039062,0.75975976
277,35,312,0.609375,0.77564103
283,21,304,0.59375,0.86184211
265,46,311,0.60742188,0.70418006
275,37,312,0.609375,0.76282051
312,3,315,0.61523438,0.98095238
259,51,310,0.60546875,0.67096774
212,92,304,0.59375,0.39473684
279,32,311,0.60742188,0.79421222
236,63,299,0.58398438,0.57859532
187,115,302,0.58984375,0.2384106
195,104,299,0.58398438,0.30434783
264,67,331,0.64648438,0.59516616
266,51,317,0.61914062,0.67823344
237,81,318,0.62109375,0.49056604
261,52,313,0.61132812,0.66773163
305,8,313,0.61132812,0.94888179
295,16,311,0.60742188,0.89710611
266,39,305,0.59570312,0.7442623
253,65,318,0.62109375,0.59119497
208,105,313,0.61132812,0.32907348
172,150,322,0.62890625,0.068322981
174,128,302,0.58984375,0.15231788
201,108,309,0.60351562,0.30097087
292,30,322,0.62890625,0.8136646
291,19,310,0.60546875,0.87741935
278,36,314,0.61328125,0.77070064
300,19,319,0.62304688,0.88087774
284,26,310,0.60546875,0.83225806
292,14,306,0.59765625,0.90849673
198,104,302,0.58984375,0.31125828
186,122,308,0.6015625,0.20779221
249,60,309,0.60351562,0.61165049
277,38,315,0.61523438,0.75873016
283,30,313,0.61132812,0.80830671
299,14,313,0.61132812,0.91054313
273,44,317,0.61914062,0.72239748
276,32,308,0.6015625,0.79220779
291,19,310,0.60546875,0.87741935
304,14,318,0.62109375,0.91194969
290,22,312,0.609375,0.85897436
303,21,324,0.6328125,0.87037037
289,13,302,0.58984375,0.91390728
256,50,306,0.59765625,0.67320261
297,15,312,0.609375,0.90384615
310,10,320,0.625,0.9375
299,22,321,0.62695312,0.86292835
328,1,329,0.64257812,0.99392097
295,22,317,0.61914062,0.86119874
305,20,325,0.63476562,0.87692308
251,54,305,0.59570312,0.64590164
287,34,321,0.62695312,0.78816199
284,20,304,0.59375,0.86842105
303,12,315,0.61523438,0.92380952
306,15,321,0.62695312,0.90654206
293,35,328,0.640625,0.78658537
233,66,299,0.58398438,0.55852843
289,27,316,0.6171875,0.82911392
302,16,318,0.62109375,0.89937107
301,23,324,0.6328125,0.85802469
276,43,319,0.62304688,0.73040752
261,55,316,0.6171875,0.65189873
287,27,314,0.61328125,0.82802548
299,30,329,0.64257812,0.81762918
269,37,306,0.59765625,0.75816993
242,67,309,0.60351562,0.56634304
288,26,314,0.61328125,0.8343949
318,15,333,0.65039062,0.90990991
254,59,313,0.61132812,0.62300319
289,32,321,0.62695312,0.80062305
322,3,325,0.63476562,0.98153846
324,2,326,0.63671875,0.98773006
306,10,316,0.6171875,0.93670886
323,9,332,0.6484375,0.94578313
263,50,313,0.61132812,0.68051118
252,70,322,0.62890625,0.56521739
253,69,322,0.62890625,0.57142857
288,24,312,0.609375,0.84615385
312,8,320,0.625,0.95
275,40,315,0.61523438,0.74603175
317,12,329,0.64257812,0.92705167
301,13,314,0.61328125,0.91719745
223,93,316,0.6171875,0.41139241
269,42,311,0.60742188,0.72990354
298,14,312,0.609375,0.91025641
322,1,323,0.63085938,0.99380805
322,2,324,0.6328125,0.98765432
317,2,319,0.62304688,0.98746082
288,22,310,0.60546875,0.85806452
245,65,310,0.60546875,0.58064516
265,46,311,0.60742188,0.70418006
266,45,311,0.60742188,0.71061093
261,45,306,0.59765625,0.70588235
303,19,322,0.62890625,0.88198758
293,28,321,0.62695312,0.82554517
250,63,313,0.61132812,0.59744409
222,93,315,0.61523438,0.40952381
242,73,315,0.61523438,0.53650794
259,57,316,0.6171875,0.63924051
252,67,319,0.62304688,0.5799373
227,101,328,0.640625,0.38414634
264,33,297,0.58007812,0.77777778
269,54,323,0.63085938,0.66563467
274,46,320,0.625,0.7125
291,38,329,0.64257812,0.76899696
256,50,306,0.59765625,0.67320261
279,52,331,0.64648438,0.6858006
268,36,304,0.59375,0.76315789
265,48,313,0.61132812,0.69329073
262,41,303,0.59179688,0.72937294
287,28,315,0.61523438,0.82222222
281,35,316,0.6171875,0.77848101
268,40,308,0.6015625,0.74025974
291,24,315,0.61523438,0.84761905
289,25,314,0.61328125,0.84076433
293,14,307,0.59960938,0.90879479
259,44,303,0.59179688,0.70957096
285,37,322,0.62890625,0.77018634
239,84,323,0.63085938,0.47987616
216,88,304,0.59375,0.42105263
227,96,323,0.63085938,0.40557276
265,53,318,0.62109375,0.66666667
256,54,310,0.60546875,0.6516129
239,81,320,0.625,0.49375
205,104,309,0.60351562,0.32686084
179,123,302,0.58984375,0.18543046
171,145,316,0.6171875,0.082278481
135,167,302,0.58984375,-0.10596026
136,177,313,0.61132812,-0.13099042
121,201,322,0.62890625,-0.2484472
96,226,322,0.62890625,-0.40372671
110,199,309,0.60351562,-0.28802589
99,204,303,0.59179688,-0.34653465
159,155,314,0.61328125,0.012738854
84,237,321,0.62695312,-0.47663551
133,175,308,0.6015625,-0.13636364
139,168,307,0.59960938,-0.094462541
115,188,303,0.59179688,-0.24092409
138,174,312,0.609375,-0.11538462
134,176,310,0.60546875,-0.13548387
145,153,298,0.58203125,-0.026845638
133,184,317,0.61914062,-0.16088328
57,250,307,0.59960938,-0.6286645
22,297,319,0.62304688,-0.86206897
2,318,320,0.625,-0.9875
19,294,313,0.61132812,-0.87859425
14,306,320,0.625,-0.9125
5,318,323,0.63085938,-0.96904025
16,300,316,0.6171875,-0.89873418
8,317,325,0.63476562,-0.95076923
21,289,310,0.60546875,-0.86451613
27,282,309,0.60351562,-0.82524272
32,286,318,0.62109375,-0.79874214
27,290,317,0.61914062,-0.829653
14,301,315,0.61523438,-0.91111111
24,298,322,0.62890625,-0.85093168
23,302,325,0.63476562,-0.85846154
16,306,322,0.62890625,-0.90062112
39,270,309,0.60351562,-0.74757282
7,314,321,0.62695312,-0.95638629
24,295,319,0.62304688,-0.84952978
4,312,316,0.6171875,-0.97468354
14,301,315,0.61523438,-0.91111111
2,323,325,0.63476562,-0.98769231
43,265,308,0.6015625,-0.72077922
46,255,301,0.58789062,-0.69435216
8,299,307,0.59960938,-0.94788274
20,295,315,0.61523438,-0.87301587
19,303,322,0.62890625,-0.88198758
18,298,316,0.6171875,-0.88607595
49,257,306,0.59765625,-0.67973856
54,258,312,0.609375,-0.65384615
80,243,323,0.63085938,-0.50464396
86,228,314,0.61328125,-0.4522293
60,247,307,0.59960938,-0.60912052
61,259,320,0.625,-0.61875
28,303,331,0.64648438,-0.83081571
48,263,311,0.60742188,-0.69131833
37,280,317,0.61914062,-0.76656151
29,291,320,0.625,-0.81875
42,278,320,0.625,-0.7375
53,259,312,0.609375,-0.66025641
89,231,320,0.625,-0.44375
107,213,320,0.625,-0.33125
129,181,310,0.60546875,-0.16774194
134,172,306,0.59765625,-0.12418301
117,200,317,0.61914062,-0.26182965
132,172,304,0.59375,-0.13157895
138,176,314,0.61328125,-0.12101911
129,192,321,0.62695312,-0.19626168
80,237,317,0.61914062,-0.49526814
42,292,334,0.65234375,-0.74850299
30,285,315,0.61523438,-0.80952381
66,249,315,0.61523438,-0.58095238
51,258,309,0.60351562,-0.66990291
22,293,315,0.61523438,-0.86031746
72,233,305,0.59570312,-0.52786885
79,224,303,0.59179688,-0.47854785
26,290,316,0.6171875,-0.83544304
28,299,327,0.63867188,-0.82874618
47,275,322,0.62890625,-0.70807453
35,288,323,0.63085938,-0.78328173
91,211,302,0.58984375,-0.39735099
92,223,315,0.61523438,-0.41587302
112,191,303,0.59179688,-0.26072607
213,93,306,0.59765625,0.39215686
161,137,298,0.58203125,0.080536913
130,193,323,0.63085938,-0.19504644
106,209,315,0.61523438,-0.32698413
91,219,310,0.60546875,-0.41290323
91,218,309,0.60351562,-0.41100324
128,177,305,0.59570312,-0.16065574
118,198,316,0.6171875,-0.25316456
85,218,303,0.59179688,-0.43894389
123,188,311,0.60742188,-0.20900322
148,148,296,0.578125,0
208,111,319,0.62304688,0.30407524
265,59,324,0.6328125,0.63580247
284,24,308,0.6015625,0.84415584
319,11,330,0.64453125,0.93333333
301,18,319,0.62304688,0.88714734
301,16,317,0.61914062,0.89905363
279,35,314,0.61328125,0.77707006
293,25,318,0.62109375,0.8427673
291,32,323,0.63085938,0.80185759
253,61,314,0.61328125,0.61146497
259,53,312,0.609375,0.66025641
272,40,312,0.609375,0.74358974
267,53,320,0.625,0.66875
265,58,323,0.63085938,0.64086687
290,25,315,0.61523438,0.84126984
286,24,310,0.60546875,0.84516129
299,24,323,0.63085938,0.85139319
307,10,317,0.61914062,0.93690852
287,24,311,0.60742188,0.84565916
302,25,327,0.63867188,0.8470948
311,25,336,0.65625,0.85119048
307,21,328,0.640625,0.87195122
266,37,303,0.59179688,0.75577558
280,43,323,0.63085938,0.73374613
323,0,323,0.63085938,1
269,34,303,0.59179688,0.77557756
251,55,306,0.59765625,0.64052288
319,15,334,0.65234375,0.91017964
327,10,337,0.65820312,0.94065282
318,12,330,0.64453125,0.92727273
274,43,317,0.61914062,0.72870662
295,23,318,0.62109375,0.85534591
265,57,322,0.62890625,0.64596273
264,48,312,0.609375,0.69230769
268,59,327,0.63867188,0.63914373
269,66,335,0.65429688,0.60597015
275,42,317,0.61914062,0.73501577
261,51,312,0.609375,0.67307692
270,42,312,0.609375,0.73076923
258,60,318,0.62109375,0.62264151
219,84,303,0.59179688,0.44554455
184,121,305,0.59570312,0.20655738
216,91,307,0.59960938,0.40716612
189,121,310,0.60546875,0.21935484
94,225,319,0.62304688,-0.41065831
100,214,314,0.61328125,-0.36305732
43,263,306,0.59765625,-0.71895425
66,249,315,0.61523438,-0.58095238
18,314,332,0.6484375,-0.89156627
6,314,320,0.625,-0.9625
32,276,308,0.6015625,-0.79220779
31,289,320,0.625,-0.80625
55,266,321,0.62695312,-0.65732087
119,184,303,0.59179688,-0.21452145
83,228,311,0.60742188,-0.46623794
58,267,325,0.63476562,-0.64307692
90,218,308,0.6015625,-0.41558442
74,241,315,0.61523438,-0.53015873
96,223,319,0.62304688,-0.39811912
72,238,310,0.60546875,-0.53548387
34,287,321,0.62695312,-0.78816199
34,284,318,0.62109375,-0.78616352
0,323,323,0.63085938,-1
16,315,331,0.64648438,-0.90332326
7,307,314,0.61328125,-0.95541401
16,298,314,0.61328125,-0.89808917
10,295,305,0.59570312,-0.93442623
22,295,317,0.61914062,-0.86119874
57,258,315,0.61523438,-0.63809524
57,250,307,0.59960938,-0.6286645
26,300,326,0.63671875,-0.8404908
11,303,314,0.61328125,-0.92993631
55,264,319,0.62304688,-0.65517241
113,178,291,0.56835938,-0.2233677
62,252,314,0.61328125,-0.60509554
69,252,321,0.62695312,-0.57009346
51,255,306,0.59765625,-0.66666667
69,240,309,0.60351562,-0.55339806
82,237,319,0.62304688,-0.48589342
48,269,317,0.61914062,-0.69716088
30,270,300,0.5859375,-0.8
73,233,306,0.59765625,-0.52287582
109,198,307,0.59960938,-0.28990228
60,262,322,0.62890625,-0.62732919
5,322,327,0.63867188,-0.96941896
14,303,317,0.61914062,-0.91167192
13,297,310,0.60546875,-0.91612903
20,308,328,0.640625,-0.87804878
35,278,313,0.61132812,-0.77635783
109,209,318,0.62109375,-0.31446541
92,219,311,0.60742188,-0.40836013
50,265,315,0.61523438,-0.68253968
42,278,320,0.625,-0.7375
32,286,318,0.62109375,-0.79874214
50,260,310,0.60546875,-0.67741935
67,246,313,0.61132812,-0.57188498
30,269,299,0.58398438,-0.7993311
29,294,323,0.63085938,-0.82043344
11,305,316,0.6171875,-0.93037975
4,332,336,0.65625,-0.97619048
30,292,322,0.62890625,-0.8136646
32,277,309,0.60351562,-0.79288026
31,294,325,0.63476562,-0.80923077
8,308,316,0.6171875,-0.94936709
20,295,315,0.61523438,-0.87301587
37,290,327,0.63867188,-0.77370031
76,240,316,0.6171875,-0.51898734
70,255,325,0.63476562,-0.56923077
29,291,320,0.625,-0.81875
51,266,317,0.61914062,-0.67823344
26,286,312,0.609375,-0.83333333
31,292,323,0.63085938,-0.80804954
36,289,325,0.63476562,-0.77846154
40,271,311,0.60742188,-0.74276527
25,293,318,0.62109375,-0.8427673
7,304,311,0.60742188,-0.95498392
47,266,313,0.61132812,-0.69968051
75,231,306,0.59765625,-0.50980392
12,322,334,0.65234375,-0.92814371
19,290,309,0.60351562,-0.87702265
16,294,310,0.60546875,-0.89677419
34,283,317,0.61914062,-0.78548896
48,256,304,0.59375,-0.68421053
21,295,316,0.6171875,-0.86708861
26,297,323,0.63085938,-0.83900929
35,284,319,0.62304688,-0.78056426
61,264,325,0.63476562,-0.62461538
39,265,304,0.59375,-0.74342105
18,299,317,0.61914062,-0.88643533
27,293,320,0.625,-0.83125
27,284,311,0.60742188,-0.82636656
22,295,317,0.61914062,-0.86119874
22,278,300,0.5859375,-0.85333333
23,293,316,0.6171875,-0.85443038
5,303,308,0.6015625,-0.96753247
37,277,314,0.61328125,-0.76433121
6,317,323,0.63085938,-0.9628483
27,281,308,0.6015625,-0.82467532
27,282,309,0.60351562,-0.82524272
61,233,294,0.57421875,-0.58503401
42,275,317,0.61914062,-0.73501577
26,297,323,0.63085938,-0.83900929
25,295,320,0.625,-0.84375
11,297,308,0.6015625,-0.92857143
19,296,315,0.61523438,-0.87936508
5,310,315,0.61523438,-0.96825397
24,302,326,0.63671875,-0.85276074
43,264,307,0.59960938,-0.71986971
33,283,316,0.6171875,-0.79113924
43,267,310,0.60546875,-0.72258065
35,291,326,0.63671875,-0.78527607
30,284,314,0.61328125,-0.8089172
57,258,315,0.61523438,-0.63809524
27,281,308,0.6015625,-0.82467532
5,314,319,0.62304688,-0.96865204
22,288,310,0.60546875,-0.85806452
17,309,326,0.63671875,-0.89570552
13,299,312,0.609375,-0.91666667
45,253,298,0.58203125,-0.69798658
31,289,320,0.625,-0.80625
65,242,307,0.59960938,-0.57654723
46,276,322,0.62890625,-0.71428571
20,308,328,0.640625,-0.87804878
4,331,335,0.65429688,-0.9761194
30,286,316,0.6171875,-0.81012658
92,220,312,0.609375,-0.41025641
44,263,307,0.59960938,-0.71335505
12,305,317,0.61914062,-0.92429022
24,295,319,0.62304688,-0.84952978
12,311,323,0.63085938,-0.92569659
6,310,316,0.6171875,-0.96202532
28,261,289,0.56445312,-0.80622837
37,287,324,0.6328125,-0.77160494
12,306,318,0.62109375,-0.9245283
17,303,320,0.625,-0.89375
42,261,303,0.59179688,-0.72277228
27,283,310,0.60546875,-0.82580645
22,296,318,0.62109375,-0.86163522
63,246,309,0.60351562,-0.59223301
102,219,321,0.62695312,-0.36448598
79,235,314,0.61328125,-0.49681529
101,201,302,0.58984375,-0.33112583
120,176,296,0.578125,-0.18918919
198,110,308,0.6015625,0.28571429
197,110,307,0.59960938,0.28338762
154,155,309,0.60351562,-0.003236246
214,92,306,0.59765625,0.39869281
241,83,324,0.6328125,0.48765432
186,131,317,0.61914062,0.17350158
234,78,312,0.609375,0.5
244,67,311,0.60742188,0.56913183
323,5,328,0.640625,0.9695122
282,27,309,0.60351562,0.82524272
240,67,307,0.59960938,0.56351792
247,67,314,0.61328125,0.57324841
248,65,313,0.61132812,0.58466454
238,78,316,0.6171875,0.50632911
209,99,308,0.6015625,0.35714286
210,99,309,0.60351562,0.3592233
201,121,322,0.62890625,0.2484472
198,105,303,0.59179688,0.30693069
217,95,312,0.609375,0.39102564
247,61,308,0.6015625,0.6038961
282,41,323,0.63085938,0.74613003
238,86,324,0.6328125,0.4691358
235,82,317,0.61914062,0.48264984
165,141,306,0.59765625,0.078431373
57,246,303,0.59179688,-0.62376238
36,289,325,0.63476562,-0.77846154
44,262,306,0.59765625,-0.7124183
70,240,310,0.60546875,-0.5483871
62,242,304,0.59375,-0.59210526
47,261,308,0.6015625,-0.69480519
3,306,309,0.60351562,-0.98058252
12,310,322,0.62890625,-0.92546584
25,274,299,0.58398438,-0.83277592
22,300,322,0.62890625,-0.86335404
12,300,312,0.609375,-0.92307692
29,283,312,0.609375,-0.81410256
29,290,319,0.62304688,-0.81818182
3,328,331,0.64648438,-0.98187311
1,322,323,0.63085938,-0.99380805
6,311,317,0.61914062,-0.96214511
32,272,304,0.59375,-0.78947368
16,304,320,0.625,-0.9
7,319,326,0.63671875,-0.95705521
14,310,324,0.6328125,-0.91358025
48,267,315,0.61523438,-0.6952381
54,260,314,0.61328125,-0.65605096
95,211,306,0.59765625,-0.37908497
99,224,323,0.63085938,-0.3869969
25,297,322,0.62890625,-0.8447205
48,264,312,0.609375,-0.69230769
101,212,313,0.61132812,-0.35463259
66,245,311,0.60742188,-0.5755627
47,273,320,0.625,-0.70625
11,306,317,0.61914062,-0.93059937
18,285,303,0.59179688,-0.88118812
61,255,316,0.6171875,-0.61392405
37,278,315,0.61523438,-0.76507937
18,306,324,0.6328125,-0.88888889
65,237,302,0.58984375,-0.56953642
32,293,325,0.63476562,-0.80307692
17,310,327,0.63867188,-0.89602446
19,307,326,0.63671875,-0.88343558
16,303,319,0.62304688,-0.89968652
45,251,296,0.578125,-0.69594595
24,288,312,0.609375,-0.84615385
17,308,325,0.63476562,-0.89538462
3,317,320,0.625,-0.98125
48,284,332,0.6484375,-0.71084337
16,301,317,0.61914062,-0.89905363
27,291,318,0.62109375,-0.83018868
14,303,317,0.61914062,-0.91167192
52,274,326,0.63671875,-0.6809816
56,243,299,0.58398438,-0.62541806
12,300,312,0.609375,-0.92307692
10,298,308,0.6015625,-0.93506494
21,288,309,0.60351562,-0.86407767
43,264,307,0.59960938,-0.71986971
30,295,325,0.63476562,-0.81538462
27,274,301,0.58789062,-0.82059801
26,290,316,0.6171875,-0.83544304
40,271,311,0.60742188,-0.74276527
24,296,320,0.625,-0.85
31,281,312,0.609375,-0.80128205
24,295,319,0.62304688,-0.84952978
14,315,329,0.64257812,-0.91489362
23,311,334,0.65234375,-0.86227545
22,286,308,0.6015625,-0.85714286
8,298,306,0.59765625,-0.94771242
16,285,301,0.58789062,-0.89368771
37,271,308,0.6015625,-0.75974026
44,273,317,0.61914062,-0.72239748
8,310,318,0.62109375,-0.94968553
32,295,327,0.63867188,-0.80428135
36,275,311,0.60742188,-0.76848875
53,264,317,0.61914062,-0.66561514
140,160,300,0.5859375,-0.066666667
113,195,308,0.6015625,-0.26623377
141,169,310,0.60546875,-0.090322581
88,237,325,0.63476562,-0.45846154
76,232,308,0.6015625,-0.50649351
26,279,305,0.59570312,-0.8295082
29,286,315,0.61523438,-0.81587302
51,268,319,0.62304688,-0.68025078
83,221,304,0.59375,-0.45394737
87,222,309,0.60351562,-0.4368932
94,211,305,0.59570312,-0.38360656
40,291,331,0.64648438,-0.75830816
34,290,324,0.6328125,-0.79012346
43,264,307,0.59960938,-0.71986971
43,269,312,0.609375,-0.72435897
96,206,302,0.58984375,-0.36423841
47,261,308,0.6015625,-0.69480519
11,308,319,0.62304688,-0.93103448
14,305,319,0.62304688,-0.91222571
39,273,312,0.609375,-0.75
34,283,317,0.61914062,-0.78548896
27,290,317,0.61914062,-0.829653
0,311,311,0.60742188,-1
11,298,309,0.60351562,-0.92880259
11,312,323,0.63085938,-0.93188854
14,304,318,0.62109375,-0.91194969
4,336,340,0.6640625,-0.97647059
12,306,318,0.62109375,-0.9245283
12,316,328,0.640625,-0.92682927
31,291,322,0.62890625,-0.80745342
34,275,309,0.60351562,-0.77993528
11,304,315,0.61523438,-0.93015873
17,293,310,0.60546875,-0.89032258
28,281,309,0.60351562,-0.81877023
31,296,327,0.63867188,-0.81039755
30,283,313,0.61132812,-0.80830671
80,247,327,0.63867188,-0.51070336
55,257,312,0.609375,-0.6474359
49,262,311,0.60742188,-0.68488746
15,298,313,0.61132812,-0.90415335
68,242,310,0.60546875,-0.56129032
13,290,303,0.59179688,-0.91419142
42,264,306,0.59765625,-0.7254902
70,250,320,0.625,-0.5625
63,255,318,0.62109375,-0.60377358
48,270,318,0.62109375,-0.69811321
77,249,326,0.63671875,-0.52760736
96,221,317,0.61914062,-0.39432177
156,153,309,0.60351562,0.0097087379
130,184,314,0.61328125,-0.17197452
116,208,324,0.6328125,-0.28395062
113,200,313,0.61132812,-0.27795527
50,269,319,0.62304688,-0.68652038
76,226,302,0.58984375,-0.49668874
133,187,320,0.625,-0.16875
123,190,313,0.61132812,-0.21405751
166,146,312,0.609375,0.064102564
114,199,313,0.61132812,-0.2715655
83,220,303,0.59179688,-0.45214521
76,239,315,0.61523438,-0.51746032
41,271,312,0.609375,-0.73717949
28,292,320,0.625,-0.825
15,299,314,0.61328125,-0.9044586
15,303,318,0.62109375,-0.90566038
41,274,315,0.61523438,-0.73968254
32,279,311,0.60742188,-0.79421222
30,287,317,0.61914062,-0.81072555
51,269,320,0.625,-0.68125
53,258,311,0.60742188,-0.65916399
70,244,314,0.61328125,-0.55414013
47,269,316,0.6171875,-0.70253165
75,239,314,0.61328125,-0.52229299
79,229,308,0.6015625,-0.48701299
119,192,311,0.60742188,-0.23472669
60,246,306,0.59765625,-0.60784314
126,189,315,0.61523438,-0.2
144,167,311,0.60742188,-0.073954984
79,236,315,0.61523438,-0.4984127
121,179,300,0.5859375,-0.19333333
113,204,317,0.61914062,-0.28706625
75,243,318,0.62109375,-0.52830189
105,202,307,0.59960938,-0.31596091
104,189,293,0.57226562,-0.29010239
85,227,312,0.609375,-0.45512821
85,219,304,0.59375,-0.44078947
71,263,334,0.65234375,-0.5748503
57,246,303,0.59179688,-0.62376238
110,194,304,0.59375,-0.27631579
58,266,324,0.6328125,-0.64197531
36,282,318,0.62109375,-0.77358491
59,252,311,0.60742188,-0.62057878
43,274,317,0.61914062,-0.72870662
75,236,311,0.60742188,-0.51768489
76,246,322,0.62890625,-0.52795031
76,241,317,0.61914062,-0.52050473
74,234,308,0.6015625,-0.51948052
26,298,324,0.6328125,-0.83950617
43,266,309,0.60351562,-0.72168285
10,301,311,0.60742188,-0.93569132
3,314,317,0.61914062,-0.98107256
28,292,320,0.625,-0.825
20,300,320,0.625,-0.875
66,250,316,0.6171875,-0.58227848
71,246,317,0.61914062,-0.55205047
44,272,316,0.6171875,-0.72151899
46,267,313,0.61132812,-0.70607029
26,288,314,0.61328125,-0.8343949
31,276,307,0.59960938,-0.7980456
52,253,305,0.59570312,-0.65901639
49,270,319,0.62304688,-0.69278997
52,261,313,0.61132812,-0.66773163
51,276,327,0.63867188,-0.68807339
35,284,319,0.62304688,-0.78056426
47,262,309,0.60351562,-0.69579288
40,267,307,0.59960938,-0.73941368
14,299,313,0.61132812,-0.91054313
48,253,301,0.58789062,-0.68106312
16,294,310,0.60546875,-0.89677419
31,286,317,0.61914062,-0.8044164
20,296,316,0.6171875,-0.87341772
22,300,322,0.62890625,-0.86335404
30,281,311,0.60742188,-0.80707395
40,273,313,0.61132812,-0.74440895
18,304,322,0.62890625,-0.88819876
14,308,322,0.62890625,-0.91304348
40,283,323,0.63085938,-0.75232198
26,284,310,0.60546875,-0.83225806
59,250,309,0.60351562,-0.61812298
98,212,310,0.60546875,-0.36774194
65,242,307,0.59960938,-0.57654723
47,265,312,0.609375,-0.69871795
18,297,315,0.61523438,-0.88571429
26,298,324,0.6328125,-0.83950617
55,254,309,0.60351562,-0.64401294
21,291,312,0.609375,-0.86538462
34,287,321,0.62695312,-0.78816199
28,284,312,0.609375,-0.82051282
70,252,322,0.62890625,-0.56521739
32,284,316,0.6171875,-0.79746835
25,281,306,0.59765625,-0.83660131
4,323,327,0.63867188,-0.97553517
16,299,315,0.61523438,-0.8984127
4,322,326,0.63671875,-0.97546012
32,292,324,0.6328125,-0.80246914
41,286,327,0.63867188,-0.74923547
32,276,308,0.6015625,-0.79220779
10,304,314,0.61328125,-0.93630573
34,285,319,0.62304688,-0.78683386
28,291,319,0.62304688,-0.82445141
22,299,321,0.62695312,-0.86292835
26,286,312,0.609375,-0.83333333
44,260,304,0.59375,-0.71052632
105,216,321,0.62695312,-0.34579439
168,151,319,0.62304688,0.053291536
176,123,299,0.58398438,0.17725753
242,73,315,0.61523438,0.53650794
167,147,314,0.61328125,0.063694268
200,111,311,0.60742188,0.28617363
163,135,298,0.58203125,0.093959732
150,154,304,0.59375,-0.013157895
183,127,310,0.60546875,0.18064516
205,110,315,0.61523438,0.3015873
265,63,328,0.640625,0.61585366
279,33,312,0.609375,0.78846154
306,22,328,0.640625,0.86585366
297,16,313,0.61132812,0.89776358
276,32,308,0.6015625,0.79220779
288,26,314,0.61328125,0.8343949
294,30,324,0.6328125,0.81481481
286,28,314,0.61328125,0.82165605
268,46,314,0.61328125,0.70700637
214,93,307,0.59960938,0.39413681
232,70,302,0.58984375,0.53642384
197,127,324,0.6328125,0.21604938
256,53,309,0.60351562,0.65695793
251,61,312,0.609375,0.60897436
237,89,326,0.63671875,0.45398773
206,98,304,0.59375,0.35526316
181,133,314,0.61328125,0.15286624
285,40,325,0.63476562,0.75384615
267,43,310,0.60546875,0.72258065
291,32,323,0.63085938,0.80185759
297,18,315,0.61523438,0.88571429
291,27,318,0.62109375,0.83018868
275,46,321,0.62695312,0.71339564
270,49,319,0.62304688,0.69278997
267,42,309,0.60351562,0.72815534
293,27,320,0.625,0.83125
285,30,315,0.61523438,0.80952381
277,37,314,0.61328125,0.76433121
313,4,317,0.61914062,0.97476341
279,43,322,0.62890625,0.73291925
287,37,324,0.6328125,0.77160494
272,43,315,0.61523438,0.72698413
227,76,303,0.59179688,0.49834983
265,39,304,0.59375,0.74342105
299,22,321,0.62695312,0.86292835
306,18,324,0.6328125,0.88888889
294,22,316,0.6171875,0.86075949
267,49,316,0.6171875,0.68987342
277,23,300,0.5859375,0.84666667
267,39,306,0.59765625,0.74509804
290,24,314,0.61328125,0.84713376
305,11,316,0.6171875,0.93037975
293,11,304,0.59375,0.92763158
287,19,306,0.59765625,0.87581699
306,9,315,0.61523438,0.94285714
314,6,320,0.625,0.9625
284,24,308,0.6015625,0.84415584
281,30,311,0.60742188,0.80707395
305,17,322,0.62890625,0.89440994
289,24,313,0.61132812,0.84664537
281,37,318,0.62109375,0.7672956
225,88,313,0.61132812,0.43769968
232,76,308,0.6015625,0.50649351
317,2,319,0.62304688,0.98746082
304,19,323,0.63085938,0.88235294
325,2,327,0.63867188,0.98776758
301,19,320,0.625,0.88125
274,39,313,0.61132812,0.75079872
274,49,323,0.63085938,0.69659443
237,78,315,0.61523438,0.5047619
256,65,321,0.62695312,0.59501558
250,69,319,0.62304688,0.56739812
244,59,303,0.59179688,0.61056106
240,69,309,0.60351562,0.55339806
258,52,310,0.60546875,0.66451613
193,113,306,0.59765625,0.26143791
168,136,304,0.59375,0.10526316
145,171,316,0.6171875,-0.082278481
67,243,310,0.60546875,-0.56774194
10,300,310,0.60546875,-0.93548387
32,280,312,0.609375,-0.79487179
22,304,326,0.63671875,-0.86503067
37,283,320,0.625,-0.76875
51,266,317,0.61914062,-0.67823344
17,305,322,0.62890625,-0.89440994
44,272,316,0.6171875,-0.72151899
45,269,314,0.61328125,-0.7133758
98,209,307,0.59960938,-0.36156352
73,243,316,0.6171875,-0.53797468
111,195,306,0.59765625,-0.2745098
62,247,309,0.60351562,-0.5987055
107,213,320,0.625,-0.33125
37,276,313,0.61132812,-0.76357827
53,259,312,0.609375,-0.66025641
54,258,312,0.609375,-0.65384615
84,211,295,0.57617188,-0.43050847
57,258,315,0.61523438,-0.63809524
34,273,307,0.59960938,-0.77850163
48,266,314,0.61328125,-0.69426752
74,242,316,0.6171875,-0.53164557
142,174,316,0.6171875,-0.10126582
176,126,302,0.58984375,0.16556291
173,135,308,0.6015625,0.12337662
196,112,308,0.6015625,0.27272727
183,125,308,0.6015625,0.18831169
168,145,313,0.61132812,0.073482428
112,194,306,0.59765625,-0.26797386
95,212,307,0.59960938,-0.38110749
196,131,327,0.63867188,0.19877676
202,104,306,0.59765625,0.32026144
181,118,299,0.58398438,0.21070234
227,74,301,0.58789062,0.50830565
265,54,319,0.62304688,0.66144201
320,9,329,0.64257812,0.94528875
309,15,324,0.6328125,0.90740741
280,30,310,0.60546875,0.80645161
305,22,327,0.63867188,0.86544343
289,25,314,0.61328125,0.84076433
204,111,315,0.61523438,0.2952381
223,96,319,0.62304688,0.39811912
263,45,308,0.6015625,0.70779221
295,16,311,0.60742188,0.89710611
272,52,324,0.6328125,0.67901235
283,29,312,0.609375,0.81410256
303,19,322,0.62890625,0.88198758
315,12,327,0.63867188,0.9266055
305,14,319,0.62304688,0.91222571
312,16,328,0.640625,0.90243902
315,4,319,0.62304688,0.97492163
304,22,326,0.63671875,0.86503067
260,55,315,0.61523438,0.65079365
204,111,315,0.61523438,0.2952381
213,92,305,0.59570312,0.39672131
302,28,330,0.64453125,0.83030303
270,44,314,0.61328125,0.71974522
309,17,326,0.63671875,0.89570552
305,14,319,0.62304688,0.91222571
269,36,305,0.59570312,0.76393443
283,46,329,0.64257812,0.72036474
281,23,304,0.59375,0.84868421
273,34,307,0.59960938,0.77850163
307,17,324,0.6328125,0.89506173
303,11,314,0.61328125,0.92993631
291,28,319,0.62304688,0.82445141
238,65,303,0.59179688,0.5709571
298,21,319,0.62304688,0.86833856
279,27,306,0.59765625,0.82352941
240,79,319,0.62304688,0.50470219
227,78,305,0.59570312,0.48852459
279,41,320,0.625,0.74375
302,21,323,0.63085938,0.86996904
311,9,320,0.625,0.94375
262,50,312,0.609375,0.67948718
301,18,319,0.62304688,0.88714734
328,3,331,0.64648438,0.98187311
293,27,320,0.625,0.83125
229,92,321,0.62695312,0.42679128
248,74,322,0.62890625,0.54037267
283,30,313,0.61132812,0.80830671
308,11,319,0.62304688,0.93103448
305,18,323,0.63085938,0.88854489
295,21,316,0.6171875,0.86708861
266,55,321,0.62695312,0.65732087
307,15,322,0.62890625,0.9068323
268,57,325,0.63476562,0.64923077
278,35,313,0.61132812,0.77635783
272,31,303,0.59179688,0.79537954
214,94,308,0.6015625,0.38961039
174,125,299,0.58398438,0.1638796
193,124,317,0.61914062,0.21766562
155,152,307,0.59960938,0.009771987
142,166,308,0.6015625,-0.077922078
179,119,298,0.58203125,0.20134228
196,113,309,0.60351562,0.26860841
165,146,311,0.60742188,0.061093248
114,200,314,0.61328125,-0.27388535
124,184,308,0.6015625,-0.19480519
111,210,321,0.62695312,-0.30841121
83,238,321,0.62695312,-0.48286604
79,238,317,0.61914062,-0.50157729
57,259,316,0.6171875,-0.63924051
39,275,314,0.61328125,-0.75159236
59,259,318,0.62109375,-0.62893082
44,280,324,0.6328125,-0.72839506
25,290,315,0.61523438,-0.84126984
14,293,307,0.59960938,-0.90879479
34,283,317,0.61914062,-0.78548896
58,271,329,0.64257812,-0.64741641
46,272,318,0.62109375,-0.71069182
19,294,313,0.61132812,-0.87859425
30,290,320,0.625,-0.8125
43,269,312,0.609375,-0.72435897
71,249,320,0.625,-0.55625
18,290,308,0.6015625,-0.88311688
19,298,317,0.61914062,-0.88012618
22,293,315,0.61523438,-0.86031746
11,300,311,0.60742188,-0.92926045
5,328,333,0.65039062,-0.96996997
13,300,313,0.61132812,-0.91693291
22,280,302,0.58984375,-0.85430464
51,256,307,0.59960938,-0.66775244
47,262,309,0.60351562,-0.69579288
42,276,318,0.62109375,-0.73584906
40,280,320,0.625,-0.75
45,268,313,0.61132812,-0.71246006
27,288,315,0.61523438,-0.82857143
9,314,323,0.63085938,-0.94427245
3,317,320,0.625,-0.98125
20,294,314,0.61328125,-0.87261146
21,295,316,0.6171875,-0.86708861
56,247,303,0.59179688,-0.63036304
33,278,311,0.60742188,-0.78778135
22,299,321,0.62695312,-0.86292835
29,300,329,0.64257812,-0.82370821
25,295,320,0.625,-0.84375
56,274,330,0.64453125,-0.66060606
59,262,321,0.62695312,-0.63239875
29,278,307,0.59960938,-0.81107492
52,256,308,0.6015625,-0.66233766
35,277,312,0.609375,-0.77564103
12,309,321,0.62695312,-0.92523364
16,297,313,0.61132812,-0.89776358
34,264,298,0.58203125,-0.77181208
14,311,325,0.63476562,-0.91384615
14,309,323,0.63085938,-0.91331269
36,273,309,0.60351562,-0.76699029
20,305,325,0.63476562,-0.87692308
5,303,308,0.6015625,-0.96753247
25,296,321,0.62695312,-0.84423676
29,292,321,0.62695312,-0.81931464
62,252,314,0.61328125,-0.60509554
45,271,316,0.6171875,-0.71518987
33,272,305,0.59570312,-0.78360656
51,262,313,0.61132812,-0.67412141
67,241,308,0.6015625,-0.56493506
108,208,316,0.6171875,-0.3164557
105,202,307,0.59960938,-0.31596091
92,206,298,0.58203125,-0.38255034
164,139,303,0.59179688,0.082508251
215,102,317,0.61914062,0.35646688
242,66,308,0.6015625,0.57142857
269,50,319,0.62304688,0.68652038
247,60,307,0.59960938,0.60912052
190,123,313,0.61132812,0.21405751
120,177,297,0.58007812,-0.19191919
108,209,317,0.61914062,-0.31861199
128,170,298,0.58203125,-0.1409396
61,242,303,0.59179688,-0.59735974
70,251,321,0.62695312,-0.56386293
71,250,321,0.62695312,-0.5576324
90,229,319,0.62304688,-0.43573668
100,212,312,0.609375,-0.35897436
86,215,301,0.58789062,-0.42857143
39,267,306,0.59765625,-0.74509804
26,295,321,0.62695312,-0.83800623
22,292,314,0.61328125,-0.85987261
59,258,317,0.61914062,-0.62776025
51,266,317,0.61914062,-0.67823344
76,234,310,0.60546875,-0.50967742
55,253,308,0.6015625,-0.64285714
62,248,310,0.60546875,-0.6
17,293,310,0.60546875,-0.89032258
33,281,314,0.61328125,-0.78980892
31,281,312,0.609375,-0.80128205
17,291,308,0.6015625,-0.88961039
40,279,319,0.62304688,-0.7492163
81,237,318,0.62109375,-0.49056604
61,257,318,0.62109375,-0.6163522
63,255,318,0.62109375,-0.60377358
112,206,318,0.62109375,-0.29559748
124,184,308,0.6015625,-0.19480519
89,220,309,0.60351562,-0.42394822
86,243,329,0.64257812,-0.47720365
87,222,309,0.60351562,-0.4368932
109,203,312,0.609375,-0.30128205
118,189,307,0.59960938,-0.23127036
82,226,308,0.6015625,-0.46753247
88,222,310,0.60546875,-0.43225806
52,265,317,0.61914062,-0.67192429
37,280,317,0.61914062,-0.76656151
47,265,312,0.609375,-0.69871795
50,252,302,0.58984375,-0.66887417
28,285,313,0.61132812,-0.82108626
28,282,310,0.60546875,-0.81935484
53,250,303,0.59179688,-0.65016502
61,268,329,0.64257812,-0.62917933
53,257,310,0.60546875,-0.65806452
116,189,305,0.59570312,-0.23934426
142,162,304,0.59375,-0.065789474
138,164,302,0.58984375,-0.086092715
44,285,329,0.64257812,-0.7325228
128,199,327,0.63867188,-0.21712538
55,259,314,0.61328125,-0.64968153
72,243,315,0.61523438,-0.54285714
46,286,332,0.6484375,-0.72289157
35,266,301,0.58789062,-0.76744186
22,285,307,0.59960938,-0.85667752
31,284,315,0.61523438,-0.8031746
26,283,309,0.60351562,-0.83171521
13,301,314,0.61328125,-0.91719745
19,297,316,0.6171875,-0.87974684
45,267,312,0.609375,-0.71153846
69,264,333,0.65039062,-0.58558559
22,295,317,0.61914062,-0.86119874
16,305,321,0.62695312,-0.90031153
48,271,319,0.62304688,-0.69905956
27,294,321,0.62695312,-0.8317757
23,301,324,0.6328125,-0.85802469
47,274,321,0.62695312,-0.70716511
24,295,319,0.62304688,-0.84952978
17,306,323,0.63085938,-0.89473684
14,299,313,0.61132812,-0.91054313
23,299,322,0.62890625,-0.85714286
22,291,313,0.61132812,-0.85942492
24,288,312,0.609375,-0.84615385
32,289,321,0.62695312,-0.80062305
66,253,319,0.62304688,-0.5862069
39,277,316,0.6171875,-0.75316456
60,248,308,0.6015625,-0.61038961
62,246,308,0.6015625,-0.5974026
86,231,317,0.61914062,-0.45741325
73,232,305,0.59570312,-0.52131148
63,257,320,0.625,-0.60625
62,262,324,0.6328125,-0.61728395
103,224,327,0.63867188,-0.37003058
61,254,315,0.61523438,-0.61269841
47,267,314,0.61328125,-0.70063694
26,305,331,0.64648438,-0.8429003
54,263,317,0.61914062,-0.65930599
84,229,313,0.61132812,-0.46325879
117,195,312,0.609375,-0.25
85,230,315,0.61523438,-0.46031746
110,204,314,0.61328125,-0.29936306
114,199,313,0.61132812,-0.2715655
128,194,322,0.62890625,-0.20496894
64,242,306,0.59765625,-0.58169935
46,281,327,0.63867188,-0.71865443
75,238,313,0.61132812,-0.52076677
37,290,327,0.63867188,-0.77370031
42,284,326,0.63671875,-0.74233129
52,245,297,0.58007812,-0.64983165
63,243,306,0.59765625,-0.58823529
72,252,324,0.6328125,-0.55555556
163,168,331,0.64648438,-0.01510574
156,154,310,0.60546875,0.0064516129
89,222,311,0.60742188,-0.42765273
64,253,317,0.61914062,-0.59621451
85,231,316,0.6171875,-0.46202532
81,208,289,0.56445312,-0.43944637
81,237,318,0.62109375,-0.49056604
105,213,318,0.62109375,-0.33962264
90,231,321,0.62695312,-0.43925234
34,269,303,0.59179688,-0.77557756
71,231,302,0.58984375,-0.52980132
77,233,310,0.60546875,-0.50322581
66,239,305,0.59570312,-0.56721311
61,253,314,0.61328125,-0.61146497
36,286,322,0.62890625,-0.77639752
45,262,307,0.59960938,-0.70684039
34,279,313,0.61132812,-0.7827476
39,270,309,0.60351562,-0.74757282
50,266,316,0.6171875,-0.6835443
20,306,326,0.63671875,-0.87730061
18,283,301,0.58789062,-0.88039867
30,291,321,0.62695312,-0.81308411
7,315,322,0.62890625,-0.95652174
41,273,314,0.61328125,-0.7388535
0,322,322,0.62890625,-1
20,297,317,0.61914062,-0.87381703
16,311,327,0.63867188,-0.90214067
22,289,311,0.60742188,-0.8585209
14,305,319,0.62304688,-0.91222571
59,247,306,0.59765625,-0.61437908
70,252,322,0.62890625,-0.56521739
119,186,305,0.59570312,-0.21967213
141,169,310,0.60546875,-0.090322581
165,152,317,0.61914062,0.041009464
171,155,326,0.63671875,0.049079755
148,158,306,0.59765625,-0.032679739
141,169,310,0.60546875,-0.090322581
165,127,292,0.5703125,0.13013699
151,164,315,0.61523438,-0.041269841
141,157,298,0.58203125,-0.053691275
117,187,304,0.59375,-0.23026316
75,239,314,0.61328125,-0.52229299
78,248,326,0.63671875,-0.52147239
83,234,317,0.61914062,-0.47634069
111,204,315,0.61523438,-0.2952381
135,165,300,0.5859375,-0.1
85,222,307,0.59960938,-0.44625407
104,208,312,0.609375,-0.33333333
119,179,298,0.58203125,-0.20134228
123,194,317,0.61914062,-0.22397476
151,169,320,0.625,-0.05625
130,173,303,0.59179688,-0.14191419
102,204,306,0.59765625,-0.33333333
85,237,322,0.62890625,-0.47204969
125,187,312,0.609375,-0.19871795
114,192,306,0.59765625,-0.25490196
104,202,306,0.59765625,-0.32026144
29,296,325,0.63476562,-0.82153846
39,292,331,0.64648438,-0.76435045
39,263,302,0.58984375,-0.74172185
72,235,307,0.59960938,-0.53094463
81,233,314,0.61328125,-0.48407643
79,228,307,0.59960938,-0.48534202
29,268,297,0.58007812,-0.8047138
16,302,318,0.62109375,-0.89937107
27,282,309,0.60351562,-0.82524272
14,310,324,0.6328125,-0.91358025
22,301,323,0.63085938,-0.86377709
66,247,313,0.61132812,-0.57827476
20,302,322,0.62890625,-0.8757764
3,307,310,0.60546875,-0.98064516
53,256,309,0.60351562,-0.65695793
56,254,310,0.60546875,-0.63870968
60,248,308,0.6015625,-0.61038961
61,242,303,0.59179688,-0.59735974
38,282,320,0.625,-0.7625
65,256,321,0.62695312,-0.59501558
60,265,325,0.63476562,-0.63076923
36,283,319,0.62304688,-0.77429467
48,272,320,0.625,-0.7
32,289,321,0.62695312,-0.80062305
104,214,318,0.62109375,-0.34591195
158,153,311,0.60742188,0.01607717
172,139,311,0.60742188,0.10610932
194,111,305,0.59570312,0.27213115
189,119,308,0.6015625,0.22727273
183,118,301,0.58789062,0.21594684
116,187,303,0.59179688,-0.23432343
116,202,318,0.62109375,-0.27044025
107,206,313,0.61132812,-0.31629393
154,155,309,0.60351562,-0.003236246
86,231,317,0.61914062,-0.45741325
90,227,317,0.61914062,-0.43217666
118,173,291,0.56835938,-0.18900344
122,194,316,0.6171875,-0.2278481
37,276,313,0.61132812,-0.76357827
17,304,321,0.62695312,-0.894081
38,274,312,0.609375,-0.75641026
2,329,331,0.64648438,-0.98791541
10,314,324,0.6328125,-0.9382716
13,306,319,0.62304688,-0.9184953
56,249,305,0.59570312,-0.63278689
33,292,325,0.63476562,-0.79692308
37,277,314,0.61328125,-0.76433121
74,235,309,0.60351562,-0.5210356
14,300,314,0.61328125,-0.91082803
42,285,327,0.63867188,-0.74311927
30,279,309,0.60351562,-0.80582524
30,270,300,0.5859375,-0.8
34,271,305,0.59570312,-0.77704918
4,311,315,0.61523438,-0.97460317
10,317,327,0.63867188,-0.93883792
32,281,313,0.61132812,-0.79552716
37,277,314,0.61328125,-0.76433121
14,304,318,0.62109375,-0.91194969
24,290,314,0.61328125,-0.84713376
1,311,312,0.609375,-0.99358974
13,314,327,0.63867188,-0.9204893
47,265,312,0.609375,-0.69871795
44,273,317,0.61914062,-0.72239748
72,247,319,0.62304688,-0.54858934
83,233,316,0.6171875,-0.47468354
142,188,330,0.64453125,-0.13939394
141,179,320,0.625,-0.11875
155,161,316,0.6171875,-0.018987342
173,131,304,0.59375,0.13815789
189,131,320,0.625,0.18125
166,139,305,0.59570312,0.08852459
184,129,313,0.61132812,0.17571885
178,134,312,0.609375,0.14102564
137,172,309,0.60351562,-0.11326861
134,178,312,0.609375,-0.14102564
97,207,304,0.59375,-0.36184211
46,268,314,0.61328125,-0.70700637
79,243,322,0.62890625,-0.50931677
56,262,318,0.62109375,-0.64779874
65,240,305,0.59570312,-0.57377049
67,232,299,0.58398438,-0.55183946
37,286,323,0.63085938,-0.77089783
46,290,336,0.65625,-0.72619048
46,273,319,0.62304688,-0.71159875
100,210,310,0.60546875,-0.35483871
116,191,307,0.59960938,-0.24429967
90,222,312,0.609375,-0.42307692
78,238,316,0.6171875,-0.50632911
66,246,312,0.609375,-0.57692308
24,304,328,0.640625,-0.85365854
58,254,312,0.609375,-0.62820513
76,241,317,0.61914062,-0.52050473
123,176,299,0.58398438,-0.17725753
114,197,311,0.60742188,-0.26688103
167,156,323,0.63085938,0.034055728
199,109,308,0.6015625,0.29220779
218,92,310,0.60546875,0.40645161
190,128,318,0.62109375,0.19496855
116,184,300,0.5859375,-0.22666667
211,97,308,0.6015625,0.37012987
192,107,299,0.58398438,0.28428094
275,41,316,0.6171875,0.74050633
294,26,320,0.625,0.8375
307,6,313,0.61132812,0.96166134
304,15,319,0.62304688,0.90595611
278,30,308,0.6015625,0.80519481
308,14,322,0.62890625,0.91304348
315,18,333,0.65039062,0.89189189
276,33,309,0.60351562,0.78640777
301,22,323,0.63085938,0.86377709
305,17,322,0.62890625,0.89440994
289,37,326,0.63671875,0.77300613
294,20,314,0.61328125,0.87261146
304,12,316,0.6171875,0.92405063
284,26,310,0.60546875,0.83225806
284,20,304,0.59375,0.86842105
306,21,327,0.63867188,0.87155963
285,30,315,0.61523438,0.80952381
295,24,319,0.62304688,0.84952978
299,21,320,0.625,0.86875
271,41,312,0.609375,0.73717949
274,45,319,0.62304688,0.71786834
289,25,314,0.61328125,0.84076433
281,41,322,0.62890625,0.74534161
287,33,320,0.625,0.79375
305,11,316,0.6171875,0.93037975
303,22,325,0.63476562,0.86461538
254,69,323,0.63085938,0.57275542
268,48,316,0.6171875,0.69620253
289,16,305,0.59570312,0.89508197
292,32,324,0.6328125,0.80246914
279,42,321,0.62695312,0.73831776
309,11,320,0.625,0.93125
279,37,316,0.6171875,0.76582278
290,28,318,0.62109375,0.82389937
272,41,313,0.61132812,0.73801917
308,10,318,0.62109375,0.93710692
251,61,312,0.609375,0.60897436
258,61,319,0.62304688,0.61755486
300,20,320,0.625,0.875
275,36,311,0.60742188,0.76848875
280,36,316,0.6171875,0.7721519
282,22,304,0.59375,0.85526316
268,45,313,0.61132812,0.71246006
286,35,321,0.62695312,0.78193146
303,13,316,0.6171875,0.91772152
252,59,311,0.60742188,0.62057878
268,39,307,0.59960938,0.74592834
318,2,320,0.625,0.9875
325,4,329,0.64257812,0.97568389
291,13,304,0.59375,0.91447368
308,8,316,0.6171875,0.94936709
304,18,322,0.62890625,0.88819876
286,25,311,0.60742188,0.8392283
257,59,316,0.6171875,0.62658228
249,54,303,0.59179688,0.64356436
282,29,311,0.60742188,0.81350482
306,23,329,0.64257812,0.86018237
315,3,318,0.62109375,0.98113208
303,10,313,0.61132812,0.93610224
299,23,322,0.62890625,0.85714286
297,13,310,0.60546875,0.91612903
297,24,321,0.62695312,0.85046729
327,8,335,0.65429688,0.95223881
304,11,315,0.61523438,0.93015873
283,32,315,0.61523438,0.7968254
247,61,308,0.6015625,0.6038961
303,17,320,0.625,0.89375
296,11,307,0.59960938,0.92833876
304,9,313,0.61132812,0.94249201
312,20,332,0.6484375,0.87951807
283,29,312,0.609375,0.81410256
283,41,324,0.6328125,0.74691358
301,14,315,0.61523438,0.91111111
313,5,318,0.62109375,0.96855346
333,0,333,0.65039062,1
297,21,318,0.62109375,0.86792453
304,10,314,0.61328125,0.93630573
294,34,328,0.640625,0.79268293
299,16,315,0.61523438,0.8984127
304,11,315,0.61523438,0.93015873
293,26,319,0.62304688,0.8369906
285,40,325,0.63476562,0.75384615
269,50,319,0.62304688,0.68652038
235,84,319,0.62304688,0.47335423
252,59,311,0.60742188,0.62057878
189,106,295,0.57617188,0.28135593
243,71,314,0.61328125,0.5477707
213,88,301,0.58789062,0.41528239
196,107,303,0.59179688,0.29372937
232,82,314,0.61328125,0.47770701
186,129,315,0.61523438,0.18095238
196,124,320,0.625,0.225
159,149,308,0.6015625,0.032467532
222,89,311,0.60742188,0.42765273
221,90,311,0.60742188,0.42122186
168,134,302,0.58984375,0.11258278
195,123,318,0.62109375,0.22641509
155,166,321,0.62695312,-0.034267913
191,125,316,0.6171875,0.20886076
220,90,310,0.60546875,0.41935484
140,160,300,0.5859375,-0.066666667
216,98,314,0.61328125,0.37579618
256,69,325,0.63476562,0.57538462
260,58,318,0.62109375,0.63522013
276,51,327,0.63867188,0.68807339
284,18,302,0.58984375,0.8807947
309,8,317,0.61914062,0.94952681
295,25,320,0.625,0.84375
294,23,317,0.61914062,0.85488959
297,9,306,0.59765625,0.94117647
282,25,307,0.59960938,0.83713355
303,22,325,0.63476562,0.86461538
269,33,302,0.58984375,0.78145695
308,10,318,0.62109375,0.93710692
285,22,307,0.59960938,0.85667752
246,78,324,0.6328125,0.51851852
207,101,308,0.6015625,0.34415584
162,150,312,0.609375,0.038461538
206,110,316,0.6171875,0.30379747
229,81,310,0.60546875,0.47741935
187,116,303,0.59179688,0.23432343
131,179,310,0.60546875,-0.15483871
80,233,313,0.61132812,-0.48881789
70,242,312,0.609375,-0.55128205
125,190,315,0.61523438,-0.20634921
128,186,314,0.61328125,-0.18471338
124,189,313,0.61132812,-0.20766773
123,200,323,0.63085938,-0.23839009
97,206,303,0.59179688,-0.35973597
145,161,306,0.59765625,-0.052287582
178,136,314,0.61328125,0.13375796
189,126,315,0.61523438,0.2
208,108,316,0.6171875,0.3164557
230,87,317,0.61914062,0.4511041
247,67,314,0.61328125,0.57324841
200,115,315,0.61523438,0.26984127
185,130,315,0.61523438,0.17460317
163,161,324,0.6328125,0.0061728395
225,84,309,0.60351562,0.45631068
223,92,315,0.61523438,0.41587302
217,116,333,0.65039062,0.3033033
222,83,305,0.59570312,0.4557377
265,42,307,0.59960938,0.72638436
242,73,315,0.61523438,0.53650794
311,20,331,0.64648438,0.87915408
224,74,298,0.58203125,0.5033557
279,55,334,0.65234375,0.67065868
271,51,322,0.62890625,0.68322981
239,70,309,0.60351562,0.54692557
213,103,316,0.6171875,0.34810127
172,137,309,0.60351562,0.11326861
117,180,297,0.58007812,-0.21212121
115,186,301,0.58789062,-0.2358804
97,212,309,0.60351562,-0.37216828
99,214,313,0.61132812,-0.36741214
136,186,322,0.62890625,-0.1552795
158,152,310,0.60546875,0.019354839
197,110,307,0.59960938,0.28338762
234,71,305,0.59570312,0.53442623
218,94,312,0.609375,0.3974359
277,51,328,0.640625,0.68902439
263,47,310,0.60546875,0.69677419
274,56,330,0.64453125,0.66060606
240,77,317,0.61914062,0.51419558
264,36,300,0.5859375,0.76
273,37,310,0.60546875,0.76129032
256,55,311,0.60742188,0.64630225
292,38,330,0.64453125,0.76969697
303,22,325,0.63476562,0.86461538
281,41,322,0.62890625,0.74534161
283,29,312,0.609375,0.81410256
298,17,315,0.61523438,0.89206349
298,29,327,0.63867188,0.82262997
311,9,320,0.625,0.94375
298,16,314,0.61328125,0.89808917
285,28,313,0.61132812,0.82108626
219,83,302,0.58984375,0.45033113
294,35,329,0.64257812,0.78723404
284,34,318,0.62109375,0.78616352
283,26,309,0.60351562,0.83171521
223,78,301,0.58789062,0.48172757
305,17,322,0.62890625,0.89440994
283,29,312,0.609375,0.81410256
275,38,313,0.61132812,0.7571885
288,38,326,0.63671875,0.76687117
293,23,316,0.6171875,0.85443038
307,17,324,0.6328125,0.89506173
284,28,312,0.609375,0.82051282
273,32,305,0.59570312,0.79016393
291,25,316,0.6171875,0.84177215
281,34,315,0.61523438,0.78412698
259,55,314,0.61328125,0.64968153
213,98,311,0.60742188,0.36977492
247,66,313,0.61132812,0.57827476
236,85,321,0.62695312,0.47040498
247,58,305,0.59570312,0.61967213
257,52,309,0.60351562,0.66343042
294,24,318,0.62109375,0.8490566
289,21,310,0.60546875,0.86451613
277,38,315,0.61523438,0.75873016
266,53,319,0.62304688,0.6677116
276,33,309,0.60351562,0.78640777
234,68,302,0.58984375,0.54966887
249,63,312,0.609375,0.59615385
238,64,302,0.58984375,0.57615894
261,64,325,0.63476562,0.60615385
286,37,323,0.63085938,0.77089783
229,77,306,0.59765625,0.49673203
283,18,301,0.58789062,0.88039867
279,37,316,0.6171875,0.76582278
265,45,310,0.60546875,0.70967742
221,83,304,0.59375,0.45394737
284,30,314,0.61328125,0.8089172
276,42,318,0.62109375,0.73584906
247,63,310,0.60546875,0.59354839
274,47,321,0.62695312,0.70716511
287,28,315,0.61523438,0.82222222
267,41,308,0.6015625,0.73376623
276,44,320,0.625,0.725
298,22,320,0.625,0.8625
310,3,313,0.61132812,0.98083067
287,15,302,0.58984375,0.90066225
272,43,315,0.61523438,0.72698413
246,47,293,0.57226562,0.67918089
268,37,305,0.59570312,0.75737705
264,53,317,0.61914062,0.66561514
255,49,304,0.59375,0.67763158
253,61,314,0.61328125,0.61146497
249,63,312,0.609375,0.59615385
273,38,311,0.60742188,0.75562701
306,14,320,0.625,0.9125
238,56,294,0.57421875,0.61904762
223,91,314,0.61328125,0.42038217
200,92,292,0.5703125,0.36986301
205,95,300,0.5859375,0.36666667
209,115,324,0.6328125,0.29012346
189,118,307,0.59960938,0.23127036
200,108,308,0.6015625,0.2987013
170,128,298,0.58203125,0.1409396
150,161,311,0.60742188,-0.035369775
119,196,315,0.61523438,-0.24444444
150,156,306,0.59765625,-0.019607843
210,106,316,0.6171875,0.32911392
173,144,317,0.61914062,0.09148265
218,95,313,0.61132812,0.39297125
237,84,321,0.62695312,0.47663551
274,37,311,0.60742188,0.76205788
306,12,318,0.62109375,0.9245283
291,31,322,0.62890625,0.80745342
292,33,325,0.63476562,0.79692308
286,32,318,0.62109375,0.79874214
302,23,325,0.63476562,0.85846154
288,31,319,0.62304688,0.80564263
298,27,325,0.63476562,0.83384615
278,30,308,0.6015625,0.80519481
296,26,322,0.62890625,0.83850932
269,40,309,0.60351562,0.74110032
279,41,320,0.625,0.74375
271,36,307,0.59960938,0.76547231
282,41,323,0.63085938,0.74613003
269,52,321,0.62695312,0.67601246
271,52,323,0.63085938,0.67801858
297,30,327,0.63867188,0.81651376
258,33,291,0.56835938,0.77319588
280,38,318,0.62109375,0.76100629
302,20,322,0.62890625,0.8757764
298,20,318,0.62109375,0.87421384
309,2,311,0.60742188,0.98713826
314,14,328,0.640625,0.91463415
295,32,327,0.63867188,0.80428135
298,19,317,0.61914062,0.88012618
284,18,302,0.58984375,0.8807947
286,36,322,0.62890625,0.77639752
294,27,321,0.62695312,0.8317757
300,15,315,0.61523438,0.9047619
288,27,315,0.61523438,0.82857143
296,18,314,0.61328125,0.88535032
304,17,321,0.62695312,0.894081
279,28,307,0.59960938,0.81758958
273,37,310,0.60546875,0.76129032
241,81,322,0.62890625,0.49689441
208,92,300,0.5859375,0.38666667
220,85,305,0.59570312,0.44262295
294,27,321,0.62695312,0.8317757
271,33,304,0.59375,0.78289474
318,12,330,0.64453125,0.92727273
273,52,325,0.63476562,0.68
240,62,302,0.58984375,0.58940397
278,31,309,0.60351562,0.79935275
252,78,330,0.64453125,0.52727273
230,89,319,0.62304688,0.44200627
262,54,316,0.6171875,0.65822785
283,25,308,0.6015625,0.83766234
297,25,322,0.62890625,0.8447205
303,16,319,0.62304688,0.89968652
317,13,330,0.64453125,0.92121212
290,14,304,0.59375,0.90789474
287,33,320,0.625,0.79375
274,34,308,0.6015625,0.77922078
308,10,318,0.62109375,0.93710692
277,40,317,0.61914062,0.74763407
254,49,303,0.59179688,0.67656766
253,50,303,0.59179688,0.669967
305,17,322,0.62890625,0.89440994
305,17,322,0.62890625,0.89440994
316,1,317,0.61914062,0.99369085
268,46,314,0.61328125,0.70700637
281,38,319,0.62304688,0.76175549
301,15,316,0.6171875,0.90506329
317,3,320,0.625,0.98125
262,37,299,0.58398438,0.75250836
260,60,320,0.625,0.625
287,46,333,0.65039062,0.72372372
305,15,320,0.625,0.90625
259,44,303,0.59179688,0.70957096
285,25,310,0.60546875,0.83870968
326,3,329,0.64257812,0.98176292
297,20,317,0.61914062,0.87381703
316,21,337,0.65820312,0.87537092
292,27,319,0.62304688,0.830721
299,14,313,0.61132812,0.91054313
268,28,296,0.578125,0.81081081
257,50,307,0.59960938,0.6742671
289,25,314,0.61328125,0.84076433
245,61,306,0.59765625,0.60130719
259,60,319,0.62304688,0.62382445
296,19,315,0.61523438,0.87936508
322,4,326,0.63671875,0.97546012
280,35,315,0.61523438,0.77777778
298,19,317,0.61914062,0.88012618
314,25,339,0.66210938,0.85250737
243,70,313,0.61132812,0.55271565
237,62,299,0.58398438,0.58528428
243,61,304,0.59375,0.59868421
225,93,318,0.62109375,0.41509434
271,54,325,0.63476562,0.66769231
218,83,301,0.58789062,0.44850498
260,60,320,0.625,0.625
301,17,318,0.62109375,0.89308176
308,18,326,0.63671875,0.88957055
241,64,305,0.59570312,0.58032787
271,53,324,0.6328125,0.67283951
292,24,316,0.6171875,0.84810127
315,7,322,0.62890625,0.95652174
310,21,331,0.64648438,0.87311178
261,53,314,0.61328125,0.66242038
296,17,313,0.61132812,0.8913738
304,18,322,0.62890625,0.88819876
232,72,304,0.59375,0.52631579
240,80,320,0.625,0.5
242,63,305,0.59570312,0.58688525
217,88,305,0.59570312,0.42295082
215,88,303,0.59179688,0.41914191
279,42,321,0.62695312,0.73831776
255,47,302,0.58984375,0.68874172
273,37,310,0.60546875,0.76129032
276,35,311,0.60742188,0.77491961
269,39,308,0.6015625,0.74675325
246,69,315,0.61523438,0.56190476
251,56,307,0.59960938,0.63517915
286,28,314,0.61328125,0.82165605
274,39,313,0.61132812,0.75079872
242,68,310,0.60546875,0.56129032
292,29,321,0.62695312,0.81931464
284,36,320,0.625,0.775
228,81,309,0.60351562,0.47572816
258,45,303,0.59179688,0.7029703
262,40,302,0.58984375,0.73509934
217,73,290,0.56640625,0.49655172
158,147,305,0.59570312,0.036065574
174,141,315,0.61523438,0.1047619
176,131,307,0.59960938,0.1465798
156,136,292,0.5703125,0.068493151
246,62,308,0.6015625,0.5974026
269,41,310,0.60546875,0.73548387
307,17,324,0.6328125,0.89506173
299,17,316,0.6171875,0.89240506
264,42,306,0.59765625,0.7254902
292,18,310,0.60546875,0.88387097
307,17,324,0.6328125,0.89506173
327,6,333,0.65039062,0.96396396
324,9,333,0.65039062,0.94594595
294,23,317,0.61914062,0.85488959
319,15,334,0.65234375,0.91017964
258,56,314,0.61328125,0.6433121
265,57,322,0.62890625,0.64596273
259,50,309,0.60351562,0.6763754
303,16,319,0.62304688,0.89968652
251,54,305,0.59570312,0.64590164
259,49,308,0.6015625,0.68181818
278,38,316,0.6171875,0.75949367
277,28,305,0.59570312,0.81639344
303,18,321,0.62695312,0.88785047
327,7,334,0.65234375,0.95808383
302,17,319,0.62304688,0.89341693
286,26,312,0.609375,0.83333333
321,6,327,0.63867188,0.96330275
281,25,306,0.59765625,0.83660131
281,31,312,0.609375,0.80128205
296,21,317,0.61914062,0.86750789
257,50,307,0.59960938,0.6742671
245,69,314,0.61328125,0.56050955
254,54,308,0.6015625,0.64935065
278,38,316,0.6171875,0.75949367
263,46,309,0.60351562,0.70226537
256,51,307,0.59960938,0.66775244
297,14,311,0.60742188,0.90996785
282,34,316,0.6171875,0.78481013
288,17,305,0.59570312,0.88852459
304,20,324,0.6328125,0.87654321
291,16,307,0.59960938,0.89576547
303,27,330,0.64453125,0.83636364
327,0,327,0.63867188,1
318,0,318,0.62109375,1
293,28,321,0.62695312,0.82554517
307,15,322,0.62890625,0.9068323
293,21,314,0.61328125,0.86624204
297,4,301,0.58789062,0.97342193
308,9,317,0.61914062,0.94321767
317,12,329,0.64257812,0.92705167
279,40,319,0.62304688,0.7492163
283,30,313,0.61132812,0.80830671
298,31,329,0.64257812,0.81155015
263,49,312,0.609375,0.68589744
311,12,323,0.63085938,0.92569659
279,31,310,0.60546875,0.8
242,70,312,0.609375,0.55128205
196,112,308,0.6015625,0.27272727
250,52,302,0.58984375,0.65562914
196,117,313,0.61132812,0.25239617
151,159,310,0.60546875,-0.025806452
192,115,307,0.59960938,0.25081433
213,96,309,0.60351562,0.37864078
109,204,313,0.61132812,-0.30351438
104,214,318,0.62109375,-0.34591195
73,232,305,0.59570312,-0.52131148
93,218,311,0.60742188,-0.40192926
86,217,303,0.59179688,-0.43234323
50,255,305,0.59570312,-0.67213115
33,289,322,0.62890625,-0.79503106
76,229,305,0.59570312,-0.50163934
39,272,311,0.60742188,-0.74919614
14,302,316,0.6171875,-0.91139241
16,292,308,0.6015625,-0.8961039
49,258,307,0.59960938,-0.68078176
41,277,318,0.62109375,-0.74213836
11,308,319,0.62304688,-0.93103448
14,306,320,0.625,-0.9125
13,287,300,0.5859375,-0.91333333
50,255,305,0.59570312,-0.67213115
35,272,307,0.59960938,-0.77198697
32,281,313,0.61132812,-0.79552716
73,238,311,0.60742188,-0.53054662
59,246,305,0.59570312,-0.61311475
47,267,314,0.61328125,-0.70063694
40,258,298,0.58203125,-0.73154362
11,320,331,0.64648438,-0.93353474
41,280,321,0.62695312,-0.74454829
7,308,315,0.61523438,-0.95555556
13,302,315,0.61523438,-0.91746032
13,299,312,0.609375,-0.91666667
14,309,323,0.63085938,-0.91331269
11,318,329,0.64257812,-0.9331307
21,293,314,0.61328125,-0.86624204
9,316,325,0.63476562,-0.94461538
10,299,309,0.60351562,-0.93527508
10,310,320,0.625,-0.9375
18,300,318,0.62109375,-0.88679245
26,288,314,0.61328125,-0.8343949
37,273,310,0.60546875,-0.76129032
29,282,311,0.60742188,-0.81350482
36,273,309,0.60351562,-0.76699029
21,284,305,0.59570312,-0.86229508
13,309,322,0.62890625,-0.91925466
41,283,324,0.6328125,-0.74691358
25,288,313,0.61132812,-0.84025559
12,306,318,0.62109375,-0.9245283
51,263,314,0.61328125,-0.67515924
65,253,318,0.62109375,-0.59119497
133,170,303,0.59179688,-0.12211221
127,192,319,0.62304688,-0.20376176
161,156,317,0.61914062,0.015772871
179,123,302,0.58984375,0.18543046
229,85,314,0.61328125,0.45859873
264,64,328,0.640625,0.6097561
282,36,318,0.62109375,0.77358491
225,84,309,0.60351562,0.45631068
240,85,325,0.63476562,0.47692308
257,56,313,0.61132812,0.64217252
261,53,314,0.61328125,0.66242038
266,51,317,0.61914062,0.67823344
230,76,306,0.59765625,0.50326797
250,70,320,0.625,0.5625
216,91,307,0.59960938,0.40716612
236,72,308,0.6015625,0.53246753
181,126,307,0.59960938,0.17915309
198,109,307,0.59960938,0.28990228
212,105,317,0.61914062,0.33753943
190,122,312,0.609375,0.21794872
220,100,320,0.625,0.375
233,83,316,0.6171875,0.47468354
220,94,314,0.61328125,0.40127389
259,58,317,0.61914062,0.6340694
322,3,325,0.63476562,0.98153846
292,28,320,0.625,0.825
266,50,316,0.6171875,0.6835443
289,35,324,0.6328125,0.78395062
293,20,313,0.61132812,0.87220447
271,38,309,0.60351562,0.75404531
309,10,319,0.62304688,0.93730408
281,28,309,0.60351562,0.81877023
281,26,307,0.59960938,0.83061889
270,49,319,0.62304688,0.69278997
270,54,324,0.6328125,0.66666667
290,22,312,0.609375,0.85897436
286,32,318,0.62109375,0.79874214
261,63,324,0.6328125,0.61111111
296,24,320,0.625,0.85
316,2,318,0.62109375,0.98742138
303,11,314,0.61328125,0.92993631
296,22,318,0.62109375,0.86163522
289,21,310,0.60546875,0.86451613
258,50,308,0.6015625,0.67532468
162,137,299,0.58398438,0.08361204
144,187,331,0.64648438,-0.12990937
146,163,309,0.60351562,-0.055016181
135,173,308,0.6015625,-0.12337662
120,196,316,0.6171875,-0.24050633
137,187,324,0.6328125,-0.15432099
145,167,312,0.609375,-0.070512821
138,161,299,0.58398438,-0.076923077
114,206,320,0.625,-0.2875
79,223,302,0.58984375,-0.47682119
37,278,315,0.61523438,-0.76507937
39,276,315,0.61523438,-0.75238095
62,247,309,0.60351562,-0.5987055
84,229,313,0.61132812,-0.46325879
133,168,301,0.58789062,-0.11627907
66,241,307,0.59960938,-0.57003257
17,297,314,0.61328125,-0.89171975
2,324,326,0.63671875,-0.98773006
18,293,311,0.60742188,-0.88424437
27,290,317,0.61914062,-0.829653
31,285,316,0.6171875,-0.80379747
51,261,312,0.609375,-0.67307692
3,306,309,0.60351562,-0.98058252
38,271,309,0.60351562,-0.75404531
56,250,306,0.59765625,-0.63398693
65,257,322,0.62890625,-0.59627329
76,242,318,0.62109375,-0.52201258
31,272,303,0.59179688,-0.79537954
7,322,329,0.64257812,-0.95744681
18,308,326,0.63671875,-0.88957055
25,306,331,0.64648438,-0.8489426
22,281,303,0.59179688,-0.85478548
24,294,318,0.62109375,-0.8490566
9,304,313,0.61132812,-0.94249201
10,307,317,0.61914062,-0.93690852
13,303,316,0.6171875,-0.91772152
25,288,313,0.61132812,-0.84025559
28,283,311,0.60742188,-0.81993569
40,276,316,0.6171875,-0.74683544
22,305,327,0.63867188,-0.86544343
10,296,306,0.59765625,-0.93464052
11,316,327,0.63867188,-0.93272171
17,295,312,0.609375,-0.89102564
17,298,315,0.61523438,-0.89206349
29,293,322,0.62890625,-0.81987578
29,295,324,0.6328125,-0.82098765
43,275,318,0.62109375,-0.72955975
30,271,301,0.58789062,-0.80066445
24,297,321,0.62695312,-0.85046729
18,307,325,0.63476562,-0.88923077
16,313,329,0.64257812,-0.90273556
54,269,323,0.63085938,-0.66563467
92,218,310,0.60546875,-0.40645161
87,220,307,0.59960938,-0.43322476
51,247,298,0.58203125,-0.65771812
94,225,319,0.62304688,-0.41065831
121,180,301,0.58789062,-0.19601329
144,176,320,0.625,-0.1
165,148,313,0.61132812,0.054313099
187,113,300,0.5859375,0.24666667
232,67,299,0.58398438,0.55183946
227,76,303,0.59179688,0.49834983
222,95,317,0.61914062,0.40063091
192,117,309,0.60351562,0.24271845
183,129,312,0.609375,0.17307692
168,148,316,0.6171875,0.063291139
144,181,325,0.63476562,-0.11384615
135,179,314,0.61328125,-0.14012739
181,138,319,0.62304688,0.13479624
142,155,297,0.58007812,-0.043771044
167,131,298,0.58203125,0.12080537
153,146,299,0.58398438,0.023411371
178,140,318,0.62109375,0.11949686
116,188,304,0.59375,-0.23684211
89,212,301,0.58789062,-0.40863787
59,252,311,0.60742188,-0.62057878
64,236,300,0.5859375,-0.57333333
26,290,316,0.6171875,-0.83544304
6,309,315,0.61523438,-0.96190476
3,320,323,0.63085938,-0.98142415
2,308,310,0.60546875,-0.98709677
34,295,329,0.64257812,-0.79331307
42,270,312,0.609375,-0.73076923
73,233,306,0.59765625,-0.52287582
54,263,317,0.61914062,-0.65930599
75,224,299,0.58398438,-0.49832776
93,230,323,0.63085938,-0.42414861
50,266,316,0.6171875,-0.6835443
42,269,311,0.60742188,-0.72990354
52,259,311,0.60742188,-0.66559486
17,287,304,0.59375,-0.88815789
58,246,304,0.59375,-0.61842105
34,284,318,0.62109375,-0.78616352
42,271,313,0.61132812,-0.73162939
39,270,309,0.60351562,-0.74757282
23,284,307,0.59960938,-0.85016287
61,239,300,0.5859375,-0.59333333
58,253,311,0.60742188,-0.62700965
116,189,305,0.59570312,-0.23934426
123,188,311,0.60742188,-0.20900322
113,200,313,0.61132812,-0.27795527
35,283,318,0.62109375,-0.77987421
26,274,300,0.5859375,-0.82666667
2,331,333,0.65039062,-0.98798799
4,318,322,0.62890625,-0.97515528
56,260,316,0.6171875,-0.64556962
68,238,306,0.59765625,-0.55555556
127,176,303,0.59179688,-0.16171617
158,146,304,0.59375,0.039473684
149,153,302,0.58984375,-0.013245033
157,144,301,0.58789062,0.043189369
82,219,301,0.58789062,-0.4551495
92,225,317,0.61914062,-0.41955836
117,191,308,0.6015625,-0.24025974
112,188,300,0.5859375,-0.25333333
149,166,315,0.61523438,-0.053968254
169,148,317,0.61914062,0.066246057
163,149,312,0.609375,0.044871795
168,131,299,0.58398438,0.12374582
125,175,300,0.5859375,-0.16666667
66,238,304,0.59375,-0.56578947
64,245,309,0.60351562,-0.58576052
90,221,311,0.60742188,-0.42122186
89,228,317,0.61914062,-0.4384858
74,232,306,0.59765625,-0.51633987
48,261,309,0.60351562,-0.68932039
3,318,321,0.62695312,-0.98130841
16,300,316,0.6171875,-0.89873418
37,279,316,0.6171875,-0.76582278
34,277,311,0.60742188,-0.78135048
43,277,320,0.625,-0.73125
114,209,323,0.63085938,-0.29411765
118,187,305,0.59570312,-0.22622951
79,233,312,0.609375,-0.49358974
81,229,310,0.60546875,-0.47741935
59,251,310,0.60546875,-0.61935484
23,298,321,0.62695312,-0.85669782
3,326,329,0.64257812,-0.98176292
16,293,309,0.60351562,-0.89644013
56,261,317,0.61914062,-0.6466877
80,240,320,0.625,-0.5
87,222,309,0.60351562,-0.4368932
60,246,306,0.59765625,-0.60784314
33,287,320,0.625,-0.79375
44,283,327,0.63867188,-0.73088685
62,261,323,0.63085938,-0.61609907
47,271,318,0.62109375,-0.70440252
49,278,327,0.63867188,-0.70030581
58,258,316,0.6171875,-0.63291139
99,215,314,0.61328125,-0.36942675
155,163,318,0.62109375,-0.025157233
207,98,305,0.59570312,0.35737705
265,53,318,0.62109375,0.66666667
303,16,319,0.62304688,0.89968652
313,4,317,0.61914062,0.97476341
306,12,318,0.62109375,0.9245283
289,37,326,0.63671875,0.77300613
251,75,326,0.63671875,0.5398773
233,87,320,0.625,0.45625
190,122,312,0.609375,0.21794872
190,110,300,0.5859375,0.26666667
137,172,309,0.60351562,-0.11326861
160,152,312,0.609375,0.025641026
145,154,299,0.58398438,-0.030100334
146,157,303,0.59179688,-0.03630363
146,175,321,0.62695312,-0.090342679
129,176,305,0.59570312,-0.15409836
141,168,309,0.60351562,-0.087378641
172,138,310,0.60546875,0.10967742
201,102,303,0.59179688,0.32673267
202,113,315,0.61523438,0.28253968
205,102,307,0.59960938,0.33550489
213,102,315,0.61523438,0.35238095
225,100,325,0.63476562,0.38461538
192,112,304,0.59375,0.26315789
199,112,311,0.60742188,0.27974277
226,81,307,0.59960938,0.4723127
270,38,308,0.6015625,0.75324675
215,92,307,0.59960938,0.40065147
243,70,313,0.61132812,0.55271565
249,59,308,0.6015625,0.61688312
316,0,316,0.6171875,1
327,4,331,0.64648438,0.97583082
314,15,329,0.64257812,0.90881459
319,0,319,0.62304688,1
284,30,314,0.61328125,0.8089172
281,32,313,0.61132812,0.79552716
283,35,318,0.62109375,0.77987421
303,10,313,0.61132812,0.93610224
299,19,318,0.62109375,0.88050314
319,11,330,0.64453125,0.93333333
276,51,327,0.63867188,0.68807339
258,58,316,0.6171875,0.63291139
226,93,319,0.62304688,0.4169279
214,98,312,0.609375,0.37179487
157,132,289,0.56445312,0.08650519
236,67,303,0.59179688,0.55775578
239,70,309,0.60351562,0.54692557
227,82,309,0.60351562,0.46925566
213,103,316,0.6171875,0.34810127
214,90,304,0.59375,0.40789474
242,67,309,0.60351562,0.56634304
258,50,308,0.6015625,0.67532468
292,29,321,0.62695312,0.81931464
289,30,319,0.62304688,0.81191223
296,16,312,0.609375,0.8974359
276,30,306,0.59765625,0.80392157
273,37,310,0.60546875,0.76129032
259,59,318,0.62109375,0.62893082
186,119,305,0.59570312,0.21967213
192,114,306,0.59765625,0.25490196
255,62,317,0.61914062,0.60883281
283,41,324,0.6328125,0.74691358
301,11,312,0.609375,0.92948718
307,8,315,0.61523438,0.94920635
281,41,322,0.62890625,0.74534161
288,22,310,0.60546875,0.85806452
272,42,314,0.61328125,0.73248408
311,12,323,0.63085938,0.92569659
310,5,315,0.61523438,0.96825397
264,47,311,0.60742188,0.6977492
256,63,319,0.62304688,0.60501567
261,56,317,0.61914062,0.6466877
183,114,297,0.58007812,0.23232323
250,55,305,0.59570312,0.63934426
304,19,323,0.63085938,0.88235294
299,17,316,0.6171875,0.89240506
323,12,335,0.65429688,0.92835821
300,11,311,0.60742188,0.92926045
308,5,313,0.61132812,0.96805112
294,24,318,0.62109375,0.8490566
288,36,324,0.6328125,0.77777778
266,50,316,0.6171875,0.6835443
272,42,314,0.61328125,0.73248408
300,9,309,0.60351562,0.94174757
310,14,324,0.6328125,0.91358025
293,27,320,0.625,0.83125
317,10,327,0.63867188,0.93883792
321,7,328,0.640625,0.95731707
285,26,311,0.60742188,0.83279743
296,19,315,0.61523438,0.87936508
253,48,301,0.58789062,0.68106312
264,42,306,0.59765625,0.7254902
320,4,324,0.6328125,0.97530864
288,28,316,0.6171875,0.82278481
298,19,317,0.61914062,0.88012618
283,30,313,0.61132812,0.80830671
273,37,310,0.60546875,0.76129032
310,7,317,0.61914062,0.95583596
301,10,311,0.60742188,0.93569132
300,13,313,0.61132812,0.91693291
263,51,314,0.61328125,0.67515924
247,62,309,0.60351562,0.5987055
273,35,308,0.6015625,0.77272727
262,61,323,0.63085938,0.62229102
302,8,310,0.60546875,0.9483871
290,25,315,0.61523438,0.84126984
297,18,315,0.61523438,0.88571429
297,12,309,0.60351562,0.9223301
287,34,321,0.62695312,0.78816199
277,40,317,0.61914062,0.74763407
271,46,317,0.61914062,0.70977918
320,8,328,0.640625,0.95121951
309,8,317,0.61914062,0.94952681
299,25,324,0.6328125,0.84567901
298,28,326,0.63671875,0.82822086
272,45,317,0.61914062,0.71608833
276,38,314,0.61328125,0.75796178
232,80,312,0.609375,0.48717949
125,183,308,0.6015625,-0.18831169
167,148,315,0.61523438,0.06031746
220,100,320,0.625,0.375
193,116,309,0.60351562,0.24919094
167,137,304,0.59375,0.098684211
120,189,309,0.60351562,-0.22330097
153,157,310,0.60546875,-0.012903226
137,169,306,0.59765625,-0.10457516
52,266,318,0.62109375,-0.67295597
42,267,309,0.60351562,-0.72815534
62,245,307,0.59960938,-0.59609121
112,192,304,0.59375,-0.26315789
98,204,302,0.58984375,-0.35099338
85,226,311,0.60742188,-0.45337621
119,191,310,0.60546875,-0.23225806
120,175,295,0.57617188,-0.18644068
120,189,309,0.60351562,-0.22330097
114,211,325,0.63476562,-0.29846154
126,190,316,0.6171875,-0.20253165
53,261,314,0.61328125,-0.66242038
33,280,313,0.61132812,-0.78913738
48,260,308,0.6015625,-0.68831169
59,256,315,0.61523438,-0.62539683
107,199,306,0.59765625,-0.30065359
114,207,321,0.62695312,-0.28971963
32,283,315,0.61523438,-0.7968254
18,303,321,0.62695312,-0.88785047
46,275,321,0.62695312,-0.71339564
53,267,320,0.625,-0.66875
158,140,298,0.58203125,0.060402685
170,141,311,0.60742188,0.093247588
168,149,317,0.61914062,0.059936909
237,72,309,0.60351562,0.53398058
231,77,308,0.6015625,0.5
249,61,310,0.60546875,0.60645161
303,12,315,0.61523438,0.92380952
286,26,312,0.609375,0.83333333
302,22,324,0.6328125,0.86419753
315,14,329,0.64257812,0.91489362
301,10,311,0.60742188,0.93569132
305,20,325,0.63476562,0.87692308
330,5,335,0.65429688,0.97014925
280,37,317,0.61914062,0.76656151
276,41,317,0.61914062,0.74132492
243,72,315,0.61523438,0.54285714
189,117,306,0.59765625,0.23529412
243,61,304,0.59375,0.59868421
288,29,317,0.61914062,0.8170347
313,15,328,0.640625,0.90853659
282,38,320,0.625,0.7625
246,68,314,0.61328125,0.56687898
282,41,323,0.63085938,0.74613003
319,13,332,0.6484375,0.92168675
283,27,310,0.60546875,0.82580645
287,29,316,0.6171875,0.8164557
285,17,302,0.58984375,0.88741722
279,37,316,0.6171875,0.76582278
282,35,317,0.61914062,0.77917981
299,29,328,0.640625,0.82317073
306,11,317,0.61914062,0.93059937
311,14,325,0.63476562,0.91384615
277,29,306,0.59765625,0.81045752
271,32,303,0.59179688,0.78877888
323,10,333,0.65039062,0.93993994
325,5,330,0.64453125,0.96969697
278,15,293,0.57226562,0.89761092
294,27,321,0.62695312,0.8317757
294,39,333,0.65039062,0.76576577
264,56,320,0.625,0.65
259,59,318,0.62109375,0.62893082
274,37,311,0.60742188,0.76205788
280,35,315,0.61523438,0.77777778
271,42,313,0.61132812,0.73162939
269,53,322,0.62890625,0.67080745
297,21,318,0.62109375,0.86792453
282,34,316,0.6171875,0.78481013
297,28,325,0.63476562,0.82769231
263,55,318,0.62109375,0.65408805
236,74,310,0.60546875,0.52258065
233,87,320,0.625,0.45625
199,109,308,0.6015625,0.29220779
187,127,314,0.61328125,0.1910828
123,184,307,0.59960938,-0.19869707
115,186,301,0.58789062,-0.2358804
54,265,319,0.62304688,-0.66144201
30,297,327,0.63867188,-0.81651376
8,307,315,0.61523438,-0.94920635
15,316,331,0.64648438,-0.90936556
12,304,316,0.6171875,-0.92405063
32,292,324,0.6328125,-0.80246914
16,309,325,0.63476562,-0.90153846
15,299,314,0.61328125,-0.9044586
5,314,319,0.62304688,-0.96865204
20,314,334,0.65234375,-0.88023952
110,215,325,0.63476562,-0.32307692
108,207,315,0.61523438,-0.31428571
175,127,302,0.58984375,0.1589404
165,151,316,0.6171875,0.044303797
171,129,300,0.5859375,0.14
226,72,298,0.58203125,0.51677852
242,69,311,0.60742188,0.5562701
203,118,321,0.62695312,0.26479751
220,86,306,0.59765625,0.4379085
283,41,324,0.6328125,0.74691358
286,32,318,0.62109375,0.79874214
242,68,310,0.60546875,0.56129032
313,16,329,0.64257812,0.90273556
271,44,315,0.61523438,0.72063492
303,21,324,0.6328125,0.87037037
272,27,299,0.58398438,0.81939799
294,23,317,0.61914062,0.85488959
314,6,320,0.625,0.9625
298,13,311,0.60742188,0.91639871
287,39,326,0.63671875,0.7607362
253,56,309,0.60351562,0.63754045
285,33,318,0.62109375,0.79245283
286,36,322,0.62890625,0.77639752
311,9,320,0.625,0.94375
258,53,311,0.60742188,0.65916399
263,47,310,0.60546875,0.69677419
238,74,312,0.609375,0.52564103
259,50,309,0.60351562,0.6763754
196,114,310,0.60546875,0.26451613
179,120,299,0.58398438,0.19732441
246,59,305,0.59570312,0.61311475
267,56,323,0.63085938,0.65325077
277,43,320,0.625,0.73125
248,54,302,0.58984375,0.64238411
283,29,312,0.609375,0.81410256
309,6,315,0.61523438,0.96190476
296,19,315,0.61523438,0.87936508
305,17,322,0.62890625,0.89440994
271,42,313,0.61132812,0.73162939
269,46,315,0.61523438,0.70793651
270,45,315,0.61523438,0.71428571
282,35,317,0.61914062,0.77917981
276,23,299,0.58398438,0.84615385
299,13,312,0.609375,0.91666667
308,5,313,0.61132812,0.96805112
314,7,321,0.62695312,0.95638629
325,0,325,0.63476562,1
324,4,328,0.640625,0.97560976
282,27,309,0.60351562,0.82524272
275,31,306,0.59765625,0.79738562
297,15,312,0.609375,0.90384615
266,41,307,0.59960938,0.73289902
294,32,326,0.63671875,0.80368098
254,53,307,0.59960938,0.65472313
289,28,317,0.61914062,0.82334385
234,66,300,0.5859375,0.56
279,33,312,0.609375,0.78846154
263,55,318,0.62109375,0.65408805
258,58,316,0.6171875,0.63291139
226,76,302,0.58984375,0.49668874
262,55,317,0.61914062,0.65299685
288,33,321,0.62695312,0.79439252
312,13,325,0.63476562,0.92
280,34,314,0.61328125,0.78343949
253,48,301,0.58789062,0.68106312
304,14,318,0.62109375,0.91194969
255,51,306,0.59765625,0.66666667
308,16,324,0.6328125,0.90123457
287,29,316,0.6171875,0.8164557
285,36,321,0.62695312,0.77570093
314,8,322,0.62890625,0.95031056
276,53,329,0.64257812,0.67781155
243,60,303,0.59179688,0.6039604
221,96,317,0.61914062,0.39432177
180,144,324,0.6328125,0.11111111
206,111,317,0.61914062,0.29968454
184,131,315,0.61523438,0.16825397
189,116,305,0.59570312,0.23934426
142,170,312,0.609375,-0.08974359
152,157,309,0.60351562,-0.01618123
244,72,316,0.6171875,0.5443038
260,54,314,0.61328125,0.65605096
245,68,313,0.61132812,0.56549521
279,40,319,0.62304688,0.7492163
178,135,313,0.61132812,0.13738019
136,162,298,0.58203125,-0.087248322
130,178,308,0.6015625,-0.15584416
104,197,301,0.58789062,-0.3089701
107,210,317,0.61914062,-0.32492114
77,244,321,0.62695312,-0.52024922
74,235,309,0.60351562,-0.5210356
122,186,308,0.6015625,-0.20779221
83,234,317,0.61914062,-0.47634069
97,218,315,0.61523438,-0.38412698
99,219,318,0.62109375,-0.37735849
71,236,307,0.59960938,-0.53745928
49,271,320,0.625,-0.69375
118,187,305,0.59570312,-0.22622951
136,177,313,0.61132812,-0.13099042
187,124,311,0.60742188,0.20257235
133,183,316,0.6171875,-0.15822785
105,197,302,0.58984375,-0.30463576
130,174,304,0.59375,-0.14473684
155,152,307,0.59960938,0.009771987
110,180,290,0.56640625,-0.24137931
147,165,312,0.609375,-0.057692308
158,152,310,0.60546875,0.019354839
146,165,311,0.60742188,-0.061093248
128,174,302,0.58984375,-0.15231788
94,213,307,0.59960938,-0.38762215
156,158,314,0.61328125,-0.0063694268
133,183,316,0.6171875,-0.15822785
112,190,302,0.58984375,-0.25827815
61,243,304,0.59375,-0.59868421
15,305,320,0.625,-0.90625
30,286,316,0.6171875,-0.81012658
14,302,316,0.6171875,-0.91139241
9,309,318,0.62109375,-0.94339623
12,311,323,0.63085938,-0.92569659
21,297,318,0.62109375,-0.86792453
48,272,320,0.625,-0.7
92,222,314,0.61328125,-0.41401274
130,171,301,0.58789062,-0.13621262
133,185,318,0.62109375,-0.16352201
109,204,313,0.61132812,-0.30351438
110,203,313,0.61132812,-0.2971246
112,198,310,0.60546875,-0.27741935
93,212,305,0.59570312,-0.39016393
89,218,307,0.59960938,-0.42019544
94,201,295,0.57617188,-0.36271186
117,190,307,0.59960938,-0.23778502
110,191,301,0.58789062,-0.26910299
80,238,318,0.62109375,-0.49685535
53,269,322,0.62890625,-0.67080745
26,299,325,0.63476562,-0.84
7,318,325,0.63476562,-0.95692308
15,306,321,0.62695312,-0.90654206
2,317,319,0.62304688,-0.98746082
28,289,317,0.61914062,-0.82334385
13,293,306,0.59765625,-0.91503268
48,272,320,0.625,-0.7
37,285,322,0.62890625,-0.77018634
14,318,332,0.6484375,-0.91566265
17,304,321,0.62695312,-0.894081
16,306,322,0.62890625,-0.90062112
29,289,318,0.62109375,-0.81761006
41,268,309,0.60351562,-0.73462783
11,306,317,0.61914062,-0.93059937
24,292,316,0.6171875,-0.84810127
108,217,325,0.63476562,-0.33538462
93,214,307,0.59960938,-0.39413681
152,162,314,0.61328125,-0.031847134
172,127,299,0.58398438,0.15050167
113,191,304,0.59375,-0.25657895
203,121,324,0.6328125,0.25308642
189,127,316,0.6171875,0.19620253
229,75,304,0.59375,0.50657895
237,66,303,0.59179688,0.56435644
280,30,310,0.60546875,0.80645161
304,26,330,0.64453125,0.84242424
222,80,302,0.58984375,0.47019868
217,99,316,0.6171875,0.37341772
213,95,308,0.6015625,0.38311688
241,78,319,0.62304688,0.51097179
229,81,310,0.60546875,0.47741935
155,145,300,0.5859375,0.033333333
152,160,312,0.609375,-0.025641026
134,162,296,0.578125,-0.094594595
111,192,303,0.59179688,-0.26732673
81,223,304,0.59375,-0.46710526
117,189,306,0.59765625,-0.23529412
79,231,310,0.60546875,-0.49032258
76,231,307,0.59960938,-0.50488599
132,174,306,0.59765625,-0.1372549
116,194,310,0.60546875,-0.2516129
89,224,313,0.61132812,-0.4313099
106,199,305,0.59570312,-0.30491803
94,222,316,0.6171875,-0.40506329
42,277,319,0.62304688,-0.73667712
35,263,298,0.58203125,-0.76510067
27,280,307,0.59960938,-0.82410423
16,309,325,0.63476562,-0.90153846
23,292,315,0.61523438,-0.85396825
20,294,314,0.61328125,-0.87261146
30,285,315,0.61523438,-0.80952381
82,236,318,0.62109375,-0.48427673
126,171,297,0.58007812,-0.15151515
206,100,306,0.59765625,0.34640523
229,86,315,0.61523438,0.45396825
288,35,323,0.63085938,0.78328173
273,47,320,0.625,0.70625
257,51,308,0.6015625,0.66883117
327,3,330,0.64453125,0.98181818
300,24,324,0.6328125,0.85185185
301,15,316,0.6171875,0.90506329
292,24,316,0.6171875,0.84810127
303,9,312,0.609375,0.94230769
309,19,328,0.640625,0.88414634
282,39,321,0.62695312,0.75700935
295,21,316,0.6171875,0.86708861
293,35,328,0.640625,0.78658537
299,19,318,0.62109375,0.88050314
270,51,321,0.62695312,0.68224299
251,58,309,0.60351562,0.62459547
305,19,324,0.6328125,0.88271605
292,14,306,0.59765625,0.90849673
295,19,314,0.61328125,0.87898089
235,73,308,0.6015625,0.52597403
286,38,324,0.6328125,0.7654321
274,51,325,0.63476562,0.68615385
280,36,316,0.6171875,0.7721519
251,77,328,0.640625,0.5304878
227,100,327,0.63867188,0.3883792
256,72,328,0.640625,0.56097561
249,77,326,0.63671875,0.52760736
138,163,301,0.58789062,-0.083056478
129,182,311,0.60742188,-0.17041801
58,259,317,0.61914062,-0.6340694
38,289,327,0.63867188,-0.7675841
9,303,312,0.609375,-0.94230769
55,265,320,0.625,-0.65625
25,275,300,0.5859375,-0.83333333
28,286,314,0.61328125,-0.82165605
42,276,318,0.62109375,-0.73584906
55,260,315,0.61523438,-0.65079365
94,217,311,0.60742188,-0.39549839
112,192,304,0.59375,-0.26315789
26,312,338,0.66015625,-0.84615385
34,266,300,0.5859375,-0.77333333
43,271,314,0.61328125,-0.72611465
119,193,312,0.609375,-0.23717949
165,142,307,0.59960938,0.074918567
126,186,312,0.609375,-0.19230769
10,313,323,0.63085938,-0.9380805
24,282,306,0.59765625,-0.84313725
37,271,308,0.6015625,-0.75974026
29,276,305,0.59570312,-0.80983607
21,290,311,0.60742188,-0.86495177
39,271,310,0.60546875,-0.7483871
38,267,305,0.59570312,-0.75081967
48,275,323,0.63085938,-0.70278638
16,303,319,0.62304688,-0.89968652
42,276,318,0.62109375,-0.73584906
80,242,322,0.62890625,-0.50310559
100,223,323,0.63085938,-0.38080495
46,271,317,0.61914062,-0.70977918
20,304,324,0.6328125,-0.87654321
30,264,294,0.57421875,-0.79591837
9,323,332,0.6484375,-0.94578313
9,306,315,0.61523438,-0.94285714
27,308,335,0.65429688,-0.83880597
30,290,320,0.625,-0.8125
16,301,317,0.61914062,-0.89905363
14,298,312,0.609375,-0.91025641
2,313,315,0.61523438,-0.98730159
26,281,307,0.59960938,-0.83061889
21,307,328,0.640625,-0.87195122
29,284,313,0.61132812,-0.81469649
27,285,312,0.609375,-0.82692308
15,317,332,0.6484375,-0.90963855
13,316,329,0.64257812,-0.92097264
15,318,333,0.65039062,-0.90990991
1,316,317,0.61914062,-0.99369085
32,272,304,0.59375,-0.78947368
85,230,315,0.61523438,-0.46031746
59,251,310,0.60546875,-0.61935484
53,270,323,0.63085938,-0.67182663
24,295,319,0.62304688,-0.84952978
73,238,311,0.60742188,-0.53054662
57,251,308,0.6015625,-0.62987013
11,308,319,0.62304688,-0.93103448
28,274,302,0.58984375,-0.81456954
35,288,323,0.63085938,-0.78328173
52,277,329,0.64257812,-0.68389058
35,273,308,0.6015625,-0.77272727
45,278,323,0.63085938,-0.72136223
34,267,301,0.58789062,-0.77408638
77,230,307,0.59960938,-0.49837134
50,265,315,0.61523438,-0.68253968
104,211,315,0.61523438,-0.33968254
110,197,307,0.59960938,-0.28338762
51,260,311,0.60742188,-0.67202572
48,269,317,0.61914062,-0.69716088
99,220,319,0.62304688,-0.37931034
74,232,306,0.59765625,-0.51633987
41,270,311,0.60742188,-0.73633441
11,311,322,0.62890625,-0.93167702
16,302,318,0.62109375,-0.89937107
17,295,312,0.609375,-0.89102564
18,300,318,0.62109375,-0.88679245
20,310,330,0.64453125,-0.87878788
110,197,307,0.59960938,-0.28338762
85,220,305,0.59570312,-0.44262295
61,260,321,0.62695312,-0.61993769
42,271,313,0.61132812,-0.73162939
29,289,318,0.62109375,-0.81761006
34,289,323,0.63085938,-0.78947368
13,315,328,0.640625,-0.92073171
28,296,324,0.6328125,-0.82716049
2,310,312,0.609375,-0.98717949
7,317,324,0.6328125,-0.95679012
9,304,313,0.61132812,-0.94249201
8,325,333,0.65039062,-0.95195195
16,298,314,0.61328125,-0.89808917
8,302,310,0.60546875,-0.9483871
50,265,315,0.61523438,-0.68253968
38,276,314,0.61328125,-0.75796178
26,293,319,0.62304688,-0.8369906
41,285,326,0.63671875,-0.74846626
60,248,308,0.6015625,-0.61038961
5,301,306,0.59765625,-0.96732026
9,317,326,0.63671875,-0.94478528
56,263,319,0.62304688,-0.64890282
66,239,305,0.59570312,-0.56721311
80,230,310,0.60546875,-0.48387097
89,239,328,0.640625,-0.45731707
104,211,315,0.61523438,-0.33968254
74,246,320,0.625,-0.5375
92,212,304,0.59375,-0.39473684
55,274,329,0.64257812,-0.6656535
25,294,319,0.62304688,-0.84326019
35,283,318,0.62109375,-0.77987421
37,284,321,0.62695312,-0.7694704
47,272,319,0.62304688,-0.70532915
68,249,317,0.61914062,-0.57097792
81,228,309,0.60351562,-0.47572816
100,216,316,0.6171875,-0.36708861
88,236,324,0.6328125,-0.45679012
114,201,315,0.61523438,-0.27619048
37,277,314,0.61328125,-0.76433121
17,306,323,0.63085938,-0.89473684
11,303,314,0.61328125,-0.92993631
31,286,317,0.61914062,-0.8044164
24,291,315,0.61523438,-0.84761905
18,311,329,0.64257812,-0.89057751
32,266,298,0.58203125,-0.7852349
70,248,318,0.62109375,-0.55974843
107,206,313,0.61132812,-0.31629393
83,242,325,0.63476562,-0.48923077
148,152,300,0.5859375,-0.013333333
242,76,318,0.62109375,0.52201258
259,52,311,0.60742188,0.66559486
317,5,322,0.62890625,0.9689441
304,15,319,0.62304688,0.90595611
309,10,319,0.62304688,0.93730408
273,45,318,0.62109375,0.71698113
262,52,314,0.61328125,0.66878981
306,18,324,0.6328125,0.88888889
265,57,322,0.62890625,0.64596273
292,30,322,0.62890625,0.8136646
254,55,309,0.60351562,0.64401294
243,68,311,0.60742188,0.56270096
288,31,319,0.62304688,0.80564263
286,22,308,0.6015625,0.85714286
277,40,317,0.61914062,0.74763407
217,95,312,0.609375,0.39102564
199,105,304,0.59375,0.30921053
257,70,327,0.63867188,0.57186544
289,35,324,0.6328125,0.78395062
321,2,323,0.63085938,0.9876161
295,15,310,0.60546875,0.90322581
311,14,325,0.63476562,0.91384615
282,32,314,0.61328125,0.79617834
262,46,308,0.6015625,0.7012987
259,48,307,0.59960938,0.68729642
243,75,318,0.62109375,0.52830189
261,50,311,0.60742188,0.67845659
286,33,319,0.62304688,0.79310345
300,19,319,0.62304688,0.88087774
311,11,322,0.62890625,0.93167702
294,20,314,0.61328125,0.87261146
276,31,307,0.59960938,0.7980456
255,49,304,0.59375,0.67763158
264,48,312,0.609375,0.69230769
267,45,312,0.609375,0.71153846
239,76,315,0.61523438,0.51746032
224,82,306,0.59765625,0.46405229
227,79,306,0.59765625,0.48366013
232,73,305,0.59570312,0.52131148
287,32,319,0.62304688,0.79937304
265,45,310,0.60546875,0.70967742
252,58,310,0.60546875,0.62580645
247,67,314,0.61328125,0.57324841
315,11,326,0.63671875,0.93251534
289,27,316,0.6171875,0.82911392
314,1,315,0.61523438,0.99365079
310,13,323,0.63085938,0.91950464
302,10,312,0.609375,0.93589744
305,9,314,0.61328125,0.94267516
293,22,315,0.61523438,0.86031746
322,3,325,0.63476562,0.98153846
304,9,313,0.61132812,0.94249201
312,7,319,0.62304688,0.95611285
311,5,316,0.6171875,0.96835443
306,24,330,0.64453125,0.85454545
294,26,320,0.625,0.8375
270,38,308,0.6015625,0.75324675
241,62,303,0.59179688,0.59075908
292,22,314,0.61328125,0.85987261
242,55,297,0.58007812,0.62962963
252,55,307,0.59960938,0.64169381
253,54,307,0.59960938,0.64820847
330,10,340,0.6640625,0.94117647
299,23,322,0.62890625,0.85714286
305,16,321,0.62695312,0.90031153
310,24,334,0.65234375,0.85628743
306,11,317,0.61914062,0.93059937
306,11,317,0.61914062,0.93059937
304,13,317,0.61914062,0.91798107
253,54,307,0.59960938,0.64820847
211,90,301,0.58789062,0.40199336
289,22,311,0.60742188,0.8585209
281,42,323,0.63085938,0.73993808
284,33,317,0.61914062,0.79179811
285,22,307,0.59960938,0.85667752
321,3,324,0.6328125,0.98148148
251,57,308,0.6015625,0.62987013
227,80,307,0.59960938,0.47882736
264,46,310,0.60546875,0.70322581
250,82,332,0.6484375,0.5060241
264,38,302,0.58984375,0.74834437
260,61,321,0.62695312,0.61993769
263,53,316,0.6171875,0.66455696
218,89,307,0.59960938,0.42019544
235,96,331,0.64648438,0.41993958
262,62,324,0.6328125,0.61728395
172,149,321,0.62695312,0.07165109
223,94,317,0.61914062,0.40694006
240,79,319,0.62304688,0.50470219
306,20,326,0.63671875,0.87730061
233,73,306,0.59765625,0.52287582
268,32,300,0.5859375,0.78666667
273,37,310,0.60546875,0.76129032
277,42,319,0.62304688,0.73667712
248,60,308,0.6015625,0.61038961
275,37,312,0.609375,0.76282051
304,14,318,0.62109375,0.91194969
316,10,326,0.63671875,0.93865031
295,26,321,0.62695312,0.83800623
310,10,320,0.625,0.9375
291,16,307,0.59960938,0.89576547
313,12,325,0.63476562,0.92615385
313,16,329,0.64257812,0.90273556
297,22,319,0.62304688,0.86206897
296,14,310,0.60546875,0.90967742
283,47,330,0.64453125,0.71515152
294,30,324,0.6328125,0.81481481
309,7,316,0.6171875,0.9556962
319,2,321,0.62695312,0.98753894
304,8,312,0.609375,0.94871795
297,23,320,0.625,0.85625
313,14,327,0.63867188,0.91437309
304,24,328,0.640625,0.85365854
286,28,314,0.61328125,0.82165605
263,56,319,0.62304688,0.64890282
255,58,313,0.61132812,0.62939297
267,53,320,0.625,0.66875
290,40,330,0.64453125,0.75757576
290,22,312,0.609375,0.85897436
290,22,312,0.609375,0.85897436
279,37,316,0.6171875,0.76582278
227,87,314,0.61328125,0.44585987
204,100,304,0.59375,0.34210526
247,71,318,0.62109375,0.55345912
193,127,320,0.625,0.20625
181,127,308,0.6015625,0.17532468
288,34,322,0.62890625,0.78881988
246,74,320,0.625,0.5375
197,112,309,0.60351562,0.27508091
226,91,317,0.61914062,0.42586751
213,107,320,0.625,0.33125
163,158,321,0.62695312,0.015576324
125,183,308,0.6015625,-0.18831169
82,220,302,0.58984375,-0.45695364
138,181,319,0.62304688,-0.13479624
131,181,312,0.609375,-0.16025641
127,197,324,0.6328125,-0.21604938
81,232,313,0.61132812,-0.48242812
93,210,303,0.59179688,-0.38613861
92,217,309,0.60351562,-0.40453074
56,264,320,0.625,-0.65
64,235,299,0.58398438,-0.57190635
41,271,312,0.609375,-0.73717949
16,290,306,0.59765625,-0.89542484
30,288,318,0.62109375,-0.81132075
12,302,314,0.61328125,-0.92356688
35,277,312,0.609375,-0.77564103
23,281,304,0.59375,-0.84868421
45,275,320,0.625,-0.71875
96,217,313,0.61132812,-0.38658147
81,224,305,0.59570312,-0.46885246
109,207,316,0.6171875,-0.31012658
69,238,307,0.59960938,-0.5504886
97,215,312,0.609375,-0.37820513
68,247,315,0.61523438,-0.56825397
44,266,310,0.60546875,-0.71612903
60,261,321,0.62695312,-0.62616822
59,264,323,0.63085938,-0.63467492
40,275,315,0.61523438,-0.74603175
33,280,313,0.61132812,-0.78913738
73,237,310,0.60546875,-0.52903226
60,248,308,0.6015625,-0.61038961
96,222,318,0.62109375,-0.39622642
52,270,322,0.62890625,-0.67701863
33,267,300,0.5859375,-0.78
5,316,321,0.62695312,-0.96884735
35,290,325,0.63476562,-0.78461538
78,236,314,0.61328125,-0.50318471
28,295,323,0.63085938,-0.82662539
60,249,309,0.60351562,-0.61165049
52,267,319,0.62304688,-0.67398119
44,269,313,0.61132812,-0.71884984
58,256,314,0.61328125,-0.63057325
34,279,313,0.61132812,-0.7827476
12,318,330,0.64453125,-0.92727273
37,275,312,0.609375,-0.76282051
34,293,327,0.63867188,-0.79204893
18,295,313,0.61132812,-0.88498403
32,292,324,0.6328125,-0.80246914
24,280,304,0.59375,-0.84210526
3,310,313,0.61132812,-0.98083067
21,302,323,0.63085938,-0.86996904
45,265,310,0.60546875,-0.70967742
105,206,311,0.60742188,-0.32475884
125,186,311,0.60742188,-0.19614148
102,210,312,0.609375,-0.34615385
138,177,315,0.61523438,-0.12380952
96,216,312,0.609375,-0.38461538
74,231,305,0.59570312,-0.5147541
18,291,309,0.60351562,-0.88349515
11,299,310,0.60546875,-0.92903226
18,286,304,0.59375,-0.88157895
20,297,317,0.61914062,-0.87381703
45,267,312,0.609375,-0.71153846
41,271,312,0.609375,-0.73717949
12,314,326,0.63671875,-0.92638037
3,311,314,0.61328125,-0.98089172
6,319,325,0.63476562,-0.96307692
21,294,315,0.61523438,-0.86666667
23,291,314,0.61328125,-0.85350318
54,266,320,0.625,-0.6625
67,244,311,0.60742188,-0.56913183
25,308,333,0.65039062,-0.84984985
26,296,322,0.62890625,-0.83850932
17,304,321,0.62695312,-0.894081
12,319,331,0.64648438,-0.92749245
43,275,318,0.62109375,-0.72955975
68,252,320,0.625,-0.575
49,258,307,0.59960938,-0.68078176
47,286,333,0.65039062,-0.71771772
9,322,331,0.64648438,-0.94561934
26,288,314,0.61328125,-0.8343949
34,280,314,0.61328125,-0.78343949
32,277,309,0.60351562,-0.79288026
55,263,318,0.62109375,-0.65408805
68,241,309,0.60351562,-0.55987055
19,303,322,0.62890625,-0.88198758
23,297,320,0.625,-0.85625
14,307,321,0.62695312,-0.91277259
72,248,320,0.625,-0.55
154,152,306,0.59765625,0.0065359477
136,181,317,0.61914062,-0.14195584
190,109,299,0.58398438,0.27090301
230,78,308,0.6015625,0.49350649
185,129,314,0.61328125,0.17834395
117,191,308,0.6015625,-0.24025974
123,192,315,0.61523438,-0.21904762
126,175,301,0.58789062,-0.1627907
186,136,322,0.62890625,0.1552795
271,38,309,0.60351562,0.75404531
240,70,310,0.60546875,0.5483871
276,42,318,0.62109375,0.73584906
274,37,311,0.60742188,0.76205788
283,40,323,0.63085938,0.75232198
282,32,314,0.61328125,0.79617834
285,25,310,0.60546875,0.83870968
269,35,304,0.59375,0.76973684
313,8,321,0.62695312,0.95015576
308,11,319,0.62304688,0.93103448
222,74,296,0.578125,0.5
226,89,315,0.61523438,0.43492063
251,59,310,0.60546875,0.61935484
255,67,322,0.62890625,0.58385093
258,52,310,0.60546875,0.66451613
256,49,305,0.59570312,0.67868852
281,33,314,0.61328125,0.78980892
266,53,319,0.62304688,0.6677116
219,92,311,0.60742188,0.40836013
270,55,325,0.63476562,0.66153846
303,12,315,0.61523438,0.92380952
317,10,327,0.63867188,0.93883792
291,25,316,0.6171875,0.84177215
308,12,320,0.625,0.925
292,20,312,0.609375,0.87179487
276,45,321,0.62695312,0.71962617
277,52,329,0.64257812,0.68389058
255,64,319,0.62304688,0.59874608
236,83,319,0.62304688,0.47962382
264,48,312,0.609375,0.69230769
280,38,318,0.62109375,0.76100629
305,12,317,0.61914062,0.92429022
322,10,332,0.6484375,0.93975904
293,18,311,0.60742188,0.88424437
262,46,308,0.6015625,0.7012987
257,46,303,0.59179688,0.69636964
271,48,319,0.62304688,0.69905956
266,31,297,0.58007812,0.79124579
310,15,325,0.63476562,0.90769231
254,57,311,0.60742188,0.63344051
198,103,301,0.58789062,0.31561462
195,123,318,0.62109375,0.22641509
210,105,315,0.61523438,0.33333333
235,79,314,0.61328125,0.49681529
249,67,316,0.6171875,0.57594937
246,60,306,0.59765625,0.60784314
246,68,314,0.61328125,0.56687898
266,63,329,0.64257812,0.61702128
294,33,327,0.63867188,0.79816514
293,17,310,0.60546875,0.89032258
295,31,326,0.63671875,0.80981595
285,32,317,0.61914062,0.79810726
300,20,320,0.625,0.875
269,37,306,0.59765625,0.75816993
292,25,317,0.61914062,0.84227129
287,14,301,0.58789062,0.90697674
260,53,313,0.61132812,0.66134185
238,70,308,0.6015625,0.54545455
310,18,328,0.640625,0.8902439
235,74,309,0.60351562,0.5210356
214,99,313,0.61132812,0.36741214
220,72,292,0.5703125,0.50684932
266,53,319,0.62304688,0.6677116
298,32,330,0.64453125,0.80606061
279,41,320,0.625,0.74375
300,28,328,0.640625,0.82926829
275,40,315,0.61523438,0.74603175
275,40,315,0.61523438,0.74603175
262,57,319,0.62304688,0.64263323
284,38,322,0.62890625,0.76397516
255,49,304,0.59375,0.67763158
272,29,301,0.58789062,0.80730897
266,59,325,0.63476562,0.63692308
273,30,303,0.59179688,0.8019802
267,42,309,0.60351562,0.72815534
309,17,326,0.63671875,0.89570552
278,28,306,0.59765625,0.81699346
272,35,307,0.59960938,0.77198697
310,17,327,0.63867188,0.89602446
301,12,313,0.61132812,0.92332268
277,25,302,0.58984375,0.83443709
313,14,327,0.63867188,0.91437309
301,20,321,0.62695312,0.87538941
278,31,309,0.60351562,0.79935275
305,8,313,0.61132812,0.94888179
273,56,329,0.64257812,0.65957447
263,48,311,0.60742188,0.69131833
277,38,315,0.61523438,0.75873016
187,119,306,0.59765625,0.22222222
123,174,297,0.58007812,-0.17171717
118,188,306,0.59765625,-0.22875817
187,124,311,0.60742188,0.20257235
157,163,320,0.625,-0.01875
139,165,304,0.59375,-0.085526316
223,89,312,0.609375,0.42948718
205,101,306,0.59765625,0.33986928
161,154,315,0.61523438,0.022222222
206,101,307,0.59960938,0.34201954
253,60,313,0.61132812,0.61661342
254,55,309,0.60351562,0.64401294
228,77,305,0.59570312,0.49508197
268,45,313,0.61132812,0.71246006
282,37,319,0.62304688,0.76802508
236,78,314,0.61328125,0.50318471
212,99,311,0.60742188,0.36334405
199,111,310,0.60546875,0.28387097
215,93,308,0.6015625,0.3961039
228,76,304,0.59375,0.5
212,100,312,0.609375,0.35897436
157,151,308,0.6015625,0.019480519
135,177,312,0.609375,-0.13461538
169,127,296,0.578125,0.14189189
181,130,311,0.60742188,0.16398714
230,96,326,0.63671875,0.41104294
234,87,321,0.62695312,0.45794393
272,58,330,0.64453125,0.64848485
273,45,318,0.62109375,0.71698113
180,125,305,0.59570312,0.18032787
215,95,310,0.60546875,0.38709677
272,52,324,0.6328125,0.67901235
319,6,325,0.63476562,0.96307692
266,31,297,0.58007812,0.79124579
255,65,320,0.625,0.59375
236,71,307,0.59960938,0.53745928
208,102,310,0.60546875,0.34193548
218,85,303,0.59179688,0.43894389
228,80,308,0.6015625,0.48051948
236,77,313,0.61132812,0.50798722
256,59,315,0.61523438,0.62539683
309,11,320,0.625,0.93125
283,37,320,0.625,0.76875
307,8,315,0.61523438,0.94920635
279,38,317,0.61914062,0.76025237
310,18,328,0.640625,0.8902439
294,28,322,0.62890625,0.82608696
288,25,313,0.61132812,0.84025559
288,30,318,0.62109375,0.81132075
326,5,331,0.64648438,0.96978852
298,19,317,0.61914062,0.88012618
287,33,320,0.625,0.79375
311,7,318,0.62109375,0.95597484
276,34,310,0.60546875,0.78064516
257,45,302,0.58984375,0.70198675
309,10,319,0.62304688,0.93730408
293,22,315,0.61523438,0.86031746
323,9,332,0.6484375,0.94578313
274,39,313,0.61132812,0.75079872
256,59,315,0.61523438,0.62539683
302,22,324,0.6328125,0.86419753
294,24,318,0.62109375,0.8490566
272,34,306,0.59765625,0.77777778
269,61,330,0.64453125,0.63030303
181,126,307,0.59960938,0.17915309
194,118,312,0.609375,0.24358974
215,105,320,0.625,0.34375
216,97,313,0.61132812,0.38019169
254,68,322,0.62890625,0.57763975
276,48,324,0.6328125,0.7037037
290,24,314,0.61328125,0.84713376
264,32,296,0.578125,0.78378378
287,27,314,0.61328125,0.82802548
263,42,305,0.59570312,0.72459016
302,14,316,0.6171875,0.91139241
315,6,321,0.62695312,0.96261682
266,45,311,0.60742188,0.71061093
276,50,326,0.63671875,0.69325153
278,36,314,0.61328125,0.77070064
303,4,307,0.59960938,0.97394137
288,31,319,0.62304688,0.80564263
282,40,322,0.62890625,0.7515528
292,22,314,0.61328125,0.85987261
305,17,322,0.62890625,0.89440994
289,32,321,0.62695312,0.80062305
270,54,324,0.6328125,0.66666667
299,10,309,0.60351562,0.93527508
268,38,306,0.59765625,0.75163399
296,32,328,0.640625,0.80487805
271,36,307,0.59960938,0.76547231
300,16,316,0.6171875,0.89873418
264,46,310,0.60546875,0.70322581
253,44,297,0.58007812,0.7037037
267,49,316,0.6171875,0.68987342
252,66,318,0.62109375,0.58490566
256,48,304,0.59375,0.68421053
245,63,308,0.6015625,0.59090909
304,24,328,0.640625,0.85365854
303,26,329,0.64257812,0.84194529
269,40,309,0.60351562,0.74110032
185,114,299,0.58398438,0.23745819
151,159,310,0.60546875,-0.025806452
103,209,312,0.609375,-0.33974359
71,232,303,0.59179688,-0.53135314
34,277,311,0.60742188,-0.78135048
46,278,324,0.6328125,-0.71604938
30,296,326,0.63671875,-0.81595092
41,269,310,0.60546875,-0.73548387
43,269,312,0.609375,-0.72435897
93,222,315,0.61523438,-0.40952381
150,158,308,0.6015625,-0.025974026
215,104,319,0.62304688,0.34796238
194,111,305,0.59570312,0.27213115
244,68,312,0.609375,0.56410256
198,111,309,0.60351562,0.2815534
196,125,321,0.62695312,0.2211838
149,157,306,0.59765625,-0.026143791
119,185,304,0.59375,-0.21710526
75,241,316,0.6171875,-0.52531646
81,229,310,0.60546875,-0.47741935
63,266,329,0.64257812,-0.61702128
61,245,306,0.59765625,-0.60130719
67,242,309,0.60351562,-0.56634304
25,283,308,0.6015625,-0.83766234
64,255,319,0.62304688,-0.59874608
42,275,317,0.61914062,-0.73501577
4,317,321,0.62695312,-0.97507788
26,288,314,0.61328125,-0.8343949
78,229,307,0.59960938,-0.49185668
37,283,320,0.625,-0.76875
58,256,314,0.61328125,-0.63057325
37,284,321,0.62695312,-0.7694704
28,286,314,0.61328125,-0.82165605
64,249,313,0.61132812,-0.59105431
36,283,319,0.62304688,-0.77429467
31,277,308,0.6015625,-0.7987013
38,276,314,0.61328125,-0.75796178
46,278,324,0.6328125,-0.71604938
82,232,314,0.61328125,-0.47770701
54,265,319,0.62304688,-0.66144201
29,284,313,0.61132812,-0.81469649
21,298,319,0.62304688,-0.86833856
6,299,305,0.59570312,-0.96065574
35,284,319,0.62304688,-0.78056426
44,265,309,0.60351562,-0.71521036
36,265,301,0.58789062,-0.76079734
40,267,307,0.59960938,-0.73941368
30,283,313,0.61132812,-0.80830671
70,242,312,0.609375,-0.55128205
70,241,311,0.60742188,-0.54983923
57,249,306,0.59765625,-0.62745098
99,209,308,0.6015625,-0.35714286
18,298,316,0.6171875,-0.88607595
22,291,313,0.61132812,-0.85942492
9,311,320,0.625,-0.94375
31,282,313,0.61132812,-0.80191693
19,298,317,0.61914062,-0.88012618
75,237,312,0.609375,-0.51923077
64,253,317,0.61914062,-0.59621451
17,316,333,0.65039062,-0.8978979
6,299,305,0.59570312,-0.96065574
21,297,318,0.62109375,-0.86792453
17,301,318,0.62109375,-0.89308176
14,309,323,0.63085938,-0.91331269
21,304,325,0.63476562,-0.87076923
34,288,322,0.62890625,-0.78881988
90,216,306,0.59765625,-0.41176471
75,232,307,0.59960938,-0.51140065
149,160,309,0.60351562,-0.035598706
184,136,320,0.625,0.15
146,166,312,0.609375,-0.064102564
202,108,310,0.60546875,0.30322581
157,149,306,0.59765625,0.026143791
143,161,304,0.59375,-0.059210526
158,138,296,0.578125,0.067567568
163,149,312,0.609375,0.044871795
123,177,300,0.5859375,-0.18
83,226,309,0.60351562,-0.46278317
33,273,306,0.59765625,-0.78431373
72,239,311,0.60742188,-0.53697749
98,211,309,0.60351562,-0.36569579
156,158,314,0.61328125,-0.0063694268
133,166,299,0.58398438,-0.11036789
98,203,301,0.58789062,-0.34883721
87,220,307,0.59960938,-0.43322476
67,240,307,0.59960938,-0.56351792
50,279,329,0.64257812,-0.69604863
35,273,308,0.6015625,-0.77272727
42,264,306,0.59765625,-0.7254902
16,304,320,0.625,-0.9
17,306,323,0.63085938,-0.89473684
27,282,309,0.60351562,-0.82524272
55,261,316,0.6171875,-0.65189873
31,291,322,0.62890625,-0.80745342
29,293,322,0.62890625,-0.81987578
29,291,320,0.625,-0.81875
68,234,302,0.58984375,-0.54966887
99,211,310,0.60546875,-0.36129032
96,224,320,0.625,-0.4
61,251,312,0.609375,-0.60897436
80,227,307,0.59960938,-0.47882736
74,234,308,0.6015625,-0.51948052
51,260,311,0.60742188,-0.67202572
54,253,307,0.59960938,-0.64820847
43,272,315,0.61523438,-0.72698413
59,278,337,0.65820312,-0.64985163
8,309,317,0.61914062,-0.94952681
50,258,308,0.6015625,-0.67532468
47,262,309,0.60351562,-0.69579288
94,217,311,0.60742188,-0.39549839
99,211,310,0.60546875,-0.36129032
54,271,325,0.63476562,-0.66769231
81,246,327,0.63867188,-0.50458716
79,229,308,0.6015625,-0.48701299
119,198,317,0.61914062,-0.24921136
93,217,310,0.60546875,-0.4
137,169,306,0.59765625,-0.10457516
136,166,302,0.58984375,-0.099337748
177,147,324,0.6328125,0.092592593
223,77,300,0.5859375,0.48666667
240,73,313,0.61132812,0.53354633
241,56,297,0.58007812,0.62289562
317,12,329,0.64257812,0.92705167
288,35,323,0.63085938,0.78328173
320,4,324,0.6328125,0.97530864
294,26,320,0.625,0.8375
315,3,318,0.62109375,0.98113208
291,19,310,0.60546875,0.87741935
308,13,321,0.62695312,0.91900312
294,16,310,0.60546875,0.89677419
311,18,329,0.64257812,0.89057751
290,44,334,0.65234375,0.73652695
248,54,302,0.58984375,0.64238411
189,110,299,0.58398438,0.26421405
202,103,305,0.59570312,0.32459016
225,79,304,0.59375,0.48026316
250,71,321,0.62695312,0.5576324
237,66,303,0.59179688,0.56435644
270,52,322,0.62890625,0.67701863
306,24,330,0.64453125,0.85454545
307,12,319,0.62304688,0.92476489
294,11,305,0.59570312,0.92786885
294,22,316,0.6171875,0.86075949
308,12,320,0.625,0.925
295,24,319,0.62304688,0.84952978
300,8,308,0.6015625,0.94805195
298,24,322,0.62890625,0.85093168
294,27,321,0.62695312,0.8317757
250,53,303,0.59179688,0.65016502
268,45,313,0.61132812,0.71246006
247,55,302,0.58984375,0.63576159
264,57,321,0.62695312,0.64485981
220,89,309,0.60351562,0.42394822
212,98,310,0.60546875,0.36774194
247,62,309,0.60351562,0.5987055
219,98,317,0.61914062,0.38170347
183,132,315,0.61523438,0.16190476
204,115,319,0.62304688,0.27899687
216,102,318,0.62109375,0.35849057
188,118,306,0.59765625,0.22875817
151,161,312,0.609375,-0.032051282
106,201,307,0.59960938,-0.30944625
122,194,316,0.6171875,-0.2278481
55,246,301,0.58789062,-0.6345515
22,297,319,0.62304688,-0.86206897
52,257,309,0.60351562,-0.66343042
32,284,316,0.6171875,-0.79746835
58,250,308,0.6015625,-0.62337662
6,321,327,0.63867188,-0.96330275
30,301,331,0.64648438,-0.81873112
41,277,318,0.62109375,-0.74213836
70,238,308,0.6015625,-0.54545455
91,215,306,0.59765625,-0.40522876
118,184,302,0.58984375,-0.21854305
141,171,312,0.609375,-0.096153846
137,185,322,0.62890625,-0.14906832
125,184,309,0.60351562,-0.19093851
75,230,305,0.59570312,-0.50819672
73,234,307,0.59960938,-0.52442997
46,274,320,0.625,-0.7125
52,246,298,0.58203125,-0.65100671
26,287,313,0.61132812,-0.83386581
54,265,319,0.62304688,-0.66144201
30,292,322,0.62890625,-0.8136646
97,210,307,0.59960938,-0.36807818
125,199,324,0.6328125,-0.22839506
146,168,314,0.61328125,-0.070063694
190,126,316,0.6171875,0.20253165
219,106,325,0.63476562,0.34769231
206,118,324,0.6328125,0.27160494
202,114,316,0.6171875,0.27848101
157,146,303,0.59179688,0.03630363
182,135,317,0.61914062,0.14826498
178,126,304,0.59375,0.17105263
162,155,317,0.61914062,0.022082019
158,158,316,0.6171875,0
190,115,305,0.59570312,0.24590164
154,149,303,0.59179688,0.01650165
173,136,309,0.60351562,0.1197411
205,104,309,0.60351562,0.32686084
295,27,322,0.62890625,0.83229814
292,21,313,0.61132812,0.8658147
272,34,306,0.59765625,0.77777778
220,74,294,0.57421875,0.49659864
207,102,309,0.60351562,0.33980583
247,63,310,0.60546875,0.59354839
231,84,315,0.61523438,0.46666667
220,99,319,0.62304688,0.37931034
282,42,324,0.6328125,0.74074074
247,75,322,0.62890625,0.53416149
221,107,328,0.640625,0.34756098
231,80,311,0.60742188,0.48553055
271,48,319,0.62304688,0.69905956
275,42,317,0.61914062,0.73501577
308,14,322,0.62890625,0.91304348
213,98,311,0.60742188,0.36977492
240,74,314,0.61328125,0.52866242
261,66,327,0.63867188,0.59633028
286,23,309,0.60351562,0.85113269
301,4,305,0.59570312,0.97377049
293,14,307,0.59960938,0.90879479
295,11,306,0.59765625,0.92810458
294,22,316,0.6171875,0.86075949
220,87,307,0.59960938,0.43322476
247,75,322,0.62890625,0.53416149
181,137,318,0.62109375,0.13836478
190,127,317,0.61914062,0.19873817
165,155,320,0.625,0.03125
110,204,314,0.61328125,-0.29936306
181,115,296,0.578125,0.22297297
173,149,322,0.62890625,0.074534161
161,158,319,0.62304688,0.0094043887
194,112,306,0.59765625,0.26797386
121,185,306,0.59765625,-0.20915033
153,155,308,0.6015625,-0.0064935065
200,106,306,0.59765625,0.30718954
221,86,307,0.59960938,0.43973941
233,71,304,0.59375,0.53289474
186,111,297,0.58007812,0.25252525
239,66,305,0.59570312,0.56721311
252,69,321,0.62695312,0.57009346
273,31,304,0.59375,0.79605263
308,13,321,0.62695312,0.91900312
259,43,302,0.58984375,0.71523179
289,26,315,0.61523438,0.83492063
267,51,318,0.62109375,0.67924528
248,62,310,0.60546875,0.6
301,14,315,0.61523438,0.91111111
302,15,317,0.61914062,0.90536278
302,6,308,0.6015625,0.96103896
252,44,296,0.578125,0.7027027
284,35,319,0.62304688,0.78056426
306,8,314,0.61328125,0.94904459
295,8,303,0.59179688,0.94719472
284,33,317,0.61914062,0.79179811
296,14,310,0.60546875,0.90967742
250,63,313,0.61132812,0.59744409
261,45,306,0.59765625,0.70588235
316,13,329,0.64257812,0.92097264
296,18,314,0.61328125,0.88535032
300,14,314,0.61328125,0.91082803
283,29,312,0.609375,0.81410256
272,41,313,0.61132812,0.73801917
286,27,313,0.61132812,0.82747604
275,37,312,0.609375,0.76282051
299,22,321,0.62695312,0.86292835
313,10,323,0.63085938,0.9380805
291,32,323,0.63085938,0.80185759
293,21,314,0.61328125,0.86624204
255,46,301,0.58789062,0.69435216
304,22,326,0.63671875,0.86503067
311,4,315,0.61523438,0.97460317
304,11,315,0.61523438,0.93015873
291,25,316,0.6171875,0.84177215
323,4,327,0.63867188,0.97553517
291,26,317,0.61914062,0.83596215
257,65,322,0.62890625,0.59627329
221,88,309,0.60351562,0.43042071
213,100,313,0.61132812,0.36102236
229,75,304,0.59375,0.50657895
243,73,316,0.6171875,0.53797468
265,51,316,0.6171875,0.67721519
282,36,318,0.62109375,0.77358491
308,5,313,0.61132812,0.96805112
318,0,318,0.62109375,1
263,46,309,0.60351562,0.70226537
279,36,315,0.61523438,0.77142857
297,21,318,0.62109375,0.86792453
326,2,328,0.640625,0.98780488
307,15,322,0.62890625,0.9068323
276,42,318,0.62109375,0.73584906
266,48,314,0.61328125,0.69426752
241,62,303,0.59179688,0.59075908
237,76,313,0.61132812,0.514377
287,21,308,0.6015625,0.86363636
304,18,322,0.62890625,0.88819876
301,17,318,0.62109375,0.89308176
262,49,311,0.60742188,0.68488746
274,42,316,0.6171875,0.73417722
224,92,316,0.6171875,0.41772152
256,50,306,0.59765625,0.67320261
216,96,312,0.609375,0.38461538
291,18,309,0.60351562,0.88349515
251,60,311,0.60742188,0.61414791
154,157,311,0.60742188,-0.0096463023
205,107,312,0.609375,0.31410256
197,112,309,0.60351562,0.27508091
184,123,307,0.59960938,0.19869707
203,114,317,0.61914062,0.2807571
203,103,306,0.59765625,0.32679739
156,155,311,0.60742188,0.0032154341
129,167,296,0.578125,-0.12837838
143,158,301,0.58789062,-0.049833887
158,161,319,0.62304688,-0.0094043887
181,122,303,0.59179688,0.19471947
220,110,330,0.64453125,0.33333333
171,133,304,0.59375,0.125
145,171,316,0.6171875,-0.082278481
99,214,313,0.61132812,-0.36741214
105,218,323,0.63085938,-0.3498452
88,218,306,0.59765625,-0.4248366
70,249,319,0.62304688,-0.56112853
87,224,311,0.60742188,-0.44051447
66,237,303,0.59179688,-0.56435644
81,229,310,0.60546875,-0.47741935
56,246,302,0.58984375,-0.62913907
81,239,320,0.625,-0.49375
120,190,310,0.60546875,-0.22580645
110,201,311,0.60742188,-0.2926045
117,185,302,0.58984375,-0.22516556
96,222,318,0.62109375,-0.39622642
117,203,320,0.625,-0.26875
101,208,309,0.60351562,-0.34627832
61,257,318,0.62109375,-0.6163522
90,239,329,0.64257812,-0.45288754
135,164,299,0.58398438,-0.096989967
171,129,300,0.5859375,0.14
153,164,317,0.61914062,-0.034700315
132,179,311,0.60742188,-0.1511254
95,209,304,0.59375,-0.375
54,267,321,0.62695312,-0.6635514
21,297,318,0.62109375,-0.86792453
34,280,314,0.61328125,-0.78343949
34,280,314,0.61328125,-0.78343949
40,270,310,0.60546875,-0.74193548
46,261,307,0.59960938,-0.70032573
27,301,328,0.640625,-0.83536585
41,269,310,0.60546875,-0.73548387
23,292,315,0.61523438,-0.85396825
48,271,319,0.62304688,-0.69905956
87,230,317,0.61914062,-0.4511041
30,284,314,0.61328125,-0.8089172
50,278,328,0.640625,-0.69512195
103,213,316,0.6171875,-0.34810127
88,216,304,0.59375,-0.42105263
75,237,312,0.609375,-0.51923077
72,255,327,0.63867188,-0.55963303
66,245,311,0.60742188,-0.5755627
85,218,303,0.59179688,-0.43894389
74,243,317,0.61914062,-0.53312303
96,228,324,0.6328125,-0.40740741
90,248,338,0.66015625,-0.46745562
177,128,305,0.59570312,0.16065574
257,61,318,0.62109375,0.6163522
268,41,309,0.60351562,0.73462783
305,18,323,0.63085938,0.88854489
274,41,315,0.61523438,0.73968254
278,36,314,0.61328125,0.77070064
303,18,321,0.62695312,0.88785047
305,5,310,0.60546875,0.96774194
291,16,307,0.59960938,0.89576547
277,35,312,0.609375,0.77564103
271,44,315,0.61523438,0.72063492
304,18,322,0.62890625,0.88819876
303,19,322,0.62890625,0.88198758
302,3,305,0.59570312,0.98032787
309,17,326,0.63671875,0.89570552
294,21,315,0.61523438,0.86666667
304,16,320,0.625,0.9
317,22,339,0.66210938,0.87020649
293,23,316,0.6171875,0.85443038
231,67,298,0.58203125,0.55033557
253,59,312,0.609375,0.62179487
262,55,317,0.61914062,0.65299685
270,40,310,0.60546875,0.74193548
288,30,318,0.62109375,0.81132075
214,95,309,0.60351562,0.38511327
292,28,320,0.625,0.825
252,61,313,0.61132812,0.61022364
219,92,311,0.60742188,0.40836013
197,116,313,0.61132812,0.25878594
153,147,300,0.5859375,0.02
203,112,315,0.61523438,0.28888889
191,107,298,0.58203125,0.28187919
217,105,322,0.62890625,0.34782609
183,124,307,0.59960938,0.19218241
225,86,311,0.60742188,0.44694534
274,42,316,0.6171875,0.73417722
288,24,312,0.609375,0.84615385
286,28,314,0.61328125,0.82165605
287,36,323,0.63085938,0.77708978
233,66,299,0.58398438,0.55852843
289,38,327,0.63867188,0.7675841
256,74,330,0.64453125,0.55151515
268,42,310,0.60546875,0.72903226
259,51,310,0.60546875,0.67096774
248,66,314,0.61328125,0.57961783
259,58,317,0.61914062,0.6340694
279,35,314,0.61328125,0.77707006
272,36,308,0.6015625,0.76623377
278,45,323,0.63085938,0.72136223
290,16,306,0.59765625,0.89542484
291,23,314,0.61328125,0.85350318
315,3,318,0.62109375,0.98113208
295,23,318,0.62109375,0.85534591
281,27,308,0.6015625,0.82467532
299,25,324,0.6328125,0.84567901
248,67,315,0.61523438,0.57460317
272,46,318,0.62109375,0.71069182
278,40,318,0.62109375,0.74842767
214,108,322,0.62890625,0.32919255
232,78,310,0.60546875,0.49677419
261,49,310,0.60546875,0.68387097
268,59,327,0.63867188,0.63914373
225,85,310,0.60546875,0.4516129
240,72,312,0.609375,0.53846154
235,73,308,0.6015625,0.52597403
225,88,313,0.61132812,0.43769968
188,129,317,0.61914062,0.18611987
170,137,307,0.59960938,0.10749186
157,152,309,0.60351562,0.01618123
106,195,301,0.58789062,-0.29568106
92,227,319,0.62304688,-0.42319749
36,281,317,0.61914062,-0.77287066
33,280,313,0.61132812,-0.78913738
47,251,298,0.58203125,-0.68456376
29,284,313,0.61132812,-0.81469649
3,319,322,0.62890625,-0.98136646
33,280,313,0.61132812,-0.78913738
10,319,329,0.64257812,-0.93920973
3,329,332,0.6484375,-0.98192771
29,274,303,0.59179688,-0.80858086
72,238,310,0.60546875,-0.53548387
95,228,323,0.63085938,-0.41176471
75,230,305,0.59570312,-0.50819672
15,306,321,0.62695312,-0.90654206
41,282,323,0.63085938,-0.74613003
71,235,306,0.59765625,-0.53594771
80,224,304,0.59375,-0.47368421
60,250,310,0.60546875,-0.61290323
82,212,294,0.57421875,-0.44217687
91,229,320,0.625,-0.43125
160,145,305,0.59570312,0.049180328
137,174,311,0.60742188,-0.11897106
128,182,310,0.60546875,-0.17419355
112,203,315,0.61523438,-0.28888889
81,230,311,0.60742188,-0.47909968
64,250,314,0.61328125,-0.59235669
49,265,314,0.61328125,-0.68789809
66,248,314,0.61328125,-0.57961783
54,243,297,0.58007812,-0.63636364
74,248,322,0.62890625,-0.54037267
55,257,312,0.609375,-0.6474359
76,249,325,0.63476562,-0.53230769
70,246,316,0.6171875,-0.55696203
119,199,318,0.62109375,-0.25157233
61,253,314,0.61328125,-0.61146497
113,196,309,0.60351562,-0.26860841
91,227,318,0.62109375,-0.42767296
102,206,308,0.6015625,-0.33766234
79,224,303,0.59179688,-0.47854785
99,205,304,0.59375,-0.34868421
133,176,309,0.60351562,-0.13915858
67,237,304,0.59375,-0.55921053
22,291,313,0.61132812,-0.85942492
39,272,311,0.60742188,-0.74919614
31,288,319,0.62304688,-0.80564263
53,264,317,0.61914062,-0.66561514
20,285,305,0.59570312,-0.86885246
42,276,318,0.62109375,-0.73584906
34,288,322,0.62890625,-0.78881988
12,296,308,0.6015625,-0.92207792
18,313,331,0.64648438,-0.89123867
13,310,323,0.63085938,-0.91950464
8,313,321,0.62695312,-0.95015576
23,303,326,0.63671875,-0.85889571
18,300,318,0.62109375,-0.88679245
11,290,301,0.58789062,-0.9269103
6,319,325,0.63476562,-0.96307692
19,308,327,0.63867188,-0.88379205
17,303,320,0.625,-0.89375
22,306,328,0.640625,-0.86585366
33,277,310,0.60546875,-0.78709677
17,306,323,0.63085938,-0.89473684
13,305,318,0.62109375,-0.91823899
36,276,312,0.609375,-0.76923077
5,323,328,0.640625,-0.9695122
20,296,316,0.6171875,-0.87341772
9,299,308,0.6015625,-0.94155844
39,278,317,0.61914062,-0.75394322
21,310,331,0.64648438,-0.87311178
35,267,302,0.58984375,-0.76821192
42,273,315,0.61523438,-0.73333333
61,248,309,0.60351562,-0.60517799
82,231,313,0.61132812,-0.47603834
81,234,315,0.61523438,-0.48571429
91,209,300,0.5859375,-0.39333333
70,249,319,0.62304688,-0.56112853
51,251,302,0.58984375,-0.66225166
51,272,323,0.63085938,-0.68421053
84,243,327,0.63867188,-0.48623853
76,245,321,0.62695312,-0.52647975
51,264,315,0.61523438,-0.67619048
34,269,303,0.59179688,-0.77557756
17,297,314,0.61328125,-0.89171975
27,294,321,0.62695312,-0.8317757
33,280,313,0.61132812,-0.78913738
17,307,324,0.6328125,-0.89506173
17,309,326,0.63671875,-0.89570552
19,298,317,0.61914062,-0.88012618
3,312,315,0.61523438,-0.98095238
21,299,320,0.625,-0.86875
17,305,322,0.62890625,-0.89440994
14,300,314,0.61328125,-0.91082803
13,301,314,0.61328125,-0.91719745
31,281,312,0.609375,-0.80128205
24,304,328,0.640625,-0.85365854
14,305,319,0.62304688,-0.91222571
4,329,333,0.65039062,-0.97597598
15,300,315,0.61523438,-0.9047619
7,308,315,0.61523438,-0.95555556
58,274,332,0.6484375,-0.65060241
43,290,333,0.65039062,-0.74174174
41,276,317,0.61914062,-0.74132492
46,260,306,0.59765625,-0.69934641
31,300,331,0.64648438,-0.81268882
94,216,310,0.60546875,-0.39354839
121,206,327,0.63867188,-0.25993884
140,165,305,0.59570312,-0.081967213
166,134,300,0.5859375,0.10666667
185,132,317,0.61914062,0.16719243
191,116,307,0.59960938,0.24429967
181,126,307,0.59960938,0.17915309
207,105,312,0.609375,0.32692308
304,38,342,0.66796875,0.77777778
270,47,317,0.61914062,0.70347003
244,68,312,0.609375,0.56410256
214,85,299,0.58398438,0.43143813
287,21,308,0.6015625,0.86363636
293,22,315,0.61523438,0.86031746
304,14,318,0.62109375,0.91194969
263,41,304,0.59375,0.73026316
301,12,313,0.61132812,0.92332268
261,52,313,0.61132812,0.66773163
209,100,309,0.60351562,0.35275081
214,102,316,0.6171875,0.35443038
230,86,316,0.6171875,0.4556962
198,128,326,0.63671875,0.21472393
248,71,319,0.62304688,0.55485893
220,96,316,0.6171875,0.39240506
242,71,313,0.61132812,0.54632588
266,52,318,0.62109375,0.67295597
301,22,323,0.63085938,0.86377709
310,14,324,0.6328125,0.91358025
321,8,329,0.64257812,0.95136778
291,22,313,0.61132812,0.85942492
316,7,323,0.63085938,0.95665635
316,4,320,0.625,0.975
293,9,302,0.58984375,0.94039735
284,36,320,0.625,0.775
308,23,331,0.64648438,0.86102719
295,19,314,0.61328125,0.87898089
311,7,318,0.62109375,0.95597484
293,28,321,0.62695312,0.82554517
262,55,317,0.61914062,0.65299685
246,55,301,0.58789062,0.6345515
284,37,321,0.62695312,0.7694704
206,103,309,0.60351562,0.33333333
207,96,303,0.59179688,0.36633663
250,66,316,0.6171875,0.58227848
260,55,315,0.61523438,0.65079365
227,86,313,0.61132812,0.45047923
260,59,319,0.62304688,0.63009404
266,52,318,0.62109375,0.67295597
271,34,305,0.59570312,0.77704918
278,35,313,0.61132812,0.77635783
321,11,332,0.6484375,0.93373494
314,15,329,0.64257812,0.90881459
294,23,317,0.61914062,0.85488959
311,10,321,0.62695312,0.9376947
313,9,322,0.62890625,0.94409938
314,12,326,0.63671875,0.92638037
315,10,325,0.63476562,0.93846154
273,41,314,0.61328125,0.7388535
223,86,309,0.60351562,0.4433657
196,115,311,0.60742188,0.26045016
199,119,318,0.62109375,0.25157233
239,67,306,0.59765625,0.5620915
269,53,322,0.62890625,0.67080745
226,91,317,0.61914062,0.42586751
223,102,325,0.63476562,0.37230769
235,90,325,0.63476562,0.44615385
247,77,324,0.6328125,0.52469136
237,76,313,0.61132812,0.514377
236,70,306,0.59765625,0.54248366
317,5,322,0.62890625,0.9689441
293,27,320,0.625,0.83125
267,52,319,0.62304688,0.67398119
282,29,311,0.60742188,0.81350482
245,87,332,0.6484375,0.47590361
232,78,310,0.60546875,0.49677419
290,26,316,0.6171875,0.83544304
263,50,313,0.61132812,0.68051118
220,88,308,0.6015625,0.42857143
279,31,310,0.60546875,0.8
240,55,295,0.57617188,0.62711864
287,28,315,0.61523438,0.82222222
282,35,317,0.61914062,0.77917981
277,35,312,0.609375,0.77564103
239,72,311,0.60742188,0.53697749
301,14,315,0.61523438,0.91111111
315,11,326,0.63671875,0.93251534
275,53,328,0.640625,0.67682927
316,14,330,0.64453125,0.91515152
307,8,315,0.61523438,0.94920635
301,27,328,0.640625,0.83536585
297,30,327,0.63867188,0.81651376
322,6,328,0.640625,0.96341463
296,20,316,0.6171875,0.87341772
265,43,308,0.6015625,0.72077922
273,45,318,0.62109375,0.71698113
277,35,312,0.609375,0.77564103
244,60,304,0.59375,0.60526316
283,29,312,0.609375,0.81410256
321,2,323,0.63085938,0.9876161
309,14,323,0.63085938,0.91331269
288,24,312,0.609375,0.84615385
289,28,317,0.61914062,0.82334385
278,33,311,0.60742188,0.78778135
308,20,328,0.640625,0.87804878
257,64,321,0.62695312,0.60124611
292,23,315,0.61523438,0.85396825
286,33,319,0.62304688,0.79310345
272,46,318,0.62109375,0.71069182
319,2,321,0.62695312,0.98753894
300,16,316,0.6171875,0.89873418
283,21,304,0.59375,0.86184211
318,18,336,0.65625,0.89285714
316,7,323,0.63085938,0.95665635
302,16,318,0.62109375,0.89937107
305,7,312,0.609375,0.95512821
325,9,334,0.65234375,0.94610778
312,17,329,0.64257812,0.89665653
292,20,312,0.609375,0.87179487
279,31,310,0.60546875,0.8
265,48,313,0.61132812,0.69329073
290,26,316,0.6171875,0.83544304
308,5,313,0.61132812,0.96805112
261,50,311,0.60742188,0.67845659
240,69,309,0.60351562,0.55339806
222,91,313,0.61132812,0.41853035
204,110,314,0.61328125,0.29936306
194,115,309,0.60351562,0.25566343
204,97,301,0.58789062,0.35548173
226,71,297,0.58007812,0.52188552
270,55,325,0.63476562,0.66153846
259,45,304,0.59375,0.70394737
278,35,313,0.61132812,0.77635783
296,17,313,0.61132812,0.8913738
260,53,313,0.61132812,0.66134185
284,33,317,0.61914062,0.79179811
273,39,312,0.609375,0.75
292,31,323,0.63085938,0.80804954
234,74,308,0.6015625,0.51948052
238,66,304,0.59375,0.56578947
280,45,325,0.63476562,0.72307692
280,33,313,0.61132812,0.78913738
266,38,304,0.59375,0.75
281,36,317,0.61914062,0.77287066
299,22,321,0.62695312,0.86292835
291,32,323,0.63085938,0.80185759
306,12,318,0.62109375,0.9245283
314,8,322,0.62890625,0.95031056
310,6,316,0.6171875,0.96202532
275,38,313,0.61132812,0.7571885
267,50,317,0.61914062,0.68454259
312,13,325,0.63476562,0.92
304,17,321,0.62695312,0.894081
300,12,312,0.609375,0.92307692
320,4,324,0.6328125,0.97530864
311,13,324,0.6328125,0.91975309
262,45,307,0.59960938,0.70684039
278,39,317,0.61914062,0.75394322
307,6,313,0.61132812,0.96166134
311,10,321,0.62695312,0.9376947
313,7,320,0.625,0.95625
288,18,306,0.59765625,0.88235294
279,51,330,0.64453125,0.69090909
306,20,326,0.63671875,0.87730061
321,6,327,0.63867188,0.96330275
309,15,324,0.6328125,0.90740741
310,6,316,0.6171875,0.96202532
288,28,316,0.6171875,0.82278481
279,26,305,0.59570312,0.8295082
247,63,310,0.60546875,0.59354839
264,56,320,0.625,0.65
263,63,326,0.63671875,0.61349693
209,104,313,0.61132812,0.33546326
206,107,313,0.61132812,0.31629393
185,134,319,0.62304688,0.15987461
292,21,313,0.61132812,0.8658147
292,35,327,0.63867188,0.78593272
267,46,313,0.61132812,0.70607029
313,15,328,0.640625,0.90853659
292,26,318,0.62109375,0.83647799
292,25,317,0.61914062,0.84227129
299,29,328,0.640625,0.82317073
285,31,316,0.6171875,0.80379747
265,51,316,0.6171875,0.67721519
317,9,326,0.63671875,0.94478528
252,52,304,0.59375,0.65789474
278,28,306,0.59765625,0.81699346
323,7,330,0.64453125,0.95757576
294,26,320,0.625,0.8375
298,21,319,0.62304688,0.86833856
302,11,313,0.61132812,0.92971246
316,13,329,0.64257812,0.92097264
307,8,315,0.61523438,0.94920635
270,44,314,0.61328125,0.71974522
317,10,327,0.63867188,0.93883792
307,11,318,0.62109375,0.93081761
283,40,323,0.63085938,0.75232198
236,67,303,0.59179688,0.55775578
232,83,315,0.61523438,0.47301587
238,82,320,0.625,0.4875
254,56,310,0.60546875,0.63870968
269,44,313,0.61132812,0.71884984
309,5,314,0.61328125,0.96815287
314,14,328,0.640625,0.91463415
304,12,316,0.6171875,0.92405063
313,9,322,0.62890625,0.94409938
326,0,326,0.63671875,1
311,12,323,0.63085938,0.92569659
292,38,330,0.64453125,0.76969697
267,38,305,0.59570312,0.75081967
233,71,304,0.59375,0.53289474
293,23,316,0.6171875,0.85443038
323,0,323,0.63085938,1
298,14,312,0.609375,0.91025641
302,13,315,0.61523438,0.91746032
298,11,309,0.60351562,0.92880259
297,14,311,0.60742188,0.90996785
280,29,309,0.60351562,0.81229773
271,52,323,0.63085938,0.67801858
272,46,318,0.62109375,0.71069182
275,36,311,0.60742188,0.76848875
273,36,309,0.60351562,0.76699029
252,53,305,0.59570312,0.65245902
284,26,310,0.60546875,0.83225806
290,16,306,0.59765625,0.89542484
283,45,328,0.640625,0.72560976
284,19,303,0.59179688,0.87458746
290,35,325,0.63476562,0.78461538
321,17,338,0.66015625,0.89940828
253,68,321,0.62695312,0.57632399
289,21,310,0.60546875,0.86451613
236,65,301,0.58789062,0.56810631
268,49,317,0.61914062,0.69085174
295,24,319,0.62304688,0.84952978
285,29,314,0.61328125,0.81528662
289,26,315,0.61523438,0.83492063
242,73,315,0.61523438,0.53650794
274,51,325,0.63476562,0.68615385
251,53,304,0.59375,0.65131579
252,63,315,0.61523438,0.6
276,41,317,0.61914062,0.74132492
265,29,294,0.57421875,0.80272109
298,11,309,0.60351562,0.92880259
295,29,324,0.6328125,0.82098765
297,21,318,0.62109375,0.86792453
286,27,313,0.61132812,0.82747604
271,37,308,0.6015625,0.75974026
319,5,324,0.6328125,0.9691358
302,11,313,0.61132812,0.92971246
319,10,329,0.64257812,0.93920973
277,40,317,0.61914062,0.74763407
233,75,308,0.6015625,0.51298701
264,55,319,0.62304688,0.65517241
279,37,316,0.6171875,0.76582278
313,13,326,0.63671875,0.9202454
276,37,313,0.61132812,0.76357827
231,79,310,0.60546875,0.49032258
270,58,328,0.640625,0.64634146
256,72,328,0.640625,0.56097561
257,52,309,0.60351562,0.66343042
225,85,310,0.60546875,0.4516129
210,99,309,0.60351562,0.3592233
204,118,322,0.62890625,0.26708075
151,156,307,0.59960938,-0.016286645
47,266,313,0.61132812,-0.69968051
29,273,302,0.58984375,-0.80794702
71,235,306,0.59765625,-0.53594771
88,226,314,0.61328125,-0.43949045
118,194,312,0.609375,-0.24358974
136,166,302,0.58984375,-0.099337748
211,117,328,0.640625,0.28658537
183,121,304,0.59375,0.20394737
222,95,317,0.61914062,0.40063091
242,74,316,0.6171875,0.53164557
247,69,316,0.6171875,0.56329114
262,48,310,0.60546875,0.69032258
283,37,320,0.625,0.76875
293,26,319,0.62304688,0.8369906
296,22,318,0.62109375,0.86163522
308,7,315,0.61523438,0.95555556
281,34,315,0.61523438,0.78412698
259,58,317,0.61914062,0.6340694
268,42,310,0.60546875,0.72903226
213,109,322,0.62890625,0.32298137
189,110,299,0.58398438,0.26421405
190,104,294,0.57421875,0.29251701
288,42,330,0.64453125,0.74545455
274,37,311,0.60742188,0.76205788
286,21,307,0.59960938,0.86319218
284,37,321,0.62695312,0.7694704
280,37,317,0.61914062,0.76656151
301,16,317,0.61914062,0.89905363
325,9,334,0.65234375,0.94610778
313,14,327,0.63867188,0.91437309
294,21,315,0.61523438,0.86666667
280,20,300,0.5859375,0.86666667
318,6,324,0.6328125,0.96296296
280,23,303,0.59179688,0.84818482
277,26,303,0.59179688,0.82838284
285,37,322,0.62890625,0.77018634
292,23,315,0.61523438,0.85396825
297,24,321,0.62695312,0.85046729
284,24,308,0.6015625,0.84415584
280,37,317,0.61914062,0.76656151
271,32,303,0.59179688,0.78877888
221,91,312,0.609375,0.41666667
171,137,308,0.6015625,0.11038961
119,197,316,0.6171875,-0.24683544
154,148,302,0.58984375,0.01986755
138,181,319,0.62304688,-0.13479624
179,139,318,0.62109375,0.12578616
171,130,301,0.58789062,0.13621262
140,185,325,0.63476562,-0.13846154
153,149,302,0.58984375,0.013245033
174,139,313,0.61132812,0.11182109
145,178,323,0.63085938,-0.10216718
89,223,312,0.609375,-0.42948718
82,223,305,0.59570312,-0.46229508
113,203,316,0.6171875,-0.28481013
41,274,315,0.61523438,-0.73968254
30,281,311,0.60742188,-0.80707395
30,283,313,0.61132812,-0.80830671
21,297,318,0.62109375,-0.86792453
49,270,319,0.62304688,-0.69278997
45,257,302,0.58984375,-0.70198675
28,300,328,0.640625,-0.82926829
47,272,319,0.62304688,-0.70532915
3,327,330,0.64453125,-0.98181818
23,296,319,0.62304688,-0.85579937
25,292,317,0.61914062,-0.84227129
25,290,315,0.61523438,-0.84126984
19,293,312,0.609375,-0.87820513
21,302,323,0.63085938,-0.86996904
4,311,315,0.61523438,-0.97460317
16,310,326,0.63671875,-0.90184049
24,290,314,0.61328125,-0.84713376
25,286,311,0.60742188,-0.8392283
66,246,312,0.609375,-0.57692308
73,248,321,0.62695312,-0.54517134
72,234,306,0.59765625,-0.52941176
49,265,314,0.61328125,-0.68789809
81,235,316,0.6171875,-0.48734177
119,189,308,0.6015625,-0.22727273
107,198,305,0.59570312,-0.29836066
37,285,322,0.62890625,-0.77018634
54,270,324,0.6328125,-0.66666667
36,277,313,0.61132812,-0.76996805
66,256,322,0.62890625,-0.59006211
6,318,324,0.6328125,-0.96296296
14,307,321,0.62695312,-0.91277259
41,270,311,0.60742188,-0.73633441
56,271,327,0.63867188,-0.65749235
64,242,306,0.59765625,-0.58169935
54,266,320,0.625,-0.6625
91,217,308,0.6015625,-0.40909091
89,214,303,0.59179688,-0.41254125
77,226,303,0.59179688,-0.49174917
54,264,318,0.62109375,-0.66037736
5,317,322,0.62890625,-0.9689441
36,286,322,0.62890625,-0.77639752
23,292,315,0.61523438,-0.85396825
27,302,329,0.64257812,-0.83586626
16,306,322,0.62890625,-0.90062112
75,229,304,0.59375,-0.50657895
18,304,322,0.62890625,-0.88819876
17,311,328,0.640625,-0.89634146
28,278,306,0.59765625,-0.81699346
19,296,315,0.61523438,-0.87936508
42,256,298,0.58203125,-0.71812081
56,262,318,0.62109375,-0.64779874
49,275,324,0.6328125,-0.69753086
85,213,298,0.58203125,-0.4295302
20,304,324,0.6328125,-0.87654321
36,284,320,0.625,-0.775
73,242,315,0.61523438,-0.53650794
99,223,322,0.62890625,-0.38509317
64,244,308,0.6015625,-0.58441558
46,268,314,0.61328125,-0.70700637
44,268,312,0.609375,-0.71794872
32,287,319,0.62304688,-0.79937304
37,275,312,0.609375,-0.76282051
15,310,325,0.63476562,-0.90769231
17,302,319,0.62304688,-0.89341693
8,307,315,0.61523438,-0.94920635
36,268,304,0.59375,-0.76315789
27,289,316,0.6171875,-0.82911392
24,289,313,0.61132812,-0.84664537
24,288,312,0.609375,-0.84615385
16,296,312,0.609375,-0.8974359
6,319,325,0.63476562,-0.96307692
15,313,328,0.640625,-0.90853659
40,254,294,0.57421875,-0.72789116
54,262,316,0.6171875,-0.65822785
93,227,320,0.625,-0.41875
80,241,321,0.62695312,-0.50155763
118,183,301,0.58789062,-0.21594684
160,149,309,0.60351562,0.035598706
108,206,314,0.61328125,-0.31210191
116,188,304,0.59375,-0.23684211
77,238,315,0.61523438,-0.51111111
68,245,313,0.61132812,-0.56549521
33,283,316,0.6171875,-0.79113924
40,270,310,0.60546875,-0.74193548
87,218,305,0.59570312,-0.4295082
31,291,322,0.62890625,-0.80745342
49,274,323,0.63085938,-0.69659443
42,270,312,0.609375,-0.73076923
29,274,303,0.59179688,-0.80858086
2,307,309,0.60351562,-0.98705502
27,275,302,0.58984375,-0.82119205
26,293,319,0.62304688,-0.8369906
57,259,316,0.6171875,-0.63924051
49,275,324,0.6328125,-0.69753086
74,228,302,0.58984375,-0.50993377
64,256,320,0.625,-0.6
31,283,314,0.61328125,-0.80254777
9,311,320,0.625,-0.94375
9,314,323,0.63085938,-0.94427245
31,289,320,0.625,-0.80625
33,288,321,0.62695312,-0.79439252
47,261,308,0.6015625,-0.69480519
65,238,303,0.59179688,-0.5709571
157,149,306,0.59765625,0.026143791
121,181,302,0.58984375,-0.1986755
108,190,298,0.58203125,-0.27516779
218,96,314,0.61328125,0.38853503
283,40,323,0.63085938,0.75232198
286,29,315,0.61523438,0.81587302
289,15,304,0.59375,0.90131579
298,11,309,0.60351562,0.92880259
281,35,316,0.6171875,0.77848101
298,15,313,0.61132812,0.90415335
319,4,323,0.63085938,0.9752322
287,29,316,0.6171875,0.8164557
284,30,314,0.61328125,0.8089172
221,99,320,0.625,0.38125
261,45,306,0.59765625,0.70588235
289,21,310,0.60546875,0.86451613
298,21,319,0.62304688,0.86833856
189,116,305,0.59570312,0.23934426
256,51,307,0.59960938,0.66775244
295,24,319,0.62304688,0.84952978
235,59,294,0.57421875,0.59863946
303,23,326,0.63671875,0.85889571
295,19,314,0.61328125,0.87898089
329,1,330,0.64453125,0.99393939
314,7,321,0.62695312,0.95638629
295,25,320,0.625,0.84375
267,47,314,0.61328125,0.70063694
275,38,313,0.61132812,0.7571885
280,45,325,0.63476562,0.72307692
266,44,310,0.60546875,0.71612903
276,39,315,0.61523438,0.75238095
301,14,315,0.61523438,0.91111111
278,37,315,0.61523438,0.76507937
294,24,318,0.62109375,0.8490566
245,59,304,0.59375,0.61184211
266,57,323,0.63085938,0.64705882
292,12,304,0.59375,0.92105263
311,9,320,0.625,0.94375
321,8,329,0.64257812,0.95136778
297,11,308,0.6015625,0.92857143
272,29,301,0.58789062,0.80730897
277,40,317,0.61914062,0.74763407
251,63,314,0.61328125,0.59872611
260,46,306,0.59765625,0.69934641
300,21,321,0.62695312,0.86915888
294,37,331,0.64648438,0.77643505
258,50,308,0.6015625,0.67532468
312,12,324,0.6328125,0.92592593
290,31,321,0.62695312,0.80685358
253,58,311,0.60742188,0.62700965
283,36,319,0.62304688,0.77429467
276,43,319,0.62304688,0.73040752
313,8,321,0.62695312,0.95015576
307,8,315,0.61523438,0.94920635
300,25,325,0.63476562,0.84615385
281,29,310,0.60546875,0.81290323
307,16,323,0.63085938,0.90092879
294,29,323,0.63085938,0.82043344
301,21,322,0.62890625,0.86956522
277,49,326,0.63671875,0.6993865
191,112,303,0.59179688,0.26072607
199,108,307,0.59960938,0.29641694
225,84,309,0.60351562,0.45631068
276,34,310,0.60546875,0.78064516
285,34,319,0.62304688,0.78683386
306,19,325,0.63476562,0.88307692
300,15,315,0.61523438,0.9047619
320,11,331,0.64648438,0.93353474
310,15,325,0.63476562,0.90769231
273,39,312,0.609375,0.75
271,42,313,0.61132812,0.73162939
263,57,320,0.625,0.64375
173,131,304,0.59375,0.13815789
124,185,309,0.60351562,-0.197411
171,137,308,0.6015625,0.11038961
172,133,305,0.59570312,0.12786885
211,90,301,0.58789062,0.40199336
144,169,313,0.61132812,-0.079872204
80,240,320,0.625,-0.5
80,244,324,0.6328125,-0.50617284
66,255,321,0.62695312,-0.58878505
61,248,309,0.60351562,-0.60517799
39,271,310,0.60546875,-0.7483871
108,204,312,0.609375,-0.30769231
82,240,322,0.62890625,-0.49068323
94,218,312,0.609375,-0.3974359
165,150,315,0.61523438,0.047619048
183,131,314,0.61328125,0.1656051
212,101,313,0.61132812,0.35463259
248,76,324,0.6328125,0.5308642
274,47,321,0.62695312,0.70716511
262,46,308,0.6015625,0.7012987
297,30,327,0.63867188,0.81651376
283,36,319,0.62304688,0.77429467
278,40,318,0.62109375,0.74842767
291,22,313,0.61132812,0.85942492
308,18,326,0.63671875,0.88957055
262,41,303,0.59179688,0.72937294
250,67,317,0.61914062,0.57728707
260,50,310,0.60546875,0.67741935
300,24,324,0.6328125,0.85185185
257,57,314,0.61328125,0.63694268
273,49,322,0.62890625,0.69565217
304,15,319,0.62304688,0.90595611
300,24,324,0.6328125,0.85185185
266,47,313,0.61132812,0.69968051
267,38,305,0.59570312,0.75081967
266,49,315,0.61523438,0.68888889
297,13,310,0.60546875,0.91612903
319,3,322,0.62890625,0.98136646
314,6,320,0.625,0.9625
300,22,322,0.62890625,0.86335404
275,23,298,0.58203125,0.84563758
260,50,310,0.60546875,0.67741935
283,33,316,0.6171875,0.79113924
299,31,330,0.64453125,0.81212121
288,32,320,0.625,0.8
288,40,328,0.640625,0.75609756
242,84,326,0.63671875,0.48466258
230,77,307,0.59960938,0.49837134
296,27,323,0.63085938,0.83281734
271,40,311,0.60742188,0.74276527
299,17,316,0.6171875,0.89240506
256,44,300,0.5859375,0.70666667
252,61,313,0.61132812,0.61022364
194,122,316,0.6171875,0.2278481
181,133,314,0.61328125,0.15286624
138,178,316,0.6171875,-0.12658228
129,191,320,0.625,-0.19375
118,190,308,0.6015625,-0.23376623
111,201,312,0.609375,-0.28846154
109,189,298,0.58203125,-0.26845638
159,170,329,0.64257812,-0.03343465
116,187,303,0.59179688,-0.23432343
131,166,297,0.58007812,-0.11784512
91,202,293,0.57226562,-0.37883959
116,188,304,0.59375,-0.23684211
151,158,309,0.60351562,-0.022653722
194,114,308,0.6015625,0.25974026
221,101,322,0.62890625,0.37267081
124,196,320,0.625,-0.225
86,225,311,0.60742188,-0.44694534
92,227,319,0.62304688,-0.42319749
130,181,311,0.60742188,-0.16398714
128,187,315,0.61523438,-0.18730159
116,199,315,0.61523438,-0.26349206
90,211,301,0.58789062,-0.40199336
29,289,318,0.62109375,-0.81761006
7,303,310,0.60546875,-0.95483871
18,292,310,0.60546875,-0.88387097
6,315,321,0.62695312,-0.96261682
65,255,320,0.625,-0.59375
72,236,308,0.6015625,-0.53246753
26,282,308,0.6015625,-0.83116883
11,304,315,0.61523438,-0.93015873
8,316,324,0.6328125,-0.95061728
16,299,315,0.61523438,-0.8984127
12,307,319,0.62304688,-0.92476489
40,273,313,0.61132812,-0.74440895
29,285,314,0.61328125,-0.81528662
39,281,320,0.625,-0.75625
9,308,317,0.61914062,-0.94321767
34,282,316,0.6171875,-0.78481013
50,264,314,0.61328125,-0.68152866
64,269,333,0.65039062,-0.61561562
33,277,310,0.60546875,-0.78709677
5,328,333,0.65039062,-0.96996997
21,301,322,0.62890625,-0.86956522
37,269,306,0.59765625,-0.75816993
3,321,324,0.6328125,-0.98148148
15,312,327,0.63867188,-0.90825688
5,314,319,0.62304688,-0.96865204
24,293,317,0.61914062,-0.84858044
45,272,317,0.61914062,-0.71608833
25,296,321,0.62695312,-0.84423676
15,298,313,0.61132812,-0.90415335
36,270,306,0.59765625,-0.76470588
63,260,323,0.63085938,-0.60990712
71,229,300,0.5859375,-0.52666667
89,219,308,0.6015625,-0.42207792
62,239,301,0.58789062,-0.58803987
99,214,313,0.61132812,-0.36741214
96,220,316,0.6171875,-0.39240506
173,131,304,0.59375,0.13815789
104,205,309,0.60351562,-0.32686084
78,227,305,0.59570312,-0.48852459
123,189,312,0.609375,-0.21153846
105,208,313,0.61132812,-0.32907348
92,232,324,0.6328125,-0.43209877
47,273,320,0.625,-0.70625
53,266,319,0.62304688,-0.6677116
56,263,319,0.62304688,-0.64890282
57,254,311,0.60742188,-0.63344051
88,223,311,0.60742188,-0.4340836
42,278,320,0.625,-0.7375
116,192,308,0.6015625,-0.24675325
199,127,326,0.63671875,0.2208589
163,156,319,0.62304688,0.021943574
177,129,306,0.59765625,0.15686275
156,157,313,0.61132812,-0.0031948882
181,131,312,0.609375,0.16025641
237,80,317,0.61914062,0.49526814
262,57,319,0.62304688,0.64263323
272,33,305,0.59570312,0.78360656
297,20,317,0.61914062,0.87381703
292,19,311,0.60742188,0.8778135
267,49,316,0.6171875,0.68987342
288,28,316,0.6171875,0.82278481
302,24,326,0.63671875,0.85276074
312,2,314,0.61328125,0.98726115
288,21,309,0.60351562,0.86407767
303,9,312,0.609375,0.94230769
317,0,317,0.61914062,1
321,2,323,0.63085938,0.9876161
314,15,329,0.64257812,0.90881459
278,36,314,0.61328125,0.77070064
297,13,310,0.60546875,0.91612903
286,32,318,0.62109375,0.79874214
304,17,321,0.62695312,0.894081
280,32,312,0.609375,0.79487179
300,16,316,0.6171875,0.89873418
298,16,314,0.61328125,0.89808917
292,19,311,0.60742188,0.8778135
299,33,332,0.6484375,0.80120482
257,64,321,0.62695312,0.60124611
220,77,297,0.58007812,0.48148148
252,70,322,0.62890625,0.56521739
208,103,311,0.60742188,0.33762058
193,126,319,0.62304688,0.21003135
255,55,310,0.60546875,0.64516129
290,33,323,0.63085938,0.79566563
258,61,319,0.62304688,0.61755486
308,12,320,0.625,0.925
311,10,321,0.62695312,0.9376947
305,22,327,0.63867188,0.86544343
290,12,302,0.58984375,0.9205298
295,23,318,0.62109375,0.85534591
298,18,316,0.6171875,0.88607595
235,57,292,0.5703125,0.60958904
265,48,313,0.61132812,0.69329073
284,30,314,0.61328125,0.8089172
296,22,318,0.62109375,0.86163522
290,30,320,0.625,0.8125
300,3,303,0.59179688,0.98019802
284,37,321,0.62695312,0.7694704
270,33,303,0.59179688,0.78217822
275,30,305,0.59570312,0.80327869
277,43,320,0.625,0.73125
253,59,312,0.609375,0.62179487
250,58,308,0.6015625,0.62337662
182,113,295,0.57617188,0.23389831
164,149,313,0.61132812,0.047923323
201,120,321,0.62695312,0.25233645
239,65,304,0.59375,0.57236842
199,115,314,0.61328125,0.26751592
183,119,302,0.58984375,0.21192053
154,153,307,0.59960938,0.003257329
195,118,313,0.61132812,0.24600639
94,216,310,0.60546875,-0.39354839
58,243,301,0.58789062,-0.61461794
35,282,317,0.61914062,-0.77917981
48,260,308,0.6015625,-0.68831169
23,305,328,0.640625,-0.8597561
31,288,319,0.62304688,-0.80564263
34,285,319,0.62304688,-0.78683386
38,272,310,0.60546875,-0.75483871
53,247,300,0.5859375,-0.64666667
33,292,325,0.63476562,-0.79692308
70,243,313,0.61132812,-0.55271565
124,193,317,0.61914062,-0.21766562
140,153,293,0.57226562,-0.044368601
169,140,309,0.60351562,0.093851133
152,165,317,0.61914062,-0.041009464
145,166,311,0.60742188,-0.067524116
233,82,315,0.61523438,0.47936508
264,55,319,0.62304688,0.65517241
260,52,312,0.609375,0.66666667
233,76,309,0.60351562,0.50809061
262,53,315,0.61523438,0.66349206
299,19,318,0.62109375,0.88050314
201,118,319,0.62304688,0.26018809
272,38,310,0.60546875,0.75483871
286,22,308,0.6015625,0.85714286
311,4,315,0.61523438,0.97460317
296,19,315,0.61523438,0.87936508
277,36,313,0.61132812,0.76996805
262,44,306,0.59765625,0.7124183
249,66,315,0.61523438,0.58095238
267,40,307,0.59960938,0.73941368
308,12,320,0.625,0.925
243,62,305,0.59570312,0.59344262
272,37,309,0.60351562,0.7605178
309,7,316,0.6171875,0.9556962
302,22,324,0.6328125,0.86419753
305,18,323,0.63085938,0.88854489
277,38,315,0.61523438,0.75873016
257,51,308,0.6015625,0.66883117
274,41,315,0.61523438,0.73968254
185,128,313,0.61132812,0.18210863
176,135,311,0.60742188,0.1318328
148,176,324,0.6328125,-0.086419753
117,198,315,0.61523438,-0.25714286
118,201,319,0.62304688,-0.26018809
112,199,311,0.60742188,-0.27974277
72,233,305,0.59570312,-0.52786885
80,236,316,0.6171875,-0.49367089
41,274,315,0.61523438,-0.73968254
52,256,308,0.6015625,-0.66233766
65,246,311,0.60742188,-0.58199357
38,278,316,0.6171875,-0.75949367
21,305,326,0.63671875,-0.87116564
43,268,311,0.60742188,-0.72347267
25,292,317,0.61914062,-0.84227129
65,250,315,0.61523438,-0.58730159
15,303,318,0.62109375,-0.90566038
20,290,310,0.60546875,-0.87096774
21,302,323,0.63085938,-0.86996904
27,285,312,0.609375,-0.82692308
5,320,325,0.63476562,-0.96923077
1,318,319,0.62304688,-0.99373041
21,290,311,0.60742188,-0.86495177
64,244,308,0.6015625,-0.58441558
87,231,318,0.62109375,-0.45283019
41,277,318,0.62109375,-0.74213836
13,304,317,0.61914062,-0.91798107
33,287,320,0.625,-0.79375
28,286,314,0.61328125,-0.82165605
37,287,324,0.6328125,-0.77160494
64,247,311,0.60742188,-0.58842444
103,214,317,0.61914062,-0.35015773
105,203,308,0.6015625,-0.31818182
81,218,299,0.58398438,-0.45819398
78,215,293,0.57226562,-0.46757679
105,209,314,0.61328125,-0.33121019
60,255,315,0.61523438,-0.61904762
47,268,315,0.61523438,-0.7015873
26,278,304,0.59375,-0.82894737
16,301,317,0.61914062,-0.89905363
9,318,327,0.63867188,-0.94495413
58,266,324,0.6328125,-0.64197531
29,289,318,0.62109375,-0.81761006
51,262,313,0.61132812,-0.67412141
28,289,317,0.61914062,-0.82334385
39,265,304,0.59375,-0.74342105
39,280,319,0.62304688,-0.75548589
47,274,321,0.62695312,-0.70716511
59,245,304,0.59375,-0.61184211
76,229,305,0.59570312,-0.50163934
61,251,312,0.609375,-0.60897436
23,287,310,0.60546875,-0.8516129
9,314,323,0.63085938,-0.94427245
31,288,319,0.62304688,-0.80564263
34,280,314,0.61328125,-0.78343949
60,254,314,0.61328125,-0.61783439
23,291,314,0.61328125,-0.85350318
16,309,325,0.63476562,-0.90153846
6,304,310,0.60546875,-0.96129032
33,273,306,0.59765625,-0.78431373
9,322,331,0.64648438,-0.94561934
25,301,326,0.63671875,-0.84662577
63,256,319,0.62304688,-0.60501567
113,203,316,0.6171875,-0.28481013
96,220,316,0.6171875,-0.39240506
96,209,305,0.59570312,-0.3704918
152,166,318,0.62109375,-0.044025157
125,180,305,0.59570312,-0.18032787
145,164,309,0.60351562,-0.061488673
156,155,311,0.60742188,0.0032154341
141,163,304,0.59375,-0.072368421
143,180,323,0.63085938,-0.11455108
101,219,320,0.625,-0.36875
68,251,319,0.62304688,-0.57366771
24,305,329,0.64257812,-0.85410334
27,297,324,0.6328125,-0.83333333
17,303,320,0.625,-0.89375
15,311,326,0.63671875,-0.90797546
20,284,304,0.59375,-0.86842105
50,268,318,0.62109375,-0.68553459
53,270,323,0.63085938,-0.67182663
77,241,318,0.62109375,-0.51572327
135,194,329,0.64257812,-0.17933131
172,142,314,0.61328125,0.095541401
180,113,293,0.57226562,0.22866894
245,61,306,0.59765625,0.60130719
226,96,322,0.62890625,0.40372671
226,85,311,0.60742188,0.45337621
250,60,310,0.60546875,0.61290323
244,59,303,0.59179688,0.61056106
240,75,315,0.61523438,0.52380952
270,41,311,0.60742188,0.73633441
278,27,305,0.59570312,0.82295082
301,16,317,0.61914062,0.89905363
295,17,312,0.609375,0.89102564
253,54,307,0.59960938,0.64820847
252,52,304,0.59375,0.65789474
217,101,318,0.62109375,0.36477987
190,116,306,0.59765625,0.24183007
182,141,323,0.63085938,0.12693498
213,90,303,0.59179688,0.40594059
241,77,318,0.62109375,0.51572327
213,97,310,0.60546875,0.37419355
227,93,320,0.625,0.41875
265,58,323,0.63085938,0.64086687
268,48,316,0.6171875,0.69620253
282,29,311,0.60742188,0.81350482
301,22,323,0.63085938,0.86377709
297,19,316,0.6171875,0.87974684
270,43,313,0.61132812,0.72523962
238,67,305,0.59570312,0.56065574
210,99,309,0.60351562,0.3592233
215,96,311,0.60742188,0.38263666
167,148,315,0.61523438,0.06031746
150,159,309,0.60351562,-0.029126214
97,215,312,0.609375,-0.37820513
131,177,308,0.6015625,-0.14935065
94,211,305,0.59570312,-0.38360656
71,230,301,0.58789062,-0.5282392
88,222,310,0.60546875,-0.43225806
123,191,314,0.61328125,-0.21656051
104,199,303,0.59179688,-0.31353135
53,239,292,0.5703125,-0.6369863
20,297,317,0.61914062,-0.87381703
10,300,310,0.60546875,-0.93548387
15,309,324,0.6328125,-0.90740741
21,294,315,0.61523438,-0.86666667
27,287,314,0.61328125,-0.82802548
71,255,326,0.63671875,-0.56441718
86,225,311,0.60742188,-0.44694534
107,205,312,0.609375,-0.31410256
134,177,311,0.60742188,-0.13826367
142,155,297,0.58007812,-0.043771044
115,196,311,0.60742188,-0.26045016
44,277,321,0.62695312,-0.7258567
44,261,305,0.59570312,-0.71147541
36,273,309,0.60351562,-0.76699029
38,278,316,0.6171875,-0.75949367
73,245,318,0.62109375,-0.5408805
39,272,311,0.60742188,-0.74919614
42,282,324,0.6328125,-0.74074074
52,259,311,0.60742188,-0.66559486
81,235,316,0.6171875,-0.48734177
101,208,309,0.60351562,-0.34627832
117,200,317,0.61914062,-0.26182965
114,189,303,0.59179688,-0.24752475
107,207,314,0.61328125,-0.31847134
106,187,293,0.57226562,-0.27645051
153,170,323,0.63085938,-0.052631579
137,178,315,0.61523438,-0.13015873
152,156,308,0.6015625,-0.012987013
88,222,310,0.60546875,-0.43225806
92,225,317,0.61914062,-0.41955836
118,191,309,0.60351562,-0.23624595
113,207,320,0.625,-0.29375
95,210,305,0.59570312,-0.37704918
116,201,317,0.61914062,-0.2681388
119,200,319,0.62304688,-0.2539185
135,173,308,0.6015625,-0.12337662
123,183,306,0.59765625,-0.19607843
61,250,311,0.60742188,-0.60771704
96,218,314,0.61328125,-0.38853503
94,214,308,0.6015625,-0.38961039
131,184,315,0.61523438,-0.16825397
113,196,309,0.60351562,-0.26860841
115,193,308,0.6015625,-0.25324675
90,226,316,0.6171875,-0.43037975
65,248,313,0.61132812,-0.58466454
94,212,306,0.59765625,-0.38562092
75,226,301,0.58789062,-0.50166113
89,232,321,0.62695312,-0.44548287
16,318,334,0.65234375,-0.90419162
25,299,324,0.6328125,-0.84567901
3,320,323,0.63085938,-0.98142415
23,296,319,0.62304688,-0.85579937
17,292,309,0.60351562,-0.88996764
20,295,315,0.61523438,-0.87301587
75,239,314,0.61328125,-0.52229299
91,202,293,0.57226562,-0.37883959
143,161,304,0.59375,-0.059210526
164,147,311,0.60742188,0.054662379
157,153,310,0.60546875,0.012903226
205,80,285,0.55664062,0.43859649
230,90,320,0.625,0.4375
194,97,291,0.56835938,0.33333333
204,107,311,0.60742188,0.31189711
197,118,315,0.61523438,0.25079365
178,132,310,0.60546875,0.1483871
119,189,308,0.6015625,-0.22727273
89,218,307,0.59960938,-0.42019544
66,242,308,0.6015625,-0.57142857
124,184,308,0.6015625,-0.19480519
166,157,323,0.63085938,0.027863777
114,198,312,0.609375,-0.26923077
45,259,304,0.59375,-0.70394737
19,293,312,0.609375,-0.87820513
45,263,308,0.6015625,-0.70779221
56,268,324,0.6328125,-0.65432099
101,213,314,0.61328125,-0.3566879
174,140,314,0.61328125,0.10828025
160,150,310,0.60546875,0.032258065
166,139,305,0.59570312,0.08852459
163,148,311,0.60742188,0.048231511
199,125,324,0.6328125,0.22839506
193,113,306,0.59765625,0.26143791
183,120,303,0.59179688,0.20792079
155,166,321,0.62695312,-0.034267913
100,208,308,0.6015625,-0.35064935
34,281,315,0.61523438,-0.78412698
62,245,307,0.59960938,-0.59609121
13,303,316,0.6171875,-0.91772152
15,305,320,0.625,-0.90625
25,298,323,0.63085938,-0.84520124
26,288,314,0.61328125,-0.8343949
21,301,322,0.62890625,-0.86956522
18,301,319,0.62304688,-0.88714734
57,260,317,0.61914062,-0.64037855
32,291,323,0.63085938,-0.80185759
4,319,323,0.63085938,-0.9752322
14,296,310,0.60546875,-0.90967742
18,294,312,0.609375,-0.88461538
17,301,318,0.62109375,-0.89308176
17,290,307,0.59960938,-0.88925081
21,298,319,0.62304688,-0.86833856
46,275,321,0.62695312,-0.71339564
36,276,312,0.609375,-0.76923077
27,293,320,0.625,-0.83125
32,284,316,0.6171875,-0.79746835
15,295,310,0.60546875,-0.90322581
11,313,324,0.6328125,-0.93209877
18,292,310,0.60546875,-0.88387097
10,311,321,0.62695312,-0.9376947
39,285,324,0.6328125,-0.75925926
31,288,319,0.62304688,-0.80564263
39,287,326,0.63671875,-0.7607362
22,304,326,0.63671875,-0.86503067
45,276,321,0.62695312,-0.71962617
41,271,312,0.609375,-0.73717949
47,259,306,0.59765625,-0.69281046
10,308,318,0.62109375,-0.93710692
7,323,330,0.64453125,-0.95757576
8,312,320,0.625,-0.95
32,291,323,0.63085938,-0.80185759
6,313,319,0.62304688,-0.96238245
10,308,318,0.62109375,-0.93710692
21,296,317,0.61914062,-0.86750789
59,237,296,0.578125,-0.60135135
140,176,316,0.6171875,-0.11392405
115,198,313,0.61132812,-0.26517572
96,215,311,0.60742188,-0.38263666
86,231,317,0.61914062,-0.45741325
65,237,302,0.58984375,-0.56953642
101,216,317,0.61914062,-0.36277603
55,252,307,0.59960938,-0.64169381
61,252,313,0.61132812,-0.61022364
44,275,319,0.62304688,-0.72413793
57,248,305,0.59570312,-0.62622951
76,229,305,0.59570312,-0.50163934
89,236,325,0.63476562,-0.45230769
33,274,307,0.59960938,-0.78501629
76,241,317,0.61914062,-0.52050473
71,245,316,0.6171875,-0.55063291
76,235,311,0.60742188,-0.51125402
122,183,305,0.59570312,-0.2
93,224,317,0.61914062,-0.41324921
102,196,298,0.58203125,-0.31543624
149,169,318,0.62109375,-0.062893082
175,130,305,0.59570312,0.14754098
214,87,301,0.58789062,0.42192691
272,41,313,0.61132812,0.73801917
328,1,329,0.64257812,0.99392097
292,15,307,0.59960938,0.90228013
268,41,309,0.60351562,0.73462783
315,17,332,0.6484375,0.89759036
283,28,311,0.60742188,0.81993569
270,44,314,0.61328125,0.71974522
228,88,316,0.6171875,0.44303797
252,62,314,0.61328125,0.60509554
286,25,311,0.60742188,0.8392283
311,12,323,0.63085938,0.92569659
306,5,311,0.60742188,0.96784566
287,23,310,0.60546875,0.8516129
267,45,312,0.609375,0.71153846
303,10,313,0.61132812,0.93610224
310,8,318,0.62109375,0.94968553
269,47,316,0.6171875,0.70253165
261,43,304,0.59375,0.71710526
270,53,323,0.63085938,0.67182663
234,96,330,0.64453125,0.41818182
196,110,306,0.59765625,0.28104575
183,131,314,0.61328125,0.1656051
255,52,307,0.59960938,0.66123779
277,50,327,0.63867188,0.6941896
285,36,321,0.62695312,0.77570093
281,32,313,0.61132812,0.79552716
276,39,315,0.61523438,0.75238095
284,34,318,0.62109375,0.78616352
247,64,311,0.60742188,0.58842444
246,63,309,0.60351562,0.59223301
173,134,307,0.59960938,0.12703583
132,193,325,0.63476562,-0.18769231
124,192,316,0.6171875,-0.21518987
91,216,307,0.59960938,-0.40716612
51,271,322,0.62890625,-0.68322981
27,288,315,0.61523438,-0.82857143
21,294,315,0.61523438,-0.86666667
20,283,303,0.59179688,-0.8679868
42,282,324,0.6328125,-0.74074074
18,289,307,0.59960938,-0.88273616
36,290,326,0.63671875,-0.7791411
41,279,320,0.625,-0.74375
52,251,303,0.59179688,-0.65676568
67,253,320,0.625,-0.58125
46,273,319,0.62304688,-0.71159875
73,252,325,0.63476562,-0.55076923
40,280,320,0.625,-0.75
50,261,311,0.60742188,-0.67845659
20,305,325,0.63476562,-0.87692308
21,284,305,0.59570312,-0.86229508
10,309,319,0.62304688,-0.93730408
53,262,315,0.61523438,-0.66349206
78,232,310,0.60546875,-0.49677419
50,258,308,0.6015625,-0.67532468
69,250,319,0.62304688,-0.56739812
58,274,332,0.6484375,-0.65060241
33,280,313,0.61132812,-0.78913738
26,299,325,0.63476562,-0.84
9,314,323,0.63085938,-0.94427245
48,268,316,0.6171875,-0.69620253
31,291,322,0.62890625,-0.80745342
31,289,320,0.625,-0.80625
42,279,321,0.62695312,-0.73831776
27,299,326,0.63671875,-0.83435583
23,302,325,0.63476562,-0.85846154
19,309,328,0.640625,-0.88414634
33,304,337,0.65820312,-0.8041543
32,290,322,0.62890625,-0.80124224
36,283,319,0.62304688,-0.77429467
29,272,301,0.58789062,-0.80730897
44,274,318,0.62109375,-0.72327044
31,289,320,0.625,-0.80625
2,322,324,0.6328125,-0.98765432
23,285,308,0.6015625,-0.85064935
63,231,294,0.57421875,-0.57142857
37,275,312,0.609375,-0.76282051
39,274,313,0.61132812,-0.75079872
57,249,306,0.59765625,-0.62745098
133,163,296,0.578125,-0.10135135
138,162,300,0.5859375,-0.08
116,179,295,0.57617188,-0.21355932
106,197,303,0.59179688,-0.30033003
119,201,320,0.625,-0.25625
55,248,303,0.59179688,-0.6369637
72,249,321,0.62695312,-0.55140187
38,283,321,0.62695312,-0.76323988
84,234,318,0.62109375,-0.47169811
106,213,319,0.62304688,-0.3354232
150,159,309,0.60351562,-0.029126214
122,190,312,0.609375,-0.21794872
143,162,305,0.59570312,-0.062295082
170,135,305,0.59570312,0.1147541
200,112,312,0.609375,0.28205128
233,77,310,0.60546875,0.50322581
195,117,312,0.609375,0.25
174,133,307,0.59960938,0.13355049
229,86,315,0.61523438,0.45396825
216,101,317,0.61914062,0.36277603
229,77,306,0.59765625,0.49673203
193,120,313,0.61132812,0.23322684
173,130,303,0.59179688,0.14191419
134,170,304,0.59375,-0.11842105
199,118,317,0.61914062,0.2555205
223,82,305,0.59570312,0.46229508
309,28,337,0.65820312,0.83382789
308,15,323,0.63085938,0.90712074
271,39,310,0.60546875,0.7483871
292,42,334,0.65234375,0.74850299
235,72,307,0.59960938,0.53094463
171,132,303,0.59179688,0.12871287
168,150,318,0.62109375,0.056603774
126,191,317,0.61914062,-0.20504732
134,174,308,0.6015625,-0.12987013
132,193,325,0.63476562,-0.18769231
70,231,301,0.58789062,-0.53488372
81,237,318,0.62109375,-0.49056604
69,255,324,0.6328125,-0.57407407
34,288,322,0.62890625,-0.78881988
36,290,326,0.63671875,-0.7791411
23,290,313,0.61132812,-0.85303514
56,258,314,0.61328125,-0.6433121
66,236,302,0.58984375,-0.56291391
54,264,318,0.62109375,-0.66037736
29,271,300,0.5859375,-0.80666667
51,256,307,0.59960938,-0.66775244
98,207,305,0.59570312,-0.35737705
83,220,303,0.59179688,-0.45214521
101,222,323,0.63085938,-0.374613
74,243,317,0.61914062,-0.53312303
90,227,317,0.61914062,-0.43217666
78,238,316,0.6171875,-0.50632911
21,302,323,0.63085938,-0.86996904
47,269,316,0.6171875,-0.70253165
60,241,301,0.58789062,-0.6013289
27,286,313,0.61132812,-0.82747604
26,291,317,0.61914062,-0.83596215
14,311,325,0.63476562,-0.91384615
17,296,313,0.61132812,-0.8913738
14,295,309,0.60351562,-0.90938511
16,293,309,0.60351562,-0.89644013
53,267,320,0.625,-0.66875
51,260,311,0.60742188,-0.67202572
53,270,323,0.63085938,-0.67182663
81,232,313,0.61132812,-0.48242812
115,189,304,0.59375,-0.24342105
167,154,321,0.62695312,0.040498442
90,224,314,0.61328125,-0.42675159
75,225,300,0.5859375,-0.5
31,288,319,0.62304688,-0.80564263
56,255,311,0.60742188,-0.63987138
33,276,309,0.60351562,-0.78640777
39,285,324,0.6328125,-0.75925926
17,301,318,0.62109375,-0.89308176
16,302,318,0.62109375,-0.89937107
3,314,317,0.61914062,-0.98107256
18,303,321,0.62695312,-0.88785047
11,312,323,0.63085938,-0.93188854
43,286,329,0.64257812,-0.73860182
43,256,299,0.58398438,-0.71237458
37,281,318,0.62109375,-0.7672956
44,274,318,0.62109375,-0.72327044
82,235,317,0.61914062,-0.48264984
58,249,307,0.59960938,-0.62214984
46,249,295,0.57617188,-0.68813559
63,241,304,0.59375,-0.58552632
59,253,312,0.609375,-0.62179487
69,246,315,0.61523438,-0.56190476
37,269,306,0.59765625,-0.75816993
2,321,323,0.63085938,-0.9876161
1,318,319,0.62304688,-0.99373041
0,343,343,0.66992188,-1
1,337,338,0.66015625,-0.99408284
23,306,329,0.64257812,-0.86018237
14,310,324,0.6328125,-0.91358025
2,331,333,0.65039062,-0.98798799
75,228,303,0.59179688,-0.5049505
62,247,309,0.60351562,-0.5987055
63,252,315,0.61523438,-0.6
35,272,307,0.59960938,-0.77198697
81,233,314,0.61328125,-0.48407643
117,197,314,0.61328125,-0.25477707
183,127,310,0.60546875,0.18064516
200,111,311,0.60742188,0.28617363
204,106,310,0.60546875,0.31612903
262,54,316,0.6171875,0.65822785
252,67,319,0.62304688,0.5799373
221,82,303,0.59179688,0.45874587
224,81,305,0.59570312,0.46885246
185,125,310,0.60546875,0.19354839
158,136,294,0.57421875,0.074829932
214,99,313,0.61132812,0.36741214
204,110,314,0.61328125,0.29936306
270,41,311,0.60742188,0.73633441
294,25,319,0.62304688,0.84326019
304,32,336,0.65625,0.80952381
291,28,319,0.62304688,0.82445141
322,3,325,0.63476562,0.98153846
278,25,303,0.59179688,0.8349835
320,1,321,0.62695312,0.99376947
296,27,323,0.63085938,0.83281734
279,45,324,0.6328125,0.72222222
282,42,324,0.6328125,0.74074074
220,84,304,0.59375,0.44736842
261,59,320,0.625,0.63125
305,13,318,0.62109375,0.91823899
287,40,327,0.63867188,0.75535168
219,91,310,0.60546875,0.41290323
246,70,316,0.6171875,0.55696203
249,72,321,0.62695312,0.55140187
247,54,301,0.58789062,0.64119601
248,61,309,0.60351562,0.60517799
293,16,309,0.60351562,0.89644013
280,25,305,0.59570312,0.83606557
288,40,328,0.640625,0.75609756
278,39,317,0.61914062,0.75394322
291,23,314,0.61328125,0.85350318
291,21,312,0.609375,0.86538462
264,54,318,0.62109375,0.66037736
318,3,321,0.62695312,0.98130841
315,10,325,0.63476562,0.93846154
280,34,314,0.61328125,0.78343949
278,34,312,0.609375,0.78205128
297,31,328,0.640625,0.81097561
266,52,318,0.62109375,0.67295597
285,30,315,0.61523438,0.80952381
244,72,316,0.6171875,0.5443038
212,98,310,0.60546875,0.36774194
209,98,307,0.59960938,0.36156352
206,99,305,0.59570312,0.35081967
173,140,313,0.61132812,0.10543131
161,145,306,0.59765625,0.052287582
165,138,303,0.59179688,0.089108911
179,123,302,0.58984375,0.18543046
103,200,303,0.59179688,-0.32013201
46,263,309,0.60351562,-0.70226537
70,244,314,0.61328125,-0.55414013
38,264,302,0.58984375,-0.74834437
24,296,320,0.625,-0.85
2,316,318,0.62109375,-0.98742138
8,303,311,0.60742188,-0.94855305
20,299,319,0.62304688,-0.87460815
33,282,315,0.61523438,-0.79047619
45,270,315,0.61523438,-0.71428571
30,273,303,0.59179688,-0.8019802
16,306,322,0.62890625,-0.90062112
4,314,318,0.62109375,-0.97484277
7,319,326,0.63671875,-0.95705521
4,320,324,0.6328125,-0.97530864
23,297,320,0.625,-0.85625
43,276,319,0.62304688,-0.73040752
13,312,325,0.63476562,-0.92
33,284,317,0.61914062,-0.79179811
54,254,308,0.6015625,-0.64935065
59,248,307,0.59960938,-0.61563518
8,315,323,0.63085938,-0.9504644
15,312,327,0.63867188,-0.90825688
34,283,317,0.61914062,-0.78548896
88,232,320,0.625,-0.45
141,163,304,0.59375,-0.072368421
104,204,308,0.6015625,-0.32467532
134,184,318,0.62109375,-0.1572327
144,164,308,0.6015625,-0.064935065
203,116,319,0.62304688,0.27272727
230,81,311,0.60742188,0.47909968
263,52,315,0.61523438,0.66984127
278,45,323,0.63085938,0.72136223
216,81,297,0.58007812,0.45454545
231,84,315,0.61523438,0.46666667
264,44,308,0.6015625,0.71428571
212,93,305,0.59570312,0.39016393
260,54,314,0.61328125,0.65605096
254,62,316,0.6171875,0.60759494
315,1,316,0.6171875,0.99367089
295,17,312,0.609375,0.89102564
297,36,333,0.65039062,0.78378378
264,45,309,0.60351562,0.70873786
309,23,332,0.6484375,0.86144578
301,19,320,0.625,0.88125
313,13,326,0.63671875,0.9202454
315,18,333,0.65039062,0.89189189
301,12,313,0.61132812,0.92332268
315,11,326,0.63671875,0.93251534
277,41,318,0.62109375,0.74213836
309,6,315,0.61523438,0.96190476
282,30,312,0.609375,0.80769231
268,49,317,0.61914062,0.69085174
191,124,315,0.61523438,0.21269841
236,78,314,0.61328125,0.50318471
256,56,312,0.609375,0.64102564
285,21,306,0.59765625,0.8627451
306,14,320,0.625,0.9125
308,9,317,0.61914062,0.94321767
312,11,323,0.63085938,0.93188854
299,26,325,0.63476562,0.84
250,63,313,0.61132812,0.59744409
294,21,315,0.61523438,0.86666667
296,16,312,0.609375,0.8974359
254,50,304,0.59375,0.67105263
258,59,317,0.61914062,0.62776025
290,24,314,0.61328125,0.84713376
248,70,318,0.62109375,0.55974843
248,56,304,0.59375,0.63157895
280,45,325,0.63476562,0.72307692
295,30,325,0.63476562,0.81538462
239,71,310,0.60546875,0.54193548
227,80,307,0.59960938,0.47882736
284,28,312,0.609375,0.82051282
303,18,321,0.62695312,0.88785047
279,24,303,0.59179688,0.84158416
285,14,299,0.58398438,0.90635452
248,54,302,0.58984375,0.64238411
206,98,304,0.59375,0.35526316
173,133,306,0.59765625,0.13071895
189,117,306,0.59765625,0.23529412
191,114,305,0.59570312,0.25245902
160,152,312,0.609375,0.025641026
86,223,309,0.60351562,-0.4433657
76,236,312,0.609375,-0.51282051
56,255,311,0.60742188,-0.63987138
32,289,321,0.62695312,-0.80062305
43,276,319,0.62304688,-0.73040752
37,269,306,0.59765625,-0.75816993
48,269,317,0.61914062,-0.69716088
45,265,310,0.60546875,-0.70967742
73,258,331,0.64648438,-0.55891239
66,254,320,0.625,-0.5875
66,262,328,0.640625,-0.59756098
32,295,327,0.63867188,-0.80428135
1,333,334,0.65234375,-0.99401198
22,300,322,0.62890625,-0.86335404
