n_hor,n_ver,n_tot,eta,S
60,61,121,0.23632812,-0.0082644628
53,77,130,0.25390625,-0.18461538
56,72,128,0.25,-0.125
49,77,126,0.24609375,-0.22222222
59,58,117,0.22851562,0.0085470085
49,71,120,0.234375,-0.18333333
74,39,113,0.22070312,0.30973451
66,62,128,0.25,0.03125
55,68,123,0.24023438,-0.10569106
51,59,110,0.21484375,-0.072727273
69,58,127,0.24804688,0.086614173
80,54,134,0.26171875,0.19402985
56,62,118,0.23046875,-0.050847458
54,59,113,0.22070312,-0.044247788
50,60,110,0.21484375,-0.090909091
54,84,138,0.26953125,-0.2173913
55,63,118,0.23046875,-0.06779661
59,57,116,0.2265625,0.017241379
55,64,119,0.23242188,-0.075630252
62,58,120,0.234375,0.033333333
62,52,114,0.22265625,0.087719298
51,82,133,0.25976562,-0.23308271
59,61,120,0.234375,-0.016666667
36,90,126,0.24609375,-0.42857143
48,55,103,0.20117188,-0.067961165
53,56,109,0.21289062,-0.027522936
68,56,124,0.2421875,0.096774194
56,67,123,0.24023438,-0.089430894
78,59,137,0.26757812,0.13868613
61,57,118,0.23046875,0.033898305
59,60,119,0.23242188,-0.0084033613
55,65,120,0.234375,-0.083333333
45,72,117,0.22851562,-0.23076923
54,74,128,0.25,-0.15625
63,58,121,0.23632812,0.041322314
72,59,131,0.25585938,0.099236641
49,67,116,0.2265625,-0.15517241
53,60,113,0.22070312,-0.061946903
60,66,126,0.24609375,-0.047619048
64,56,120,0.234375,0.066666667
58,66,124,0.2421875,-0.064516129
63,53,116,0.2265625,0.086206897
57,60,117,0.22851562,-0.025641026
55,74,129,0.25195312,-0.14728682
55,65,120,0.234375,-0.083333333
64,51,115,0.22460938,0.11304348
44,68,112,0.21875,-0.21428571
58,65,123,0.24023438,-0.056910569
49,68,117,0.22851562,-0.16239316
48,78,126,0.24609375,-0.23809524
78,42,120,0.234375,0.3
62,46,108,0.2109375,0.14814815
72,48,120,0.234375,0.2
62,51,113,0.22070312,0.097345133
70,58,128,0.25,0.09375
71,59,130,0.25390625,0.092307692
60,60,120,0.234375,0
84,45,129,0.25195312,0.30232558
57,69,126,0.24609375,-0.095238095
69,63,132,0.2578125,0.045454545
60,57,117,0.22851562,0.025641026
53,66,119,0.23242188,-0.1092437
76,58,134,0.26171875,0.13432836
68,54,122,0.23828125,0.1147541
54,58,112,0.21875,-0.035714286
57,46,103,0.20117188,0.10679612
64,55,119,0.23242188,0.075630252
58,62,120,0.234375,-0.033333333
55,53,108,0.2109375,0.018518519
53,65,118,0.23046875,-0.10169492
64,66,130,0.25390625,-0.015384615
60,69,129,0.25195312,-0.069767442
67,57,124,0.2421875,0.080645161
64,47,111,0.21679688,0.15315315
55,59,114,0.22265625,-0.035087719
66,58,124,0.2421875,0.064516129
69,43,112,0.21875,0.23214286
64,55,119,0.23242188,0.075630252
57,52,109,0.21289062,0.04587156
67,59,126,0.24609375,0.063492063
63,52,115,0.22460938,0.095652174
65,66,131,0.25585938,-0.0076335878
63,56,119,0.23242188,0.058823529
47,69,116,0.2265625,-0.18965517
54,81,135,0.26367188,-0.2
56,67,123,0.24023438,-0.089430894
64,62,126,0.24609375,0.015873016
50,70,120,0.234375,-0.16666667
50,70,120,0.234375,-0.16666667
71,45,116,0.2265625,0.22413793
61,59,120,0.234375,0.016666667
70,49,119,0.23242188,0.17647059
61,70,131,0.25585938,-0.06870229
49,64,113,0.22070312,-0.13274336
58,75,133,0.25976562,-0.12781955
60,53,113,0.22070312,0.061946903
67,54,121,0.23632812,0.10743802
54,68,122,0.23828125,-0.1147541
57,61,118,0.23046875,-0.033898305
45,73,118,0.23046875,-0.23728814
58,55,113,0.22070312,0.026548673
69,66,135,0.26367188,0.022222222
65,55,120,0.234375,0.083333333
63,58,121,0.23632812,0.041322314
53,60,113,0.22070312,-0.061946903
51,79,130,0.25390625,-0.21538462
47,69,116,0.2265625,-0.18965517
72,45,117,0.22851562,0.23076923
64,54,118,0.23046875,0.084745763
52,66,118,0.23046875,-0.11864407
65,62,127,0.24804688,0.023622047
43,66,109,0.21289062,-0.21100917
57,54,111,0.21679688,0.027027027
70,55,125,0.24414062,0.12
54,68,122,0.23828125,-0.1147541
48,65,113,0.22070312,-0.15044248
64,53,117,0.22851562,0.094017094
71,54,125,0.24414062,0.136
41,64,105,0.20507812,-0.21904762
70,69,139,0.27148438,0.0071942446
50,62,112,0.21875,-0.10714286
66,66,132,0.2578125,0
39,70,109,0.21289062,-0.28440367
80,57,137,0.26757812,0.16788321
51,66,117,0.22851562,-0.12820513
65,66,131,0.25585938,-0.0076335878
49,58,107,0.20898438,-0.08411215
74,51,125,0.24414062,0.184
51,63,114,0.22265625,-0.10526316
55,72,127,0.24804688,-0.13385827
60,60,120,0.234375,0
77,45,122,0.23828125,0.26229508
72,61,133,0.25976562,0.082706767
70,55,125,0.24414062,0.12
39,81,120,0.234375,-0.35
69,45,114,0.22265625,0.21052632
78,52,130,0.25390625,0.2
70,57,127,0.24804688,0.1023622
71,44,115,0.22460938,0.23478261
56,63,119,0.23242188,-0.058823529
64,54,118,0.23046875,0.084745763
68,43,111,0.21679688,0.22522523
53,74,127,0.24804688,-0.16535433
51,62,113,0.22070312,-0.097345133
58,57,115,0.22460938,0.0086956522
57,72,129,0.25195312,-0.11627907
65,64,129,0.25195312,0.007751938
70,50,120,0.234375,0.16666667
53,52,105,0.20507812,0.0095238095
40,83,123,0.24023438,-0.3495935
50,65,115,0.22460938,-0.13043478
56,60,116,0.2265625,-0.034482759
69,54,123,0.24023438,0.12195122
47,80,127,0.24804688,-0.25984252
62,65,127,0.24804688,-0.023622047
54,70,124,0.2421875,-0.12903226
61,59,120,0.234375,0.016666667
66,46,112,0.21875,0.17857143
57,57,114,0.22265625,0
45,69,114,0.22265625,-0.21052632
60,61,121,0.23632812,-0.0082644628
68,56,124,0.2421875,0.096774194
49,63,112,0.21875,-0.125
65,49,114,0.22265625,0.14035088
64,63,127,0.24804688,0.0078740157
78,46,124,0.2421875,0.25806452
57,61,118,0.23046875,-0.033898305
48,72,120,0.234375,-0.2
71,54,125,0.24414062,0.136
55,70,125,0.24414062,-0.12
65,64,129,0.25195312,0.007751938
54,66,120,0.234375,-0.1
60,56,116,0.2265625,0.034482759
73,48,121,0.23632812,0.20661157
47,73,120,0.234375,-0.21666667
56,67,123,0.24023438,-0.089430894
79,49,128,0.25,0.234375
58,71,129,0.25195312,-0.10077519
65,63,128,0.25,0.015625
81,48,129,0.25195312,0.25581395
62,65,127,0.24804688,-0.023622047
58,67,125,0.24414062,-0.072
69,45,114,0.22265625,0.21052632
73,41,114,0.22265625,0.28070175
57,66,123,0.24023438,-0.073170732
62,53,115,0.22460938,0.07826087
58,61,119,0.23242188,-0.025210084
45,75,120,0.234375,-0.25
76,43,119,0.23242188,0.27731092
53,69,122,0.23828125,-0.13114754
56,65,121,0.23632812,-0.074380165
63,55,118,0.23046875,0.06779661
42,76,118,0.23046875,-0.28813559
63,55,118,0.23046875,0.06779661
49,65,114,0.22265625,-0.14035088
71,49,120,0.234375,0.18333333
80,52,132,0.2578125,0.21212121
57,70,127,0.24804688,-0.1023622
51,67,118,0.23046875,-0.13559322
33,90,123,0.24023438,-0.46341463
69,53,122,0.23828125,0.13114754
71,62,133,0.25976562,0.067669173
57,65,122,0.23828125,-0.06557377
51,74,125,0.24414062,-0.184
58,62,120,0.234375,-0.033333333
68,72,140,0.2734375,-0.028571429
58,78,136,0.265625,-0.14705882
62,66,128,0.25,-0.03125
58,52,110,0.21484375,0.054545455
43,73,116,0.2265625,-0.25862069
52,77,129,0.25195312,-0.19379845
60,65,125,0.24414062,-0.04
61,59,120,0.234375,0.016666667
49,73,122,0.23828125,-0.19672131
63,65,128,0.25,-0.015625
63,59,122,0.23828125,0.032786885
48,71,119,0.23242188,-0.19327731
70,63,133,0.25976562,0.052631579
41,85,126,0.24609375,-0.34920635
68,51,119,0.23242188,0.14285714
55,57,112,0.21875,-0.017857143
70,48,118,0.23046875,0.18644068
50,69,119,0.23242188,-0.15966387
63,56,119,0.23242188,0.058823529
80,34,114,0.22265625,0.40350877
56,62,118,0.23046875,-0.050847458
58,59,117,0.22851562,-0.0085470085
57,59,116,0.2265625,-0.017241379
48,68,116,0.2265625,-0.17241379
53,79,132,0.2578125,-0.1969697
52,68,120,0.234375,-0.13333333
44,75,119,0.23242188,-0.2605042
61,50,111,0.21679688,0.099099099
79,59,138,0.26953125,0.14492754
70,49,119,0.23242188,0.17647059
60,56,116,0.2265625,0.034482759
55,58,113,0.22070312,-0.026548673
70,48,118,0.23046875,0.18644068
70,40,110,0.21484375,0.27272727
58,67,125,0.24414062,-0.072
69,36,105,0.20507812,0.31428571
68,46,114,0.22265625,0.19298246
52,65,117,0.22851562,-0.11111111
65,54,119,0.23242188,0.092436975
68,61,129,0.25195312,0.054263566
56,63,119,0.23242188,-0.058823529
66,46,112,0.21875,0.17857143
78,52,130,0.25390625,0.2
74,48,122,0.23828125,0.21311475
44,75,119,0.23242188,-0.2605042
58,66,124,0.2421875,-0.064516129
51,71,122,0.23828125,-0.16393443
62,54,116,0.2265625,0.068965517
56,60,116,0.2265625,-0.034482759
37,84,121,0.23632812,-0.38842975
60,70,130,0.25390625,-0.076923077
70,44,114,0.22265625,0.22807018
55,65,120,0.234375,-0.083333333
57,61,118,0.23046875,-0.033898305
63,49,112,0.21875,0.125
64,60,124,0.2421875,0.032258065
65,54,119,0.23242188,0.092436975
74,55,129,0.25195312,0.14728682
81,41,122,0.23828125,0.32786885
62,59,121,0.23632812,0.024793388
62,54,116,0.2265625,0.068965517
71,45,116,0.2265625,0.22413793
63,63,126,0.24609375,0
68,59,127,0.24804688,0.070866142
57,57,114,0.22265625,0
64,78,142,0.27734375,-0.098591549
56,72,128,0.25,-0.125
70,50,120,0.234375,0.16666667
61,60,121,0.23632812,0.0082644628
61,64,125,0.24414062,-0.024
57,68,125,0.24414062,-0.088
53,60,113,0.22070312,-0.061946903
64,68,132,0.2578125,-0.03030303
53,76,129,0.25195312,-0.17829457
51,69,120,0.234375,-0.15
71,66,137,0.26757812,0.03649635
60,56,116,0.2265625,0.034482759
60,55,115,0.22460938,0.043478261
74,44,118,0.23046875,0.25423729
54,82,136,0.265625,-0.20588235
64,61,125,0.24414062,0.024
86,50,136,0.265625,0.26470588
58,73,131,0.25585938,-0.11450382
60,68,128,0.25,-0.0625
63,64,127,0.24804688,-0.0078740157
61,59,120,0.234375,0.016666667
56,49,105,0.20507812,0.066666667
80,50,130,0.25390625,0.23076923
69,55,124,0.2421875,0.11290323
77,51,128,0.25,0.203125
69,42,111,0.21679688,0.24324324
75,48,123,0.24023438,0.2195122
46,74,120,0.234375,-0.23333333
55,81,136,0.265625,-0.19117647
57,63,120,0.234375,-0.05
55,77,132,0.2578125,-0.16666667
52,74,126,0.24609375,-0.17460317
51,77,128,0.25,-0.203125
52,70,122,0.23828125,-0.14754098
61,57,118,0.23046875,0.033898305
56,49,105,0.20507812,0.066666667
40,93,133,0.25976562,-0.39849624
59,72,131,0.25585938,-0.099236641
68,44,112,0.21875,0.21428571
63,53,116,0.2265625,0.086206897
64,61,125,0.24414062,0.024
45,74,119,0.23242188,-0.24369748
73,56,129,0.25195312,0.13178295
49,78,127,0.24804688,-0.22834646
52,65,117,0.22851562,-0.11111111
58,62,120,0.234375,-0.033333333
53,55,108,0.2109375,-0.018518519
72,54,126,0.24609375,0.14285714
55,71,126,0.24609375,-0.12698413
56,67,123,0.24023438,-0.089430894
62,57,119,0.23242188,0.042016807
45,64,109,0.21289062,-0.17431193
51,66,117,0.22851562,-0.12820513
50,79,129,0.25195312,-0.2248062
50,57,107,0.20898438,-0.065420561
46,73,119,0.23242188,-0.22689076
51,60,111,0.21679688,-0.081081081
50,60,110,0.21484375,-0.090909091
51,70,121,0.23632812,-0.15702479
57,57,114,0.22265625,0
62,59,121,0.23632812,0.024793388
70,57,127,0.24804688,0.1023622
62,56,118,0.23046875,0.050847458
54,59,113,0.22070312,-0.044247788
67,53,120,0.234375,0.11666667
65,48,113,0.22070312,0.15044248
80,44,124,0.2421875,0.29032258
58,72,130,0.25390625,-0.10769231
46,71,117,0.22851562,-0.21367521
56,78,134,0.26171875,-0.1641791
59,62,121,0.23632812,-0.024793388
58,55,113,0.22070312,0.026548673
54,64,118,0.23046875,-0.084745763
46,68,114,0.22265625,-0.19298246
56,72,128,0.25,-0.125
74,52,126,0.24609375,0.17460317
48,78,126,0.24609375,-0.23809524
90,45,135,0.26367188,0.33333333
81,37,118,0.23046875,0.37288136
57,67,124,0.2421875,-0.080645161
67,48,115,0.22460938,0.16521739
57,56,113,0.22070312,0.0088495575
86,35,121,0.23632812,0.4214876
58,71,129,0.25195312,-0.10077519
57,67,124,0.2421875,-0.080645161
52,66,118,0.23046875,-0.11864407
70,46,116,0.2265625,0.20689655
69,59,128,0.25,0.078125
77,60,137,0.26757812,0.12408759
63,56,119,0.23242188,0.058823529
61,61,122,0.23828125,0
43,71,114,0.22265625,-0.24561404
51,64,115,0.22460938,-0.11304348
49,68,117,0.22851562,-0.16239316
58,62,120,0.234375,-0.033333333
42,84,126,0.24609375,-0.33333333
78,47,125,0.24414062,0.248
68,58,126,0.24609375,0.079365079
40,84,124,0.2421875,-0.35483871
68,39,107,0.20898438,0.27102804
70,64,134,0.26171875,0.044776119
70,54,124,0.2421875,0.12903226
51,65,116,0.2265625,-0.12068966
63,69,132,0.2578125,-0.045454545
88,41,129,0.25195312,0.36434109
89,47,136,0.265625,0.30882353
67,50,117,0.22851562,0.14529915
45,69,114,0.22265625,-0.21052632
73,52,125,0.24414062,0.168
61,63,124,0.2421875,-0.016129032
49,62,111,0.21679688,-0.11711712
71,61,132,0.2578125,0.075757576
64,41,105,0.20507812,0.21904762
55,68,123,0.24023438,-0.10569106
61,58,119,0.23242188,0.025210084
69,54,123,0.24023438,0.12195122
55,82,137,0.26757812,-0.19708029
61,57,118,0.23046875,0.033898305
53,59,112,0.21875,-0.053571429
40,79,119,0.23242188,-0.32773109
39,83,122,0.23828125,-0.36065574
66,52,118,0.23046875,0.11864407
57,66,123,0.24023438,-0.073170732
54,79,133,0.25976562,-0.18796992
69,52,121,0.23632812,0.14049587
56,54,110,0.21484375,0.018181818
42,72,114,0.22265625,-0.26315789
53,67,120,0.234375,-0.11666667
68,57,125,0.24414062,0.088
59,66,125,0.24414062,-0.056
61,53,114,0.22265625,0.070175439
56,64,120,0.234375,-0.066666667
56,46,102,0.19921875,0.098039216
59,48,107,0.20898438,0.10280374
45,79,124,0.2421875,-0.27419355
68,55,123,0.24023438,0.10569106
47,75,122,0.23828125,-0.2295082
59,56,115,0.22460938,0.026086957
53,61,114,0.22265625,-0.070175439
56,51,107,0.20898438,0.046728972
44,72,116,0.2265625,-0.24137931
50,85,135,0.26367188,-0.25925926
58,65,123,0.24023438,-0.056910569
61,54,115,0.22460938,0.060869565
58,65,123,0.24023438,-0.056910569
53,62,115,0.22460938,-0.07826087
58,73,131,0.25585938,-0.11450382
62,53,115,0.22460938,0.07826087
64,64,128,0.25,0
61,71,132,0.2578125,-0.075757576
49,63,112,0.21875,-0.125
53,59,112,0.21875,-0.053571429
57,63,120,0.234375,-0.05
67,54,121,0.23632812,0.10743802
61,63,124,0.2421875,-0.016129032
58,65,123,0.24023438,-0.056910569
52,52,104,0.203125,0
50,65,115,0.22460938,-0.13043478
68,64,132,0.2578125,0.03030303
67,58,125,0.24414062,0.072
75,53,128,0.25,0.171875
60,62,122,0.23828125,-0.016393443
59,72,131,0.25585938,-0.099236641
66,60,126,0.24609375,0.047619048
61,63,124,0.2421875,-0.016129032
64,50,114,0.22265625,0.12280702
57,70,127,0.24804688,-0.1023622
52,71,123,0.24023438,-0.15447154
56,69,125,0.24414062,-0.104
43,76,119,0.23242188,-0.27731092
59,57,116,0.2265625,0.017241379
50,76,126,0.24609375,-0.20634921
68,49,117,0.22851562,0.16239316
70,56,126,0.24609375,0.11111111
71,48,119,0.23242188,0.19327731
55,59,114,0.22265625,-0.035087719
38,78,116,0.2265625,-0.34482759
63,58,121,0.23632812,0.041322314
58,71,129,0.25195312,-0.10077519
60,65,125,0.24414062,-0.04
59,64,123,0.24023438,-0.040650407
70,55,125,0.24414062,0.12
55,61,116,0.2265625,-0.051724138
47,64,111,0.21679688,-0.15315315
71,52,123,0.24023438,0.15447154
71,48,119,0.23242188,0.19327731
67,48,115,0.22460938,0.16521739
57,71,128,0.25,-0.109375
47,76,123,0.24023438,-0.23577236
47,63,110,0.21484375,-0.14545455
79,48,127,0.24804688,0.24409449
69,51,120,0.234375,0.15
66,53,119,0.23242188,0.1092437
59,58,117,0.22851562,0.0085470085
65,58,123,0.24023438,0.056910569
57,56,113,0.22070312,0.0088495575
63,60,123,0.24023438,0.024390244
72,61,133,0.25976562,0.082706767
64,44,108,0.2109375,0.18518519
74,52,126,0.24609375,0.17460317
55,65,120,0.234375,-0.083333333
66,54,120,0.234375,0.1
79,47,126,0.24609375,0.25396825
54,64,118,0.23046875,-0.084745763
76,50,126,0.24609375,0.20634921
76,51,127,0.24804688,0.19685039
44,71,115,0.22460938,-0.23478261
32,88,120,0.234375,-0.46666667
59,65,124,0.2421875,-0.048387097
63,61,124,0.2421875,0.016129032
65,48,113,0.22070312,0.15044248
65,64,129,0.25195312,0.007751938
67,57,124,0.2421875,0.080645161
68,60,128,0.25,0.0625
71,55,126,0.24609375,0.12698413
70,55,125,0.24414062,0.12
46,69,115,0.22460938,-0.2
56,68,124,0.2421875,-0.096774194
65,54,119,0.23242188,0.092436975
52,75,127,0.24804688,-0.18110236
46,68,114,0.22265625,-0.19298246
57,79,136,0.265625,-0.16176471
66,56,122,0.23828125,0.081967213
61,65,126,0.24609375,-0.031746032
75,44,119,0.23242188,0.2605042
40,80,120,0.234375,-0.33333333
65,49,114,0.22265625,0.14035088
69,61,130,0.25390625,0.061538462
72,54,126,0.24609375,0.14285714
72,49,121,0.23632812,0.19008264
67,47,114,0.22265625,0.1754386
46,64,110,0.21484375,-0.16363636
64,63,127,0.24804688,0.0078740157
63,57,120,0.234375,0.05
51,74,125,0.24414062,-0.184
56,80,136,0.265625,-0.17647059
64,66,130,0.25390625,-0.015384615
71,60,131,0.25585938,0.083969466
60,53,113,0.22070312,0.061946903
50,67,117,0.22851562,-0.14529915
62,58,120,0.234375,0.033333333
69,48,117,0.22851562,0.17948718
74,60,134,0.26171875,0.10447761
64,68,132,0.2578125,-0.03030303
58,58,116,0.2265625,0
73,65,138,0.26953125,0.057971014
78,57,135,0.26367188,0.15555556
75,55,130,0.25390625,0.15384615
61,57,118,0.23046875,0.033898305
49,68,117,0.22851562,-0.16239316
64,65,129,0.25195312,-0.007751938
59,56,115,0.22460938,0.026086957
65,47,112,0.21875,0.16071429
67,61,128,0.25,0.046875
75,46,121,0.23632812,0.23966942
67,56,123,0.24023438,0.089430894
72,49,121,0.23632812,0.19008264
52,71,123,0.24023438,-0.15447154
54,62,116,0.2265625,-0.068965517
68,50,118,0.23046875,0.15254237
58,57,115,0.22460938,0.0086956522
49,71,120,0.234375,-0.18333333
51,56,107,0.20898438,-0.046728972
50,64,114,0.22265625,-0.12280702
65,60,125,0.24414062,0.04
70,62,132,0.2578125,0.060606061
48,67,115,0.22460938,-0.16521739
59,75,134,0.26171875,-0.11940299
76,54,130,0.25390625,0.16923077
59,63,122,0.23828125,-0.032786885
58,47,105,0.20507812,0.1047619
53,68,121,0.23632812,-0.12396694
61,63,124,0.2421875,-0.016129032
72,44,116,0.2265625,0.24137931
43,85,128,0.25,-0.328125
44,82,126,0.24609375,-0.3015873
84,49,133,0.25976562,0.26315789
65,61,126,0.24609375,0.031746032
81,66,147,0.28710938,0.10204082
78,47,125,0.24414062,0.248
61,54,115,0.22460938,0.060869565
73,48,121,0.23632812,0.20661157
82,42,124,0.2421875,0.32258065
56,60,116,0.2265625,-0.034482759
59,69,128,0.25,-0.078125
60,55,115,0.22460938,0.043478261
68,53,121,0.23632812,0.12396694
70,59,129,0.25195312,0.085271318
53,66,119,0.23242188,-0.1092437
56,59,115,0.22460938,-0.026086957
46,68,114,0.22265625,-0.19298246
43,68,111,0.21679688,-0.22522523
74,55,129,0.25195312,0.14728682
83,40,123,0.24023438,0.3495935
62,72,134,0.26171875,-0.074626866
53,63,116,0.2265625,-0.086206897
67,69,136,0.265625,-0.014705882
57,69,126,0.24609375,-0.095238095
66,58,124,0.2421875,0.064516129
69,61,130,0.25390625,0.061538462
50,66,116,0.2265625,-0.13793103
54,63,117,0.22851562,-0.076923077
60,59,119,0.23242188,0.0084033613
74,60,134,0.26171875,0.10447761
54,69,123,0.24023438,-0.12195122
56,62,118,0.23046875,-0.050847458
49,65,114,0.22265625,-0.14035088
68,55,123,0.24023438,0.10569106
66,63,129,0.25195312,0.023255814
74,50,124,0.2421875,0.19354839
55,67,122,0.23828125,-0.098360656
56,55,111,0.21679688,0.009009009
58,44,102,0.19921875,0.1372549
53,68,121,0.23632812,-0.12396694
67,61,128,0.25,0.046875
45,71,116,0.2265625,-0.22413793
68,68,136,0.265625,0
58,65,123,0.24023438,-0.056910569
69,56,125,0.24414062,0.104
71,55,126,0.24609375,0.12698413
68,57,125,0.24414062,0.088
68,55,123,0.24023438,0.10569106
75,56,131,0.25585938,0.14503817
62,63,125,0.24414062,-0.008
79,52,131,0.25585938,0.20610687
64,60,124,0.2421875,0.032258065
58,67,125,0.24414062,-0.072
73,55,128,0.25,0.140625
75,48,123,0.24023438,0.2195122
56,53,109,0.21289062,0.027522936
62,51,113,0.22070312,0.097345133
57,71,128,0.25,-0.109375
65,54,119,0.23242188,0.092436975
75,40,115,0.22460938,0.30434783
45,64,109,0.21289062,-0.17431193
64,67,131,0.25585938,-0.022900763
72,49,121,0.23632812,0.19008264
60,72,132,0.2578125,-0.090909091
64,51,115,0.22460938,0.11304348
59,62,121,0.23632812,-0.024793388
61,57,118,0.23046875,0.033898305
51,72,123,0.24023438,-0.17073171
57,72,129,0.25195312,-0.11627907
53,62,115,0.22460938,-0.07826087
64,53,117,0.22851562,0.094017094
68,56,124,0.2421875,0.096774194
50,72,122,0.23828125,-0.18032787
55,54,109,0.21289062,0.0091743119
80,50,130,0.25390625,0.23076923
62,78,140,0.2734375,-0.11428571
68,45,113,0.22070312,0.20353982
62,71,133,0.25976562,-0.067669173
66,57,123,0.24023438,0.073170732
56,66,122,0.23828125,-0.081967213
46,71,117,0.22851562,-0.21367521
54,57,111,0.21679688,-0.027027027
60,63,123,0.24023438,-0.024390244
64,51,115,0.22460938,0.11304348
70,45,115,0.22460938,0.2173913
70,51,121,0.23632812,0.15702479
67,52,119,0.23242188,0.12605042
49,82,131,0.25585938,-0.2519084
54,75,129,0.25195312,-0.1627907
61,69,130,0.25390625,-0.061538462
62,61,123,0.24023438,0.0081300813
58,63,121,0.23632812,-0.041322314
55,79,134,0.26171875,-0.17910448
55,59,114,0.22265625,-0.035087719
47,68,115,0.22460938,-0.1826087
61,62,123,0.24023438,-0.0081300813
54,61,115,0.22460938,-0.060869565
54,72,126,0.24609375,-0.14285714
59,56,115,0.22460938,0.026086957
49,64,113,0.22070312,-0.13274336
81,50,131,0.25585938,0.23664122
58,66,124,0.2421875,-0.064516129
65,65,130,0.25390625,0
59,45,104,0.203125,0.13461538
79,42,121,0.23632812,0.30578512
49,75,124,0.2421875,-0.20967742
63,64,127,0.24804688,-0.0078740157
66,65,131,0.25585938,0.0076335878
45,74,119,0.23242188,-0.24369748
60,58,118,0.23046875,0.016949153
70,59,129,0.25195312,0.085271318
51,71,122,0.23828125,-0.16393443
55,59,114,0.22265625,-0.035087719
62,52,114,0.22265625,0.087719298
66,52,118,0.23046875,0.11864407
77,41,118,0.23046875,0.30508475
67,62,129,0.25195312,0.03875969
37,87,124,0.2421875,-0.40322581
46,75,121,0.23632812,-0.23966942
54,60,114,0.22265625,-0.052631579
59,55,114,0.22265625,0.035087719
76,42,118,0.23046875,0.28813559
73,45,118,0.23046875,0.23728814
73,62,135,0.26367188,0.081481481
64,78,142,0.27734375,-0.098591549
63,48,111,0.21679688,0.13513514
51,62,113,0.22070312,-0.097345133
72,51,123,0.24023438,0.17073171
48,67,115,0.22460938,-0.16521739
50,67,117,0.22851562,-0.14529915
68,58,126,0.24609375,0.079365079
62,58,120,0.234375,0.033333333
48,63,111,0.21679688,-0.13513514
62,62,124,0.2421875,0
61,67,128,0.25,-0.046875
50,67,117,0.22851562,-0.14529915
59,49,108,0.2109375,0.092592593
57,58,115,0.22460938,-0.0086956522
48,72,120,0.234375,-0.2
56,65,121,0.23632812,-0.074380165
50,70,120,0.234375,-0.16666667
55,60,115,0.22460938,-0.043478261
54,66,120,0.234375,-0.1
56,67,123,0.24023438,-0.089430894
59,57,116,0.2265625,0.017241379
57,71,128,0.25,-0.109375
60,69,129,0.25195312,-0.069767442
58,73,131,0.25585938,-0.11450382
57,71,128,0.25,-0.109375
57,56,113,0.22070312,0.0088495575
55,70,125,0.24414062,-0.12
79,49,128,0.25,0.234375
79,48,127,0.24804688,0.24409449
67,60,127,0.24804688,0.05511811
78,52,130,0.25390625,0.2
68,55,123,0.24023438,0.10569106
59,72,131,0.25585938,-0.099236641
62,55,117,0.22851562,0.05982906
68,63,131,0.25585938,0.038167939
69,51,120,0.234375,0.15
53,56,109,0.21289062,-0.027522936
62,65,127,0.24804688,-0.023622047
64,66,130,0.25390625,-0.015384615
66,61,127,0.24804688,0.039370079
73,45,118,0.23046875,0.23728814
51,67,118,0.23046875,-0.13559322
61,55,116,0.2265625,0.051724138
47,66,113,0.22070312,-0.16814159
53,56,109,0.21289062,-0.027522936
61,60,121,0.23632812,0.0082644628
63,47,110,0.21484375,0.14545455
74,47,121,0.23632812,0.2231405
70,54,124,0.2421875,0.12903226
62,56,118,0.23046875,0.050847458
57,59,116,0.2265625,-0.017241379
62,59,121,0.23632812,0.024793388
52,68,120,0.234375,-0.13333333
71,65,136,0.265625,0.044117647
55,64,119,0.23242188,-0.075630252
61,51,112,0.21875,0.089285714
40,74,114,0.22265625,-0.29824561
63,50,113,0.22070312,0.11504425
57,53,110,0.21484375,0.036363636
58,73,131,0.25585938,-0.11450382
41,74,115,0.22460938,-0.28695652
49,77,126,0.24609375,-0.22222222
67,59,126,0.24609375,0.063492063
50,74,124,0.2421875,-0.19354839
54,72,126,0.24609375,-0.14285714
87,42,129,0.25195312,0.34883721
74,59,133,0.25976562,0.11278195
55,67,122,0.23828125,-0.098360656
42,83,125,0.24414062,-0.328
54,63,117,0.22851562,-0.076923077
56,55,111,0.21679688,0.009009009
62,62,124,0.2421875,0
60,54,114,0.22265625,0.052631579
66,59,125,0.24414062,0.056
48,68,116,0.2265625,-0.17241379
66,68,134,0.26171875,-0.014925373
54,69,123,0.24023438,-0.12195122
70,61,131,0.25585938,0.06870229
59,66,125,0.24414062,-0.056
63,59,122,0.23828125,0.032786885
56,65,121,0.23632812,-0.074380165
50,65,115,0.22460938,-0.13043478
74,40,114,0.22265625,0.29824561
57,59,116,0.2265625,-0.017241379
61,48,109,0.21289062,0.11926606
57,68,125,0.24414062,-0.088
57,65,122,0.23828125,-0.06557377
49,58,107,0.20898438,-0.08411215
53,72,125,0.24414062,-0.152
77,55,132,0.2578125,0.16666667
69,57,126,0.24609375,0.095238095
62,65,127,0.24804688,-0.023622047
71,57,128,0.25,0.109375
60,69,129,0.25195312,-0.069767442
60,59,119,0.23242188,0.0084033613
68,65,133,0.25976562,0.022556391
57,60,117,0.22851562,-0.025641026
57,82,139,0.27148438,-0.17985612
52,62,114,0.22265625,-0.087719298
53,71,124,0.2421875,-0.14516129
61,62,123,0.24023438,-0.0081300813
53,59,112,0.21875,-0.053571429
70,54,124,0.2421875,0.12903226
54,63,117,0.22851562,-0.076923077
46,76,122,0.23828125,-0.24590164
63,60,123,0.24023438,0.024390244
53,55,108,0.2109375,-0.018518519
72,44,116,0.2265625,0.24137931
49,76,125,0.24414062,-0.216
64,61,125,0.24414062,0.024
57,56,113,0.22070312,0.0088495575
54,67,121,0.23632812,-0.10743802
55,61,116,0.2265625,-0.051724138
67,52,119,0.23242188,0.12605042
53,74,127,0.24804688,-0.16535433
71,40,111,0.21679688,0.27927928
60,46,106,0.20703125,0.13207547
63,67,130,0.25390625,-0.030769231
60,54,114,0.22265625,0.052631579
65,59,124,0.2421875,0.048387097
49,74,123,0.24023438,-0.20325203
70,56,126,0.24609375,0.11111111
48,75,123,0.24023438,-0.2195122
48,70,118,0.23046875,-0.18644068
51,57,108,0.2109375,-0.055555556
76,55,131,0.25585938,0.16030534
47,67,114,0.22265625,-0.1754386
70,57,127,0.24804688,0.1023622
54,61,115,0.22460938,-0.060869565
54,66,120,0.234375,-0.1
73,57,130,0.25390625,0.12307692
62,65,127,0.24804688,-0.023622047
63,45,108,0.2109375,0.16666667
53,74,127,0.24804688,-0.16535433
69,65,134,0.26171875,0.029850746
70,55,125,0.24414062,0.12
69,62,131,0.25585938,0.053435115
64,64,128,0.25,0
55,62,117,0.22851562,-0.05982906
76,54,130,0.25390625,0.16923077
63,70,133,0.25976562,-0.052631579
60,65,125,0.24414062,-0.04
78,44,122,0.23828125,0.27868852
73,44,117,0.22851562,0.24786325
67,58,125,0.24414062,0.072
71,57,128,0.25,0.109375
80,61,141,0.27539062,0.13475177
69,69,138,0.26953125,0
30,86,116,0.2265625,-0.48275862
61,62,123,0.24023438,-0.0081300813
63,53,116,0.2265625,0.086206897
53,61,114,0.22265625,-0.070175439
70,60,130,0.25390625,0.076923077
54,67,121,0.23632812,-0.10743802
53,71,124,0.2421875,-0.14516129
61,70,131,0.25585938,-0.06870229
54,73,127,0.24804688,-0.1496063
55,75,130,0.25390625,-0.15384615
63,57,120,0.234375,0.05
58,53,111,0.21679688,0.045045045
40,72,112,0.21875,-0.28571429
72,49,121,0.23632812,0.19008264
58,65,123,0.24023438,-0.056910569
75,50,125,0.24414062,0.2
55,76,131,0.25585938,-0.16030534
65,54,119,0.23242188,0.092436975
76,47,123,0.24023438,0.23577236
77,46,123,0.24023438,0.25203252
56,77,133,0.25976562,-0.15789474
46,88,134,0.26171875,-0.31343284
77,52,129,0.25195312,0.19379845
50,74,124,0.2421875,-0.19354839
62,60,122,0.23828125,0.016393443
63,62,125,0.24414062,0.008
64,54,118,0.23046875,0.084745763
74,53,127,0.24804688,0.16535433
45,66,111,0.21679688,-0.18918919
54,62,116,0.2265625,-0.068965517
61,64,125,0.24414062,-0.024
72,58,130,0.25390625,0.10769231
49,74,123,0.24023438,-0.20325203
52,68,120,0.234375,-0.13333333
59,62,121,0.23632812,-0.024793388
61,62,123,0.24023438,-0.0081300813
56,63,119,0.23242188,-0.058823529
66,58,124,0.2421875,0.064516129
78,53,131,0.25585938,0.19083969
51,58,109,0.21289062,-0.064220183
65,48,113,0.22070312,0.15044248
69,56,125,0.24414062,0.104
61,62,123,0.24023438,-0.0081300813
60,48,108,0.2109375,0.11111111
36,76,112,0.21875,-0.35714286
59,65,124,0.2421875,-0.048387097
60,70,130,0.25390625,-0.076923077
69,56,125,0.24414062,0.104
52,69,121,0.23632812,-0.14049587
66,57,123,0.24023438,0.073170732
54,70,124,0.2421875,-0.12903226
66,66,132,0.2578125,0
53,54,107,0.20898438,-0.0093457944
56,68,124,0.2421875,-0.096774194
48,64,112,0.21875,-0.14285714
50,70,120,0.234375,-0.16666667
50,81,131,0.25585938,-0.23664122
51,67,118,0.23046875,-0.13559322
49,67,116,0.2265625,-0.15517241
79,48,127,0.24804688,0.24409449
51,67,118,0.23046875,-0.13559322
70,51,121,0.23632812,0.15702479
60,67,127,0.24804688,-0.05511811
59,58,117,0.22851562,0.0085470085
48,66,114,0.22265625,-0.15789474
73,51,124,0.2421875,0.17741935
65,56,121,0.23632812,0.074380165
67,44,111,0.21679688,0.20720721
51,73,124,0.2421875,-0.17741935
42,73,115,0.22460938,-0.26956522
76,40,116,0.2265625,0.31034483
64,63,127,0.24804688,0.0078740157
63,57,120,0.234375,0.05
69,56,125,0.24414062,0.104
55,69,124,0.2421875,-0.11290323
67,59,126,0.24609375,0.063492063
52,73,125,0.24414062,-0.168
76,43,119,0.23242188,0.27731092
62,57,119,0.23242188,0.042016807
41,76,117,0.22851562,-0.2991453
66,64,130,0.25390625,0.015384615
66,70,136,0.265625,-0.029411765
37,65,102,0.19921875,-0.2745098
81,49,130,0.25390625,0.24615385
64,52,116,0.2265625,0.10344828
61,71,132,0.2578125,-0.075757576
70,56,126,0.24609375,0.11111111
51,79,130,0.25390625,-0.21538462
66,57,123,0.24023438,0.073170732
48,73,121,0.23632812,-0.20661157
65,63,128,0.25,0.015625
67,65,132,0.2578125,0.015151515
72,47,119,0.23242188,0.21008403
66,53,119,0.23242188,0.1092437
63,64,127,0.24804688,-0.0078740157
86,34,120,0.234375,0.43333333
69,43,112,0.21875,0.23214286
69,40,109,0.21289062,0.26605505
52,75,127,0.24804688,-0.18110236
66,59,125,0.24414062,0.056
53,63,116,0.2265625,-0.086206897
48,69,117,0.22851562,-0.17948718
69,55,124,0.2421875,0.11290323
62,81,143,0.27929688,-0.13286713
61,69,130,0.25390625,-0.061538462
48,64,112,0.21875,-0.14285714
34,86,120,0.234375,-0.43333333
84,43,127,0.24804688,0.32283465
50,76,126,0.24609375,-0.20634921
59,66,125,0.24414062,-0.056
58,65,123,0.24023438,-0.056910569
47,67,114,0.22265625,-0.1754386
66,61,127,0.24804688,0.039370079
58,58,116,0.2265625,0
53,65,118,0.23046875,-0.10169492
62,61,123,0.24023438,0.0081300813
63,64,127,0.24804688,-0.0078740157
59,69,128,0.25,-0.078125
52,65,117,0.22851562,-0.11111111
67,37,104,0.203125,0.28846154
69,40,109,0.21289062,0.26605505
48,73,121,0.23632812,-0.20661157
55,62,117,0.22851562,-0.05982906
36,63,99,0.19335938,-0.27272727
62,65,127,0.24804688,-0.023622047
62,65,127,0.24804688,-0.023622047
51,54,105,0.20507812,-0.028571429
63,64,127,0.24804688,-0.0078740157
61,57,118,0.23046875,0.033898305
69,59,128,0.25,0.078125
57,70,127,0.24804688,-0.1023622
52,68,120,0.234375,-0.13333333
44,77,121,0.23632812,-0.27272727
69,38,107,0.20898438,0.28971963
60,66,126,0.24609375,-0.047619048
55,68,123,0.24023438,-0.10569106
50,77,127,0.24804688,-0.21259843
61,57,118,0.23046875,0.033898305
64,47,111,0.21679688,0.15315315
54,77,131,0.25585938,-0.17557252
74,53,127,0.24804688,0.16535433
64,62,126,0.24609375,0.015873016
47,70,117,0.22851562,-0.1965812
84,51,135,0.26367188,0.24444444
67,52,119,0.23242188,0.12605042
73,48,121,0.23632812,0.20661157
56,60,116,0.2265625,-0.034482759
60,54,114,0.22265625,0.052631579
61,66,127,0.24804688,-0.039370079
48,71,119,0.23242188,-0.19327731
62,59,121,0.23632812,0.024793388
55,65,120,0.234375,-0.083333333
56,57,113,0.22070312,-0.0088495575
57,53,110,0.21484375,0.036363636
61,48,109,0.21289062,0.11926606
63,62,125,0.24414062,0.008
57,55,112,0.21875,0.017857143
59,55,114,0.22265625,0.035087719
77,61,138,0.26953125,0.11594203
50,77,127,0.24804688,-0.21259843
52,66,118,0.23046875,-0.11864407
76,47,123,0.24023438,0.23577236
55,55,110,0.21484375,0
53,62,115,0.22460938,-0.07826087
82,39,121,0.23632812,0.3553719
73,55,128,0.25,0.140625
50,66,116,0.2265625,-0.13793103
73,50,123,0.24023438,0.18699187
52,72,124,0.2421875,-0.16129032
63,55,118,0.23046875,0.06779661
70,56,126,0.24609375,0.11111111
49,74,123,0.24023438,-0.20325203
65,53,118,0.23046875,0.10169492
64,45,109,0.21289062,0.17431193
68,57,125,0.24414062,0.088
72,44,116,0.2265625,0.24137931
71,52,123,0.24023438,0.15447154
51,74,125,0.24414062,-0.184
71,63,134,0.26171875,0.059701493
74,54,128,0.25,0.15625
62,45,107,0.20898438,0.1588785
56,57,113,0.22070312,-0.0088495575
55,61,116,0.2265625,-0.051724138
55,63,118,0.23046875,-0.06779661
52,67,119,0.23242188,-0.12605042
54,76,130,0.25390625,-0.16923077
82,40,122,0.23828125,0.3442623
60,67,127,0.24804688,-0.05511811
74,61,135,0.26367188,0.096296296
53,62,115,0.22460938,-0.07826087
66,66,132,0.2578125,0
63,45,108,0.2109375,0.16666667
58,62,120,0.234375,-0.033333333
68,54,122,0.23828125,0.1147541
55,62,117,0.22851562,-0.05982906
69,58,127,0.24804688,0.086614173
55,61,116,0.2265625,-0.051724138
55,67,122,0.23828125,-0.098360656
45,58,103,0.20117188,-0.12621359
66,73,139,0.27148438,-0.050359712
67,57,124,0.2421875,0.080645161
44,73,117,0.22851562,-0.24786325
67,59,126,0.24609375,0.063492063
47,80,127,0.24804688,-0.25984252
56,62,118,0.23046875,-0.050847458
68,55,123,0.24023438,0.10569106
80,45,125,0.24414062,0.28
66,49,115,0.22460938,0.14782609
82,40,122,0.23828125,0.3442623
53,56,109,0.21289062,-0.027522936
57,67,124,0.2421875,-0.080645161
57,54,111,0.21679688,0.027027027
85,53,138,0.26953125,0.23188406
68,57,125,0.24414062,0.088
56,72,128,0.25,-0.125
79,53,132,0.2578125,0.1969697
52,68,120,0.234375,-0.13333333
62,65,127,0.24804688,-0.023622047
58,58,116,0.2265625,0
43,64,107,0.20898438,-0.19626168
44,84,128,0.25,-0.3125
80,57,137,0.26757812,0.16788321
52,67,119,0.23242188,-0.12605042
58,57,115,0.22460938,0.0086956522
68,53,121,0.23632812,0.12396694
75,45,120,0.234375,0.25
65,61,126,0.24609375,0.031746032
66,46,112,0.21875,0.17857143
69,50,119,0.23242188,0.15966387
68,61,129,0.25195312,0.054263566
65,64,129,0.25195312,0.007751938
72,60,132,0.2578125,0.090909091
64,61,125,0.24414062,0.024
56,53,109,0.21289062,0.027522936
69,57,126,0.24609375,0.095238095
65,55,120,0.234375,0.083333333
65,68,133,0.25976562,-0.022556391
55,72,127,0.24804688,-0.13385827
65,59,124,0.2421875,0.048387097
43,71,114,0.22265625,-0.24561404
70,50,120,0.234375,0.16666667
58,72,130,0.25390625,-0.10769231
76,56,132,0.2578125,0.15151515
51,68,119,0.23242188,-0.14285714
75,37,112,0.21875,0.33928571
73,56,129,0.25195312,0.13178295
52,68,120,0.234375,-0.13333333
69,50,119,0.23242188,0.15966387
57,58,115,0.22460938,-0.0086956522
84,42,126,0.24609375,0.33333333
58,70,128,0.25,-0.09375
56,74,130,0.25390625,-0.13846154
51,63,114,0.22265625,-0.10526316
42,78,120,0.234375,-0.3
60,63,123,0.24023438,-0.024390244
46,66,112,0.21875,-0.17857143
73,51,124,0.2421875,0.17741935
79,51,130,0.25390625,0.21538462
52,72,124,0.2421875,-0.16129032
61,48,109,0.21289062,0.11926606
51,69,120,0.234375,-0.15
45,75,120,0.234375,-0.25
64,58,122,0.23828125,0.049180328
67,54,121,0.23632812,0.10743802
57,66,123,0.24023438,-0.073170732
53,68,121,0.23632812,-0.12396694
77,56,133,0.25976562,0.15789474
54,69,123,0.24023438,-0.12195122
82,51,133,0.25976562,0.23308271
72,54,126,0.24609375,0.14285714
78,44,122,0.23828125,0.27868852
49,73,122,0.23828125,-0.19672131
73,53,126,0.24609375,0.15873016
77,45,122,0.23828125,0.26229508
71,53,124,0.2421875,0.14516129
80,47,127,0.24804688,0.25984252
50,78,128,0.25,-0.21875
48,63,111,0.21679688,-0.13513514
63,65,128,0.25,-0.015625
60,66,126,0.24609375,-0.047619048
53,51,104,0.203125,0.019230769
46,56,102,0.19921875,-0.098039216
64,56,120,0.234375,0.066666667
60,67,127,0.24804688,-0.05511811
61,64,125,0.24414062,-0.024
67,48,115,0.22460938,0.16521739
55,58,113,0.22070312,-0.026548673
77,39,116,0.2265625,0.32758621
45,72,117,0.22851562,-0.23076923
72,51,123,0.24023438,0.17073171
67,57,124,0.2421875,0.080645161
61,66,127,0.24804688,-0.039370079
59,63,122,0.23828125,-0.032786885
66,49,115,0.22460938,0.14782609
56,77,133,0.25976562,-0.15789474
61,61,122,0.23828125,0
58,63,121,0.23632812,-0.041322314
70,69,139,0.27148438,0.0071942446
70,58,128,0.25,0.09375
37,89,126,0.24609375,-0.41269841
63,65,128,0.25,-0.015625
57,70,127,0.24804688,-0.1023622
67,55,122,0.23828125,0.098360656
65,58,123,0.24023438,0.056910569
47,75,122,0.23828125,-0.2295082
53,54,107,0.20898438,-0.0093457944
72,58,130,0.25390625,0.10769231
58,64,122,0.23828125,-0.049180328
49,68,117,0.22851562,-0.16239316
64,57,121,0.23632812,0.05785124
76,55,131,0.25585938,0.16030534
65,49,114,0.22265625,0.14035088
54,54,108,0.2109375,0
61,53,114,0.22265625,0.070175439
66,59,125,0.24414062,0.056
51,85,136,0.265625,-0.25
65,65,130,0.25390625,0
63,47,110,0.21484375,0.14545455
65,46,111,0.21679688,0.17117117
56,72,128,0.25,-0.125
51,66,117,0.22851562,-0.12820513
57,62,119,0.23242188,-0.042016807
61,79,140,0.2734375,-0.12857143
70,48,118,0.23046875,0.18644068
59,54,113,0.22070312,0.044247788
67,51,118,0.23046875,0.13559322
72,55,127,0.24804688,0.13385827
74,54,128,0.25,0.15625
74,51,125,0.24414062,0.184
47,70,117,0.22851562,-0.1965812
68,54,122,0.23828125,0.1147541
70,55,125,0.24414062,0.12
56,59,115,0.22460938,-0.026086957
51,53,104,0.203125,-0.019230769
41,80,121,0.23632812,-0.32231405
65,65,130,0.25390625,0
72,52,124,0.2421875,0.16129032
69,54,123,0.24023438,0.12195122
50,53,103,0.20117188,-0.029126214
75,51,126,0.24609375,0.19047619
74,54,128,0.25,0.15625
32,86,118,0.23046875,-0.45762712
72,44,116,0.2265625,0.24137931
69,55,124,0.2421875,0.11290323
61,64,125,0.24414062,-0.024
64,60,124,0.2421875,0.032258065
81,47,128,0.25,0.265625
62,50,112,0.21875,0.10714286
53,71,124,0.2421875,-0.14516129
51,71,122,0.23828125,-0.16393443
66,52,118,0.23046875,0.11864407
78,56,134,0.26171875,0.1641791
61,54,115,0.22460938,0.060869565
48,72,120,0.234375,-0.2
47,61,108,0.2109375,-0.12962963
75,50,125,0.24414062,0.2
55,67,122,0.23828125,-0.098360656
56,63,119,0.23242188,-0.058823529
64,58,122,0.23828125,0.049180328
75,43,118,0.23046875,0.27118644
59,60,119,0.23242188,-0.0084033613
45,74,119,0.23242188,-0.24369748
63,48,111,0.21679688,0.13513514
56,59,115,0.22460938,-0.026086957
54,74,128,0.25,-0.15625
57,68,125,0.24414062,-0.088
51,78,129,0.25195312,-0.20930233
75,48,123,0.24023438,0.2195122
63,49,112,0.21875,0.125
72,58,130,0.25390625,0.10769231
60,69,129,0.25195312,-0.069767442
64,60,124,0.2421875,0.032258065
58,60,118,0.23046875,-0.016949153
65,52,117,0.22851562,0.11111111
81,48,129,0.25195312,0.25581395
72,50,122,0.23828125,0.18032787
64,57,121,0.23632812,0.05785124
62,56,118,0.23046875,0.050847458
73,54,127,0.24804688,0.1496063
57,53,110,0.21484375,0.036363636
75,55,130,0.25390625,0.15384615
67,52,119,0.23242188,0.12605042
61,60,121,0.23632812,0.0082644628
57,69,126,0.24609375,-0.095238095
53,73,126,0.24609375,-0.15873016
60,63,123,0.24023438,-0.024390244
71,54,125,0.24414062,0.136
63,58,121,0.23632812,0.041322314
51,55,106,0.20703125,-0.037735849
53,54,107,0.20898438,-0.0093457944
69,53,122,0.23828125,0.13114754
54,72,126,0.24609375,-0.14285714
47,69,116,0.2265625,-0.18965517
62,71,133,0.25976562,-0.067669173
52,69,121,0.23632812,-0.14049587
84,42,126,0.24609375,0.33333333
46,57,103,0.20117188,-0.10679612
62,65,127,0.24804688,-0.023622047
44,75,119,0.23242188,-0.2605042
52,54,106,0.20703125,-0.018867925
75,54,129,0.25195312,0.1627907
58,54,112,0.21875,0.035714286
57,71,128,0.25,-0.109375
61,78,139,0.27148438,-0.12230216
49,72,121,0.23632812,-0.19008264
63,55,118,0.23046875,0.06779661
76,40,116,0.2265625,0.31034483
61,72,133,0.25976562,-0.082706767
66,56,122,0.23828125,0.081967213
73,48,121,0.23632812,0.20661157
69,56,125,0.24414062,0.104
55,66,121,0.23632812,-0.090909091
71,47,118,0.23046875,0.20338983
41,83,124,0.2421875,-0.33870968
56,77,133,0.25976562,-0.15789474
63,71,134,0.26171875,-0.059701493
45,79,124,0.2421875,-0.27419355
69,56,125,0.24414062,0.104
70,68,138,0.26953125,0.014492754
84,48,132,0.2578125,0.27272727
67,51,118,0.23046875,0.13559322
44,65,109,0.21289062,-0.19266055
64,51,115,0.22460938,0.11304348
70,55,125,0.24414062,0.12
58,64,122,0.23828125,-0.049180328
68,62,130,0.25390625,0.046153846
45,75,120,0.234375,-0.25
53,65,118,0.23046875,-0.10169492
39,78,117,0.22851562,-0.33333333
61,56,117,0.22851562,0.042735043
54,63,117,0.22851562,-0.076923077
39,74,113,0.22070312,-0.30973451
64,51,115,0.22460938,0.11304348
64,53,117,0.22851562,0.094017094
67,57,124,0.2421875,0.080645161
70,43,113,0.22070312,0.23893805
48,79,127,0.24804688,-0.24409449
47,70,117,0.22851562,-0.1965812
57,64,121,0.23632812,-0.05785124
70,53,123,0.24023438,0.13821138
78,48,126,0.24609375,0.23809524
46,74,120,0.234375,-0.23333333
49,79,128,0.25,-0.234375
56,57,113,0.22070312,-0.0088495575
59,66,125,0.24414062,-0.056
56,66,122,0.23828125,-0.081967213
50,59,109,0.21289062,-0.082568807
52,64,116,0.2265625,-0.10344828
65,54,119,0.23242188,0.092436975
58,61,119,0.23242188,-0.025210084
38,72,110,0.21484375,-0.30909091
55,63,118,0.23046875,-0.06779661
54,81,135,0.26367188,-0.2
57,59,116,0.2265625,-0.017241379
48,68,116,0.2265625,-0.17241379
74,53,127,0.24804688,0.16535433
67,67,134,0.26171875,0
70,53,123,0.24023438,0.13821138
54,67,121,0.23632812,-0.10743802
52,66,118,0.23046875,-0.11864407
44,79,123,0.24023438,-0.28455285
45,65,110,0.21484375,-0.18181818
60,60,120,0.234375,0
55,79,134,0.26171875,-0.17910448
48,67,115,0.22460938,-0.16521739
64,61,125,0.24414062,0.024
71,53,124,0.2421875,0.14516129
44,68,112,0.21875,-0.21428571
47,73,120,0.234375,-0.21666667
66,59,125,0.24414062,0.056
75,44,119,0.23242188,0.2605042
54,54,108,0.2109375,0
64,74,138,0.26953125,-0.072463768
62,63,125,0.24414062,-0.008
69,50,119,0.23242188,0.15966387
57,65,122,0.23828125,-0.06557377
71,58,129,0.25195312,0.10077519
49,80,129,0.25195312,-0.24031008
63,43,106,0.20703125,0.18867925
59,51,110,0.21484375,0.072727273
71,58,129,0.25195312,0.10077519
59,57,116,0.2265625,0.017241379
52,63,115,0.22460938,-0.095652174
73,57,130,0.25390625,0.12307692
53,65,118,0.23046875,-0.10169492
66,51,117,0.22851562,0.12820513
49,82,131,0.25585938,-0.2519084
84,34,118,0.23046875,0.42372881
87,45,132,0.2578125,0.31818182
75,47,122,0.23828125,0.2295082
46,78,124,0.2421875,-0.25806452
62,68,130,0.25390625,-0.046153846
50,55,105,0.20507812,-0.047619048
58,63,121,0.23632812,-0.041322314
48,82,130,0.25390625,-0.26153846
50,71,121,0.23632812,-0.17355372
70,50,120,0.234375,0.16666667
70,45,115,0.22460938,0.2173913
64,49,113,0.22070312,0.13274336
53,67,120,0.234375,-0.11666667
56,65,121,0.23632812,-0.074380165
52,71,123,0.24023438,-0.15447154
49,76,125,0.24414062,-0.216
74,57,131,0.25585938,0.12977099
58,58,116,0.2265625,0
67,55,122,0.23828125,0.098360656
64,56,120,0.234375,0.066666667
55,76,131,0.25585938,-0.16030534
64,53,117,0.22851562,0.094017094
54,58,112,0.21875,-0.035714286
44,69,113,0.22070312,-0.22123894
68,58,126,0.24609375,0.079365079
65,61,126,0.24609375,0.031746032
66,56,122,0.23828125,0.081967213
44,76,120,0.234375,-0.26666667
84,42,126,0.24609375,0.33333333
51,58,109,0.21289062,-0.064220183
61,61,122,0.23828125,0
54,56,110,0.21484375,-0.018181818
55,65,120,0.234375,-0.083333333
37,78,115,0.22460938,-0.35652174
92,44,136,0.265625,0.35294118
58,68,126,0.24609375,-0.079365079
38,95,133,0.25976562,-0.42857143
55,68,123,0.24023438,-0.10569106
55,62,117,0.22851562,-0.05982906
73,40,113,0.22070312,0.2920354
89,36,125,0.24414062,0.424
54,62,116,0.2265625,-0.068965517
67,60,127,0.24804688,0.05511811
34,74,108,0.2109375,-0.37037037
60,67,127,0.24804688,-0.05511811
64,50,114,0.22265625,0.12280702
72,56,128,0.25,0.125
51,75,126,0.24609375,-0.19047619
62,64,126,0.24609375,-0.015873016
82,43,125,0.24414062,0.312
56,77,133,0.25976562,-0.15789474
61,49,110,0.21484375,0.10909091
65,59,124,0.2421875,0.048387097
46,73,119,0.23242188,-0.22689076
52,74,126,0.24609375,-0.17460317
39,98,137,0.26757812,-0.43065693
63,56,119,0.23242188,0.058823529
55,81,136,0.265625,-0.19117647
69,55,124,0.2421875,0.11290323
82,48,130,0.25390625,0.26153846
55,65,120,0.234375,-0.083333333
45,81,126,0.24609375,-0.28571429
56,55,111,0.21679688,0.009009009
52,68,120,0.234375,-0.13333333
78,44,122,0.23828125,0.27868852
60,59,119,0.23242188,0.0084033613
65,53,118,0.23046875,0.10169492
55,68,123,0.24023438,-0.10569106
56,70,126,0.24609375,-0.11111111
61,56,117,0.22851562,0.042735043
65,55,120,0.234375,0.083333333
51,69,120,0.234375,-0.15
77,47,124,0.2421875,0.24193548
52,71,123,0.24023438,-0.15447154
69,71,140,0.2734375,-0.014285714
72,62,134,0.26171875,0.074626866
69,56,125,0.24414062,0.104
70,48,118,0.23046875,0.18644068
46,78,124,0.2421875,-0.25806452
66,57,123,0.24023438,0.073170732
85,35,120,0.234375,0.41666667
61,55,116,0.2265625,0.051724138
69,55,124,0.2421875,0.11290323
59,52,111,0.21679688,0.063063063
49,73,122,0.23828125,-0.19672131
46,82,128,0.25,-0.28125
53,64,117,0.22851562,-0.094017094
42,69,111,0.21679688,-0.24324324
74,57,131,0.25585938,0.12977099
58,70,128,0.25,-0.09375
64,47,111,0.21679688,0.15315315
56,59,115,0.22460938,-0.026086957
65,57,122,0.23828125,0.06557377
72,41,113,0.22070312,0.27433628
56,69,125,0.24414062,-0.104
74,60,134,0.26171875,0.10447761
55,70,125,0.24414062,-0.12
53,68,121,0.23632812,-0.12396694
60,59,119,0.23242188,0.0084033613
57,57,114,0.22265625,0
45,64,109,0.21289062,-0.17431193
48,68,116,0.2265625,-0.17241379
70,49,119,0.23242188,0.17647059
60,63,123,0.24023438,-0.024390244
60,64,124,0.2421875,-0.032258065
52,74,126,0.24609375,-0.17460317
67,63,130,0.25390625,0.030769231
44,65,109,0.21289062,-0.19266055
55,72,127,0.24804688,-0.13385827
67,62,129,0.25195312,0.03875969
69,63,132,0.2578125,0.045454545
55,56,111,0.21679688,-0.009009009
44,65,109,0.21289062,-0.19266055
59,65,124,0.2421875,-0.048387097
70,49,119,0.23242188,0.17647059
79,37,116,0.2265625,0.36206897
64,59,123,0.24023438,0.040650407
59,64,123,0.24023438,-0.040650407
70,55,125,0.24414062,0.12
82,43,125,0.24414062,0.312
62,51,113,0.22070312,0.097345133
70,47,117,0.22851562,0.1965812
50,74,124,0.2421875,-0.19354839
74,48,122,0.23828125,0.21311475
53,71,124,0.2421875,-0.14516129
64,60,124,0.2421875,0.032258065
57,58,115,0.22460938,-0.0086956522
65,63,128,0.25,0.015625
60,64,124,0.2421875,-0.032258065
46,56,102,0.19921875,-0.098039216
67,52,119,0.23242188,0.12605042
66,63,129,0.25195312,0.023255814
62,58,120,0.234375,0.033333333
62,73,135,0.26367188,-0.081481481
76,47,123,0.24023438,0.23577236
63,64,127,0.24804688,-0.0078740157
58,60,118,0.23046875,-0.016949153
50,77,127,0.24804688,-0.21259843
61,59,120,0.234375,0.016666667
52,61,113,0.22070312,-0.079646018
54,64,118,0.23046875,-0.084745763
60,55,115,0.22460938,0.043478261
52,59,111,0.21679688,-0.063063063
79,44,123,0.24023438,0.28455285
53,65,118,0.23046875,-0.10169492
68,58,126,0.24609375,0.079365079
64,66,130,0.25390625,-0.015384615
60,61,121,0.23632812,-0.0082644628
58,65,123,0.24023438,-0.056910569
63,60,123,0.24023438,0.024390244
59,52,111,0.21679688,0.063063063
60,54,114,0.22265625,0.052631579
48,75,123,0.24023438,-0.2195122
59,56,115,0.22460938,0.026086957
74,50,124,0.2421875,0.19354839
96,43,139,0.27148438,0.38129496
74,50,124,0.2421875,0.19354839
51,69,120,0.234375,-0.15
88,36,124,0.2421875,0.41935484
56,64,120,0.234375,-0.066666667
74,59,133,0.25976562,0.11278195
63,62,125,0.24414062,0.008
67,73,140,0.2734375,-0.042857143
46,56,102,0.19921875,-0.098039216
68,57,125,0.24414062,0.088
53,87,140,0.2734375,-0.24285714
55,49,104,0.203125,0.057692308
59,64,123,0.24023438,-0.040650407
53,60,113,0.22070312,-0.061946903
67,51,118,0.23046875,0.13559322
55,77,132,0.2578125,-0.16666667
64,55,119,0.23242188,0.075630252
48,70,118,0.23046875,-0.18644068
59,59,118,0.23046875,0
67,64,131,0.25585938,0.022900763
51,67,118,0.23046875,-0.13559322
81,35,116,0.2265625,0.39655172
60,56,116,0.2265625,0.034482759
67,52,119,0.23242188,0.12605042
54,67,121,0.23632812,-0.10743802
57,73,130,0.25390625,-0.12307692
63,63,126,0.24609375,0
60,61,121,0.23632812,-0.0082644628
64,56,120,0.234375,0.066666667
52,65,117,0.22851562,-0.11111111
57,45,102,0.19921875,0.11764706
80,50,130,0.25390625,0.23076923
52,63,115,0.22460938,-0.095652174
52,77,129,0.25195312,-0.19379845
61,51,112,0.21875,0.089285714
44,75,119,0.23242188,-0.2605042
57,66,123,0.24023438,-0.073170732
55,69,124,0.2421875,-0.11290323
68,47,115,0.22460938,0.1826087
68,55,123,0.24023438,0.10569106
73,48,121,0.23632812,0.20661157
71,47,118,0.23046875,0.20338983
47,64,111,0.21679688,-0.15315315
72,49,121,0.23632812,0.19008264
61,65,126,0.24609375,-0.031746032
71,55,126,0.24609375,0.12698413
54,68,122,0.23828125,-0.1147541
52,63,115,0.22460938,-0.095652174
61,62,123,0.24023438,-0.0081300813
67,57,124,0.2421875,0.080645161
73,59,132,0.2578125,0.10606061
50,64,114,0.22265625,-0.12280702
53,82,135,0.26367188,-0.21481481
54,66,120,0.234375,-0.1
79,46,125,0.24414062,0.264
46,75,121,0.23632812,-0.23966942
69,56,125,0.24414062,0.104
67,56,123,0.24023438,0.089430894
72,42,114,0.22265625,0.26315789
71,34,105,0.20507812,0.35238095
61,61,122,0.23828125,0
60,42,102,0.19921875,0.17647059
56,68,124,0.2421875,-0.096774194
72,48,120,0.234375,0.2
75,63,138,0.26953125,0.086956522
52,74,126,0.24609375,-0.17460317
43,73,116,0.2265625,-0.25862069
51,63,114,0.22265625,-0.10526316
52,71,123,0.24023438,-0.15447154
62,58,120,0.234375,0.033333333
61,61,122,0.23828125,0
59,62,121,0.23632812,-0.024793388
68,44,112,0.21875,0.21428571
49,62,111,0.21679688,-0.11711712
73,59,132,0.2578125,0.10606061
56,62,118,0.23046875,-0.050847458
64,60,124,0.2421875,0.032258065
53,72,125,0.24414062,-0.152
43,74,117,0.22851562,-0.26495726
56,63,119,0.23242188,-0.058823529
61,68,129,0.25195312,-0.054263566
41,75,116,0.2265625,-0.29310345
66,52,118,0.23046875,0.11864407
49,77,126,0.24609375,-0.22222222
50,67,117,0.22851562,-0.14529915
60,67,127,0.24804688,-0.05511811
68,51,119,0.23242188,0.14285714
73,51,124,0.2421875,0.17741935
58,63,121,0.23632812,-0.041322314
46,73,119,0.23242188,-0.22689076
72,62,134,0.26171875,0.074626866
45,62,107,0.20898438,-0.1588785
59,55,114,0.22265625,0.035087719
69,56,125,0.24414062,0.104
58,60,118,0.23046875,-0.016949153
55,70,125,0.24414062,-0.12
72,49,121,0.23632812,0.19008264
47,65,112,0.21875,-0.16071429
85,52,137,0.26757812,0.24087591
41,71,112,0.21875,-0.26785714
53,72,125,0.24414062,-0.152
56,58,114,0.22265625,-0.01754386
82,40,122,0.23828125,0.3442623
71,64,135,0.26367188,0.051851852
61,55,116,0.2265625,0.051724138
77,54,131,0.25585938,0.17557252
63,51,114,0.22265625,0.10526316
73,42,115,0.22460938,0.26956522
72,62,134,0.26171875,0.074626866
39,80,119,0.23242188,-0.34453782
66,65,131,0.25585938,0.0076335878
35,79,114,0.22265625,-0.38596491
54,63,117,0.22851562,-0.076923077
59,59,118,0.23046875,0
59,66,125,0.24414062,-0.056
83,48,131,0.25585938,0.26717557
64,57,121,0.23632812,0.05785124
69,54,123,0.24023438,0.12195122
68,59,127,0.24804688,0.070866142
55,63,118,0.23046875,-0.06779661
46,64,110,0.21484375,-0.16363636
56,74,130,0.25390625,-0.13846154
82,46,128,0.25,0.28125
64,66,130,0.25390625,-0.015384615
62,57,119,0.23242188,0.042016807
61,54,115,0.22460938,0.060869565
64,55,119,0.23242188,0.075630252
43,82,125,0.24414062,-0.312
52,64,116,0.2265625,-0.10344828
80,54,134,0.26171875,0.19402985
48,60,108,0.2109375,-0.11111111
80,51,131,0.25585938,0.22137405
52,76,128,0.25,-0.1875
60,66,126,0.24609375,-0.047619048
38,75,113,0.22070312,-0.32743363
80,55,135,0.26367188,0.18518519
63,61,124,0.2421875,0.016129032
65,69,134,0.26171875,-0.029850746
61,56,117,0.22851562,0.042735043
62,56,118,0.23046875,0.050847458
48,65,113,0.22070312,-0.15044248
73,49,122,0.23828125,0.19672131
61,60,121,0.23632812,0.0082644628
36,73,109,0.21289062,-0.33944954
59,62,121,0.23632812,-0.024793388
73,46,119,0.23242188,0.22689076
83,52,135,0.26367188,0.22962963
52,72,124,0.2421875,-0.16129032
57,53,110,0.21484375,0.036363636
56,51,107,0.20898438,0.046728972
63,51,114,0.22265625,0.10526316
80,59,139,0.27148438,0.15107914
70,47,117,0.22851562,0.1965812
68,48,116,0.2265625,0.17241379
52,55,107,0.20898438,-0.028037383
65,43,108,0.2109375,0.2037037
46,70,116,0.2265625,-0.20689655
53,69,122,0.23828125,-0.13114754
66,53,119,0.23242188,0.1092437
65,69,134,0.26171875,-0.029850746
65,52,117,0.22851562,0.11111111
63,54,117,0.22851562,0.076923077
58,63,121,0.23632812,-0.041322314
63,60,123,0.24023438,0.024390244
64,44,108,0.2109375,0.18518519
42,59,101,0.19726562,-0.16831683
78,41,119,0.23242188,0.31092437
75,55,130,0.25390625,0.15384615
70,59,129,0.25195312,0.085271318
75,49,124,0.2421875,0.20967742
57,58,115,0.22460938,-0.0086956522
66,51,117,0.22851562,0.12820513
76,52,128,0.25,0.1875
64,55,119,0.23242188,0.075630252
53,62,115,0.22460938,-0.07826087
57,57,114,0.22265625,0
64,61,125,0.24414062,0.024
64,51,115,0.22460938,0.11304348
69,62,131,0.25585938,0.053435115
54,69,123,0.24023438,-0.12195122
63,55,118,0.23046875,0.06779661
50,63,113,0.22070312,-0.11504425
51,53,104,0.203125,-0.019230769
56,63,119,0.23242188,-0.058823529
55,56,111,0.21679688,-0.009009009
48,71,119,0.23242188,-0.19327731
71,61,132,0.2578125,0.075757576
72,57,129,0.25195312,0.11627907
63,56,119,0.23242188,0.058823529
68,43,111,0.21679688,0.22522523
48,82,130,0.25390625,-0.26153846
53,70,123,0.24023438,-0.13821138
49,62,111,0.21679688,-0.11711712
87,48,135,0.26367188,0.28888889
67,57,124,0.2421875,0.080645161
60,64,124,0.2421875,-0.032258065
76,44,120,0.234375,0.26666667
60,55,115,0.22460938,0.043478261
55,65,120,0.234375,-0.083333333
60,55,115,0.22460938,0.043478261
45,68,113,0.22070312,-0.20353982
39,76,115,0.22460938,-0.32173913
48,82,130,0.25390625,-0.26153846
52,67,119,0.23242188,-0.12605042
60,55,115,0.22460938,0.043478261
67,50,117,0.22851562,0.14529915
59,53,112,0.21875,0.053571429
54,62,116,0.2265625,-0.068965517
56,68,124,0.2421875,-0.096774194
66,55,121,0.23632812,0.090909091
42,78,120,0.234375,-0.3
78,48,126,0.24609375,0.23809524
54,50,104,0.203125,0.038461538
46,64,110,0.21484375,-0.16363636
65,66,131,0.25585938,-0.0076335878
62,49,111,0.21679688,0.11711712
43,70,113,0.22070312,-0.23893805
57,45,102,0.19921875,0.11764706
57,69,126,0.24609375,-0.095238095
64,56,120,0.234375,0.066666667
59,72,131,0.25585938,-0.099236641
44,72,116,0.2265625,-0.24137931
67,60,127,0.24804688,0.05511811
44,78,122,0.23828125,-0.27868852
52,57,109,0.21289062,-0.04587156
64,63,127,0.24804688,0.0078740157
66,68,134,0.26171875,-0.014925373
72,44,116,0.2265625,0.24137931
54,74,128,0.25,-0.15625
70,36,106,0.20703125,0.32075472
65,61,126,0.24609375,0.031746032
71,42,113,0.22070312,0.25663717
55,64,119,0.23242188,-0.075630252
63,56,119,0.23242188,0.058823529
54,63,117,0.22851562,-0.076923077
42,66,108,0.2109375,-0.22222222
67,63,130,0.25390625,0.030769231
56,52,108,0.2109375,0.037037037
63,63,126,0.24609375,0
72,49,121,0.23632812,0.19008264
42,77,119,0.23242188,-0.29411765
57,68,125,0.24414062,-0.088
58,60,118,0.23046875,-0.016949153
52,57,109,0.21289062,-0.04587156
58,76,134,0.26171875,-0.13432836
74,63,137,0.26757812,0.080291971
56,64,120,0.234375,-0.066666667
53,70,123,0.24023438,-0.13821138
61,56,117,0.22851562,0.042735043
76,61,137,0.26757812,0.10948905
54,65,119,0.23242188,-0.092436975
56,57,113,0.22070312,-0.0088495575
61,74,135,0.26367188,-0.096296296
70,59,129,0.25195312,0.085271318
63,54,117,0.22851562,0.076923077
51,55,106,0.20703125,-0.037735849
58,60,118,0.23046875,-0.016949153
71,53,124,0.2421875,0.14516129
74,57,131,0.25585938,0.12977099
66,55,121,0.23632812,0.090909091
63,65,128,0.25,-0.015625
61,54,115,0.22460938,0.060869565
64,50,114,0.22265625,0.12280702
57,63,120,0.234375,-0.05
63,63,126,0.24609375,0
52,59,111,0.21679688,-0.063063063
61,48,109,0.21289062,0.11926606
67,45,112,0.21875,0.19642857
83,36,119,0.23242188,0.39495798
63,64,127,0.24804688,-0.0078740157
62,51,113,0.22070312,0.097345133
40,76,116,0.2265625,-0.31034483
56,76,132,0.2578125,-0.15151515
85,38,123,0.24023438,0.38211382
73,49,122,0.23828125,0.19672131
71,49,120,0.234375,0.18333333
67,45,112,0.21875,0.19642857
58,68,126,0.24609375,-0.079365079
75,50,125,0.24414062,0.2
63,55,118,0.23046875,0.06779661
50,76,126,0.24609375,-0.20634921
73,44,117,0.22851562,0.24786325
56,59,115,0.22460938,-0.026086957
79,44,123,0.24023438,0.28455285
52,72,124,0.2421875,-0.16129032
84,40,124,0.2421875,0.35483871
61,60,121,0.23632812,0.0082644628
72,51,123,0.24023438,0.17073171
72,34,106,0.20703125,0.35849057
77,57,134,0.26171875,0.14925373
42,67,109,0.21289062,-0.2293578
52,75,127,0.24804688,-0.18110236
51,65,116,0.2265625,-0.12068966
38,78,116,0.2265625,-0.34482759
66,57,123,0.24023438,0.073170732
71,51,122,0.23828125,0.16393443
58,73,131,0.25585938,-0.11450382
76,50,126,0.24609375,0.20634921
52,85,137,0.26757812,-0.24087591
59,59,118,0.23046875,0
74,53,127,0.24804688,0.16535433
61,62,123,0.24023438,-0.0081300813
79,46,125,0.24414062,0.264
70,52,122,0.23828125,0.14754098
58,58,116,0.2265625,0
64,62,126,0.24609375,0.015873016
48,65,113,0.22070312,-0.15044248
43,84,127,0.24804688,-0.32283465
62,57,119,0.23242188,0.042016807
60,58,118,0.23046875,0.016949153
49,66,115,0.22460938,-0.14782609
73,46,119,0.23242188,0.22689076
55,65,120,0.234375,-0.083333333
42,81,123,0.24023438,-0.31707317
63,59,122,0.23828125,0.032786885
67,42,109,0.21289062,0.2293578
72,45,117,0.22851562,0.23076923
65,49,114,0.22265625,0.14035088
83,42,125,0.24414062,0.328
71,48,119,0.23242188,0.19327731
54,76,130,0.25390625,-0.16923077
57,64,121,0.23632812,-0.05785124
49,58,107,0.20898438,-0.08411215
74,50,124,0.2421875,0.19354839
67,60,127,0.24804688,0.05511811
54,69,123,0.24023438,-0.12195122
40,83,123,0.24023438,-0.3495935
63,53,116,0.2265625,0.086206897
67,51,118,0.23046875,0.13559322
49,69,118,0.23046875,-0.16949153
60,68,128,0.25,-0.0625
52,66,118,0.23046875,-0.11864407
70,66,136,0.265625,0.029411765
57,74,131,0.25585938,-0.12977099
46,73,119,0.23242188,-0.22689076
56,59,115,0.22460938,-0.026086957
63,64,127,0.24804688,-0.0078740157
70,51,121,0.23632812,0.15702479
60,65,125,0.24414062,-0.04
62,55,117,0.22851562,0.05982906
55,66,121,0.23632812,-0.090909091
70,59,129,0.25195312,0.085271318
51,67,118,0.23046875,-0.13559322
74,59,133,0.25976562,0.11278195
69,51,120,0.234375,0.15
60,48,108,0.2109375,0.11111111
52,72,124,0.2421875,-0.16129032
66,57,123,0.24023438,0.073170732
80,38,118,0.23046875,0.3559322
60,51,111,0.21679688,0.081081081
51,76,127,0.24804688,-0.19685039
61,59,120,0.234375,0.016666667
53,61,114,0.22265625,-0.070175439
64,57,121,0.23632812,0.05785124
69,58,127,0.24804688,0.086614173
67,62,129,0.25195312,0.03875969
54,65,119,0.23242188,-0.092436975
47,77,124,0.2421875,-0.24193548
53,63,116,0.2265625,-0.086206897
76,55,131,0.25585938,0.16030534
70,55,125,0.24414062,0.12
44,88,132,0.2578125,-0.33333333
64,66,130,0.25390625,-0.015384615
36,75,111,0.21679688,-0.35135135
52,74,126,0.24609375,-0.17460317
56,72,128,0.25,-0.125
61,61,122,0.23828125,0
45,67,112,0.21875,-0.19642857
52,77,129,0.25195312,-0.19379845
82,42,124,0.2421875,0.32258065
64,62,126,0.24609375,0.015873016
71,52,123,0.24023438,0.15447154
74,41,115,0.22460938,0.28695652
62,47,109,0.21289062,0.13761468
61,60,121,0.23632812,0.0082644628
62,47,109,0.21289062,0.13761468
53,88,141,0.27539062,-0.24822695
71,68,139,0.27148438,0.021582734
63,42,105,0.20507812,0.2
64,56,120,0.234375,0.066666667
57,64,121,0.23632812,-0.05785124
61,57,118,0.23046875,0.033898305
62,49,111,0.21679688,0.11711712
64,58,122,0.23828125,0.049180328
68,56,124,0.2421875,0.096774194
69,58,127,0.24804688,0.086614173
63,59,122,0.23828125,0.032786885
41,74,115,0.22460938,-0.28695652
70,50,120,0.234375,0.16666667
50,75,125,0.24414062,-0.2
54,66,120,0.234375,-0.1
58,58,116,0.2265625,0
56,50,106,0.20703125,0.056603774
45,69,114,0.22265625,-0.21052632
67,49,116,0.2265625,0.15517241
75,68,143,0.27929688,0.048951049
53,76,129,0.25195312,-0.17829457
37,79,116,0.2265625,-0.36206897
48,71,119,0.23242188,-0.19327731
54,70,124,0.2421875,-0.12903226
62,63,125,0.24414062,-0.008
58,71,129,0.25195312,-0.10077519
53,63,116,0.2265625,-0.086206897
52,68,120,0.234375,-0.13333333
62,60,122,0.23828125,0.016393443
70,49,119,0.23242188,0.17647059
70,63,133,0.25976562,0.052631579
66,48,114,0.22265625,0.15789474
47,65,112,0.21875,-0.16071429
69,54,123,0.24023438,0.12195122
67,53,120,0.234375,0.11666667
55,53,108,0.2109375,0.018518519
62,51,113,0.22070312,0.097345133
61,57,118,0.23046875,0.033898305
66,61,127,0.24804688,0.039370079
51,76,127,0.24804688,-0.19685039
55,64,119,0.23242188,-0.075630252
66,69,135,0.26367188,-0.022222222
78,54,132,0.2578125,0.18181818
56,52,108,0.2109375,0.037037037
78,52,130,0.25390625,0.2
69,59,128,0.25,0.078125
60,70,130,0.25390625,-0.076923077
84,34,118,0.23046875,0.42372881
62,47,109,0.21289062,0.13761468
61,61,122,0.23828125,0
63,61,124,0.2421875,0.016129032
51,76,127,0.24804688,-0.19685039
68,56,124,0.2421875,0.096774194
54,56,110,0.21484375,-0.018181818
72,51,123,0.24023438,0.17073171
58,66,124,0.2421875,-0.064516129
58,62,120,0.234375,-0.033333333
45,67,112,0.21875,-0.19642857
48,57,105,0.20507812,-0.085714286
60,56,116,0.2265625,0.034482759
46,77,123,0.24023438,-0.25203252
54,57,111,0.21679688,-0.027027027
63,54,117,0.22851562,0.076923077
66,60,126,0.24609375,0.047619048
60,53,113,0.22070312,0.061946903
50,66,116,0.2265625,-0.13793103
54,67,121,0.23632812,-0.10743802
76,50,126,0.24609375,0.20634921
57,57,114,0.22265625,0
64,55,119,0.23242188,0.075630252
76,58,134,0.26171875,0.13432836
46,65,111,0.21679688,-0.17117117
51,55,106,0.20703125,-0.037735849
36,82,118,0.23046875,-0.38983051
40,77,117,0.22851562,-0.31623932
46,77,123,0.24023438,-0.25203252
71,51,122,0.23828125,0.16393443
79,45,124,0.2421875,0.27419355
51,71,122,0.23828125,-0.16393443
56,61,117,0.22851562,-0.042735043
80,41,121,0.23632812,0.32231405
62,71,133,0.25976562,-0.067669173
60,61,121,0.23632812,-0.0082644628
52,64,116,0.2265625,-0.10344828
75,63,138,0.26953125,0.086956522
82,41,123,0.24023438,0.33333333
64,54,118,0.23046875,0.084745763
45,64,109,0.21289062,-0.17431193
68,53,121,0.23632812,0.12396694
47,71,118,0.23046875,-0.20338983
53,67,120,0.234375,-0.11666667
57,69,126,0.24609375,-0.095238095
71,54,125,0.24414062,0.136
57,52,109,0.21289062,0.04587156
61,60,121,0.23632812,0.0082644628
62,61,123,0.24023438,0.0081300813
50,73,123,0.24023438,-0.18699187
79,47,126,0.24609375,0.25396825
63,62,125,0.24414062,0.008
54,60,114,0.22265625,-0.052631579
59,66,125,0.24414062,-0.056
77,44,121,0.23632812,0.27272727
85,41,126,0.24609375,0.34920635
58,62,120,0.234375,-0.033333333
63,54,117,0.22851562,0.076923077
44,64,108,0.2109375,-0.18518519
64,60,124,0.2421875,0.032258065
70,47,117,0.22851562,0.1965812
76,45,121,0.23632812,0.25619835
59,72,131,0.25585938,-0.099236641
65,53,118,0.23046875,0.10169492
61,54,115,0.22460938,0.060869565
67,46,113,0.22070312,0.18584071
47,75,122,0.23828125,-0.2295082
71,60,131,0.25585938,0.083969466
45,80,125,0.24414062,-0.28
61,59,120,0.234375,0.016666667
66,56,122,0.23828125,0.081967213
58,53,111,0.21679688,0.045045045
58,53,111,0.21679688,0.045045045
70,58,128,0.25,0.09375
80,55,135,0.26367188,0.18518519
41,69,110,0.21484375,-0.25454545
67,62,129,0.25195312,0.03875969
54,59,113,0.22070312,-0.044247788
54,66,120,0.234375,-0.1
74,62,136,0.265625,0.088235294
58,68,126,0.24609375,-0.079365079
46,74,120,0.234375,-0.23333333
65,49,114,0.22265625,0.14035088
64,69,133,0.25976562,-0.037593985
62,61,123,0.24023438,0.0081300813
65,56,121,0.23632812,0.074380165
59,63,122,0.23828125,-0.032786885
80,45,125,0.24414062,0.28
57,52,109,0.21289062,0.04587156
52,60,112,0.21875,-0.071428571
60,64,124,0.2421875,-0.032258065
54,63,117,0.22851562,-0.076923077
40,78,118,0.23046875,-0.3220339
71,46,117,0.22851562,0.21367521
67,59,126,0.24609375,0.063492063
55,75,130,0.25390625,-0.15384615
50,68,118,0.23046875,-0.15254237
54,67,121,0.23632812,-0.10743802
50,74,124,0.2421875,-0.19354839
56,66,122,0.23828125,-0.081967213
56,63,119,0.23242188,-0.058823529
77,57,134,0.26171875,0.14925373
62,55,117,0.22851562,0.05982906
74,55,129,0.25195312,0.14728682
44,78,122,0.23828125,-0.27868852
43,75,118,0.23046875,-0.27118644
66,47,113,0.22070312,0.16814159
56,67,123,0.24023438,-0.089430894
53,74,127,0.24804688,-0.16535433
43,63,106,0.20703125,-0.18867925
67,51,118,0.23046875,0.13559322
67,62,129,0.25195312,0.03875969
56,70,126,0.24609375,-0.11111111
93,39,132,0.2578125,0.40909091
68,59,127,0.24804688,0.070866142
57,64,121,0.23632812,-0.05785124
66,55,121,0.23632812,0.090909091
67,51,118,0.23046875,0.13559322
60,74,134,0.26171875,-0.10447761
68,52,120,0.234375,0.13333333
81,51,132,0.2578125,0.22727273
55,58,113,0.22070312,-0.026548673
57,59,116,0.2265625,-0.017241379
45,69,114,0.22265625,-0.21052632
73,47,120,0.234375,0.21666667
50,65,115,0.22460938,-0.13043478
76,54,130,0.25390625,0.16923077
57,67,124,0.2421875,-0.080645161
63,61,124,0.2421875,0.016129032
81,51,132,0.2578125,0.22727273
59,72,131,0.25585938,-0.099236641
66,57,123,0.24023438,0.073170732
58,77,135,0.26367188,-0.14074074
50,51,101,0.19726562,-0.0099009901
59,67,126,0.24609375,-0.063492063
48,66,114,0.22265625,-0.15789474
70,48,118,0.23046875,0.18644068
46,79,125,0.24414062,-0.264
63,74,137,0.26757812,-0.080291971
45,82,127,0.24804688,-0.29133858
53,67,120,0.234375,-0.11666667
71,60,131,0.25585938,0.083969466
73,56,129,0.25195312,0.13178295
44,79,123,0.24023438,-0.28455285
59,68,127,0.24804688,-0.070866142
37,85,122,0.23828125,-0.39344262
66,58,124,0.2421875,0.064516129
58,51,109,0.21289062,0.064220183
60,62,122,0.23828125,-0.016393443
63,74,137,0.26757812,-0.080291971
56,61,117,0.22851562,-0.042735043
67,60,127,0.24804688,0.05511811
57,55,112,0.21875,0.017857143
41,90,131,0.25585938,-0.3740458
54,49,103,0.20117188,0.048543689
57,75,132,0.2578125,-0.13636364
56,53,109,0.21289062,0.027522936
76,57,133,0.25976562,0.14285714
55,67,122,0.23828125,-0.098360656
59,57,116,0.2265625,0.017241379
71,58,129,0.25195312,0.10077519
51,81,132,0.2578125,-0.22727273
86,41,127,0.24804688,0.35433071
63,56,119,0.23242188,0.058823529
84,41,125,0.24414062,0.344
47,55,102,0.19921875,-0.078431373
59,67,126,0.24609375,-0.063492063
57,65,122,0.23828125,-0.06557377
69,57,126,0.24609375,0.095238095
63,42,105,0.20507812,0.2
44,79,123,0.24023438,-0.28455285
79,44,123,0.24023438,0.28455285
59,56,115,0.22460938,0.026086957
63,74,137,0.26757812,-0.080291971
52,65,117,0.22851562,-0.11111111
49,88,137,0.26757812,-0.28467153
71,54,125,0.24414062,0.136
55,63,118,0.23046875,-0.06779661
69,64,133,0.25976562,0.037593985
63,51,114,0.22265625,0.10526316
63,67,130,0.25390625,-0.030769231
64,57,121,0.23632812,0.05785124
53,76,129,0.25195312,-0.17829457
59,68,127,0.24804688,-0.070866142
68,48,116,0.2265625,0.17241379
43,77,120,0.234375,-0.28333333
67,62,129,0.25195312,0.03875969
78,44,122,0.23828125,0.27868852
72,43,115,0.22460938,0.25217391
77,40,117,0.22851562,0.31623932
69,52,121,0.23632812,0.14049587
49,61,110,0.21484375,-0.10909091
43,71,114,0.22265625,-0.24561404
63,59,122,0.23828125,0.032786885
62,51,113,0.22070312,0.097345133
53,65,118,0.23046875,-0.10169492
72,68,140,0.2734375,0.028571429
77,46,123,0.24023438,0.25203252
53,65,118,0.23046875,-0.10169492
66,54,120,0.234375,0.1
59,59,118,0.23046875,0
73,47,120,0.234375,0.21666667
70,47,117,0.22851562,0.1965812
65,67,132,0.2578125,-0.015151515
61,72,133,0.25976562,-0.082706767
50,62,112,0.21875,-0.10714286
41,70,111,0.21679688,-0.26126126
62,81,143,0.27929688,-0.13286713
51,78,129,0.25195312,-0.20930233
58,71,129,0.25195312,-0.10077519
66,59,125,0.24414062,0.056
70,45,115,0.22460938,0.2173913
53,64,117,0.22851562,-0.094017094
46,73,119,0.23242188,-0.22689076
73,57,130,0.25390625,0.12307692
61,68,129,0.25195312,-0.054263566
68,55,123,0.24023438,0.10569106
57,60,117,0.22851562,-0.025641026
49,73,122,0.23828125,-0.19672131
50,56,106,0.20703125,-0.056603774
64,61,125,0.24414062,0.024
58,66,124,0.2421875,-0.064516129
72,56,128,0.25,0.125
77,37,114,0.22265625,0.35087719
68,52,120,0.234375,0.13333333
72,53,125,0.24414062,0.152
62,66,128,0.25,-0.03125
59,69,128,0.25,-0.078125
47,83,130,0.25390625,-0.27692308
51,68,119,0.23242188,-0.14285714
57,63,120,0.234375,-0.05
61,65,126,0.24609375,-0.031746032
52,63,115,0.22460938,-0.095652174
69,50,119,0.23242188,0.15966387
64,54,118,0.23046875,0.084745763
44,63,107,0.20898438,-0.17757009
73,47,120,0.234375,0.21666667
61,58,119,0.23242188,0.025210084
62,56,118,0.23046875,0.050847458
73,55,128,0.25,0.140625
50,67,117,0.22851562,-0.14529915
68,54,122,0.23828125,0.1147541
73,57,130,0.25390625,0.12307692
59,54,113,0.22070312,0.044247788
60,54,114,0.22265625,0.052631579
67,59,126,0.24609375,0.063492063
53,68,121,0.23632812,-0.12396694
43,75,118,0.23046875,-0.27118644
50,64,114,0.22265625,-0.12280702
57,56,113,0.22070312,0.0088495575
81,50,131,0.25585938,0.23664122
54,58,112,0.21875,-0.035714286
53,72,125,0.24414062,-0.152
66,48,114,0.22265625,0.15789474
66,62,128,0.25,0.03125
69,61,130,0.25390625,0.061538462
58,50,108,0.2109375,0.074074074
51,68,119,0.23242188,-0.14285714
52,69,121,0.23632812,-0.14049587
72,52,124,0.2421875,0.16129032
51,70,121,0.23632812,-0.15702479
78,43,121,0.23632812,0.2892562
66,61,127,0.24804688,0.039370079
62,61,123,0.24023438,0.0081300813
63,50,113,0.22070312,0.11504425
59,59,118,0.23046875,0
74,53,127,0.24804688,0.16535433
54,84,138,0.26953125,-0.2173913
66,62,128,0.25,0.03125
47,73,120,0.234375,-0.21666667
74,60,134,0.26171875,0.10447761
61,60,121,0.23632812,0.0082644628
44,82,126,0.24609375,-0.3015873
66,56,122,0.23828125,0.081967213
51,58,109,0.21289062,-0.064220183
56,60,116,0.2265625,-0.034482759
50,71,121,0.23632812,-0.17355372
55,56,111,0.21679688,-0.009009009
59,59,118,0.23046875,0
44,74,118,0.23046875,-0.25423729
55,74,129,0.25195312,-0.14728682
54,66,120,0.234375,-0.1
65,56,121,0.23632812,0.074380165
75,51,126,0.24609375,0.19047619
68,47,115,0.22460938,0.1826087
71,44,115,0.22460938,0.23478261
80,51,131,0.25585938,0.22137405
76,56,132,0.2578125,0.15151515
66,54,120,0.234375,0.1
84,40,124,0.2421875,0.35483871
58,59,117,0.22851562,-0.0085470085
60,51,111,0.21679688,0.081081081
75,59,134,0.26171875,0.11940299
46,84,130,0.25390625,-0.29230769
50,79,129,0.25195312,-0.2248062
53,70,123,0.24023438,-0.13821138
67,53,120,0.234375,0.11666667
66,52,118,0.23046875,0.11864407
48,63,111,0.21679688,-0.13513514
57,68,125,0.24414062,-0.088
77,56,133,0.25976562,0.15789474
52,66,118,0.23046875,-0.11864407
72,52,124,0.2421875,0.16129032
72,49,121,0.23632812,0.19008264
70,50,120,0.234375,0.16666667
53,80,133,0.25976562,-0.20300752
42,82,124,0.2421875,-0.32258065
57,61,118,0.23046875,-0.033898305
45,74,119,0.23242188,-0.24369748
55,63,118,0.23046875,-0.06779661
68,42,110,0.21484375,0.23636364
68,51,119,0.23242188,0.14285714
66,45,111,0.21679688,0.18918919
61,57,118,0.23046875,0.033898305
84,44,128,0.25,0.3125
43,79,122,0.23828125,-0.29508197
63,64,127,0.24804688,-0.0078740157
62,65,127,0.24804688,-0.023622047
44,65,109,0.21289062,-0.19266055
69,47,116,0.2265625,0.18965517
63,56,119,0.23242188,0.058823529
67,53,120,0.234375,0.11666667
57,60,117,0.22851562,-0.025641026
54,69,123,0.24023438,-0.12195122
59,68,127,0.24804688,-0.070866142
68,68,136,0.265625,0
58,50,108,0.2109375,0.074074074
43,63,106,0.20703125,-0.18867925
48,79,127,0.24804688,-0.24409449
62,62,124,0.2421875,0
55,76,131,0.25585938,-0.16030534
66,53,119,0.23242188,0.1092437
57,68,125,0.24414062,-0.088
62,53,115,0.22460938,0.07826087
59,58,117,0.22851562,0.0085470085
48,64,112,0.21875,-0.14285714
58,67,125,0.24414062,-0.072
53,74,127,0.24804688,-0.16535433
58,60,118,0.23046875,-0.016949153
73,52,125,0.24414062,0.168
53,78,131,0.25585938,-0.19083969
78,49,127,0.24804688,0.22834646
39,87,126,0.24609375,-0.38095238
66,56,122,0.23828125,0.081967213
64,67,131,0.25585938,-0.022900763
65,52,117,0.22851562,0.11111111
65,51,116,0.2265625,0.12068966
63,64,127,0.24804688,-0.0078740157
59,68,127,0.24804688,-0.070866142
86,48,134,0.26171875,0.28358209
46,91,137,0.26757812,-0.32846715
64,68,132,0.2578125,-0.03030303
66,58,124,0.2421875,0.064516129
69,49,118,0.23046875,0.16949153
62,63,125,0.24414062,-0.008
61,64,125,0.24414062,-0.024
80,47,127,0.24804688,0.25984252
59,61,120,0.234375,-0.016666667
80,44,124,0.2421875,0.29032258
50,67,117,0.22851562,-0.14529915
75,45,120,0.234375,0.25
52,69,121,0.23632812,-0.14049587
70,47,117,0.22851562,0.1965812
63,66,129,0.25195312,-0.023255814
46,82,128,0.25,-0.28125
54,64,118,0.23046875,-0.084745763
54,79,133,0.25976562,-0.18796992
70,51,121,0.23632812,0.15702479
72,56,128,0.25,0.125
53,65,118,0.23046875,-0.10169492
73,53,126,0.24609375,0.15873016
68,65,133,0.25976562,0.022556391
47,68,115,0.22460938,-0.1826087
73,59,132,0.2578125,0.10606061
63,60,123,0.24023438,0.024390244
73,58,131,0.25585938,0.11450382
48,70,118,0.23046875,-0.18644068
59,73,132,0.2578125,-0.10606061
67,52,119,0.23242188,0.12605042
50,64,114,0.22265625,-0.12280702
69,62,131,0.25585938,0.053435115
44,70,114,0.22265625,-0.22807018
70,43,113,0.22070312,0.23893805
53,62,115,0.22460938,-0.07826087
65,74,139,0.27148438,-0.064748201
57,59,116,0.2265625,-0.017241379
66,52,118,0.23046875,0.11864407
57,64,121,0.23632812,-0.05785124
42,70,112,0.21875,-0.25
67,66,133,0.25976562,0.007518797
63,51,114,0.22265625,0.10526316
61,62,123,0.24023438,-0.0081300813
47,74,121,0.23632812,-0.2231405
50,60,110,0.21484375,-0.090909091
81,54,135,0.26367188,0.2
55,62,117,0.22851562,-0.05982906
62,69,131,0.25585938,-0.053435115
54,63,117,0.22851562,-0.076923077
44,77,121,0.23632812,-0.27272727
69,49,118,0.23046875,0.16949153
73,58,131,0.25585938,0.11450382
65,60,125,0.24414062,0.04
57,73,130,0.25390625,-0.12307692
68,62,130,0.25390625,0.046153846
46,70,116,0.2265625,-0.20689655
58,65,123,0.24023438,-0.056910569
54,69,123,0.24023438,-0.12195122
60,61,121,0.23632812,-0.0082644628
56,65,121,0.23632812,-0.074380165
61,64,125,0.24414062,-0.024
62,63,125,0.24414062,-0.008
60,79,139,0.27148438,-0.13669065
63,62,125,0.24414062,0.008
76,41,117,0.22851562,0.2991453
64,52,116,0.2265625,0.10344828
60,61,121,0.23632812,-0.0082644628
81,52,133,0.25976562,0.21804511
65,60,125,0.24414062,0.04
59,53,112,0.21875,0.053571429
58,69,127,0.24804688,-0.086614173
51,64,115,0.22460938,-0.11304348
54,71,125,0.24414062,-0.136
61,57,118,0.23046875,0.033898305
73,61,134,0.26171875,0.089552239
85,51,136,0.265625,0.25
76,49,125,0.24414062,0.216
58,62,120,0.234375,-0.033333333
59,55,114,0.22265625,0.035087719
67,54,121,0.23632812,0.10743802
45,66,111,0.21679688,-0.18918919
70,58,128,0.25,0.09375
71,41,112,0.21875,0.26785714
70,46,116,0.2265625,0.20689655
43,79,122,0.23828125,-0.29508197
52,64,116,0.2265625,-0.10344828
61,50,111,0.21679688,0.099099099
65,61,126,0.24609375,0.031746032
49,74,123,0.24023438,-0.20325203
61,59,120,0.234375,0.016666667
66,62,128,0.25,0.03125
67,53,120,0.234375,0.11666667
61,64,125,0.24414062,-0.024
54,58,112,0.21875,-0.035714286
44,78,122,0.23828125,-0.27868852
53,71,124,0.2421875,-0.14516129
47,73,120,0.234375,-0.21666667
45,69,114,0.22265625,-0.21052632
74,38,112,0.21875,0.32142857
55,67,122,0.23828125,-0.098360656
60,60,120,0.234375,0
76,46,122,0.23828125,0.24590164
64,51,115,0.22460938,0.11304348
52,60,112,0.21875,-0.071428571
79,58,137,0.26757812,0.15328467
65,58,123,0.24023438,0.056910569
76,54,130,0.25390625,0.16923077
86,46,132,0.2578125,0.3030303
72,48,120,0.234375,0.2
52,74,126,0.24609375,-0.17460317
50,74,124,0.2421875,-0.19354839
70,55,125,0.24414062,0.12
65,56,121,0.23632812,0.074380165
61,49,110,0.21484375,0.10909091
61,65,126,0.24609375,-0.031746032
67,53,120,0.234375,0.11666667
53,60,113,0.22070312,-0.061946903
70,60,130,0.25390625,0.076923077
93,39,132,0.2578125,0.40909091
56,65,121,0.23632812,-0.074380165
65,51,116,0.2265625,0.12068966
47,63,110,0.21484375,-0.14545455
63,60,123,0.24023438,0.024390244
60,57,117,0.22851562,0.025641026
64,70,134,0.26171875,-0.044776119
55,66,121,0.23632812,-0.090909091
69,47,116,0.2265625,0.18965517
59,56,115,0.22460938,0.026086957
65,72,137,0.26757812,-0.051094891
55,56,111,0.21679688,-0.009009009
59,66,125,0.24414062,-0.056
69,51,120,0.234375,0.15
63,48,111,0.21679688,0.13513514
69,42,111,0.21679688,0.24324324
67,56,123,0.24023438,0.089430894
51,64,115,0.22460938,-0.11304348
61,63,124,0.2421875,-0.016129032
51,68,119,0.23242188,-0.14285714
63,56,119,0.23242188,0.058823529
68,61,129,0.25195312,0.054263566
62,60,122,0.23828125,0.016393443
61,61,122,0.23828125,0
82,43,125,0.24414062,0.312
57,66,123,0.24023438,-0.073170732
57,57,114,0.22265625,0
85,49,134,0.26171875,0.26865672
55,50,105,0.20507812,0.047619048
68,66,134,0.26171875,0.014925373
54,66,120,0.234375,-0.1
74,45,119,0.23242188,0.24369748
67,57,124,0.2421875,0.080645161
48,74,122,0.23828125,-0.21311475
53,67,120,0.234375,-0.11666667
64,64,128,0.25,0
53,65,118,0.23046875,-0.10169492
62,60,122,0.23828125,0.016393443
64,55,119,0.23242188,0.075630252
67,57,124,0.2421875,0.080645161
71,53,124,0.2421875,0.14516129
48,72,120,0.234375,-0.2
65,52,117,0.22851562,0.11111111
57,54,111,0.21679688,0.027027027
90,30,120,0.234375,0.5
51,71,122,0.23828125,-0.16393443
62,49,111,0.21679688,0.11711712
64,43,107,0.20898438,0.19626168
58,61,119,0.23242188,-0.025210084
53,67,120,0.234375,-0.11666667
70,57,127,0.24804688,0.1023622
68,61,129,0.25195312,0.054263566
59,48,107,0.20898438,0.10280374
43,72,115,0.22460938,-0.25217391
42,80,122,0.23828125,-0.31147541
61,63,124,0.2421875,-0.016129032
50,76,126,0.24609375,-0.20634921
50,69,119,0.23242188,-0.15966387
64,61,125,0.24414062,0.024
64,60,124,0.2421875,0.032258065
50,59,109,0.21289062,-0.082568807
43,70,113,0.22070312,-0.23893805
54,69,123,0.24023438,-0.12195122
70,55,125,0.24414062,0.12
45,78,123,0.24023438,-0.26829268
62,53,115,0.22460938,0.07826087
87,46,133,0.25976562,0.30827068
79,51,130,0.25390625,0.21538462
51,68,119,0.23242188,-0.14285714
74,55,129,0.25195312,0.14728682
62,69,131,0.25585938,-0.053435115
58,60,118,0.23046875,-0.016949153
82,46,128,0.25,0.28125
68,56,124,0.2421875,0.096774194
69,65,134,0.26171875,0.029850746
68,58,126,0.24609375,0.079365079
65,56,121,0.23632812,0.074380165
47,80,127,0.24804688,-0.25984252
64,70,134,0.26171875,-0.044776119
64,63,127,0.24804688,0.0078740157
56,76,132,0.2578125,-0.15151515
55,64,119,0.23242188,-0.075630252
62,65,127,0.24804688,-0.023622047
50,76,126,0.24609375,-0.20634921
61,55,116,0.2265625,0.051724138
48,80,128,0.25,-0.25
58,55,113,0.22070312,0.026548673
56,67,123,0.24023438,-0.089430894
53,71,124,0.2421875,-0.14516129
65,68,133,0.25976562,-0.022556391
67,59,126,0.24609375,0.063492063
41,77,118,0.23046875,-0.30508475
68,59,127,0.24804688,0.070866142
73,53,126,0.24609375,0.15873016
57,68,125,0.24414062,-0.088
55,65,120,0.234375,-0.083333333
66,62,128,0.25,0.03125
75,56,131,0.25585938,0.14503817
69,59,128,0.25,0.078125
61,65,126,0.24609375,-0.031746032
64,63,127,0.24804688,0.0078740157
50,70,120,0.234375,-0.16666667
65,60,125,0.24414062,0.04
56,74,130,0.25390625,-0.13846154
77,54,131,0.25585938,0.17557252
53,69,122,0.23828125,-0.13114754
58,57,115,0.22460938,0.0086956522
70,54,124,0.2421875,0.12903226
65,55,120,0.234375,0.083333333
67,56,123,0.24023438,0.089430894
93,33,126,0.24609375,0.47619048
57,77,134,0.26171875,-0.14925373
63,67,130,0.25390625,-0.030769231
68,55,123,0.24023438,0.10569106
56,63,119,0.23242188,-0.058823529
55,62,117,0.22851562,-0.05982906
67,52,119,0.23242188,0.12605042
55,60,115,0.22460938,-0.043478261
71,52,123,0.24023438,0.15447154
57,61,118,0.23046875,-0.033898305
78,59,137,0.26757812,0.13868613
50,69,119,0.23242188,-0.15966387
54,56,110,0.21484375,-0.018181818
73,54,127,0.24804688,0.1496063
50,65,115,0.22460938,-0.13043478
48,56,104,0.203125,-0.076923077
62,59,121,0.23632812,0.024793388
64,68,132,0.2578125,-0.03030303
49,70,119,0.23242188,-0.17647059
71,70,141,0.27539062,0.0070921986
51,85,136,0.265625,-0.25
63,52,115,0.22460938,0.095652174
89,57,146,0.28515625,0.21917808
56,66,122,0.23828125,-0.081967213
71,56,127,0.24804688,0.11811024
60,64,124,0.2421875,-0.032258065
59,72,131,0.25585938,-0.099236641
49,56,105,0.20507812,-0.066666667
71,59,130,0.25390625,0.092307692
76,44,120,0.234375,0.26666667
74,52,126,0.24609375,0.17460317
47,72,119,0.23242188,-0.21008403
55,69,124,0.2421875,-0.11290323
72,59,131,0.25585938,0.099236641
59,56,115,0.22460938,0.026086957
68,56,124,0.2421875,0.096774194
56,64,120,0.234375,-0.066666667
58,75,133,0.25976562,-0.12781955
72,51,123,0.24023438,0.17073171
65,56,121,0.23632812,0.074380165
56,61,117,0.22851562,-0.042735043
52,68,120,0.234375,-0.13333333
60,62,122,0.23828125,-0.016393443
72,55,127,0.24804688,0.13385827
77,55,132,0.2578125,0.16666667
67,56,123,0.24023438,0.089430894
45,75,120,0.234375,-0.25
50,69,119,0.23242188,-0.15966387
66,53,119,0.23242188,0.1092437
50,74,124,0.2421875,-0.19354839
82,46,128,0.25,0.28125
59,69,128,0.25,-0.078125
56,69,125,0.24414062,-0.104
60,67,127,0.24804688,-0.05511811
83,51,134,0.26171875,0.23880597
60,65,125,0.24414062,-0.04
77,42,119,0.23242188,0.29411765
50,69,119,0.23242188,-0.15966387
88,37,125,0.24414062,0.408
56,75,131,0.25585938,-0.14503817
54,61,115,0.22460938,-0.060869565
71,50,121,0.23632812,0.17355372
74,56,130,0.25390625,0.13846154
45,70,115,0.22460938,-0.2173913
63,54,117,0.22851562,0.076923077
48,71,119,0.23242188,-0.19327731
72,58,130,0.25390625,0.10769231
82,45,127,0.24804688,0.29133858
57,61,118,0.23046875,-0.033898305
56,66,122,0.23828125,-0.081967213
62,66,128,0.25,-0.03125
69,61,130,0.25390625,0.061538462
59,48,107,0.20898438,0.10280374
57,60,117,0.22851562,-0.025641026
64,56,120,0.234375,0.066666667
45,68,113,0.22070312,-0.20353982
45,83,128,0.25,-0.296875
62,61,123,0.24023438,0.0081300813
67,48,115,0.22460938,0.16521739
51,73,124,0.2421875,-0.17741935
34,80,114,0.22265625,-0.40350877
61,60,121,0.23632812,0.0082644628
56,56,112,0.21875,0
70,71,141,0.27539062,-0.0070921986
59,51,110,0.21484375,0.072727273
28,83,111,0.21679688,-0.4954955
42,81,123,0.24023438,-0.31707317
48,66,114,0.22265625,-0.15789474
63,60,123,0.24023438,0.024390244
79,50,129,0.25195312,0.2248062
49,77,126,0.24609375,-0.22222222
57,56,113,0.22070312,0.0088495575
53,74,127,0.24804688,-0.16535433
80,44,124,0.2421875,0.29032258
54,55,109,0.21289062,-0.0091743119
72,57,129,0.25195312,0.11627907
74,40,114,0.22265625,0.29824561
53,74,127,0.24804688,-0.16535433
70,59,129,0.25195312,0.085271318
53,67,120,0.234375,-0.11666667
73,65,138,0.26953125,0.057971014
70,62,132,0.2578125,0.060606061
63,58,121,0.23632812,0.041322314
73,58,131,0.25585938,0.11450382
60,57,117,0.22851562,0.025641026
58,67,125,0.24414062,-0.072
66,51,117,0.22851562,0.12820513
62,72,134,0.26171875,-0.074626866
73,56,129,0.25195312,0.13178295
58,62,120,0.234375,-0.033333333
74,64,138,0.26953125,0.072463768
79,46,125,0.24414062,0.264
76,40,116,0.2265625,0.31034483
59,61,120,0.234375,-0.016666667
62,54,116,0.2265625,0.068965517
55,56,111,0.21679688,-0.009009009
82,48,130,0.25390625,0.26153846
45,67,112,0.21875,-0.19642857
67,68,135,0.26367188,-0.0074074074
60,62,122,0.23828125,-0.016393443
56,60,116,0.2265625,-0.034482759
60,56,116,0.2265625,0.034482759
45,75,120,0.234375,-0.25
66,46,112,0.21875,0.17857143
66,61,127,0.24804688,0.039370079
84,41,125,0.24414062,0.344
71,54,125,0.24414062,0.136
52,68,120,0.234375,-0.13333333
54,80,134,0.26171875,-0.19402985
75,56,131,0.25585938,0.14503817
82,40,122,0.23828125,0.3442623
52,67,119,0.23242188,-0.12605042
52,64,116,0.2265625,-0.10344828
51,69,120,0.234375,-0.15
60,57,117,0.22851562,0.025641026
61,66,127,0.24804688,-0.039370079
57,63,120,0.234375,-0.05
51,60,111,0.21679688,-0.081081081
44,91,135,0.26367188,-0.34814815
70,45,115,0.22460938,0.2173913
65,67,132,0.2578125,-0.015151515
58,50,108,0.2109375,0.074074074
68,51,119,0.23242188,0.14285714
49,61,110,0.21484375,-0.10909091
77,50,127,0.24804688,0.21259843
73,54,127,0.24804688,0.1496063
61,54,115,0.22460938,0.060869565
44,72,116,0.2265625,-0.24137931
40,75,115,0.22460938,-0.30434783
65,65,130,0.25390625,0
59,58,117,0.22851562,0.0085470085
64,68,132,0.2578125,-0.03030303
71,48,119,0.23242188,0.19327731
76,59,135,0.26367188,0.12592593
81,37,118,0.23046875,0.37288136
68,48,116,0.2265625,0.17241379
63,59,122,0.23828125,0.032786885
53,54,107,0.20898438,-0.0093457944
63,65,128,0.25,-0.015625
57,72,129,0.25195312,-0.11627907
74,57,131,0.25585938,0.12977099
51,71,122,0.23828125,-0.16393443
63,53,116,0.2265625,0.086206897
65,61,126,0.24609375,0.031746032
57,61,118,0.23046875,-0.033898305
74,47,121,0.23632812,0.2231405
57,67,124,0.2421875,-0.080645161
87,51,138,0.26953125,0.26086957
54,62,116,0.2265625,-0.068965517
79,43,122,0.23828125,0.29508197
34,81,115,0.22460938,-0.40869565
42,71,113,0.22070312,-0.25663717
74,51,125,0.24414062,0.184
61,55,116,0.2265625,0.051724138
62,64,126,0.24609375,-0.015873016
51,62,113,0.22070312,-0.097345133
65,57,122,0.23828125,0.06557377
65,62,127,0.24804688,0.023622047
72,47,119,0.23242188,0.21008403
63,71,134,0.26171875,-0.059701493
58,55,113,0.22070312,0.026548673
69,56,125,0.24414062,0.104
55,63,118,0.23046875,-0.06779661
55,67,122,0.23828125,-0.098360656
87,41,128,0.25,0.359375
79,55,134,0.26171875,0.17910448
70,54,124,0.2421875,0.12903226
73,50,123,0.24023438,0.18699187
67,57,124,0.2421875,0.080645161
62,63,125,0.24414062,-0.008
37,68,105,0.20507812,-0.2952381
45,77,122,0.23828125,-0.26229508
74,61,135,0.26367188,0.096296296
79,59,138,0.26953125,0.14492754
60,62,122,0.23828125,-0.016393443
62,58,120,0.234375,0.033333333
65,51,116,0.2265625,0.12068966
60,49,109,0.21289062,0.10091743
78,48,126,0.24609375,0.23809524
61,50,111,0.21679688,0.099099099
63,55,118,0.23046875,0.06779661
68,59,127,0.24804688,0.070866142
80,49,129,0.25195312,0.24031008
55,72,127,0.24804688,-0.13385827
77,47,124,0.2421875,0.24193548
74,52,126,0.24609375,0.17460317
36,78,114,0.22265625,-0.36842105
65,63,128,0.25,0.015625
44,87,131,0.25585938,-0.32824427
58,55,113,0.22070312,0.026548673
47,70,117,0.22851562,-0.1965812
71,49,120,0.234375,0.18333333
54,69,123,0.24023438,-0.12195122
58,69,127,0.24804688,-0.086614173
65,57,122,0.23828125,0.06557377
57,67,124,0.2421875,-0.080645161
77,56,133,0.25976562,0.15789474
72,50,122,0.23828125,0.18032787
51,71,122,0.23828125,-0.16393443
88,37,125,0.24414062,0.408
58,59,117,0.22851562,-0.0085470085
51,48,99,0.19335938,0.03030303
46,68,114,0.22265625,-0.19298246
64,58,122,0.23828125,0.049180328
50,82,132,0.2578125,-0.24242424
64,65,129,0.25195312,-0.007751938
65,54,119,0.23242188,0.092436975
42,70,112,0.21875,-0.25
58,73,131,0.25585938,-0.11450382
64,62,126,0.24609375,0.015873016
55,63,118,0.23046875,-0.06779661
45,64,109,0.21289062,-0.17431193
75,72,147,0.28710938,0.020408163
44,79,123,0.24023438,-0.28455285
42,71,113,0.22070312,-0.25663717
76,56,132,0.2578125,0.15151515
42,74,116,0.2265625,-0.27586207
60,58,118,0.23046875,0.016949153
35,78,113,0.22070312,-0.38053097
55,70,125,0.24414062,-0.12
48,58,106,0.20703125,-0.094339623
59,58,117,0.22851562,0.0085470085
64,52,116,0.2265625,0.10344828
58,67,125,0.24414062,-0.072
63,60,123,0.24023438,0.024390244
50,77,127,0.24804688,-0.21259843
51,65,116,0.2265625,-0.12068966
58,63,121,0.23632812,-0.041322314
56,58,114,0.22265625,-0.01754386
49,62,111,0.21679688,-0.11711712
72,51,123,0.24023438,0.17073171
74,61,135,0.26367188,0.096296296
53,74,127,0.24804688,-0.16535433
51,67,118,0.23046875,-0.13559322
69,49,118,0.23046875,0.16949153
71,56,127,0.24804688,0.11811024
71,69,140,0.2734375,0.014285714
62,62,124,0.2421875,0
53,67,120,0.234375,-0.11666667
77,48,125,0.24414062,0.232
60,70,130,0.25390625,-0.076923077
47,62,109,0.21289062,-0.13761468
61,50,111,0.21679688,0.099099099
78,45,123,0.24023438,0.26829268
48,74,122,0.23828125,-0.21311475
51,78,129,0.25195312,-0.20930233
46,78,124,0.2421875,-0.25806452
58,60,118,0.23046875,-0.016949153
84,57,141,0.27539062,0.19148936
59,69,128,0.25,-0.078125
51,72,123,0.24023438,-0.17073171
64,55,119,0.23242188,0.075630252
53,71,124,0.2421875,-0.14516129
55,62,117,0.22851562,-0.05982906
49,72,121,0.23632812,-0.19008264
70,38,108,0.2109375,0.2962963
44,74,118,0.23046875,-0.25423729
87,45,132,0.2578125,0.31818182
70,50,120,0.234375,0.16666667
48,61,109,0.21289062,-0.11926606
57,59,116,0.2265625,-0.017241379
72,53,125,0.24414062,0.152
54,62,116,0.2265625,-0.068965517
80,46,126,0.24609375,0.26984127
72,56,128,0.25,0.125
53,77,130,0.25390625,-0.18461538
59,61,120,0.234375,-0.016666667
61,57,118,0.23046875,0.033898305
53,67,120,0.234375,-0.11666667
74,37,111,0.21679688,0.33333333
71,55,126,0.24609375,0.12698413
67,55,122,0.23828125,0.098360656
47,74,121,0.23632812,-0.2231405
47,81,128,0.25,-0.265625
46,66,112,0.21875,-0.17857143
49,63,112,0.21875,-0.125
65,49,114,0.22265625,0.14035088
51,67,118,0.23046875,-0.13559322
49,58,107,0.20898438,-0.08411215
48,67,115,0.22460938,-0.16521739
56,71,127,0.24804688,-0.11811024
55,68,123,0.24023438,-0.10569106
75,66,141,0.27539062,0.063829787
53,66,119,0.23242188,-0.1092437
70,53,123,0.24023438,0.13821138
49,68,117,0.22851562,-0.16239316
63,63,126,0.24609375,0
62,60,122,0.23828125,0.016393443
70,45,115,0.22460938,0.2173913
56,76,132,0.2578125,-0.15151515
67,57,124,0.2421875,0.080645161
65,59,124,0.2421875,0.048387097
48,70,118,0.23046875,-0.18644068
66,64,130,0.25390625,0.015384615
54,55,109,0.21289062,-0.0091743119
34,94,128,0.25,-0.46875
60,64,124,0.2421875,-0.032258065
54,66,120,0.234375,-0.1
56,69,125,0.24414062,-0.104
72,61,133,0.25976562,0.082706767
80,52,132,0.2578125,0.21212121
57,70,127,0.24804688,-0.1023622
52,73,125,0.24414062,-0.168
62,68,130,0.25390625,-0.046153846
61,61,122,0.23828125,0
57,60,117,0.22851562,-0.025641026
57,63,120,0.234375,-0.05
69,59,128,0.25,0.078125
54,72,126,0.24609375,-0.14285714
81,33,114,0.22265625,0.42105263
59,58,117,0.22851562,0.0085470085
52,70,122,0.23828125,-0.14754098
54,58,112,0.21875,-0.035714286
62,56,118,0.23046875,0.050847458
69,54,123,0.24023438,0.12195122
48,69,117,0.22851562,-0.17948718
66,61,127,0.24804688,0.039370079
54,60,114,0.22265625,-0.052631579
62,53,115,0.22460938,0.07826087
58,74,132,0.2578125,-0.12121212
53,63,116,0.2265625,-0.086206897
57,67,124,0.2421875,-0.080645161
58,65,123,0.24023438,-0.056910569
42,62,104,0.203125,-0.19230769
44,66,110,0.21484375,-0.2
68,61,129,0.25195312,0.054263566
66,65,131,0.25585938,0.0076335878
56,62,118,0.23046875,-0.050847458
57,70,127,0.24804688,-0.1023622
88,44,132,0.2578125,0.33333333
64,55,119,0.23242188,0.075630252
65,62,127,0.24804688,0.023622047
69,43,112,0.21875,0.23214286
55,53,108,0.2109375,0.018518519
58,65,123,0.24023438,-0.056910569
51,70,121,0.23632812,-0.15702479
77,51,128,0.25,0.203125
39,81,120,0.234375,-0.35
73,52,125,0.24414062,0.168
69,55,124,0.2421875,0.11290323
60,64,124,0.2421875,-0.032258065
76,56,132,0.2578125,0.15151515
60,54,114,0.22265625,0.052631579
71,60,131,0.25585938,0.083969466
60,59,119,0.23242188,0.0084033613
68,55,123,0.24023438,0.10569106
61,64,125,0.24414062,-0.024
66,66,132,0.2578125,0
73,58,131,0.25585938,0.11450382
55,70,125,0.24414062,-0.12
56,44,100,0.1953125,0.12
64,55,119,0.23242188,0.075630252
46,70,116,0.2265625,-0.20689655
59,65,124,0.2421875,-0.048387097
61,52,113,0.22070312,0.079646018
57,62,119,0.23242188,-0.042016807
67,77,144,0.28125,-0.069444444
74,40,114,0.22265625,0.29824561
44,77,121,0.23632812,-0.27272727
58,47,105,0.20507812,0.1047619
54,74,128,0.25,-0.15625
68,65,133,0.25976562,0.022556391
73,37,110,0.21484375,0.32727273
67,75,142,0.27734375,-0.056338028
54,69,123,0.24023438,-0.12195122
62,49,111,0.21679688,0.11711712
46,68,114,0.22265625,-0.19298246
50,71,121,0.23632812,-0.17355372
68,57,125,0.24414062,0.088
52,63,115,0.22460938,-0.095652174
64,59,123,0.24023438,0.040650407
71,57,128,0.25,0.109375
59,63,122,0.23828125,-0.032786885
75,42,117,0.22851562,0.28205128
55,65,120,0.234375,-0.083333333
64,58,122,0.23828125,0.049180328
48,67,115,0.22460938,-0.16521739
65,60,125,0.24414062,0.04
77,57,134,0.26171875,0.14925373
59,74,133,0.25976562,-0.11278195
68,54,122,0.23828125,0.1147541
67,64,131,0.25585938,0.022900763
51,66,117,0.22851562,-0.12820513
58,72,130,0.25390625,-0.10769231
48,80,128,0.25,-0.25
75,54,129,0.25195312,0.1627907
62,57,119,0.23242188,0.042016807
68,62,130,0.25390625,0.046153846
63,59,122,0.23828125,0.032786885
67,59,126,0.24609375,0.063492063
54,62,116,0.2265625,-0.068965517
65,44,109,0.21289062,0.19266055
70,68,138,0.26953125,0.014492754
64,51,115,0.22460938,0.11304348
58,74,132,0.2578125,-0.12121212
69,50,119,0.23242188,0.15966387
65,58,123,0.24023438,0.056910569
65,55,120,0.234375,0.083333333
50,82,132,0.2578125,-0.24242424
68,60,128,0.25,0.0625
60,68,128,0.25,-0.0625
47,62,109,0.21289062,-0.13761468
45,70,115,0.22460938,-0.2173913
54,64,118,0.23046875,-0.084745763
80,46,126,0.24609375,0.26984127
53,75,128,0.25,-0.171875
71,55,126,0.24609375,0.12698413
66,52,118,0.23046875,0.11864407
67,52,119,0.23242188,0.12605042
73,56,129,0.25195312,0.13178295
53,55,108,0.2109375,-0.018518519
57,65,122,0.23828125,-0.06557377
55,71,126,0.24609375,-0.12698413
48,64,112,0.21875,-0.14285714
55,59,114,0.22265625,-0.035087719
61,60,121,0.23632812,0.0082644628
50,74,124,0.2421875,-0.19354839
55,61,116,0.2265625,-0.051724138
58,71,129,0.25195312,-0.10077519
58,62,120,0.234375,-0.033333333
67,62,129,0.25195312,0.03875969
56,62,118,0.23046875,-0.050847458
53,57,110,0.21484375,-0.036363636
73,59,132,0.2578125,0.10606061
58,66,124,0.2421875,-0.064516129
63,58,121,0.23632812,0.041322314
60,54,114,0.22265625,0.052631579
53,76,129,0.25195312,-0.17829457
40,84,124,0.2421875,-0.35483871
44,71,115,0.22460938,-0.23478261
68,57,125,0.24414062,0.088
50,69,119,0.23242188,-0.15966387
57,64,121,0.23632812,-0.05785124
62,61,123,0.24023438,0.0081300813
72,48,120,0.234375,0.2
41,62,103,0.20117188,-0.2038835
72,43,115,0.22460938,0.25217391
53,65,118,0.23046875,-0.10169492
63,57,120,0.234375,0.05
72,58,130,0.25390625,0.10769231
61,69,130,0.25390625,-0.061538462
68,56,124,0.2421875,0.096774194
55,64,119,0.23242188,-0.075630252
44,71,115,0.22460938,-0.23478261
61,63,124,0.2421875,-0.016129032
74,45,119,0.23242188,0.24369748
57,66,123,0.24023438,-0.073170732
57,60,117,0.22851562,-0.025641026
75,56,131,0.25585938,0.14503817
65,51,116,0.2265625,0.12068966
70,60,130,0.25390625,0.076923077
59,61,120,0.234375,-0.016666667
44,72,116,0.2265625,-0.24137931
52,52,104,0.203125,0
60,64,124,0.2421875,-0.032258065
55,54,109,0.21289062,0.0091743119
67,52,119,0.23242188,0.12605042
59,64,123,0.24023438,-0.040650407
50,65,115,0.22460938,-0.13043478
72,46,118,0.23046875,0.22033898
68,51,119,0.23242188,0.14285714
76,47,123,0.24023438,0.23577236
50,48,98,0.19140625,0.020408163
70,50,120,0.234375,0.16666667
67,53,120,0.234375,0.11666667
63,58,121,0.23632812,0.041322314
42,83,125,0.24414062,-0.328
50,72,122,0.23828125,-0.18032787
65,58,123,0.24023438,0.056910569
68,50,118,0.23046875,0.15254237
60,53,113,0.22070312,0.061946903
61,58,119,0.23242188,0.025210084
55,69,124,0.2421875,-0.11290323
45,65,110,0.21484375,-0.18181818
59,72,131,0.25585938,-0.099236641
66,54,120,0.234375,0.1
49,78,127,0.24804688,-0.22834646
49,59,108,0.2109375,-0.092592593
81,49,130,0.25390625,0.24615385
52,62,114,0.22265625,-0.087719298
55,60,115,0.22460938,-0.043478261
58,62,120,0.234375,-0.033333333
65,58,123,0.24023438,0.056910569
38,90,128,0.25,-0.40625
51,69,120,0.234375,-0.15
68,47,115,0.22460938,0.1826087
61,59,120,0.234375,0.016666667
62,60,122,0.23828125,0.016393443
53,60,113,0.22070312,-0.061946903
78,46,124,0.2421875,0.25806452
59,58,117,0.22851562,0.0085470085
71,47,118,0.23046875,0.20338983
60,71,131,0.25585938,-0.083969466
52,61,113,0.22070312,-0.079646018
62,69,131,0.25585938,-0.053435115
59,64,123,0.24023438,-0.040650407
49,74,123,0.24023438,-0.20325203
57,63,120,0.234375,-0.05
55,51,106,0.20703125,0.037735849
53,70,123,0.24023438,-0.13821138
66,73,139,0.27148438,-0.050359712
43,75,118,0.23046875,-0.27118644
55,54,109,0.21289062,0.0091743119
42,75,117,0.22851562,-0.28205128
48,69,117,0.22851562,-0.17948718
49,62,111,0.21679688,-0.11711712
76,47,123,0.24023438,0.23577236
42,65,107,0.20898438,-0.21495327
70,53,123,0.24023438,0.13821138
46,75,121,0.23632812,-0.23966942
66,56,122,0.23828125,0.081967213
62,52,114,0.22265625,0.087719298
59,53,112,0.21875,0.053571429
66,57,123,0.24023438,0.073170732
46,70,116,0.2265625,-0.20689655
56,61,117,0.22851562,-0.042735043
52,59,111,0.21679688,-0.063063063
66,43,109,0.21289062,0.21100917
65,47,112,0.21875,0.16071429
64,60,124,0.2421875,0.032258065
59,52,111,0.21679688,0.063063063
61,61,122,0.23828125,0
51,73,124,0.2421875,-0.17741935
57,65,122,0.23828125,-0.06557377
79,38,117,0.22851562,0.35042735
78,46,124,0.2421875,0.25806452
63,64,127,0.24804688,-0.0078740157
66,63,129,0.25195312,0.023255814
57,79,136,0.265625,-0.16176471
63,60,123,0.24023438,0.024390244
62,72,134,0.26171875,-0.074626866
48,68,116,0.2265625,-0.17241379
58,70,128,0.25,-0.09375
58,74,132,0.2578125,-0.12121212
78,54,132,0.2578125,0.18181818
62,62,124,0.2421875,0
74,49,123,0.24023438,0.20325203
75,43,118,0.23046875,0.27118644
62,65,127,0.24804688,-0.023622047
65,66,131,0.25585938,-0.0076335878
91,40,131,0.25585938,0.38931298
77,36,113,0.22070312,0.36283186
57,80,137,0.26757812,-0.16788321
38,68,106,0.20703125,-0.28301887
51,68,119,0.23242188,-0.14285714
58,60,118,0.23046875,-0.016949153
52,58,110,0.21484375,-0.054545455
66,62,128,0.25,0.03125
59,58,117,0.22851562,0.0085470085
64,65,129,0.25195312,-0.007751938
72,49,121,0.23632812,0.19008264
60,63,123,0.24023438,-0.024390244
61,59,120,0.234375,0.016666667
48,84,132,0.2578125,-0.27272727
64,64,128,0.25,0
62,71,133,0.25976562,-0.067669173
63,56,119,0.23242188,0.058823529
39,82,121,0.23632812,-0.3553719
57,50,107,0.20898438,0.065420561
59,71,130,0.25390625,-0.092307692
70,60,130,0.25390625,0.076923077
78,37,115,0.22460938,0.35652174
74,53,127,0.24804688,0.16535433
53,59,112,0.21875,-0.053571429
46,73,119,0.23242188,-0.22689076
76,56,132,0.2578125,0.15151515
77,54,131,0.25585938,0.17557252
48,66,114,0.22265625,-0.15789474
67,54,121,0.23632812,0.10743802
54,58,112,0.21875,-0.035714286
68,51,119,0.23242188,0.14285714
68,48,116,0.2265625,0.17241379
50,64,114,0.22265625,-0.12280702
64,62,126,0.24609375,0.015873016
53,60,113,0.22070312,-0.061946903
61,70,131,0.25585938,-0.06870229
51,73,124,0.2421875,-0.17741935
54,64,118,0.23046875,-0.084745763
60,54,114,0.22265625,0.052631579
45,67,112,0.21875,-0.19642857
59,70,129,0.25195312,-0.085271318
79,47,126,0.24609375,0.25396825
60,59,119,0.23242188,0.0084033613
67,55,122,0.23828125,0.098360656
49,69,118,0.23046875,-0.16949153
73,58,131,0.25585938,0.11450382
85,41,126,0.24609375,0.34920635
65,68,133,0.25976562,-0.022556391
67,68,135,0.26367188,-0.0074074074
66,68,134,0.26171875,-0.014925373
60,60,120,0.234375,0
90,54,144,0.28125,0.25
61,50,111,0.21679688,0.099099099
55,68,123,0.24023438,-0.10569106
55,76,131,0.25585938,-0.16030534
78,47,125,0.24414062,0.248
60,52,112,0.21875,0.071428571
60,61,121,0.23632812,-0.0082644628
49,56,105,0.20507812,-0.066666667
37,69,106,0.20703125,-0.30188679
60,67,127,0.24804688,-0.05511811
66,63,129,0.25195312,0.023255814
60,68,128,0.25,-0.0625
59,61,120,0.234375,-0.016666667
57,67,124,0.2421875,-0.080645161
59,60,119,0.23242188,-0.0084033613
69,47,116,0.2265625,0.18965517
43,72,115,0.22460938,-0.25217391
70,69,139,0.27148438,0.0071942446
59,59,118,0.23046875,0
50,61,111,0.21679688,-0.099099099
70,48,118,0.23046875,0.18644068
83,40,123,0.24023438,0.3495935
63,68,131,0.25585938,-0.038167939
57,72,129,0.25195312,-0.11627907
66,64,130,0.25390625,0.015384615
73,49,122,0.23828125,0.19672131
66,48,114,0.22265625,0.15789474
49,73,122,0.23828125,-0.19672131
67,61,128,0.25,0.046875
64,66,130,0.25390625,-0.015384615
67,50,117,0.22851562,0.14529915
56,63,119,0.23242188,-0.058823529
57,65,122,0.23828125,-0.06557377
49,67,116,0.2265625,-0.15517241
56,62,118,0.23046875,-0.050847458
61,57,118,0.23046875,0.033898305
62,57,119,0.23242188,0.042016807
62,62,124,0.2421875,0
72,52,124,0.2421875,0.16129032
82,57,139,0.27148438,0.17985612
57,55,112,0.21875,0.017857143
62,42,104,0.203125,0.19230769
78,42,120,0.234375,0.3
77,54,131,0.25585938,0.17557252
53,62,115,0.22460938,-0.07826087
57,76,133,0.25976562,-0.14285714
52,58,110,0.21484375,-0.054545455
65,76,141,0.27539062,-0.078014184
69,55,124,0.2421875,0.11290323
51,63,114,0.22265625,-0.10526316
72,52,124,0.2421875,0.16129032
70,58,128,0.25,0.09375
88,36,124,0.2421875,0.41935484
77,54,131,0.25585938,0.17557252
69,56,125,0.24414062,0.104
65,55,120,0.234375,0.083333333
54,66,120,0.234375,-0.1
57,68,125,0.24414062,-0.088
44,63,107,0.20898438,-0.17757009
54,60,114,0.22265625,-0.052631579
67,56,123,0.24023438,0.089430894
44,78,122,0.23828125,-0.27868852
60,56,116,0.2265625,0.034482759
56,61,117,0.22851562,-0.042735043
58,59,117,0.22851562,-0.0085470085
45,70,115,0.22460938,-0.2173913
65,55,120,0.234375,0.083333333
50,80,130,0.25390625,-0.23076923
66,59,125,0.24414062,0.056
46,65,111,0.21679688,-0.17117117
68,54,122,0.23828125,0.1147541
72,59,131,0.25585938,0.099236641
60,64,124,0.2421875,-0.032258065
35,71,106,0.20703125,-0.33962264
59,59,118,0.23046875,0
55,61,116,0.2265625,-0.051724138
48,59,107,0.20898438,-0.10280374
52,69,121,0.23632812,-0.14049587
64,72,136,0.265625,-0.058823529
57,72,129,0.25195312,-0.11627907
60,67,127,0.24804688,-0.05511811
53,71,124,0.2421875,-0.14516129
59,68,127,0.24804688,-0.070866142
47,73,120,0.234375,-0.21666667
58,69,127,0.24804688,-0.086614173
67,52,119,0.23242188,0.12605042
53,67,120,0.234375,-0.11666667
70,59,129,0.25195312,0.085271318
69,53,122,0.23828125,0.13114754
69,61,130,0.25390625,0.061538462
61,60,121,0.23632812,0.0082644628
55,58,113,0.22070312,-0.026548673
48,68,116,0.2265625,-0.17241379
60,57,117,0.22851562,0.025641026
60,53,113,0.22070312,0.061946903
34,87,121,0.23632812,-0.43801653
78,51,129,0.25195312,0.20930233
52,62,114,0.22265625,-0.087719298
66,63,129,0.25195312,0.023255814
44,68,112,0.21875,-0.21428571
48,82,130,0.25390625,-0.26153846
62,53,115,0.22460938,0.07826087
61,59,120,0.234375,0.016666667
48,75,123,0.24023438,-0.2195122
55,61,116,0.2265625,-0.051724138
54,58,112,0.21875,-0.035714286
67,60,127,0.24804688,0.05511811
57,69,126,0.24609375,-0.095238095
67,48,115,0.22460938,0.16521739
56,64,120,0.234375,-0.066666667
45,64,109,0.21289062,-0.17431193
42,74,116,0.2265625,-0.27586207
58,71,129,0.25195312,-0.10077519
77,53,130,0.25390625,0.18461538
69,58,127,0.24804688,0.086614173
54,64,118,0.23046875,-0.084745763
82,52,134,0.26171875,0.2238806
38,72,110,0.21484375,-0.30909091
66,57,123,0.24023438,0.073170732
69,60,129,0.25195312,0.069767442
51,71,122,0.23828125,-0.16393443
73,51,124,0.2421875,0.17741935
55,82,137,0.26757812,-0.19708029
65,54,119,0.23242188,0.092436975
74,39,113,0.22070312,0.30973451
46,57,103,0.20117188,-0.10679612
42,64,106,0.20703125,-0.20754717
68,49,117,0.22851562,0.16239316
75,42,117,0.22851562,0.28205128
65,55,120,0.234375,0.083333333
82,44,126,0.24609375,0.3015873
62,60,122,0.23828125,0.016393443
58,62,120,0.234375,-0.033333333
65,62,127,0.24804688,0.023622047
69,52,121,0.23632812,0.14049587
55,80,135,0.26367188,-0.18518519
79,43,122,0.23828125,0.29508197
64,70,134,0.26171875,-0.044776119
48,73,121,0.23632812,-0.20661157
61,60,121,0.23632812,0.0082644628
38,77,115,0.22460938,-0.33913043
75,49,124,0.2421875,0.20967742
67,49,116,0.2265625,0.15517241
61,68,129,0.25195312,-0.054263566
63,62,125,0.24414062,0.008
43,83,126,0.24609375,-0.31746032
59,56,115,0.22460938,0.026086957
68,48,116,0.2265625,0.17241379
78,46,124,0.2421875,0.25806452
67,59,126,0.24609375,0.063492063
71,61,132,0.2578125,0.075757576
73,52,125,0.24414062,0.168
69,50,119,0.23242188,0.15966387
55,70,125,0.24414062,-0.12
52,68,120,0.234375,-0.13333333
67,58,125,0.24414062,0.072
72,59,131,0.25585938,0.099236641
62,68,130,0.25390625,-0.046153846
72,54,126,0.24609375,0.14285714
67,60,127,0.24804688,0.05511811
58,64,122,0.23828125,-0.049180328
52,54,106,0.20703125,-0.018867925
43,62,105,0.20507812,-0.18095238
52,69,121,0.23632812,-0.14049587
64,57,121,0.23632812,0.05785124
60,68,128,0.25,-0.0625
70,47,117,0.22851562,0.1965812
66,66,132,0.2578125,0
49,65,114,0.22265625,-0.14035088
47,76,123,0.24023438,-0.23577236
60,57,117,0.22851562,0.025641026
94,38,132,0.2578125,0.42424242
67,33,100,0.1953125,0.34
60,53,113,0.22070312,0.061946903
63,64,127,0.24804688,-0.0078740157
61,63,124,0.2421875,-0.016129032
64,70,134,0.26171875,-0.044776119
50,79,129,0.25195312,-0.2248062
60,49,109,0.21289062,0.10091743
66,56,122,0.23828125,0.081967213
81,31,112,0.21875,0.44642857
44,72,116,0.2265625,-0.24137931
67,52,119,0.23242188,0.12605042
67,63,130,0.25390625,0.030769231
64,66,130,0.25390625,-0.015384615
83,47,130,0.25390625,0.27692308
55,58,113,0.22070312,-0.026548673
61,47,108,0.2109375,0.12962963
44,72,116,0.2265625,-0.24137931
61,60,121,0.23632812,0.0082644628
81,33,114,0.22265625,0.42105263
78,45,123,0.24023438,0.26829268
67,58,125,0.24414062,0.072
52,69,121,0.23632812,-0.14049587
62,49,111,0.21679688,0.11711712
65,66,131,0.25585938,-0.0076335878
60,69,129,0.25195312,-0.069767442
51,74,125,0.24414062,-0.184
69,46,115,0.22460938,0.2
52,70,122,0.23828125,-0.14754098
70,58,128,0.25,0.09375
68,59,127,0.24804688,0.070866142
55,71,126,0.24609375,-0.12698413
95,33,128,0.25,0.484375
53,70,123,0.24023438,-0.13821138
63,60,123,0.24023438,0.024390244
56,60,116,0.2265625,-0.034482759
73,50,123,0.24023438,0.18699187
68,62,130,0.25390625,0.046153846
65,55,120,0.234375,0.083333333
51,67,118,0.23046875,-0.13559322
49,68,117,0.22851562,-0.16239316
56,63,119,0.23242188,-0.058823529
71,71,142,0.27734375,0
52,59,111,0.21679688,-0.063063063
70,50,120,0.234375,0.16666667
50,57,107,0.20898438,-0.065420561
59,56,115,0.22460938,0.026086957
58,61,119,0.23242188,-0.025210084
75,56,131,0.25585938,0.14503817
58,58,116,0.2265625,0
76,63,139,0.27148438,0.09352518
55,68,123,0.24023438,-0.10569106
72,59,131,0.25585938,0.099236641
57,69,126,0.24609375,-0.095238095
65,66,131,0.25585938,-0.0076335878
72,48,120,0.234375,0.2
61,61,122,0.23828125,0
58,60,118,0.23046875,-0.016949153
55,50,105,0.20507812,0.047619048
58,43,101,0.19726562,0.14851485
51,66,117,0.22851562,-0.12820513
57,64,121,0.23632812,-0.05785124
76,53,129,0.25195312,0.17829457
72,60,132,0.2578125,0.090909091
48,73,121,0.23632812,-0.20661157
56,68,124,0.2421875,-0.096774194
47,71,118,0.23046875,-0.20338983
68,50,118,0.23046875,0.15254237
60,70,130,0.25390625,-0.076923077
73,44,117,0.22851562,0.24786325
60,74,134,0.26171875,-0.10447761
47,69,116,0.2265625,-0.18965517
64,45,109,0.21289062,0.17431193
66,53,119,0.23242188,0.1092437
50,71,121,0.23632812,-0.17355372
49,78,127,0.24804688,-0.22834646
51,73,124,0.2421875,-0.17741935
55,69,124,0.2421875,-0.11290323
55,55,110,0.21484375,0
42,69,111,0.21679688,-0.24324324
58,80,138,0.26953125,-0.15942029
53,67,120,0.234375,-0.11666667
65,57,122,0.23828125,0.06557377
50,53,103,0.20117188,-0.029126214
49,68,117,0.22851562,-0.16239316
74,66,140,0.2734375,0.057142857
73,48,121,0.23632812,0.20661157
63,71,134,0.26171875,-0.059701493
45,62,107,0.20898438,-0.1588785
61,46,107,0.20898438,0.14018692
57,54,111,0.21679688,0.027027027
49,73,122,0.23828125,-0.19672131
46,76,122,0.23828125,-0.24590164
53,63,116,0.2265625,-0.086206897
51,66,117,0.22851562,-0.12820513
60,51,111,0.21679688,0.081081081
91,37,128,0.25,0.421875
59,60,119,0.23242188,-0.0084033613
61,60,121,0.23632812,0.0082644628
61,62,123,0.24023438,-0.0081300813
48,73,121,0.23632812,-0.20661157
62,65,127,0.24804688,-0.023622047
60,70,130,0.25390625,-0.076923077
66,58,124,0.2421875,0.064516129
63,58,121,0.23632812,0.041322314
65,47,112,0.21875,0.16071429
59,62,121,0.23632812,-0.024793388
66,62,128,0.25,0.03125
70,59,129,0.25195312,0.085271318
66,43,109,0.21289062,0.21100917
68,51,119,0.23242188,0.14285714
50,75,125,0.24414062,-0.2
50,74,124,0.2421875,-0.19354839
68,61,129,0.25195312,0.054263566
62,63,125,0.24414062,-0.008
67,46,113,0.22070312,0.18584071
43,70,113,0.22070312,-0.23893805
59,62,121,0.23632812,-0.024793388
71,50,121,0.23632812,0.17355372
64,59,123,0.24023438,0.040650407
77,46,123,0.24023438,0.25203252
75,44,119,0.23242188,0.2605042
60,51,111,0.21679688,0.081081081
57,62,119,0.23242188,-0.042016807
72,50,122,0.23828125,0.18032787
47,76,123,0.24023438,-0.23577236
67,59,126,0.24609375,0.063492063
66,54,120,0.234375,0.1
59,64,123,0.24023438,-0.040650407
55,52,107,0.20898438,0.028037383
60,64,124,0.2421875,-0.032258065
74,54,128,0.25,0.15625
64,57,121,0.23632812,0.05785124
56,59,115,0.22460938,-0.026086957
51,60,111,0.21679688,-0.081081081
87,39,126,0.24609375,0.38095238
65,65,130,0.25390625,0
63,69,132,0.2578125,-0.045454545
51,67,118,0.23046875,-0.13559322
68,57,125,0.24414062,0.088
69,49,118,0.23046875,0.16949153
50,71,121,0.23632812,-0.17355372
61,60,121,0.23632812,0.0082644628
99,35,134,0.26171875,0.47761194
53,66,119,0.23242188,-0.1092437
56,60,116,0.2265625,-0.034482759
78,41,119,0.23242188,0.31092437
76,63,139,0.27148438,0.09352518
52,64,116,0.2265625,-0.10344828
51,74,125,0.24414062,-0.184
58,65,123,0.24023438,-0.056910569
68,64,132,0.2578125,0.03030303
49,78,127,0.24804688,-0.22834646
53,70,123,0.24023438,-0.13821138
75,51,126,0.24609375,0.19047619
62,63,125,0.24414062,-0.008
90,39,129,0.25195312,0.39534884
48,67,115,0.22460938,-0.16521739
61,64,125,0.24414062,-0.024
49,76,125,0.24414062,-0.216
85,31,116,0.2265625,0.46551724
60,66,126,0.24609375,-0.047619048
81,40,121,0.23632812,0.33884298
63,52,115,0.22460938,0.095652174
56,60,116,0.2265625,-0.034482759
73,35,108,0.2109375,0.35185185
71,56,127,0.24804688,0.11811024
71,55,126,0.24609375,0.12698413
51,64,115,0.22460938,-0.11304348
64,58,122,0.23828125,0.049180328
41,67,108,0.2109375,-0.24074074
47,71,118,0.23046875,-0.20338983
66,52,118,0.23046875,0.11864407
49,74,123,0.24023438,-0.20325203
58,61,119,0.23242188,-0.025210084
50,92,142,0.27734375,-0.29577465
67,60,127,0.24804688,0.05511811
49,70,119,0.23242188,-0.17647059
75,46,121,0.23632812,0.23966942
53,71,124,0.2421875,-0.14516129
40,70,110,0.21484375,-0.27272727
64,51,115,0.22460938,0.11304348
60,69,129,0.25195312,-0.069767442
81,40,121,0.23632812,0.33884298
65,55,120,0.234375,0.083333333
43,91,134,0.26171875,-0.35820896
75,54,129,0.25195312,0.1627907
58,53,111,0.21679688,0.045045045
69,56,125,0.24414062,0.104
68,42,110,0.21484375,0.23636364
64,74,138,0.26953125,-0.072463768
55,59,114,0.22265625,-0.035087719
51,68,119,0.23242188,-0.14285714
42,79,121,0.23632812,-0.30578512
57,74,131,0.25585938,-0.12977099
65,50,115,0.22460938,0.13043478
65,76,141,0.27539062,-0.078014184
77,46,123,0.24023438,0.25203252
75,65,140,0.2734375,0.071428571
62,57,119,0.23242188,0.042016807
53,66,119,0.23242188,-0.1092437
72,36,108,0.2109375,0.33333333
73,49,122,0.23828125,0.19672131
53,73,126,0.24609375,-0.15873016
50,68,118,0.23046875,-0.15254237
55,61,116,0.2265625,-0.051724138
48,89,137,0.26757812,-0.29927007
74,59,133,0.25976562,0.11278195
72,56,128,0.25,0.125
62,68,130,0.25390625,-0.046153846
65,63,128,0.25,0.015625
69,57,126,0.24609375,0.095238095
57,75,132,0.2578125,-0.13636364
64,60,124,0.2421875,0.032258065
47,78,125,0.24414062,-0.248
48,70,118,0.23046875,-0.18644068
61,59,120,0.234375,0.016666667
65,59,124,0.2421875,0.048387097
72,52,124,0.2421875,0.16129032
59,62,121,0.23632812,-0.024793388
64,54,118,0.23046875,0.084745763
75,62,137,0.26757812,0.094890511
53,73,126,0.24609375,-0.15873016
63,59,122,0.23828125,0.032786885
52,59,111,0.21679688,-0.063063063
65,47,112,0.21875,0.16071429
69,53,122,0.23828125,0.13114754
84,53,137,0.26757812,0.22627737
71,46,117,0.22851562,0.21367521
82,46,128,0.25,0.28125
47,72,119,0.23242188,-0.21008403
60,65,125,0.24414062,-0.04
86,57,143,0.27929688,0.2027972
41,91,132,0.2578125,-0.37878788
68,62,130,0.25390625,0.046153846
72,43,115,0.22460938,0.25217391
64,56,120,0.234375,0.066666667
66,54,120,0.234375,0.1
70,60,130,0.25390625,0.076923077
63,60,123,0.24023438,0.024390244
63,61,124,0.2421875,0.016129032
68,59,127,0.24804688,0.070866142
53,61,114,0.22265625,-0.070175439
64,57,121,0.23632812,0.05785124
68,46,114,0.22265625,0.19298246
59,70,129,0.25195312,-0.085271318
53,51,104,0.203125,0.019230769
46,50,96,0.1875,-0.041666667
61,77,138,0.26953125,-0.11594203
45,79,124,0.2421875,-0.27419355
63,55,118,0.23046875,0.06779661
62,68,130,0.25390625,-0.046153846
81,47,128,0.25,0.265625
72,53,125,0.24414062,0.152
63,59,122,0.23828125,0.032786885
68,51,119,0.23242188,0.14285714
61,71,132,0.2578125,-0.075757576
81,49,130,0.25390625,0.24615385
47,66,113,0.22070312,-0.16814159
76,50,126,0.24609375,0.20634921
62,63,125,0.24414062,-0.008
54,61,115,0.22460938,-0.060869565
75,48,123,0.24023438,0.2195122
84,48,132,0.2578125,0.27272727
62,57,119,0.23242188,0.042016807
60,65,125,0.24414062,-0.04
51,66,117,0.22851562,-0.12820513
67,43,110,0.21484375,0.21818182
58,64,122,0.23828125,-0.049180328
69,52,121,0.23632812,0.14049587
74,48,122,0.23828125,0.21311475
57,69,126,0.24609375,-0.095238095
64,51,115,0.22460938,0.11304348
77,50,127,0.24804688,0.21259843
66,58,124,0.2421875,0.064516129
48,55,103,0.20117188,-0.067961165
56,61,117,0.22851562,-0.042735043
71,48,119,0.23242188,0.19327731
59,71,130,0.25390625,-0.092307692
62,71,133,0.25976562,-0.067669173
74,43,117,0.22851562,0.26495726
66,52,118,0.23046875,0.11864407
58,58,116,0.2265625,0
70,54,124,0.2421875,0.12903226
77,60,137,0.26757812,0.12408759
50,65,115,0.22460938,-0.13043478
58,62,120,0.234375,-0.033333333
61,62,123,0.24023438,-0.0081300813
58,52,110,0.21484375,0.054545455
60,63,123,0.24023438,-0.024390244
66,59,125,0.24414062,0.056
47,73,120,0.234375,-0.21666667
64,68,132,0.2578125,-0.03030303
39,73,112,0.21875,-0.30357143
54,72,126,0.24609375,-0.14285714
62,57,119,0.23242188,0.042016807
53,62,115,0.22460938,-0.07826087
53,70,123,0.24023438,-0.13821138
61,51,112,0.21875,0.089285714
58,61,119,0.23242188,-0.025210084
54,62,116,0.2265625,-0.068965517
67,65,132,0.2578125,0.015151515
59,56,115,0.22460938,0.026086957
59,53,112,0.21875,0.053571429
65,43,108,0.2109375,0.2037037
64,68,132,0.2578125,-0.03030303
73,45,118,0.23046875,0.23728814
47,71,118,0.23046875,-0.20338983
55,58,113,0.22070312,-0.026548673
62,62,124,0.2421875,0
45,77,122,0.23828125,-0.26229508
72,53,125,0.24414062,0.152
71,41,112,0.21875,0.26785714
45,77,122,0.23828125,-0.26229508
67,42,109,0.21289062,0.2293578
64,64,128,0.25,0
66,45,111,0.21679688,0.18918919
72,57,129,0.25195312,0.11627907
30,95,125,0.24414062,-0.52
85,39,124,0.2421875,0.37096774
61,64,125,0.24414062,-0.024
66,56,122,0.23828125,0.081967213
63,64,127,0.24804688,-0.0078740157
52,59,111,0.21679688,-0.063063063
63,60,123,0.24023438,0.024390244
86,40,126,0.24609375,0.36507937
67,58,125,0.24414062,0.072
63,64,127,0.24804688,-0.0078740157
62,59,121,0.23632812,0.024793388
69,59,128,0.25,0.078125
69,48,117,0.22851562,0.17948718
59,59,118,0.23046875,0
53,79,132,0.2578125,-0.1969697
50,56,106,0.20703125,-0.056603774
89,41,130,0.25390625,0.36923077
62,67,129,0.25195312,-0.03875969
72,53,125,0.24414062,0.152
47,71,118,0.23046875,-0.20338983
60,57,117,0.22851562,0.025641026
59,61,120,0.234375,-0.016666667
36,74,110,0.21484375,-0.34545455
57,58,115,0.22460938,-0.0086956522
72,52,124,0.2421875,0.16129032
71,46,117,0.22851562,0.21367521
69,57,126,0.24609375,0.095238095
56,50,106,0.20703125,0.056603774
69,65,134,0.26171875,0.029850746
60,58,118,0.23046875,0.016949153
54,67,121,0.23632812,-0.10743802
59,62,121,0.23632812,-0.024793388
83,41,124,0.2421875,0.33870968
54,73,127,0.24804688,-0.1496063
78,49,127,0.24804688,0.22834646
51,70,121,0.23632812,-0.15702479
62,69,131,0.25585938,-0.053435115
71,50,121,0.23632812,0.17355372
81,37,118,0.23046875,0.37288136
52,64,116,0.2265625,-0.10344828
56,71,127,0.24804688,-0.11811024
44,73,117,0.22851562,-0.24786325
68,60,128,0.25,0.0625
47,65,112,0.21875,-0.16071429
66,59,125,0.24414062,0.056
56,63,119,0.23242188,-0.058823529
55,62,117,0.22851562,-0.05982906
64,57,121,0.23632812,0.05785124
52,62,114,0.22265625,-0.087719298
61,59,120,0.234375,0.016666667
57,58,115,0.22460938,-0.0086956522
71,48,119,0.23242188,0.19327731
50,65,115,0.22460938,-0.13043478
69,63,132,0.2578125,0.045454545
63,60,123,0.24023438,0.024390244
56,62,118,0.23046875,-0.050847458
72,57,129,0.25195312,0.11627907
62,71,133,0.25976562,-0.067669173
70,41,111,0.21679688,0.26126126
59,66,125,0.24414062,-0.056
42,78,120,0.234375,-0.3
66,51,117,0.22851562,0.12820513
62,68,130,0.25390625,-0.046153846
69,63,132,0.2578125,0.045454545
60,50,110,0.21484375,0.090909091
50,70,120,0.234375,-0.16666667
40,73,113,0.22070312,-0.2920354
81,51,132,0.2578125,0.22727273
64,56,120,0.234375,0.066666667
55,71,126,0.24609375,-0.12698413
59,57,116,0.2265625,0.017241379
47,70,117,0.22851562,-0.1965812
79,45,124,0.2421875,0.27419355
51,72,123,0.24023438,-0.17073171
60,68,128,0.25,-0.0625
55,49,104,0.203125,0.057692308
62,59,121,0.23632812,0.024793388
55,53,108,0.2109375,0.018518519
71,52,123,0.24023438,0.15447154
60,62,122,0.23828125,-0.016393443
51,72,123,0.24023438,-0.17073171
55,64,119,0.23242188,-0.075630252
56,69,125,0.24414062,-0.104
56,58,114,0.22265625,-0.01754386
64,46,110,0.21484375,0.16363636
56,60,116,0.2265625,-0.034482759
72,51,123,0.24023438,0.17073171
66,53,119,0.23242188,0.1092437
57,72,129,0.25195312,-0.11627907
74,50,124,0.2421875,0.19354839
60,65,125,0.24414062,-0.04
60,52,112,0.21875,0.071428571
63,63,126,0.24609375,0
71,53,124,0.2421875,0.14516129
58,64,122,0.23828125,-0.049180328
66,48,114,0.22265625,0.15789474
34,65,99,0.19335938,-0.31313131
49,67,116,0.2265625,-0.15517241
55,65,120,0.234375,-0.083333333
55,76,131,0.25585938,-0.16030534
53,59,112,0.21875,-0.053571429
72,50,122,0.23828125,0.18032787
84,46,130,0.25390625,0.29230769
80,42,122,0.23828125,0.31147541
67,59,126,0.24609375,0.063492063
57,74,131,0.25585938,-0.12977099
59,49,108,0.2109375,0.092592593
69,60,129,0.25195312,0.069767442
49,76,125,0.24414062,-0.216
67,55,122,0.23828125,0.098360656
53,78,131,0.25585938,-0.19083969
69,65,134,0.26171875,0.029850746
53,64,117,0.22851562,-0.094017094
69,48,117,0.22851562,0.17948718
57,57,114,0.22265625,0
58,62,120,0.234375,-0.033333333
54,73,127,0.24804688,-0.1496063
55,64,119,0.23242188,-0.075630252
49,61,110,0.21484375,-0.10909091
68,56,124,0.2421875,0.096774194
52,74,126,0.24609375,-0.17460317
58,70,128,0.25,-0.09375
51,65,116,0.2265625,-0.12068966
57,53,110,0.21484375,0.036363636
59,62,121,0.23632812,-0.024793388
56,73,129,0.25195312,-0.13178295
66,68,134,0.26171875,-0.014925373
65,58,123,0.24023438,0.056910569
59,55,114,0.22265625,0.035087719
90,36,126,0.24609375,0.42857143
79,36,115,0.22460938,0.37391304
43,86,129,0.25195312,-0.33333333
61,57,118,0.23046875,0.033898305
74,38,112,0.21875,0.32142857
50,62,112,0.21875,-0.10714286
76,44,120,0.234375,0.26666667
50,55,105,0.20507812,-0.047619048
82,60,142,0.27734375,0.15492958
62,73,135,0.26367188,-0.081481481
68,60,128,0.25,0.0625
60,65,125,0.24414062,-0.04
33,88,121,0.23632812,-0.45454545
63,64,127,0.24804688,-0.0078740157
52,70,122,0.23828125,-0.14754098
38,74,112,0.21875,-0.32142857
63,52,115,0.22460938,0.095652174
68,71,139,0.27148438,-0.021582734
62,52,114,0.22265625,0.087719298
55,61,116,0.2265625,-0.051724138
53,67,120,0.234375,-0.11666667
47,70,117,0.22851562,-0.1965812
64,58,122,0.23828125,0.049180328
70,64,134,0.26171875,0.044776119
60,59,119,0.23242188,0.0084033613
47,86,133,0.25976562,-0.29323308
62,43,105,0.20507812,0.18095238
36,78,114,0.22265625,-0.36842105
64,58,122,0.23828125,0.049180328
64,56,120,0.234375,0.066666667
62,67,129,0.25195312,-0.03875969
52,72,124,0.2421875,-0.16129032
55,70,125,0.24414062,-0.12
82,56,138,0.26953125,0.1884058
59,54,113,0.22070312,0.044247788
64,48,112,0.21875,0.14285714
67,49,116,0.2265625,0.15517241
71,52,123,0.24023438,0.15447154
62,61,123,0.24023438,0.0081300813
64,48,112,0.21875,0.14285714
55,65,120,0.234375,-0.083333333
52,59,111,0.21679688,-0.063063063
45,77,122,0.23828125,-0.26229508
51,70,121,0.23632812,-0.15702479
71,48,119,0.23242188,0.19327731
62,63,125,0.24414062,-0.008
63,44,107,0.20898438,0.17757009
50,79,129,0.25195312,-0.2248062
57,59,116,0.2265625,-0.017241379
48,79,127,0.24804688,-0.24409449
53,49,102,0.19921875,0.039215686
71,52,123,0.24023438,0.15447154
54,67,121,0.23632812,-0.10743802
64,65,129,0.25195312,-0.007751938
67,42,109,0.21289062,0.2293578
54,64,118,0.23046875,-0.084745763
50,75,125,0.24414062,-0.2
56,59,115,0.22460938,-0.026086957
52,63,115,0.22460938,-0.095652174
70,51,121,0.23632812,0.15702479
70,49,119,0.23242188,0.17647059
52,70,122,0.23828125,-0.14754098
73,55,128,0.25,0.140625
52,57,109,0.21289062,-0.04587156
55,76,131,0.25585938,-0.16030534
64,51,115,0.22460938,0.11304348
58,57,115,0.22460938,0.0086956522
58,56,114,0.22265625,0.01754386
80,54,134,0.26171875,0.19402985
51,80,131,0.25585938,-0.22137405
44,76,120,0.234375,-0.26666667
54,60,114,0.22265625,-0.052631579
55,60,115,0.22460938,-0.043478261
79,53,132,0.2578125,0.1969697
72,43,115,0.22460938,0.25217391
58,59,117,0.22851562,-0.0085470085
75,46,121,0.23632812,0.23966942
68,65,133,0.25976562,0.022556391
67,65,132,0.2578125,0.015151515
52,56,108,0.2109375,-0.037037037
60,63,123,0.24023438,-0.024390244
47,68,115,0.22460938,-0.1826087
67,59,126,0.24609375,0.063492063
85,41,126,0.24609375,0.34920635
64,64,128,0.25,0
73,44,117,0.22851562,0.24786325
55,71,126,0.24609375,-0.12698413
69,49,118,0.23046875,0.16949153
57,57,114,0.22265625,0
73,43,116,0.2265625,0.25862069
75,49,124,0.2421875,0.20967742
59,73,132,0.2578125,-0.10606061
63,52,115,0.22460938,0.095652174
57,62,119,0.23242188,-0.042016807
74,50,124,0.2421875,0.19354839
84,45,129,0.25195312,0.30232558
67,50,117,0.22851562,0.14529915
63,66,129,0.25195312,-0.023255814
54,57,111,0.21679688,-0.027027027
54,66,120,0.234375,-0.1
59,61,120,0.234375,-0.016666667
66,44,110,0.21484375,0.2
57,58,115,0.22460938,-0.0086956522
84,37,121,0.23632812,0.38842975
60,61,121,0.23632812,-0.0082644628
87,41,128,0.25,0.359375
52,65,117,0.22851562,-0.11111111
51,74,125,0.24414062,-0.184
42,79,121,0.23632812,-0.30578512
71,56,127,0.24804688,0.11811024
48,60,108,0.2109375,-0.11111111
67,46,113,0.22070312,0.18584071
63,58,121,0.23632812,0.041322314
56,62,118,0.23046875,-0.050847458
67,51,118,0.23046875,0.13559322
70,58,128,0.25,0.09375
57,65,122,0.23828125,-0.06557377
66,64,130,0.25390625,0.015384615
55,70,125,0.24414062,-0.12
53,73,126,0.24609375,-0.15873016
44,65,109,0.21289062,-0.19266055
54,70,124,0.2421875,-0.12903226
63,69,132,0.2578125,-0.045454545
60,73,133,0.25976562,-0.097744361
47,76,123,0.24023438,-0.23577236
58,63,121,0.23632812,-0.041322314
76,36,112,0.21875,0.35714286
64,61,125,0.24414062,0.024
68,51,119,0.23242188,0.14285714
67,54,121,0.23632812,0.10743802
53,63,116,0.2265625,-0.086206897
69,64,133,0.25976562,0.037593985
47,77,124,0.2421875,-0.24193548
47,69,116,0.2265625,-0.18965517
55,67,122,0.23828125,-0.098360656
61,70,131,0.25585938,-0.06870229
71,39,110,0.21484375,0.29090909
57,77,134,0.26171875,-0.14925373
59,56,115,0.22460938,0.026086957
58,50,108,0.2109375,0.074074074
49,74,123,0.24023438,-0.20325203
55,58,113,0.22070312,-0.026548673
58,68,126,0.24609375,-0.079365079
63,60,123,0.24023438,0.024390244
63,61,124,0.2421875,0.016129032
53,69,122,0.23828125,-0.13114754
50,74,124,0.2421875,-0.19354839
90,43,133,0.25976562,0.35338346
63,62,125,0.24414062,0.008
75,55,130,0.25390625,0.15384615
59,61,120,0.234375,-0.016666667
76,57,133,0.25976562,0.14285714
45,76,121,0.23632812,-0.25619835
64,71,135,0.26367188,-0.051851852
64,45,109,0.21289062,0.17431193
66,60,126,0.24609375,0.047619048
63,55,118,0.23046875,0.06779661
78,44,122,0.23828125,0.27868852
57,61,118,0.23046875,-0.033898305
68,51,119,0.23242188,0.14285714
55,72,127,0.24804688,-0.13385827
57,57,114,0.22265625,0
69,58,127,0.24804688,0.086614173
71,59,130,0.25390625,0.092307692
49,71,120,0.234375,-0.18333333
65,51,116,0.2265625,0.12068966
62,54,116,0.2265625,0.068965517
54,82,136,0.265625,-0.20588235
64,58,122,0.23828125,0.049180328
59,64,123,0.24023438,-0.040650407
46,79,125,0.24414062,-0.264
58,65,123,0.24023438,-0.056910569
64,69,133,0.25976562,-0.037593985
57,67,124,0.2421875,-0.080645161
63,60,123,0.24023438,0.024390244
72,51,123,0.24023438,0.17073171
61,67,128,0.25,-0.046875
58,60,118,0.23046875,-0.016949153
56,67,123,0.24023438,-0.089430894
45,78,123,0.24023438,-0.26829268
45,76,121,0.23632812,-0.25619835
63,60,123,0.24023438,0.024390244
64,64,128,0.25,0
62,50,112,0.21875,0.10714286
62,47,109,0.21289062,0.13761468
60,67,127,0.24804688,-0.05511811
52,73,125,0.24414062,-0.168
55,59,114,0.22265625,-0.035087719
64,60,124,0.2421875,0.032258065
67,66,133,0.25976562,0.007518797
57,57,114,0.22265625,0
65,65,130,0.25390625,0
52,63,115,0.22460938,-0.095652174
79,51,130,0.25390625,0.21538462
79,33,112,0.21875,0.41071429
69,51,120,0.234375,0.15
59,73,132,0.2578125,-0.10606061
58,69,127,0.24804688,-0.086614173
58,62,120,0.234375,-0.033333333
55,67,122,0.23828125,-0.098360656
72,63,135,0.26367188,0.066666667
50,82,132,0.2578125,-0.24242424
53,62,115,0.22460938,-0.07826087
55,65,120,0.234375,-0.083333333
69,42,111,0.21679688,0.24324324
49,69,118,0.23046875,-0.16949153
61,55,116,0.2265625,0.051724138
48,64,112,0.21875,-0.14285714
56,85,141,0.27539062,-0.20567376
56,61,117,0.22851562,-0.042735043
53,59,112,0.21875,-0.053571429
64,61,125,0.24414062,0.024
69,65,134,0.26171875,0.029850746
62,53,115,0.22460938,0.07826087
58,62,120,0.234375,-0.033333333
47,68,115,0.22460938,-0.1826087
51,58,109,0.21289062,-0.064220183
76,61,137,0.26757812,0.10948905
72,47,119,0.23242188,0.21008403
48,57,105,0.20507812,-0.085714286
62,69,131,0.25585938,-0.053435115
75,51,126,0.24609375,0.19047619
59,63,122,0.23828125,-0.032786885
61,62,123,0.24023438,-0.0081300813
55,63,118,0.23046875,-0.06779661
59,60,119,0.23242188,-0.0084033613
59,60,119,0.23242188,-0.0084033613
61,61,122,0.23828125,0
58,69,127,0.24804688,-0.086614173
63,70,133,0.25976562,-0.052631579
57,71,128,0.25,-0.109375
62,58,120,0.234375,0.033333333
42,76,118,0.23046875,-0.28813559
73,51,124,0.2421875,0.17741935
66,57,123,0.24023438,0.073170732
54,65,119,0.23242188,-0.092436975
70,56,126,0.24609375,0.11111111
62,65,127,0.24804688,-0.023622047
55,48,103,0.20117188,0.067961165
51,70,121,0.23632812,-0.15702479
57,46,103,0.20117188,0.10679612
80,43,123,0.24023438,0.30081301
65,57,122,0.23828125,0.06557377
35,93,128,0.25,-0.453125
53,69,122,0.23828125,-0.13114754
50,68,118,0.23046875,-0.15254237
49,73,122,0.23828125,-0.19672131
42,87,129,0.25195312,-0.34883721
56,84,140,0.2734375,-0.2
56,68,124,0.2421875,-0.096774194
54,71,125,0.24414062,-0.136
66,62,128,0.25,0.03125
52,56,108,0.2109375,-0.037037037
63,53,116,0.2265625,0.086206897
55,75,130,0.25390625,-0.15384615
66,65,131,0.25585938,0.0076335878
68,55,123,0.24023438,0.10569106
66,52,118,0.23046875,0.11864407
47,72,119,0.23242188,-0.21008403
74,49,123,0.24023438,0.20325203
72,50,122,0.23828125,0.18032787
50,66,116,0.2265625,-0.13793103
56,72,128,0.25,-0.125
63,59,122,0.23828125,0.032786885
56,77,133,0.25976562,-0.15789474
63,63,126,0.24609375,0
50,61,111,0.21679688,-0.099099099
65,67,132,0.2578125,-0.015151515
69,61,130,0.25390625,0.061538462
62,58,120,0.234375,0.033333333
54,62,116,0.2265625,-0.068965517
78,55,133,0.25976562,0.17293233
53,66,119,0.23242188,-0.1092437
62,55,117,0.22851562,0.05982906
79,44,123,0.24023438,0.28455285
59,68,127,0.24804688,-0.070866142
45,65,110,0.21484375,-0.18181818
76,65,141,0.27539062,0.078014184
35,71,106,0.20703125,-0.33962264
49,73,122,0.23828125,-0.19672131
64,56,120,0.234375,0.066666667
59,58,117,0.22851562,0.0085470085
67,68,135,0.26367188,-0.0074074074
49,75,124,0.2421875,-0.20967742
68,52,120,0.234375,0.13333333
59,56,115,0.22460938,0.026086957
61,57,118,0.23046875,0.033898305
62,57,119,0.23242188,0.042016807
64,51,115,0.22460938,0.11304348
59,50,109,0.21289062,0.082568807
54,70,124,0.2421875,-0.12903226
61,58,119,0.23242188,0.025210084
60,58,118,0.23046875,0.016949153
68,56,124,0.2421875,0.096774194
63,53,116,0.2265625,0.086206897
62,59,121,0.23632812,0.024793388
83,45,128,0.25,0.296875
66,57,123,0.24023438,0.073170732
81,53,134,0.26171875,0.20895522
53,71,124,0.2421875,-0.14516129
70,51,121,0.23632812,0.15702479
60,56,116,0.2265625,0.034482759
60,61,121,0.23632812,-0.0082644628
46,77,123,0.24023438,-0.25203252
56,69,125,0.24414062,-0.104
51,63,114,0.22265625,-0.10526316
66,52,118,0.23046875,0.11864407
62,75,137,0.26757812,-0.094890511
48,78,126,0.24609375,-0.23809524
71,38,109,0.21289062,0.30275229
51,71,122,0.23828125,-0.16393443
65,55,120,0.234375,0.083333333
