n_hor,n_ver,n_tot,eta,S
92,134,226,0.44140625,-0.18584071
131,99,230,0.44921875,0.13913043
135,106,241,0.47070312,0.12033195
101,146,247,0.48242188,-0.18218623
83,152,235,0.45898438,-0.29361702
97,135,232,0.453125,-0.1637931
155,65,220,0.4296875,0.40909091
106,141,247,0.48242188,-0.1417004
97,137,234,0.45703125,-0.17094017
116,102,218,0.42578125,0.064220183
115,120,235,0.45898438,-0.021276596
113,112,225,0.43945312,0.0044444444
101,134,235,0.45898438,-0.14042553
155,85,240,0.46875,0.29166667
119,118,237,0.46289062,0.0042194093
151,84,235,0.45898438,0.28510638
96,124,220,0.4296875,-0.12727273
152,91,243,0.47460938,0.25102881
134,89,223,0.43554688,0.20179372
140,100,240,0.46875,0.16666667
124,107,231,0.45117188,0.073593074
88,129,217,0.42382812,-0.18894009
57,169,226,0.44140625,-0.49557522
106,127,233,0.45507812,-0.090128755
109,115,224,0.4375,-0.026785714
93,129,222,0.43359375,-0.16216216
102,117,219,0.42773438,-0.068493151
115,107,222,0.43359375,0.036036036
114,122,236,0.4609375,-0.033898305
139,95,234,0.45703125,0.18803419
108,121,229,0.44726562,-0.056768559
75,155,230,0.44921875,-0.34782609
105,120,225,0.43945312,-0.066666667
101,124,225,0.43945312,-0.10222222
77,158,235,0.45898438,-0.34468085
25,206,231,0.45117188,-0.78354978
150,86,236,0.4609375,0.27118644
192,52,244,0.4765625,0.57377049
144,84,228,0.4453125,0.26315789
117,118,235,0.45898438,-0.0042553191
122,115,237,0.46289062,0.029535865
101,122,223,0.43554688,-0.094170404
133,89,222,0.43359375,0.1981982
96,139,235,0.45898438,-0.18297872
111,126,237,0.46289062,-0.063291139
81,153,234,0.45703125,-0.30769231
115,124,239,0.46679688,-0.037656904
60,168,228,0.4453125,-0.47368421
151,89,240,0.46875,0.25833333
94,116,210,0.41015625,-0.1047619
144,76,220,0.4296875,0.30909091
91,143,234,0.45703125,-0.22222222
150,81,231,0.45117188,0.2987013
112,117,229,0.44726562,-0.021834061
113,112,225,0.43945312,0.0044444444
95,134,229,0.44726562,-0.17030568
133,92,225,0.43945312,0.18222222
126,107,233,0.45507812,0.081545064
156,77,233,0.45507812,0.33905579
118,116,234,0.45703125,0.0085470085
159,73,232,0.453125,0.37068966
92,154,246,0.48046875,-0.25203252
60,168,228,0.4453125,-0.47368421
123,113,236,0.4609375,0.042372881
142,82,224,0.4375,0.26785714
80,140,220,0.4296875,-0.27272727
117,117,234,0.45703125,0
142,100,242,0.47265625,0.17355372
119,111,230,0.44921875,0.034782609
75,150,225,0.43945312,-0.33333333
142,87,229,0.44726562,0.24017467
140,100,240,0.46875,0.16666667
133,87,220,0.4296875,0.20909091
88,150,238,0.46484375,-0.2605042
94,133,227,0.44335938,-0.17180617
67,159,226,0.44140625,-0.40707965
182,66,248,0.484375,0.46774194
147,90,237,0.46289062,0.24050633
108,117,225,0.43945312,-0.04
107,112,219,0.42773438,-0.02283105
114,115,229,0.44726562,-0.0043668122
137,100,237,0.46289062,0.15611814
152,76,228,0.4453125,0.33333333
110,122,232,0.453125,-0.051724138
118,107,225,0.43945312,0.048888889
99,132,231,0.45117188,-0.14285714
93,141,234,0.45703125,-0.20512821
115,117,232,0.453125,-0.0086206897
90,143,233,0.45507812,-0.22746781
102,123,225,0.43945312,-0.093333333
146,74,220,0.4296875,0.32727273
121,107,228,0.4453125,0.061403509
169,65,234,0.45703125,0.44444444
158,71,229,0.44726562,0.37991266
107,123,230,0.44921875,-0.069565217
80,152,232,0.453125,-0.31034483
116,112,228,0.4453125,0.01754386
82,144,226,0.44140625,-0.27433628
103,134,237,0.46289062,-0.13080169
138,70,208,0.40625,0.32692308
143,82,225,0.43945312,0.27111111
116,106,222,0.43359375,0.045045045
122,116,238,0.46484375,0.025210084
143,88,231,0.45117188,0.23809524
130,82,212,0.4140625,0.22641509
98,132,230,0.44921875,-0.14782609
84,147,231,0.45117188,-0.27272727
74,166,240,0.46875,-0.38333333
66,163,229,0.44726562,-0.42358079
104,124,228,0.4453125,-0.087719298
128,102,230,0.44921875,0.11304348
121,109,230,0.44921875,0.052173913
123,121,244,0.4765625,0.0081967213
108,130,238,0.46484375,-0.092436975
131,90,221,0.43164062,0.18552036
89,148,237,0.46289062,-0.24894515
160,74,234,0.45703125,0.36752137
168,67,235,0.45898438,0.42978723
96,152,248,0.484375,-0.22580645
130,97,227,0.44335938,0.14537445
96,135,231,0.45117188,-0.16883117
89,140,229,0.44726562,-0.22270742
118,110,228,0.4453125,0.035087719
81,146,227,0.44335938,-0.28634361
142,88,230,0.44921875,0.23478261
69,143,212,0.4140625,-0.3490566
80,142,222,0.43359375,-0.27927928
118,117,235,0.45898438,0.0042553191
130,112,242,0.47265625,0.074380165
74,147,221,0.43164062,-0.33031674
69,155,224,0.4375,-0.38392857
99,118,217,0.42382812,-0.087557604
90,153,243,0.47460938,-0.25925926
79,146,225,0.43945312,-0.29777778
96,143,239,0.46679688,-0.19665272
188,36,224,0.4375,0.67857143
142,88,230,0.44921875,0.23478261
111,111,222,0.43359375,0
115,109,224,0.4375,0.026785714
137,95,232,0.453125,0.18103448
111,107,218,0.42578125,0.018348624
156,84,240,0.46875,0.3
97,134,231,0.45117188,-0.16017316
142,84,226,0.44140625,0.25663717
123,112,235,0.45898438,0.046808511
87,136,223,0.43554688,-0.21973094
123,115,238,0.46484375,0.033613445
109,124,233,0.45507812,-0.064377682
128,102,230,0.44921875,0.11304348
119,113,232,0.453125,0.025862069
133,87,220,0.4296875,0.20909091
127,116,243,0.47460938,0.04526749
125,116,241,0.47070312,0.037344398
118,109,227,0.44335938,0.039647577
149,71,220,0.4296875,0.35454545
121,112,233,0.45507812,0.038626609
104,112,216,0.421875,-0.037037037
148,84,232,0.453125,0.27586207
97,150,247,0.48242188,-0.2145749
170,74,244,0.4765625,0.39344262
57,190,247,0.48242188,-0.53846154
138,89,227,0.44335938,0.21585903
105,119,224,0.4375,-0.0625
116,125,241,0.47070312,-0.037344398
106,112,218,0.42578125,-0.027522936
98,136,234,0.45703125,-0.16239316
147,80,227,0.44335938,0.29515419
96,125,221,0.43164062,-0.13122172
73,165,238,0.46484375,-0.38655462
180,49,229,0.44726562,0.5720524
74,144,218,0.42578125,-0.32110092
110,102,212,0.4140625,0.037735849
101,142,243,0.47460938,-0.16872428
113,113,226,0.44140625,0
85,154,239,0.46679688,-0.28870293
89,138,227,0.44335938,-0.21585903
85,150,235,0.45898438,-0.27659574
102,123,225,0.43945312,-0.093333333
147,77,224,0.4375,0.3125
97,123,220,0.4296875,-0.11818182
172,60,232,0.453125,0.48275862
83,138,221,0.43164062,-0.24886878
109,127,236,0.4609375,-0.076271186
95,136,231,0.45117188,-0.17748918
123,99,222,0.43359375,0.10810811
151,94,245,0.47851562,0.23265306
132,92,224,0.4375,0.17857143
170,67,237,0.46289062,0.43459916
145,105,250,0.48828125,0.16
104,118,222,0.43359375,-0.063063063
121,112,233,0.45507812,0.038626609
122,96,218,0.42578125,0.11926606
89,143,232,0.453125,-0.23275862
128,99,227,0.44335938,0.1277533
103,131,234,0.45703125,-0.11965812
112,123,235,0.45898438,-0.046808511
124,118,242,0.47265625,0.024793388
116,123,239,0.46679688,-0.029288703
72,159,231,0.45117188,-0.37662338
105,134,239,0.46679688,-0.12133891
93,142,235,0.45898438,-0.20851064
133,109,242,0.47265625,0.099173554
83,149,232,0.453125,-0.28448276
118,113,231,0.45117188,0.021645022
162,77,239,0.46679688,0.35564854
84,145,229,0.44726562,-0.26637555
108,126,234,0.45703125,-0.076923077
133,96,229,0.44726562,0.16157205
146,91,237,0.46289062,0.23206751
118,119,237,0.46289062,-0.0042194093
112,113,225,0.43945312,-0.0044444444
91,140,231,0.45117188,-0.21212121
107,127,234,0.45703125,-0.085470085
108,114,222,0.43359375,-0.027027027
98,124,222,0.43359375,-0.11711712
123,106,229,0.44726562,0.074235808
68,164,232,0.453125,-0.4137931
58,164,222,0.43359375,-0.47747748
89,131,220,0.4296875,-0.19090909
59,170,229,0.44726562,-0.48471616
110,121,231,0.45117188,-0.047619048
140,84,224,0.4375,0.25
82,150,232,0.453125,-0.29310345
133,106,239,0.46679688,0.11297071
117,123,240,0.46875,-0.025
121,94,215,0.41992188,0.1255814
125,98,223,0.43554688,0.12107623
128,98,226,0.44140625,0.13274336
84,146,230,0.44921875,-0.26956522
76,150,226,0.44140625,-0.32743363
75,142,217,0.42382812,-0.30875576
74,156,230,0.44921875,-0.35652174
114,117,231,0.45117188,-0.012987013
132,87,219,0.42773438,0.20547945
122,111,233,0.45507812,0.0472103
104,124,228,0.4453125,-0.087719298
111,118,229,0.44726562,-0.030567686
103,134,237,0.46289062,-0.13080169
119,122,241,0.47070312,-0.012448133
132,100,232,0.453125,0.13793103
84,153,237,0.46289062,-0.29113924
101,124,225,0.43945312,-0.10222222
136,89,225,0.43945312,0.20888889
111,112,223,0.43554688,-0.0044843049
113,115,228,0.4453125,-0.0087719298
114,117,231,0.45117188,-0.012987013
126,107,233,0.45507812,0.081545064
96,144,240,0.46875,-0.2
93,141,234,0.45703125,-0.20512821
118,97,215,0.41992188,0.097674419
117,107,224,0.4375,0.044642857
142,101,243,0.47460938,0.16872428
123,120,243,0.47460938,0.012345679
141,97,238,0.46484375,0.18487395
139,91,230,0.44921875,0.20869565
124,107,231,0.45117188,0.073593074
96,133,229,0.44726562,-0.16157205
106,131,237,0.46289062,-0.10548523
115,122,237,0.46289062,-0.029535865
114,112,226,0.44140625,0.0088495575
95,138,233,0.45507812,-0.18454936
75,168,243,0.47460938,-0.38271605
112,122,234,0.45703125,-0.042735043
75,155,230,0.44921875,-0.34782609
111,128,239,0.46679688,-0.071129707
120,123,243,0.47460938,-0.012345679
119,119,238,0.46484375,0
77,173,250,0.48828125,-0.384
93,143,236,0.4609375,-0.21186441
153,84,237,0.46289062,0.29113924
99,115,214,0.41796875,-0.074766355
105,132,237,0.46289062,-0.11392405
87,144,231,0.45117188,-0.24675325
155,73,228,0.4453125,0.35964912
115,105,220,0.4296875,0.045454545
152,73,225,0.43945312,0.35111111
111,119,230,0.44921875,-0.034782609
136,89,225,0.43945312,0.20888889
121,127,248,0.484375,-0.024193548
142,83,225,0.43945312,0.26222222
158,63,221,0.43164062,0.42986425
113,93,206,0.40234375,0.097087379
98,122,220,0.4296875,-0.10909091
155,102,257,0.50195312,0.20622568
137,79,216,0.421875,0.26851852
74,161,235,0.45898438,-0.37021277
129,93,222,0.43359375,0.16216216
86,141,227,0.44335938,-0.24229075
73,172,245,0.47851562,-0.40408163
62,160,222,0.43359375,-0.44144144
118,99,217,0.42382812,0.087557604
130,93,223,0.43554688,0.16591928
117,100,217,0.42382812,0.078341014
69,153,222,0.43359375,-0.37837838
119,119,238,0.46484375,0
72,155,227,0.44335938,-0.36563877
119,102,221,0.43164062,0.076923077
140,104,244,0.4765625,0.14754098
119,111,230,0.44921875,0.034782609
103,129,232,0.453125,-0.11206897
106,132,238,0.46484375,-0.1092437
136,82,218,0.42578125,0.24770642
122,107,229,0.44726562,0.065502183
135,113,248,0.484375,0.088709677
95,124,219,0.42773438,-0.13242009
115,114,229,0.44726562,0.0043668122
118,118,236,0.4609375,0
133,90,223,0.43554688,0.19282511
137,93,230,0.44921875,0.19130435
85,146,231,0.45117188,-0.26406926
112,111,223,0.43554688,0.0044843049
93,131,224,0.4375,-0.16964286
142,81,223,0.43554688,0.2735426
123,113,236,0.4609375,0.042372881
116,103,219,0.42773438,0.059360731
122,106,228,0.4453125,0.070175439
129,100,229,0.44726562,0.12663755
142,87,229,0.44726562,0.24017467
120,97,217,0.42382812,0.10599078
88,137,225,0.43945312,-0.21777778
72,167,239,0.46679688,-0.39748954
101,128,229,0.44726562,-0.11790393
134,98,232,0.453125,0.15517241
113,100,213,0.41601562,0.061032864
74,152,226,0.44140625,-0.34513274
75,156,231,0.45117188,-0.35064935
80,151,231,0.45117188,-0.30735931
114,123,237,0.46289062,-0.037974684
129,94,223,0.43554688,0.15695067
108,126,234,0.45703125,-0.076923077
76,158,234,0.45703125,-0.35042735
123,103,226,0.44140625,0.088495575
118,121,239,0.46679688,-0.012552301
134,103,237,0.46289062,0.13080169
103,132,235,0.45898438,-0.12340426
135,94,229,0.44726562,0.1790393
118,108,226,0.44140625,0.044247788
146,78,224,0.4375,0.30357143
89,130,219,0.42773438,-0.18721461
112,111,223,0.43554688,0.0044843049
77,141,218,0.42578125,-0.29357798
145,87,232,0.453125,0.25
129,97,226,0.44140625,0.14159292
67,163,230,0.44921875,-0.4173913
137,103,240,0.46875,0.14166667
101,121,222,0.43359375,-0.09009009
106,121,227,0.44335938,-0.066079295
118,112,230,0.44921875,0.026086957
74,150,224,0.4375,-0.33928571
112,114,226,0.44140625,-0.0088495575
79,165,244,0.4765625,-0.35245902
103,121,224,0.4375,-0.080357143
110,113,223,0.43554688,-0.013452915
108,114,222,0.43359375,-0.027027027
115,122,237,0.46289062,-0.029535865
146,107,253,0.49414062,0.1541502
75,138,213,0.41601562,-0.29577465
90,131,221,0.43164062,-0.18552036
158,75,233,0.45507812,0.35622318
138,83,221,0.43164062,0.24886878
115,117,232,0.453125,-0.0086206897
68,162,230,0.44921875,-0.40869565
142,92,234,0.45703125,0.21367521
73,165,238,0.46484375,-0.38655462
170,72,242,0.47265625,0.40495868
122,113,235,0.45898438,0.038297872
92,136,228,0.4453125,-0.19298246
62,171,233,0.45507812,-0.46781116
89,149,238,0.46484375,-0.25210084
143,74,217,0.42382812,0.31797235
115,129,244,0.4765625,-0.057377049
124,117,241,0.47070312,0.029045643
102,132,234,0.45703125,-0.12820513
116,114,230,0.44921875,0.0086956522
76,149,225,0.43945312,-0.32444444
96,121,217,0.42382812,-0.11520737
61,157,218,0.42578125,-0.44036697
158,73,231,0.45117188,0.36796537
136,86,222,0.43359375,0.22522523
115,124,239,0.46679688,-0.037656904
133,111,244,0.4765625,0.090163934
112,118,230,0.44921875,-0.026086957
123,95,218,0.42578125,0.12844037
156,77,233,0.45507812,0.33905579
83,135,218,0.42578125,-0.23853211
101,121,222,0.43359375,-0.09009009
140,89,229,0.44726562,0.22270742
101,139,240,0.46875,-0.15833333
99,125,224,0.4375,-0.11607143
116,100,216,0.421875,0.074074074
105,137,242,0.47265625,-0.1322314
89,124,213,0.41601562,-0.16431925
115,114,229,0.44726562,0.0043668122
104,128,232,0.453125,-0.10344828
115,107,222,0.43359375,0.036036036
154,62,216,0.421875,0.42592593
113,110,223,0.43554688,0.013452915
123,101,224,0.4375,0.098214286
117,114,231,0.45117188,0.012987013
152,73,225,0.43945312,0.35111111
87,148,235,0.45898438,-0.25957447
96,127,223,0.43554688,-0.13901345
115,114,229,0.44726562,0.0043668122
122,119,241,0.47070312,0.012448133
98,136,234,0.45703125,-0.16239316
115,122,237,0.46289062,-0.029535865
112,108,220,0.4296875,0.018181818
93,129,222,0.43359375,-0.16216216
122,118,240,0.46875,0.016666667
92,130,222,0.43359375,-0.17117117
136,98,234,0.45703125,0.16239316
123,99,222,0.43359375,0.10810811
91,153,244,0.4765625,-0.25409836
132,80,212,0.4140625,0.24528302
85,139,224,0.4375,-0.24107143
100,131,231,0.45117188,-0.13419913
70,149,219,0.42773438,-0.36073059
68,161,229,0.44726562,-0.40611354
134,100,234,0.45703125,0.14529915
100,131,231,0.45117188,-0.13419913
101,123,224,0.4375,-0.098214286
135,105,240,0.46875,0.125
116,102,218,0.42578125,0.064220183
92,139,231,0.45117188,-0.2034632
132,90,222,0.43359375,0.18918919
113,105,218,0.42578125,0.036697248
138,86,224,0.4375,0.23214286
133,97,230,0.44921875,0.15652174
87,152,239,0.46679688,-0.27196653
164,69,233,0.45507812,0.40772532
88,140,228,0.4453125,-0.22807018
113,122,235,0.45898438,-0.038297872
105,120,225,0.43945312,-0.066666667
125,117,242,0.47265625,0.033057851
143,91,234,0.45703125,0.22222222
120,101,221,0.43164062,0.085972851
134,100,234,0.45703125,0.14529915
104,136,240,0.46875,-0.13333333
96,122,218,0.42578125,-0.11926606
70,176,246,0.48046875,-0.43089431
118,105,223,0.43554688,0.058295964
101,139,240,0.46875,-0.15833333
168,62,230,0.44921875,0.46086957
122,107,229,0.44726562,0.065502183
123,104,227,0.44335938,0.083700441
99,125,224,0.4375,-0.11607143
131,90,221,0.43164062,0.18552036
94,150,244,0.4765625,-0.2295082
124,99,223,0.43554688,0.11210762
132,93,225,0.43945312,0.17333333
123,100,223,0.43554688,0.10313901
121,99,220,0.4296875,0.1
106,138,244,0.4765625,-0.13114754
115,115,230,0.44921875,0
104,120,224,0.4375,-0.071428571
149,80,229,0.44726562,0.30131004
82,130,212,0.4140625,-0.22641509
83,144,227,0.44335938,-0.26872247
101,128,229,0.44726562,-0.11790393
126,102,228,0.4453125,0.10526316
158,83,241,0.47070312,0.31120332
80,138,218,0.42578125,-0.26605505
139,93,232,0.453125,0.19827586
117,123,240,0.46875,-0.025
95,129,224,0.4375,-0.15178571
122,126,248,0.484375,-0.016129032
112,117,229,0.44726562,-0.021834061
122,116,238,0.46484375,0.025210084
104,138,242,0.47265625,-0.14049587
127,104,231,0.45117188,0.0995671
103,143,246,0.48046875,-0.16260163
89,135,224,0.4375,-0.20535714
50,180,230,0.44921875,-0.56521739
144,84,228,0.4453125,0.26315789
73,156,229,0.44726562,-0.36244541
103,123,226,0.44140625,-0.088495575
84,152,236,0.4609375,-0.28813559
108,109,217,0.42382812,-0.0046082949
125,111,236,0.4609375,0.059322034
94,132,226,0.44140625,-0.16814159
154,79,233,0.45507812,0.32188841
99,128,227,0.44335938,-0.1277533
128,91,219,0.42773438,0.16894977
114,107,221,0.43164062,0.031674208
144,91,235,0.45898438,0.22553191
131,99,230,0.44921875,0.13913043
145,83,228,0.4453125,0.27192982
122,119,241,0.47070312,0.012448133
128,115,243,0.47460938,0.053497942
95,136,231,0.45117188,-0.17748918
80,152,232,0.453125,-0.31034483
92,147,239,0.46679688,-0.23012552
105,124,229,0.44726562,-0.082969432
140,89,229,0.44726562,0.22270742
131,97,228,0.4453125,0.14912281
95,138,233,0.45507812,-0.18454936
132,81,213,0.41601562,0.23943662
60,166,226,0.44140625,-0.46902655
118,111,229,0.44726562,0.030567686
104,127,231,0.45117188,-0.0995671
125,102,227,0.44335938,0.10132159
94,131,225,0.43945312,-0.16444444
105,139,244,0.4765625,-0.13934426
101,119,220,0.4296875,-0.081818182
168,85,253,0.49414062,0.32806324
91,149,240,0.46875,-0.24166667
107,130,237,0.46289062,-0.097046414
116,110,226,0.44140625,0.026548673
119,117,236,0.4609375,0.0084745763
153,82,235,0.45898438,0.30212766
105,123,228,0.4453125,-0.078947368
155,78,233,0.45507812,0.3304721
93,135,228,0.4453125,-0.18421053
97,123,220,0.4296875,-0.11818182
96,134,230,0.44921875,-0.16521739
121,114,235,0.45898438,0.029787234
57,175,232,0.453125,-0.50862069
111,121,232,0.453125,-0.043103448
137,99,236,0.4609375,0.16101695
86,155,241,0.47070312,-0.28630705
100,131,231,0.45117188,-0.13419913
127,107,234,0.45703125,0.085470085
136,94,230,0.44921875,0.1826087
146,95,241,0.47070312,0.21161826
113,123,236,0.4609375,-0.042372881
153,87,240,0.46875,0.275
75,152,227,0.44335938,-0.33920705
164,71,235,0.45898438,0.39574468
116,94,210,0.41015625,0.1047619
159,74,233,0.45507812,0.36480687
104,121,225,0.43945312,-0.075555556
81,156,237,0.46289062,-0.3164557
113,124,237,0.46289062,-0.046413502
158,64,222,0.43359375,0.42342342
92,128,220,0.4296875,-0.16363636
128,92,220,0.4296875,0.16363636
112,131,243,0.47460938,-0.0781893
109,119,228,0.4453125,-0.043859649
91,146,237,0.46289062,-0.23206751
130,101,231,0.45117188,0.12554113
146,87,233,0.45507812,0.25321888
99,116,215,0.41992188,-0.079069767
108,132,240,0.46875,-0.1
104,125,229,0.44726562,-0.091703057
148,90,238,0.46484375,0.24369748
95,135,230,0.44921875,-0.17391304
87,152,239,0.46679688,-0.27196653
104,116,220,0.4296875,-0.054545455
137,99,236,0.4609375,0.16101695
115,120,235,0.45898438,-0.021276596
150,80,230,0.44921875,0.30434783
123,116,239,0.46679688,0.029288703
92,135,227,0.44335938,-0.18942731
98,129,227,0.44335938,-0.13656388
108,125,233,0.45507812,-0.072961373
165,59,224,0.4375,0.47321429
72,172,244,0.4765625,-0.40983607
124,105,229,0.44726562,0.082969432
98,124,222,0.43359375,-0.11711712
131,94,225,0.43945312,0.16444444
91,135,226,0.44140625,-0.19469027
155,94,249,0.48632812,0.24497992
132,108,240,0.46875,0.1
145,96,241,0.47070312,0.2033195
82,139,221,0.43164062,-0.25791855
94,145,239,0.46679688,-0.21338912
111,126,237,0.46289062,-0.063291139
147,83,230,0.44921875,0.27826087
74,147,221,0.43164062,-0.33031674
82,155,237,0.46289062,-0.30801688
107,100,207,0.40429688,0.033816425
146,79,225,0.43945312,0.29777778
112,111,223,0.43554688,0.0044843049
69,176,245,0.47851562,-0.43673469
138,91,229,0.44726562,0.20524017
141,71,212,0.4140625,0.33018868
119,128,247,0.48242188,-0.036437247
126,102,228,0.4453125,0.10526316
101,131,232,0.453125,-0.12931034
67,160,227,0.44335938,-0.40969163
86,148,234,0.45703125,-0.26495726
130,96,226,0.44140625,0.15044248
193,45,238,0.46484375,0.62184874
109,127,236,0.4609375,-0.076271186
169,71,240,0.46875,0.40833333
79,139,218,0.42578125,-0.27522936
112,115,227,0.44335938,-0.013215859
114,116,230,0.44921875,-0.0086956522
90,139,229,0.44726562,-0.2139738
139,105,244,0.4765625,0.13934426
81,137,218,0.42578125,-0.25688073
71,174,245,0.47851562,-0.42040816
100,122,222,0.43359375,-0.099099099
77,145,222,0.43359375,-0.30630631
94,139,233,0.45507812,-0.19313305
77,151,228,0.4453125,-0.3245614
87,131,218,0.42578125,-0.20183486
144,91,235,0.45898438,0.22553191
107,114,221,0.43164062,-0.031674208
64,162,226,0.44140625,-0.43362832
102,120,222,0.43359375,-0.081081081
106,133,239,0.46679688,-0.11297071
98,123,221,0.43164062,-0.11312217
86,117,203,0.39648438,-0.15270936
102,121,223,0.43554688,-0.085201794
143,94,237,0.46289062,0.20675105
124,100,224,0.4375,0.10714286
96,128,224,0.4375,-0.14285714
116,109,225,0.43945312,0.031111111
111,111,222,0.43359375,0
114,113,227,0.44335938,0.0044052863
158,59,217,0.42382812,0.4562212
116,114,230,0.44921875,0.0086956522
162,60,222,0.43359375,0.45945946
123,113,236,0.4609375,0.042372881
97,139,236,0.4609375,-0.1779661
106,119,225,0.43945312,-0.057777778
122,116,238,0.46484375,0.025210084
72,150,222,0.43359375,-0.35135135
126,116,242,0.47265625,0.041322314
88,143,231,0.45117188,-0.23809524
115,122,237,0.46289062,-0.029535865
118,118,236,0.4609375,0
152,89,241,0.47070312,0.26141079
113,110,223,0.43554688,0.013452915
136,127,263,0.51367188,0.034220532
128,95,223,0.43554688,0.14798206
120,100,220,0.4296875,0.090909091
115,126,241,0.47070312,-0.045643154
110,128,238,0.46484375,-0.075630252
163,83,246,0.48046875,0.32520325
142,90,232,0.453125,0.22413793
79,140,219,0.42773438,-0.27853881
128,114,242,0.47265625,0.05785124
86,145,231,0.45117188,-0.25541126
105,126,231,0.45117188,-0.090909091
112,121,233,0.45507812,-0.038626609
145,89,234,0.45703125,0.23931624
157,81,238,0.46484375,0.31932773
119,104,223,0.43554688,0.067264574
96,136,232,0.453125,-0.17241379
147,95,242,0.47265625,0.21487603
87,154,241,0.47070312,-0.2780083
111,126,237,0.46289062,-0.063291139
104,143,247,0.48242188,-0.15789474
136,91,227,0.44335938,0.19823789
67,147,214,0.41796875,-0.37383178
131,107,238,0.46484375,0.10084034
99,127,226,0.44140625,-0.12389381
115,108,223,0.43554688,0.031390135
145,87,232,0.453125,0.25
125,89,214,0.41796875,0.1682243
120,113,233,0.45507812,0.030042918
107,114,221,0.43164062,-0.031674208
105,124,229,0.44726562,-0.082969432
129,103,232,0.453125,0.11206897
103,108,211,0.41210938,-0.023696682
100,119,219,0.42773438,-0.086757991
118,114,232,0.453125,0.017241379
72,182,254,0.49609375,-0.43307087
136,90,226,0.44140625,0.20353982
55,179,234,0.45703125,-0.52991453
132,98,230,0.44921875,0.14782609
62,150,212,0.4140625,-0.41509434
125,115,240,0.46875,0.041666667
91,131,222,0.43359375,-0.18018018
155,80,235,0.45898438,0.31914894
85,132,217,0.42382812,-0.21658986
84,123,207,0.40429688,-0.1884058
109,128,237,0.46289062,-0.080168776
76,146,222,0.43359375,-0.31531532
139,108,247,0.48242188,0.12550607
132,88,220,0.4296875,0.2
156,80,236,0.4609375,0.3220339
157,76,233,0.45507812,0.34763948
144,79,223,0.43554688,0.29147982
118,107,225,0.43945312,0.048888889
140,98,238,0.46484375,0.17647059
135,99,234,0.45703125,0.15384615
102,117,219,0.42773438,-0.068493151
141,100,241,0.47070312,0.17012448
131,102,233,0.45507812,0.12446352
150,91,241,0.47070312,0.24481328
113,116,229,0.44726562,-0.013100437
84,150,234,0.45703125,-0.28205128
159,87,246,0.48046875,0.29268293
84,145,229,0.44726562,-0.26637555
130,106,236,0.4609375,0.10169492
96,140,236,0.4609375,-0.18644068
139,91,230,0.44921875,0.20869565
177,56,233,0.45507812,0.5193133
75,147,222,0.43359375,-0.32432432
148,90,238,0.46484375,0.24369748
78,146,224,0.4375,-0.30357143
93,140,233,0.45507812,-0.20171674
111,106,217,0.42382812,0.023041475
104,123,227,0.44335938,-0.083700441
106,129,235,0.45898438,-0.09787234
124,113,237,0.46289062,0.046413502
118,105,223,0.43554688,0.058295964
91,130,221,0.43164062,-0.17647059
163,64,227,0.44335938,0.43612335
136,92,228,0.4453125,0.19298246
112,139,251,0.49023438,-0.10756972
118,92,210,0.41015625,0.12380952
166,56,222,0.43359375,0.4954955
147,81,228,0.4453125,0.28947368
138,95,233,0.45507812,0.18454936
130,106,236,0.4609375,0.10169492
106,113,219,0.42773438,-0.03196347
101,143,244,0.4765625,-0.17213115
86,141,227,0.44335938,-0.24229075
107,120,227,0.44335938,-0.057268722
131,99,230,0.44921875,0.13913043
70,174,244,0.4765625,-0.42622951
122,103,225,0.43945312,0.084444444
104,133,237,0.46289062,-0.12236287
98,117,215,0.41992188,-0.088372093
145,81,226,0.44140625,0.28318584
127,108,235,0.45898438,0.080851064
106,118,224,0.4375,-0.053571429
129,112,241,0.47070312,0.070539419
74,170,244,0.4765625,-0.39344262
84,152,236,0.4609375,-0.28813559
148,82,230,0.44921875,0.28695652
94,132,226,0.44140625,-0.16814159
106,131,237,0.46289062,-0.10548523
103,114,217,0.42382812,-0.050691244
133,92,225,0.43945312,0.18222222
120,100,220,0.4296875,0.090909091
123,102,225,0.43945312,0.093333333
100,127,227,0.44335938,-0.11894273
82,141,223,0.43554688,-0.26457399
143,80,223,0.43554688,0.28251121
141,89,230,0.44921875,0.22608696
101,112,213,0.41601562,-0.051643192
129,105,234,0.45703125,0.1025641
114,128,242,0.47265625,-0.05785124
92,144,236,0.4609375,-0.22033898
150,79,229,0.44726562,0.31004367
108,121,229,0.44726562,-0.056768559
125,115,240,0.46875,0.041666667
92,131,223,0.43554688,-0.17488789
126,79,205,0.40039062,0.22926829
57,162,219,0.42773438,-0.47945205
157,84,241,0.47070312,0.30290456
159,80,239,0.46679688,0.33054393
156,90,246,0.48046875,0.26829268
129,95,224,0.4375,0.15178571
76,136,212,0.4140625,-0.28301887
157,66,223,0.43554688,0.40807175
134,95,229,0.44726562,0.17030568
140,99,239,0.46679688,0.17154812
93,131,224,0.4375,-0.16964286
107,128,235,0.45898438,-0.089361702
139,80,219,0.42773438,0.26940639
148,94,242,0.47265625,0.2231405
63,146,209,0.40820312,-0.39712919
94,125,219,0.42773438,-0.14155251
89,141,230,0.44921875,-0.22608696
134,95,229,0.44726562,0.17030568
134,112,246,0.48046875,0.089430894
142,84,226,0.44140625,0.25663717
108,138,246,0.48046875,-0.12195122
149,77,226,0.44140625,0.31858407
141,74,215,0.41992188,0.31162791
138,90,228,0.4453125,0.21052632
95,132,227,0.44335938,-0.16299559
135,106,241,0.47070312,0.12033195
122,122,244,0.4765625,0
104,131,235,0.45898438,-0.11489362
117,112,229,0.44726562,0.021834061
100,131,231,0.45117188,-0.13419913
89,130,219,0.42773438,-0.18721461
115,115,230,0.44921875,0
91,132,223,0.43554688,-0.1838565
109,114,223,0.43554688,-0.022421525
95,132,227,0.44335938,-0.16299559
94,123,217,0.42382812,-0.13364055
84,143,227,0.44335938,-0.25991189
112,107,219,0.42773438,0.02283105
115,123,238,0.46484375,-0.033613445
85,135,220,0.4296875,-0.22727273
76,142,218,0.42578125,-0.30275229
138,87,225,0.43945312,0.22666667
68,148,216,0.421875,-0.37037037
101,121,222,0.43359375,-0.09009009
97,141,238,0.46484375,-0.18487395
109,108,217,0.42382812,0.0046082949
119,115,234,0.45703125,0.017094017
94,137,231,0.45117188,-0.18614719
115,113,228,0.4453125,0.0087719298
145,81,226,0.44140625,0.28318584
102,145,247,0.48242188,-0.17408907
101,128,229,0.44726562,-0.11790393
133,103,236,0.4609375,0.12711864
99,137,236,0.4609375,-0.16101695
130,91,221,0.43164062,0.17647059
142,78,220,0.4296875,0.29090909
142,91,233,0.45507812,0.21888412
120,116,236,0.4609375,0.016949153
112,139,251,0.49023438,-0.10756972
131,108,239,0.46679688,0.09623431
71,169,240,0.46875,-0.40833333
126,102,228,0.4453125,0.10526316
124,97,221,0.43164062,0.12217195
145,93,238,0.46484375,0.21848739
96,122,218,0.42578125,-0.11926606
82,143,225,0.43945312,-0.27111111
126,113,239,0.46679688,0.054393305
94,134,228,0.4453125,-0.1754386
119,113,232,0.453125,0.025862069
132,102,234,0.45703125,0.12820513
102,134,236,0.4609375,-0.13559322
102,131,233,0.45507812,-0.12446352
122,103,225,0.43945312,0.084444444
123,97,220,0.4296875,0.11818182
87,143,230,0.44921875,-0.24347826
87,142,229,0.44726562,-0.24017467
135,96,231,0.45117188,0.16883117
86,153,239,0.46679688,-0.28033473
164,65,229,0.44726562,0.43231441
115,121,236,0.4609375,-0.025423729
63,168,231,0.45117188,-0.45454545
69,164,233,0.45507812,-0.40772532
62,179,241,0.47070312,-0.48547718
128,104,232,0.453125,0.10344828
86,119,205,0.40039062,-0.16097561
123,105,228,0.4453125,0.078947368
76,146,222,0.43359375,-0.31531532
101,126,227,0.44335938,-0.11013216
102,132,234,0.45703125,-0.12820513
118,101,219,0.42773438,0.077625571
110,117,227,0.44335938,-0.030837004
70,179,249,0.48632812,-0.437751
96,135,231,0.45117188,-0.16883117
103,138,241,0.47070312,-0.14522822
72,157,229,0.44726562,-0.37117904
92,135,227,0.44335938,-0.18942731
106,138,244,0.4765625,-0.13114754
122,124,246,0.48046875,-0.0081300813
131,93,224,0.4375,0.16964286
143,80,223,0.43554688,0.28251121
153,83,236,0.4609375,0.29661017
154,66,220,0.4296875,0.4
155,76,231,0.45117188,0.34199134
108,121,229,0.44726562,-0.056768559
109,121,230,0.44921875,-0.052173913
101,120,221,0.43164062,-0.085972851
158,60,218,0.42578125,0.44954128
85,141,226,0.44140625,-0.24778761
104,127,231,0.45117188,-0.0995671
104,117,221,0.43164062,-0.058823529
108,123,231,0.45117188,-0.064935065
92,125,217,0.42382812,-0.15207373
81,150,231,0.45117188,-0.2987013
144,105,249,0.48632812,0.15662651
86,128,214,0.41796875,-0.19626168
85,142,227,0.44335938,-0.25110132
119,114,233,0.45507812,0.021459227
128,110,238,0.46484375,0.075630252
127,117,244,0.4765625,0.040983607
104,135,239,0.46679688,-0.12970711
112,117,229,0.44726562,-0.021834061
78,139,217,0.42382812,-0.28110599
156,78,234,0.45703125,0.33333333
92,126,218,0.42578125,-0.1559633
131,90,221,0.43164062,0.18552036
161,81,242,0.47265625,0.33057851
84,154,238,0.46484375,-0.29411765
138,93,231,0.45117188,0.19480519
107,110,217,0.42382812,-0.013824885
82,150,232,0.453125,-0.29310345
103,136,239,0.46679688,-0.13807531
89,150,239,0.46679688,-0.25523013
95,125,220,0.4296875,-0.13636364
150,81,231,0.45117188,0.2987013
119,120,239,0.46679688,-0.0041841004
101,127,228,0.4453125,-0.11403509
150,62,212,0.4140625,0.41509434
105,121,226,0.44140625,-0.07079646
121,88,209,0.40820312,0.15789474
123,96,219,0.42773438,0.12328767
153,68,221,0.43164062,0.38461538
114,114,228,0.4453125,0
77,157,234,0.45703125,-0.34188034
113,116,229,0.44726562,-0.013100437
69,162,231,0.45117188,-0.4025974
103,133,236,0.4609375,-0.12711864
87,149,236,0.4609375,-0.26271186
131,120,251,0.49023438,0.043824701
68,143,211,0.41210938,-0.35545024
149,84,233,0.45507812,0.27896996
129,92,221,0.43164062,0.16742081
121,110,231,0.45117188,0.047619048
137,104,241,0.47070312,0.13692946
93,124,217,0.42382812,-0.14285714
117,128,245,0.47851562,-0.044897959
132,89,221,0.43164062,0.19457014
112,125,237,0.46289062,-0.054852321
135,84,219,0.42773438,0.23287671
87,151,238,0.46484375,-0.26890756
95,121,216,0.421875,-0.12037037
86,144,230,0.44921875,-0.25217391
116,100,216,0.421875,0.074074074
189,52,241,0.47070312,0.56846473
162,76,238,0.46484375,0.36134454
87,152,239,0.46679688,-0.27196653
125,102,227,0.44335938,0.10132159
100,130,230,0.44921875,-0.13043478
148,92,240,0.46875,0.23333333
143,80,223,0.43554688,0.28251121
98,130,228,0.4453125,-0.14035088
111,134,245,0.47851562,-0.093877551
134,98,232,0.453125,0.15517241
99,125,224,0.4375,-0.11607143
121,112,233,0.45507812,0.038626609
116,114,230,0.44921875,0.0086956522
66,164,230,0.44921875,-0.42608696
134,92,226,0.44140625,0.18584071
89,124,213,0.41601562,-0.16431925
149,82,231,0.45117188,0.29004329
86,146,232,0.453125,-0.25862069
67,156,223,0.43554688,-0.39910314
120,109,229,0.44726562,0.048034934
90,128,218,0.42578125,-0.17431193
152,72,224,0.4375,0.35714286
106,120,226,0.44140625,-0.061946903
105,129,234,0.45703125,-0.1025641
106,111,217,0.42382812,-0.023041475
148,87,235,0.45898438,0.25957447
141,101,242,0.47265625,0.16528926
103,128,231,0.45117188,-0.10822511
126,103,229,0.44726562,0.10043668
113,116,229,0.44726562,-0.013100437
133,88,221,0.43164062,0.20361991
92,139,231,0.45117188,-0.2034632
100,135,235,0.45898438,-0.14893617
103,120,223,0.43554688,-0.076233184
100,136,236,0.4609375,-0.15254237
80,152,232,0.453125,-0.31034483
125,100,225,0.43945312,0.11111111
117,115,232,0.453125,0.0086206897
108,135,243,0.47460938,-0.11111111
149,86,235,0.45898438,0.26808511
54,178,232,0.453125,-0.53448276
130,92,222,0.43359375,0.17117117
120,118,238,0.46484375,0.0084033613
137,98,235,0.45898438,0.16595745
107,115,222,0.43359375,-0.036036036
161,84,245,0.47851562,0.31428571
96,127,223,0.43554688,-0.13901345
101,126,227,0.44335938,-0.11013216
114,123,237,0.46289062,-0.037974684
162,68,230,0.44921875,0.40869565
110,113,223,0.43554688,-0.013452915
78,152,230,0.44921875,-0.32173913
105,128,233,0.45507812,-0.098712446
164,73,237,0.46289062,0.38396624
123,106,229,0.44726562,0.074235808
134,86,220,0.4296875,0.21818182
107,115,222,0.43359375,-0.036036036
76,153,229,0.44726562,-0.33624454
91,139,230,0.44921875,-0.20869565
120,116,236,0.4609375,0.016949153
132,90,222,0.43359375,0.18918919
121,99,220,0.4296875,0.1
175,66,241,0.47070312,0.45228216
174,37,211,0.41210938,0.6492891
84,160,244,0.4765625,-0.31147541
137,96,233,0.45507812,0.17596567
150,85,235,0.45898438,0.27659574
104,127,231,0.45117188,-0.0995671
100,113,213,0.41601562,-0.061032864
139,94,233,0.45507812,0.19313305
176,48,224,0.4375,0.57142857
119,117,236,0.4609375,0.0084745763
102,127,229,0.44726562,-0.10917031
145,101,246,0.48046875,0.17886179
149,79,228,0.4453125,0.30701754
149,86,235,0.45898438,0.26808511
162,84,246,0.48046875,0.31707317
95,140,235,0.45898438,-0.19148936
125,98,223,0.43554688,0.12107623
101,132,233,0.45507812,-0.13304721
150,81,231,0.45117188,0.2987013
89,129,218,0.42578125,-0.18348624
86,151,237,0.46289062,-0.2742616
151,76,227,0.44335938,0.33039648
104,115,219,0.42773438,-0.050228311
84,143,227,0.44335938,-0.25991189
144,99,243,0.47460938,0.18518519
130,84,214,0.41796875,0.21495327
89,133,222,0.43359375,-0.1981982
102,121,223,0.43554688,-0.085201794
211,33,244,0.4765625,0.7295082
137,93,230,0.44921875,0.19130435
96,146,242,0.47265625,-0.20661157
146,91,237,0.46289062,0.23206751
111,135,246,0.48046875,-0.097560976
144,79,223,0.43554688,0.29147982
168,55,223,0.43554688,0.50672646
84,147,231,0.45117188,-0.27272727
115,104,219,0.42773438,0.050228311
101,123,224,0.4375,-0.098214286
70,175,245,0.47851562,-0.42857143
129,102,231,0.45117188,0.11688312
103,121,224,0.4375,-0.080357143
97,115,212,0.4140625,-0.08490566
72,151,223,0.43554688,-0.35426009
132,81,213,0.41601562,0.23943662
118,111,229,0.44726562,0.030567686
144,89,233,0.45507812,0.2360515
127,109,236,0.4609375,0.076271186
126,104,230,0.44921875,0.095652174
132,99,231,0.45117188,0.14285714
102,138,240,0.46875,-0.15
72,164,236,0.4609375,-0.38983051
136,88,224,0.4375,0.21428571
171,69,240,0.46875,0.425
75,156,231,0.45117188,-0.35064935
141,86,227,0.44335938,0.24229075
101,135,236,0.4609375,-0.1440678
120,118,238,0.46484375,0.0084033613
117,109,226,0.44140625,0.03539823
106,124,230,0.44921875,-0.07826087
108,128,236,0.4609375,-0.084745763
139,98,237,0.46289062,0.17299578
111,117,228,0.4453125,-0.026315789
147,84,231,0.45117188,0.27272727
76,150,226,0.44140625,-0.32743363
76,155,231,0.45117188,-0.34199134
104,143,247,0.48242188,-0.15789474
128,103,231,0.45117188,0.10822511
101,140,241,0.47070312,-0.16182573
91,132,223,0.43554688,-0.1838565
124,111,235,0.45898438,0.055319149
145,80,225,0.43945312,0.28888889
130,105,235,0.45898438,0.10638298
102,121,223,0.43554688,-0.085201794
108,118,226,0.44140625,-0.044247788
111,127,238,0.46484375,-0.067226891
90,160,250,0.48828125,-0.28
113,96,209,0.40820312,0.081339713
108,119,227,0.44335938,-0.04845815
102,130,232,0.453125,-0.12068966
74,156,230,0.44921875,-0.35652174
96,121,217,0.42382812,-0.11520737
123,107,230,0.44921875,0.069565217
140,89,229,0.44726562,0.22270742
105,114,219,0.42773438,-0.04109589
88,152,240,0.46875,-0.26666667
80,156,236,0.4609375,-0.3220339
135,98,233,0.45507812,0.15879828
153,64,217,0.42382812,0.41013825
114,107,221,0.43164062,0.031674208
105,129,234,0.45703125,-0.1025641
121,112,233,0.45507812,0.038626609
88,134,222,0.43359375,-0.20720721
102,124,226,0.44140625,-0.097345133
90,143,233,0.45507812,-0.22746781
97,137,234,0.45703125,-0.17094017
153,89,242,0.47265625,0.26446281
100,140,240,0.46875,-0.16666667
113,128,241,0.47070312,-0.062240664
79,151,230,0.44921875,-0.31304348
121,120,241,0.47070312,0.0041493776
158,73,231,0.45117188,0.36796537
93,134,227,0.44335938,-0.18061674
142,83,225,0.43945312,0.26222222
95,124,219,0.42773438,-0.13242009
85,148,233,0.45507812,-0.27038627
133,98,231,0.45117188,0.15151515
107,114,221,0.43164062,-0.031674208
93,132,225,0.43945312,-0.17333333
88,137,225,0.43945312,-0.21777778
139,106,245,0.47851562,0.13469388
169,60,229,0.44726562,0.47598253
54,174,228,0.4453125,-0.52631579
169,73,242,0.47265625,0.39669421
79,155,234,0.45703125,-0.32478632
132,101,233,0.45507812,0.13304721
90,125,215,0.41992188,-0.1627907
81,148,229,0.44726562,-0.29257642
118,121,239,0.46679688,-0.012552301
114,132,246,0.48046875,-0.073170732
104,120,224,0.4375,-0.071428571
123,94,217,0.42382812,0.13364055
129,103,232,0.453125,0.11206897
79,144,223,0.43554688,-0.29147982
101,121,222,0.43359375,-0.09009009
107,125,232,0.453125,-0.077586207
130,105,235,0.45898438,0.10638298
141,85,226,0.44140625,0.24778761
150,70,220,0.4296875,0.36363636
102,115,217,0.42382812,-0.059907834
114,113,227,0.44335938,0.0044052863
135,85,220,0.4296875,0.22727273
92,124,216,0.421875,-0.14814815
123,100,223,0.43554688,0.10313901
123,102,225,0.43945312,0.093333333
89,123,212,0.4140625,-0.16037736
114,116,230,0.44921875,-0.0086956522
118,113,231,0.45117188,0.021645022
149,82,231,0.45117188,0.29004329
103,127,230,0.44921875,-0.10434783
146,91,237,0.46289062,0.23206751
105,118,223,0.43554688,-0.058295964
128,104,232,0.453125,0.10344828
139,73,212,0.4140625,0.31132075
89,132,221,0.43164062,-0.19457014
114,110,224,0.4375,0.017857143
94,137,231,0.45117188,-0.18614719
87,139,226,0.44140625,-0.2300885
106,109,215,0.41992188,-0.013953488
127,99,226,0.44140625,0.12389381
150,74,224,0.4375,0.33928571
93,123,216,0.421875,-0.13888889
81,153,234,0.45703125,-0.30769231
108,113,221,0.43164062,-0.022624434
118,98,216,0.421875,0.092592593
132,101,233,0.45507812,0.13304721
137,90,227,0.44335938,0.20704846
144,93,237,0.46289062,0.21518987
172,51,223,0.43554688,0.5426009
105,110,215,0.41992188,-0.023255814
131,105,236,0.4609375,0.11016949
129,101,230,0.44921875,0.12173913
133,93,226,0.44140625,0.17699115
119,115,234,0.45703125,0.017094017
119,109,228,0.4453125,0.043859649
72,156,228,0.4453125,-0.36842105
145,88,233,0.45507812,0.24463519
101,143,244,0.4765625,-0.17213115
104,110,214,0.41796875,-0.028037383
81,132,213,0.41601562,-0.23943662
113,108,221,0.43164062,0.022624434
107,108,215,0.41992188,-0.0046511628
171,61,232,0.453125,0.47413793
74,147,221,0.43164062,-0.33031674
81,141,222,0.43359375,-0.27027027
141,84,225,0.43945312,0.25333333
113,111,224,0.4375,0.0089285714
103,121,224,0.4375,-0.080357143
96,132,228,0.4453125,-0.15789474
106,114,220,0.4296875,-0.036363636
142,94,236,0.4609375,0.20338983
147,91,238,0.46484375,0.23529412
61,191,252,0.4921875,-0.51587302
129,107,236,0.4609375,0.093220339
113,113,226,0.44140625,0
153,87,240,0.46875,0.275
83,159,242,0.47265625,-0.31404959
122,105,227,0.44335938,0.074889868
94,147,241,0.47070312,-0.21991701
127,98,225,0.43945312,0.12888889
121,112,233,0.45507812,0.038626609
102,118,220,0.4296875,-0.072727273
124,112,236,0.4609375,0.050847458
112,124,236,0.4609375,-0.050847458
81,157,238,0.46484375,-0.31932773
144,78,222,0.43359375,0.2972973
114,134,248,0.484375,-0.080645161
97,131,228,0.4453125,-0.14912281
202,29,231,0.45117188,0.74891775
136,99,235,0.45898438,0.15744681
106,131,237,0.46289062,-0.10548523
58,174,232,0.453125,-0.5
51,179,230,0.44921875,-0.55652174
121,100,221,0.43164062,0.095022624
133,109,242,0.47265625,0.099173554
125,107,232,0.453125,0.077586207
101,118,219,0.42773438,-0.077625571
119,95,214,0.41796875,0.11214953
81,135,216,0.421875,-0.25
150,100,250,0.48828125,0.2
105,131,236,0.4609375,-0.11016949
131,90,221,0.43164062,0.18552036
154,62,216,0.421875,0.42592593
113,124,237,0.46289062,-0.046413502
143,87,230,0.44921875,0.24347826
136,99,235,0.45898438,0.15744681
126,108,234,0.45703125,0.076923077
94,123,217,0.42382812,-0.13364055
131,104,235,0.45898438,0.11489362
129,103,232,0.453125,0.11206897
126,123,249,0.48632812,0.012048193
91,147,238,0.46484375,-0.23529412
113,112,225,0.43945312,0.0044444444
62,173,235,0.45898438,-0.47234043
131,104,235,0.45898438,0.11489362
130,112,242,0.47265625,0.074380165
166,63,229,0.44726562,0.44978166
108,118,226,0.44140625,-0.044247788
91,130,221,0.43164062,-0.17647059
133,93,226,0.44140625,0.17699115
96,134,230,0.44921875,-0.16521739
121,113,234,0.45703125,0.034188034
85,136,221,0.43164062,-0.23076923
102,129,231,0.45117188,-0.11688312
99,126,225,0.43945312,-0.12
93,138,231,0.45117188,-0.19480519
155,78,233,0.45507812,0.3304721
113,121,234,0.45703125,-0.034188034
157,77,234,0.45703125,0.34188034
96,126,222,0.43359375,-0.13513514
75,146,221,0.43164062,-0.32126697
96,133,229,0.44726562,-0.16157205
68,186,254,0.49609375,-0.46456693
137,96,233,0.45507812,0.17596567
109,132,241,0.47070312,-0.095435685
120,97,217,0.42382812,0.10599078
151,78,229,0.44726562,0.31877729
108,132,240,0.46875,-0.1
156,82,238,0.46484375,0.31092437
134,91,225,0.43945312,0.19111111
108,131,239,0.46679688,-0.09623431
82,125,207,0.40429688,-0.20772947
124,112,236,0.4609375,0.050847458
77,154,231,0.45117188,-0.33333333
93,131,224,0.4375,-0.16964286
101,134,235,0.45898438,-0.14042553
104,112,216,0.421875,-0.037037037
132,95,227,0.44335938,0.16299559
152,69,221,0.43164062,0.37556561
129,105,234,0.45703125,0.1025641
101,116,217,0.42382812,-0.069124424
92,136,228,0.4453125,-0.19298246
135,95,230,0.44921875,0.17391304
85,159,244,0.4765625,-0.30327869
149,80,229,0.44726562,0.30131004
131,90,221,0.43164062,0.18552036
143,70,213,0.41601562,0.342723
197,33,230,0.44921875,0.71304348
104,135,239,0.46679688,-0.12970711
134,92,226,0.44140625,0.18584071
113,115,228,0.4453125,-0.0087719298
108,114,222,0.43359375,-0.027027027
169,64,233,0.45507812,0.45064378
189,52,241,0.47070312,0.56846473
104,142,246,0.48046875,-0.15447154
110,103,213,0.41601562,0.03286385
111,125,236,0.4609375,-0.059322034
87,138,225,0.43945312,-0.22666667
159,73,232,0.453125,0.37068966
131,107,238,0.46484375,0.10084034
125,110,235,0.45898438,0.063829787
142,97,239,0.46679688,0.18828452
111,104,215,0.41992188,0.03255814
122,106,228,0.4453125,0.070175439
159,68,227,0.44335938,0.40088106
80,132,212,0.4140625,-0.24528302
96,113,209,0.40820312,-0.081339713
99,129,228,0.4453125,-0.13157895
77,136,213,0.41601562,-0.27699531
117,106,223,0.43554688,0.049327354
127,101,228,0.4453125,0.11403509
143,90,233,0.45507812,0.22746781
149,85,234,0.45703125,0.27350427
121,118,239,0.46679688,0.012552301
112,124,236,0.4609375,-0.050847458
80,159,239,0.46679688,-0.33054393
146,79,225,0.43945312,0.29777778
93,141,234,0.45703125,-0.20512821
111,109,220,0.4296875,0.0090909091
145,89,234,0.45703125,0.23931624
105,118,223,0.43554688,-0.058295964
111,112,223,0.43554688,-0.0044843049
116,111,227,0.44335938,0.022026432
121,106,227,0.44335938,0.066079295
152,81,233,0.45507812,0.30472103
109,117,226,0.44140625,-0.03539823
88,137,225,0.43945312,-0.21777778
113,107,220,0.4296875,0.027272727
153,91,244,0.4765625,0.25409836
106,128,234,0.45703125,-0.094017094
157,66,223,0.43554688,0.40807175
119,110,229,0.44726562,0.03930131
118,133,251,0.49023438,-0.059760956
131,94,225,0.43945312,0.16444444
113,118,231,0.45117188,-0.021645022
159,73,232,0.453125,0.37068966
108,120,228,0.4453125,-0.052631579
103,136,239,0.46679688,-0.13807531
103,117,220,0.4296875,-0.063636364
99,133,232,0.453125,-0.14655172
156,63,219,0.42773438,0.42465753
133,90,223,0.43554688,0.19282511
111,114,225,0.43945312,-0.013333333
67,144,211,0.41210938,-0.36492891
106,140,246,0.48046875,-0.13821138
141,87,228,0.4453125,0.23684211
91,132,223,0.43554688,-0.1838565
133,94,227,0.44335938,0.17180617
87,134,221,0.43164062,-0.21266968
91,130,221,0.43164062,-0.17647059
119,120,239,0.46679688,-0.0041841004
137,84,221,0.43164062,0.239819
81,144,225,0.43945312,-0.28
96,126,222,0.43359375,-0.13513514
106,134,240,0.46875,-0.11666667
115,111,226,0.44140625,0.017699115
73,149,222,0.43359375,-0.34234234
142,93,235,0.45898438,0.20851064
145,92,237,0.46289062,0.22362869
82,146,228,0.4453125,-0.28070175
56,165,221,0.43164062,-0.49321267
163,58,221,0.43164062,0.47511312
126,96,222,0.43359375,0.13513514
132,92,224,0.4375,0.17857143
92,149,241,0.47070312,-0.23651452
97,110,207,0.40429688,-0.062801932
144,84,228,0.4453125,0.26315789
117,111,228,0.4453125,0.026315789
116,122,238,0.46484375,-0.025210084
85,130,215,0.41992188,-0.20930233
104,128,232,0.453125,-0.10344828
111,120,231,0.45117188,-0.038961039
125,102,227,0.44335938,0.10132159
138,71,209,0.40820312,0.32057416
80,146,226,0.44140625,-0.2920354
114,124,238,0.46484375,-0.042016807
110,114,224,0.4375,-0.017857143
116,108,224,0.4375,0.035714286
107,112,219,0.42773438,-0.02283105
185,55,240,0.46875,0.54166667
113,115,228,0.4453125,-0.0087719298
131,111,242,0.47265625,0.082644628
103,131,234,0.45703125,-0.11965812
107,121,228,0.4453125,-0.061403509
173,60,233,0.45507812,0.48497854
145,91,236,0.4609375,0.22881356
85,155,240,0.46875,-0.29166667
121,103,224,0.4375,0.080357143
166,57,223,0.43554688,0.48878924
116,112,228,0.4453125,0.01754386
97,137,234,0.45703125,-0.17094017
135,102,237,0.46289062,0.13924051
105,123,228,0.4453125,-0.078947368
110,128,238,0.46484375,-0.075630252
123,111,234,0.45703125,0.051282051
126,91,217,0.42382812,0.16129032
157,63,220,0.4296875,0.42727273
110,127,237,0.46289062,-0.071729958
133,108,241,0.47070312,0.10373444
114,120,234,0.45703125,-0.025641026
130,109,239,0.46679688,0.087866109
112,113,225,0.43945312,-0.0044444444
144,81,225,0.43945312,0.28
157,82,239,0.46679688,0.31380753
107,119,226,0.44140625,-0.053097345
133,91,224,0.4375,0.1875
82,152,234,0.45703125,-0.2991453
95,136,231,0.45117188,-0.17748918
142,91,233,0.45507812,0.21888412
126,103,229,0.44726562,0.10043668
136,87,223,0.43554688,0.21973094
130,106,236,0.4609375,0.10169492
122,99,221,0.43164062,0.1040724
96,139,235,0.45898438,-0.18297872
130,93,223,0.43554688,0.16591928
147,80,227,0.44335938,0.29515419
89,146,235,0.45898438,-0.24255319
155,79,234,0.45703125,0.32478632
106,137,243,0.47460938,-0.12757202
61,175,236,0.4609375,-0.48305085
96,134,230,0.44921875,-0.16521739
154,86,240,0.46875,0.28333333
116,112,228,0.4453125,0.01754386
95,134,229,0.44726562,-0.17030568
174,56,230,0.44921875,0.51304348
127,117,244,0.4765625,0.040983607
129,106,235,0.45898438,0.09787234
71,171,242,0.47265625,-0.41322314
116,115,231,0.45117188,0.0043290043
140,105,245,0.47851562,0.14285714
98,130,228,0.4453125,-0.14035088
90,130,220,0.4296875,-0.18181818
74,156,230,0.44921875,-0.35652174
129,104,233,0.45507812,0.10729614
179,58,237,0.46289062,0.51054852
156,83,239,0.46679688,0.30543933
98,132,230,0.44921875,-0.14782609
120,106,226,0.44140625,0.061946903
123,107,230,0.44921875,0.069565217
97,128,225,0.43945312,-0.13777778
64,179,243,0.47460938,-0.47325103
103,136,239,0.46679688,-0.13807531
140,84,224,0.4375,0.25
79,151,230,0.44921875,-0.31304348
188,58,246,0.48046875,0.52845528
98,142,240,0.46875,-0.18333333
89,137,226,0.44140625,-0.21238938
140,77,217,0.42382812,0.29032258
134,88,222,0.43359375,0.20720721
145,87,232,0.453125,0.25
104,125,229,0.44726562,-0.091703057
121,105,226,0.44140625,0.07079646
80,147,227,0.44335938,-0.29515419
112,127,239,0.46679688,-0.062761506
141,86,227,0.44335938,0.24229075
92,139,231,0.45117188,-0.2034632
178,54,232,0.453125,0.53448276
131,110,241,0.47070312,0.087136929
80,150,230,0.44921875,-0.30434783
108,134,242,0.47265625,-0.10743802
119,111,230,0.44921875,0.034782609
86,126,212,0.4140625,-0.18867925
122,108,230,0.44921875,0.060869565
120,118,238,0.46484375,0.0084033613
120,124,244,0.4765625,-0.016393443
197,47,244,0.4765625,0.6147541
111,123,234,0.45703125,-0.051282051
137,102,239,0.46679688,0.14644351
102,126,228,0.4453125,-0.10526316
145,96,241,0.47070312,0.2033195
127,111,238,0.46484375,0.067226891
95,130,225,0.43945312,-0.15555556
135,96,231,0.45117188,0.16883117
104,126,230,0.44921875,-0.095652174
101,119,220,0.4296875,-0.081818182
112,111,223,0.43554688,0.0044843049
63,192,255,0.49804688,-0.50588235
121,117,238,0.46484375,0.016806723
147,87,234,0.45703125,0.25641026
160,83,243,0.47460938,0.31687243
118,107,225,0.43945312,0.048888889
115,116,231,0.45117188,-0.0043290043
124,103,227,0.44335938,0.092511013
108,112,220,0.4296875,-0.018181818
80,147,227,0.44335938,-0.29515419
120,118,238,0.46484375,0.0084033613
126,94,220,0.4296875,0.14545455
131,93,224,0.4375,0.16964286
130,96,226,0.44140625,0.15044248
166,69,235,0.45898438,0.41276596
114,123,237,0.46289062,-0.037974684
106,127,233,0.45507812,-0.090128755
119,109,228,0.4453125,0.043859649
97,136,233,0.45507812,-0.16738197
98,143,241,0.47070312,-0.18672199
91,135,226,0.44140625,-0.19469027
134,115,249,0.48632812,0.076305221
115,106,221,0.43164062,0.040723982
100,116,216,0.421875,-0.074074074
127,108,235,0.45898438,0.080851064
118,118,236,0.4609375,0
66,170,236,0.4609375,-0.44067797
88,149,237,0.46289062,-0.25738397
100,130,230,0.44921875,-0.13043478
125,123,248,0.484375,0.0080645161
92,141,233,0.45507812,-0.21030043
108,112,220,0.4296875,-0.018181818
99,130,229,0.44726562,-0.13537118
116,113,229,0.44726562,0.013100437
101,139,240,0.46875,-0.15833333
118,115,233,0.45507812,0.012875536
149,80,229,0.44726562,0.30131004
54,188,242,0.47265625,-0.55371901
130,121,251,0.49023438,0.035856574
139,91,230,0.44921875,0.20869565
101,120,221,0.43164062,-0.085972851
76,149,225,0.43945312,-0.32444444
113,117,230,0.44921875,-0.017391304
108,119,227,0.44335938,-0.04845815
143,92,235,0.45898438,0.21702128
67,149,216,0.421875,-0.37962963
106,126,232,0.453125,-0.086206897
136,98,234,0.45703125,0.16239316
97,130,227,0.44335938,-0.14537445
121,111,232,0.453125,0.043103448
142,102,244,0.4765625,0.16393443
120,115,235,0.45898438,0.021276596
89,144,233,0.45507812,-0.2360515
108,106,214,0.41796875,0.0093457944
88,141,229,0.44726562,-0.23144105
114,105,219,0.42773438,0.04109589
139,89,228,0.4453125,0.21929825
75,175,250,0.48828125,-0.4
113,109,222,0.43359375,0.018018018
116,121,237,0.46289062,-0.021097046
103,118,221,0.43164062,-0.067873303
158,85,243,0.47460938,0.30041152
109,123,232,0.453125,-0.060344828
86,130,216,0.421875,-0.2037037
130,95,225,0.43945312,0.15555556
113,118,231,0.45117188,-0.021645022
98,131,229,0.44726562,-0.1441048
113,121,234,0.45703125,-0.034188034
143,66,209,0.40820312,0.36842105
120,121,241,0.47070312,-0.0041493776
129,100,229,0.44726562,0.12663755
71,163,234,0.45703125,-0.39316239
146,80,226,0.44140625,0.2920354
74,150,224,0.4375,-0.33928571
145,72,217,0.42382812,0.33640553
116,106,222,0.43359375,0.045045045
110,123,233,0.45507812,-0.055793991
164,77,241,0.47070312,0.36099585
134,82,216,0.421875,0.24074074
91,134,225,0.43945312,-0.19111111
123,97,220,0.4296875,0.11818182
108,138,246,0.48046875,-0.12195122
75,151,226,0.44140625,-0.33628319
167,66,233,0.45507812,0.43347639
158,80,238,0.46484375,0.32773109
117,130,247,0.48242188,-0.052631579
106,129,235,0.45898438,-0.09787234
107,112,219,0.42773438,-0.02283105
125,114,239,0.46679688,0.046025105
114,111,225,0.43945312,0.013333333
142,90,232,0.453125,0.22413793
98,135,233,0.45507812,-0.15879828
173,65,238,0.46484375,0.45378151
145,97,242,0.47265625,0.19834711
113,119,232,0.453125,-0.025862069
76,138,214,0.41796875,-0.28971963
147,89,236,0.4609375,0.24576271
98,135,233,0.45507812,-0.15879828
131,108,239,0.46679688,0.09623431
81,150,231,0.45117188,-0.2987013
125,106,231,0.45117188,0.082251082
169,78,247,0.48242188,0.36842105
79,155,234,0.45703125,-0.32478632
99,129,228,0.4453125,-0.13157895
105,128,233,0.45507812,-0.098712446
133,94,227,0.44335938,0.17180617
96,139,235,0.45898438,-0.18297872
134,106,240,0.46875,0.11666667
136,100,236,0.4609375,0.15254237
67,157,224,0.4375,-0.40178571
128,112,240,0.46875,0.066666667
136,89,225,0.43945312,0.20888889
106,126,232,0.453125,-0.086206897
127,95,222,0.43359375,0.14414414
125,111,236,0.4609375,0.059322034
126,99,225,0.43945312,0.12
120,117,237,0.46289062,0.012658228
173,69,242,0.47265625,0.42975207
155,92,247,0.48242188,0.25506073
98,131,229,0.44726562,-0.1441048
110,128,238,0.46484375,-0.075630252
95,130,225,0.43945312,-0.15555556
163,70,233,0.45507812,0.39914163
105,118,223,0.43554688,-0.058295964
73,158,231,0.45117188,-0.36796537
117,104,221,0.43164062,0.058823529
90,150,240,0.46875,-0.25
134,96,230,0.44921875,0.16521739
170,61,231,0.45117188,0.47186147
117,110,227,0.44335938,0.030837004
129,106,235,0.45898438,0.09787234
96,135,231,0.45117188,-0.16883117
90,130,220,0.4296875,-0.18181818
116,122,238,0.46484375,-0.025210084
147,90,237,0.46289062,0.24050633
89,115,204,0.3984375,-0.12745098
103,121,224,0.4375,-0.080357143
76,160,236,0.4609375,-0.3559322
128,101,229,0.44726562,0.11790393
55,164,219,0.42773438,-0.49771689
114,107,221,0.43164062,0.031674208
105,124,229,0.44726562,-0.082969432
76,140,216,0.421875,-0.2962963
120,114,234,0.45703125,0.025641026
111,125,236,0.4609375,-0.059322034
147,90,237,0.46289062,0.24050633
96,129,225,0.43945312,-0.14666667
137,87,224,0.4375,0.22321429
101,113,214,0.41796875,-0.056074766
144,87,231,0.45117188,0.24675325
158,80,238,0.46484375,0.32773109
111,100,211,0.41210938,0.052132701
148,82,230,0.44921875,0.28695652
153,83,236,0.4609375,0.29661017
109,112,221,0.43164062,-0.013574661
78,148,226,0.44140625,-0.30973451
118,108,226,0.44140625,0.044247788
96,138,234,0.45703125,-0.17948718
145,93,238,0.46484375,0.21848739
155,78,233,0.45507812,0.3304721
135,94,229,0.44726562,0.1790393
139,91,230,0.44921875,0.20869565
102,139,241,0.47070312,-0.15352697
74,141,215,0.41992188,-0.31162791
97,141,238,0.46484375,-0.18487395
146,68,214,0.41796875,0.36448598
119,109,228,0.4453125,0.043859649
89,139,228,0.4453125,-0.21929825
120,94,214,0.41796875,0.12149533
108,122,230,0.44921875,-0.060869565
139,99,238,0.46484375,0.16806723
117,136,253,0.49414062,-0.075098814
78,148,226,0.44140625,-0.30973451
123,98,221,0.43164062,0.11312217
81,160,241,0.47070312,-0.32780083
128,103,231,0.45117188,0.10822511
113,107,220,0.4296875,0.027272727
150,83,233,0.45507812,0.28755365
137,103,240,0.46875,0.14166667
125,121,246,0.48046875,0.016260163
65,159,224,0.4375,-0.41964286
117,118,235,0.45898438,-0.0042553191
116,116,232,0.453125,0
122,108,230,0.44921875,0.060869565
114,109,223,0.43554688,0.022421525
100,134,234,0.45703125,-0.14529915
136,92,228,0.4453125,0.19298246
138,99,237,0.46289062,0.16455696
127,100,227,0.44335938,0.11894273
93,125,218,0.42578125,-0.14678899
160,57,217,0.42382812,0.47465438
156,84,240,0.46875,0.3
98,124,222,0.43359375,-0.11711712
121,112,233,0.45507812,0.038626609
70,169,239,0.46679688,-0.41422594
90,125,215,0.41992188,-0.1627907
120,102,222,0.43359375,0.081081081
92,144,236,0.4609375,-0.22033898
127,111,238,0.46484375,0.067226891
82,150,232,0.453125,-0.29310345
100,121,221,0.43164062,-0.095022624
122,104,226,0.44140625,0.079646018
187,35,222,0.43359375,0.68468468
73,161,234,0.45703125,-0.37606838
72,144,216,0.421875,-0.33333333
134,86,220,0.4296875,0.21818182
117,107,224,0.4375,0.044642857
77,151,228,0.4453125,-0.3245614
82,155,237,0.46289062,-0.30801688
169,64,233,0.45507812,0.45064378
139,91,230,0.44921875,0.20869565
102,124,226,0.44140625,-0.097345133
122,104,226,0.44140625,0.079646018
121,112,233,0.45507812,0.038626609
107,116,223,0.43554688,-0.040358744
74,166,240,0.46875,-0.38333333
103,149,252,0.4921875,-0.18253968
59,173,232,0.453125,-0.49137931
97,128,225,0.43945312,-0.13777778
122,119,241,0.47070312,0.012448133
109,117,226,0.44140625,-0.03539823
143,88,231,0.45117188,0.23809524
86,139,225,0.43945312,-0.23555556
142,100,242,0.47265625,0.17355372
151,81,232,0.453125,0.30172414
107,108,215,0.41992188,-0.0046511628
102,133,235,0.45898438,-0.13191489
98,130,228,0.4453125,-0.14035088
82,151,233,0.45507812,-0.29613734
134,91,225,0.43945312,0.19111111
137,80,217,0.42382812,0.26267281
121,109,230,0.44921875,0.052173913
146,87,233,0.45507812,0.25321888
103,128,231,0.45117188,-0.10822511
99,137,236,0.4609375,-0.16101695
141,81,222,0.43359375,0.27027027
145,93,238,0.46484375,0.21848739
91,139,230,0.44921875,-0.20869565
102,134,236,0.4609375,-0.13559322
152,83,235,0.45898438,0.29361702
117,98,215,0.41992188,0.088372093
110,110,220,0.4296875,0
72,145,217,0.42382812,-0.33640553
103,128,231,0.45117188,-0.10822511
123,104,227,0.44335938,0.083700441
102,138,240,0.46875,-0.15
67,169,236,0.4609375,-0.43220339
83,148,231,0.45117188,-0.28138528
108,116,224,0.4375,-0.035714286
99,131,230,0.44921875,-0.13913043
172,81,253,0.49414062,0.35968379
144,83,227,0.44335938,0.26872247
73,163,236,0.4609375,-0.38135593
143,85,228,0.4453125,0.25438596
92,134,226,0.44140625,-0.18584071
122,114,236,0.4609375,0.033898305
67,161,228,0.4453125,-0.4122807
78,148,226,0.44140625,-0.30973451
100,140,240,0.46875,-0.16666667
187,59,246,0.48046875,0.5203252
108,115,223,0.43554688,-0.031390135
121,100,221,0.43164062,0.095022624
115,104,219,0.42773438,0.050228311
126,105,231,0.45117188,0.090909091
137,100,237,0.46289062,0.15611814
103,142,245,0.47851562,-0.15918367
146,88,234,0.45703125,0.24786325
114,118,232,0.453125,-0.017241379
127,91,218,0.42578125,0.16513761
103,132,235,0.45898438,-0.12340426
93,123,216,0.421875,-0.13888889
101,115,216,0.421875,-0.064814815
112,112,224,0.4375,0
110,121,231,0.45117188,-0.047619048
112,121,233,0.45507812,-0.038626609
103,116,219,0.42773438,-0.059360731
157,69,226,0.44140625,0.38938053
80,153,233,0.45507812,-0.31330472
95,136,231,0.45117188,-0.17748918
80,148,228,0.4453125,-0.29824561
71,133,204,0.3984375,-0.30392157
88,140,228,0.4453125,-0.22807018
112,115,227,0.44335938,-0.013215859
174,59,233,0.45507812,0.49356223
115,125,240,0.46875,-0.041666667
135,81,216,0.421875,0.25
165,94,259,0.50585938,0.27413127
84,138,222,0.43359375,-0.24324324
90,143,233,0.45507812,-0.22746781
148,80,228,0.4453125,0.29824561
111,123,234,0.45703125,-0.051282051
85,139,224,0.4375,-0.24107143
147,103,250,0.48828125,0.176
148,66,214,0.41796875,0.38317757
116,124,240,0.46875,-0.033333333
117,121,238,0.46484375,-0.016806723
111,116,227,0.44335938,-0.022026432
95,145,240,0.46875,-0.20833333
155,68,223,0.43554688,0.39013453
75,152,227,0.44335938,-0.33920705
57,170,227,0.44335938,-0.49779736
115,119,234,0.45703125,-0.017094017
115,114,229,0.44726562,0.0043668122
128,99,227,0.44335938,0.1277533
144,78,222,0.43359375,0.2972973
154,74,228,0.4453125,0.35087719
109,121,230,0.44921875,-0.052173913
108,124,232,0.453125,-0.068965517
134,95,229,0.44726562,0.17030568
112,113,225,0.43945312,-0.0044444444
123,104,227,0.44335938,0.083700441
96,128,224,0.4375,-0.14285714
149,78,227,0.44335938,0.31277533
87,133,220,0.4296875,-0.20909091
119,97,216,0.421875,0.10185185
88,132,220,0.4296875,-0.2
107,129,236,0.4609375,-0.093220339
105,118,223,0.43554688,-0.058295964
84,140,224,0.4375,-0.25
112,114,226,0.44140625,-0.0088495575
93,140,233,0.45507812,-0.20171674
79,142,221,0.43164062,-0.28506787
129,95,224,0.4375,0.15178571
109,124,233,0.45507812,-0.064377682
118,109,227,0.44335938,0.039647577
134,94,228,0.4453125,0.1754386
171,56,227,0.44335938,0.50660793
102,133,235,0.45898438,-0.13191489
113,123,236,0.4609375,-0.042372881
127,110,237,0.46289062,0.071729958
118,108,226,0.44140625,0.044247788
140,92,232,0.453125,0.20689655
117,116,233,0.45507812,0.0042918455
91,130,221,0.43164062,-0.17647059
118,91,209,0.40820312,0.1291866
93,145,238,0.46484375,-0.21848739
124,93,217,0.42382812,0.14285714
46,175,221,0.43164062,-0.58371041
123,109,232,0.453125,0.060344828
182,55,237,0.46289062,0.53586498
67,175,242,0.47265625,-0.44628099
134,86,220,0.4296875,0.21818182
136,93,229,0.44726562,0.18777293
111,107,218,0.42578125,0.018348624
72,159,231,0.45117188,-0.37662338
126,114,240,0.46875,0.05
79,150,229,0.44726562,-0.31004367
81,145,226,0.44140625,-0.28318584
139,81,220,0.4296875,0.26363636
139,88,227,0.44335938,0.2246696
136,116,252,0.4921875,0.079365079
157,72,229,0.44726562,0.37117904
125,89,214,0.41796875,0.1682243
143,80,223,0.43554688,0.28251121
116,107,223,0.43554688,0.040358744
73,155,228,0.4453125,-0.35964912
107,126,233,0.45507812,-0.081545064
123,91,214,0.41796875,0.14953271
109,111,220,0.4296875,-0.0090909091
110,124,234,0.45703125,-0.05982906
115,120,235,0.45898438,-0.021276596
116,110,226,0.44140625,0.026548673
131,109,240,0.46875,0.091666667
87,156,243,0.47460938,-0.28395062
74,154,228,0.4453125,-0.35087719
97,126,223,0.43554688,-0.13004484
109,116,225,0.43945312,-0.031111111
64,164,228,0.4453125,-0.43859649
131,83,214,0.41796875,0.22429907
74,145,219,0.42773438,-0.32420091
65,177,242,0.47265625,-0.46280992
57,178,235,0.45898438,-0.51489362
128,95,223,0.43554688,0.14798206
123,80,203,0.39648438,0.21182266
122,114,236,0.4609375,0.033898305
126,104,230,0.44921875,0.095652174
93,125,218,0.42578125,-0.14678899
152,74,226,0.44140625,0.34513274
96,126,222,0.43359375,-0.13513514
72,161,233,0.45507812,-0.38197425
105,111,216,0.421875,-0.027777778
118,123,241,0.47070312,-0.020746888
101,131,232,0.453125,-0.12931034
136,63,199,0.38867188,0.36683417
123,106,229,0.44726562,0.074235808
140,88,228,0.4453125,0.22807018
94,143,237,0.46289062,-0.20675105
94,140,234,0.45703125,-0.1965812
105,120,225,0.43945312,-0.066666667
76,155,231,0.45117188,-0.34199134
72,161,233,0.45507812,-0.38197425
100,124,224,0.4375,-0.10714286
139,88,227,0.44335938,0.2246696
123,113,236,0.4609375,0.042372881
106,125,231,0.45117188,-0.082251082
110,111,221,0.43164062,-0.0045248869
152,80,232,0.453125,0.31034483
144,88,232,0.453125,0.24137931
117,105,222,0.43359375,0.054054054
105,126,231,0.45117188,-0.090909091
133,95,228,0.4453125,0.16666667
120,98,218,0.42578125,0.10091743
151,88,239,0.46679688,0.26359833
116,126,242,0.47265625,-0.041322314
123,96,219,0.42773438,0.12328767
110,120,230,0.44921875,-0.043478261
142,73,215,0.41992188,0.32093023
73,153,226,0.44140625,-0.3539823
115,113,228,0.4453125,0.0087719298
123,102,225,0.43945312,0.093333333
73,150,223,0.43554688,-0.34529148
118,117,235,0.45898438,0.0042553191
100,136,236,0.4609375,-0.15254237
110,131,241,0.47070312,-0.087136929
117,110,227,0.44335938,0.030837004
118,116,234,0.45703125,0.0085470085
105,131,236,0.4609375,-0.11016949
110,132,242,0.47265625,-0.090909091
77,152,229,0.44726562,-0.32751092
135,91,226,0.44140625,0.19469027
140,78,218,0.42578125,0.28440367
65,159,224,0.4375,-0.41964286
126,104,230,0.44921875,0.095652174
100,128,228,0.4453125,-0.12280702
154,68,222,0.43359375,0.38738739
89,119,208,0.40625,-0.14423077
100,126,226,0.44140625,-0.11504425
108,128,236,0.4609375,-0.084745763
96,132,228,0.4453125,-0.15789474
134,100,234,0.45703125,0.14529915
101,133,234,0.45703125,-0.13675214
162,73,235,0.45898438,0.3787234
141,98,239,0.46679688,0.17991632
144,77,221,0.43164062,0.30316742
91,117,208,0.40625,-0.125
120,103,223,0.43554688,0.076233184
93,122,215,0.41992188,-0.13488372
98,118,216,0.421875,-0.092592593
92,144,236,0.4609375,-0.22033898
81,135,216,0.421875,-0.25
130,100,230,0.44921875,0.13043478
162,67,229,0.44726562,0.41484716
151,75,226,0.44140625,0.33628319
120,111,231,0.45117188,0.038961039
116,115,231,0.45117188,0.0043290043
156,64,220,0.4296875,0.41818182
148,92,240,0.46875,0.23333333
136,99,235,0.45898438,0.15744681
111,132,243,0.47460938,-0.086419753
85,139,224,0.4375,-0.24107143
79,147,226,0.44140625,-0.30088496
113,119,232,0.453125,-0.025862069
113,106,219,0.42773438,0.03196347
116,111,227,0.44335938,0.022026432
141,90,231,0.45117188,0.22077922
120,107,227,0.44335938,0.057268722
135,76,211,0.41210938,0.27962085
159,71,230,0.44921875,0.3826087
137,90,227,0.44335938,0.20704846
114,126,240,0.46875,-0.05
81,160,241,0.47070312,-0.32780083
82,152,234,0.45703125,-0.2991453
105,117,222,0.43359375,-0.054054054
79,149,228,0.4453125,-0.30701754
77,146,223,0.43554688,-0.30941704
148,80,228,0.4453125,0.29824561
74,166,240,0.46875,-0.38333333
146,80,226,0.44140625,0.2920354
146,89,235,0.45898438,0.24255319
172,57,229,0.44726562,0.50218341
90,139,229,0.44726562,-0.2139738
124,108,232,0.453125,0.068965517
90,142,232,0.453125,-0.22413793
161,79,240,0.46875,0.34166667
188,47,235,0.45898438,0.6
135,93,228,0.4453125,0.18421053
161,70,231,0.45117188,0.39393939
115,112,227,0.44335938,0.013215859
100,117,217,0.42382812,-0.078341014
108,119,227,0.44335938,-0.04845815
116,124,240,0.46875,-0.033333333
115,103,218,0.42578125,0.055045872
126,109,235,0.45898438,0.072340426
143,83,226,0.44140625,0.26548673
122,107,229,0.44726562,0.065502183
123,104,227,0.44335938,0.083700441
95,128,223,0.43554688,-0.14798206
106,111,217,0.42382812,-0.023041475
124,112,236,0.4609375,0.050847458
139,101,240,0.46875,0.15833333
131,113,244,0.4765625,0.073770492
152,78,230,0.44921875,0.32173913
136,108,244,0.4765625,0.1147541
64,156,220,0.4296875,-0.41818182
89,131,220,0.4296875,-0.19090909
125,98,223,0.43554688,0.12107623
101,135,236,0.4609375,-0.1440678
71,164,235,0.45898438,-0.39574468
77,152,229,0.44726562,-0.32751092
75,154,229,0.44726562,-0.34497817
141,86,227,0.44335938,0.24229075
152,83,235,0.45898438,0.29361702
96,130,226,0.44140625,-0.15044248
106,139,245,0.47851562,-0.13469388
107,110,217,0.42382812,-0.013824885
115,108,223,0.43554688,0.031390135
59,176,235,0.45898438,-0.49787234
128,102,230,0.44921875,0.11304348
96,126,222,0.43359375,-0.13513514
98,125,223,0.43554688,-0.12107623
133,90,223,0.43554688,0.19282511
108,127,235,0.45898438,-0.080851064
147,91,238,0.46484375,0.23529412
109,114,223,0.43554688,-0.022421525
155,68,223,0.43554688,0.39013453
109,108,217,0.42382812,0.0046082949
123,97,220,0.4296875,0.11818182
98,134,232,0.453125,-0.15517241
104,125,229,0.44726562,-0.091703057
65,149,214,0.41796875,-0.39252336
111,107,218,0.42578125,0.018348624
112,120,232,0.453125,-0.034482759
151,81,232,0.453125,0.30172414
115,112,227,0.44335938,0.013215859
168,62,230,0.44921875,0.46086957
119,100,219,0.42773438,0.086757991
44,185,229,0.44726562,-0.61572052
129,97,226,0.44140625,0.14159292
146,95,241,0.47070312,0.21161826
93,125,218,0.42578125,-0.14678899
89,139,228,0.4453125,-0.21929825
117,118,235,0.45898438,-0.0042553191
64,162,226,0.44140625,-0.43362832
136,98,234,0.45703125,0.16239316
89,147,236,0.4609375,-0.24576271
163,74,237,0.46289062,0.37552743
114,112,226,0.44140625,0.0088495575
76,163,239,0.46679688,-0.36401674
150,74,224,0.4375,0.33928571
75,155,230,0.44921875,-0.34782609
130,108,238,0.46484375,0.092436975
130,97,227,0.44335938,0.14537445
130,97,227,0.44335938,0.14537445
136,93,229,0.44726562,0.18777293
157,65,222,0.43359375,0.41441441
86,158,244,0.4765625,-0.29508197
148,80,228,0.4453125,0.29824561
50,169,219,0.42773438,-0.543379
66,157,223,0.43554688,-0.40807175
118,119,237,0.46289062,-0.0042194093
127,109,236,0.4609375,0.076271186
77,151,228,0.4453125,-0.3245614
137,89,226,0.44140625,0.21238938
98,126,224,0.4375,-0.125
141,87,228,0.4453125,0.23684211
96,133,229,0.44726562,-0.16157205
146,82,228,0.4453125,0.28070175
114,96,210,0.41015625,0.085714286
108,123,231,0.45117188,-0.064935065
142,91,233,0.45507812,0.21888412
100,120,220,0.4296875,-0.090909091
116,112,228,0.4453125,0.01754386
104,123,227,0.44335938,-0.083700441
88,142,230,0.44921875,-0.23478261
94,151,245,0.47851562,-0.23265306
120,94,214,0.41796875,0.12149533
91,140,231,0.45117188,-0.21212121
74,158,232,0.453125,-0.36206897
147,75,222,0.43359375,0.32432432
101,130,231,0.45117188,-0.12554113
79,152,231,0.45117188,-0.31601732
103,129,232,0.453125,-0.11206897
128,115,243,0.47460938,0.053497942
118,110,228,0.4453125,0.035087719
121,112,233,0.45507812,0.038626609
66,153,219,0.42773438,-0.39726027
100,133,233,0.45507812,-0.1416309
128,98,226,0.44140625,0.13274336
136,101,237,0.46289062,0.14767932
81,140,221,0.43164062,-0.26696833
159,88,247,0.48242188,0.28744939
76,151,227,0.44335938,-0.33039648
63,176,239,0.46679688,-0.47280335
127,92,219,0.42773438,0.15981735
83,132,215,0.41992188,-0.22790698
149,84,233,0.45507812,0.27896996
69,146,215,0.41992188,-0.35813953
148,85,233,0.45507812,0.27038627
154,84,238,0.46484375,0.29411765
88,132,220,0.4296875,-0.2
79,171,250,0.48828125,-0.368
163,61,224,0.4375,0.45535714
103,132,235,0.45898438,-0.12340426
102,127,229,0.44726562,-0.10917031
118,105,223,0.43554688,0.058295964
93,124,217,0.42382812,-0.14285714
114,116,230,0.44921875,-0.0086956522
135,77,212,0.4140625,0.27358491
109,128,237,0.46289062,-0.080168776
132,91,223,0.43554688,0.1838565
117,111,228,0.4453125,0.026315789
71,146,217,0.42382812,-0.34562212
138,95,233,0.45507812,0.18454936
98,126,224,0.4375,-0.125
100,126,226,0.44140625,-0.11504425
118,109,227,0.44335938,0.039647577
105,127,232,0.453125,-0.094827586
72,161,233,0.45507812,-0.38197425
132,101,233,0.45507812,0.13304721
113,116,229,0.44726562,-0.013100437
138,105,243,0.47460938,0.13580247
124,102,226,0.44140625,0.097345133
141,90,231,0.45117188,0.22077922
101,142,243,0.47460938,-0.16872428
119,120,239,0.46679688,-0.0041841004
95,130,225,0.43945312,-0.15555556
119,100,219,0.42773438,0.086757991
138,82,220,0.4296875,0.25454545
106,125,231,0.45117188,-0.082251082
53,177,230,0.44921875,-0.53913043
126,102,228,0.4453125,0.10526316
116,102,218,0.42578125,0.064220183
87,151,238,0.46484375,-0.26890756
113,124,237,0.46289062,-0.046413502
102,126,228,0.4453125,-0.10526316
108,114,222,0.43359375,-0.027027027
133,111,244,0.4765625,0.090163934
120,114,234,0.45703125,0.025641026
81,156,237,0.46289062,-0.3164557
165,86,251,0.49023438,0.31474104
155,82,237,0.46289062,0.30801688
81,141,222,0.43359375,-0.27027027
98,117,215,0.41992188,-0.088372093
129,95,224,0.4375,0.15178571
67,158,225,0.43945312,-0.40444444
152,85,237,0.46289062,0.28270042
135,92,227,0.44335938,0.18942731
68,159,227,0.44335938,-0.40088106
124,110,234,0.45703125,0.05982906
70,161,231,0.45117188,-0.39393939
71,145,216,0.421875,-0.34259259
93,144,237,0.46289062,-0.21518987
129,103,232,0.453125,0.11206897
98,124,222,0.43359375,-0.11711712
84,148,232,0.453125,-0.27586207
95,121,216,0.421875,-0.12037037
130,100,230,0.44921875,0.13043478
105,122,227,0.44335938,-0.074889868
56,168,224,0.4375,-0.5
100,130,230,0.44921875,-0.13043478
65,168,233,0.45507812,-0.44206009
151,94,245,0.47851562,0.23265306
100,134,234,0.45703125,-0.14529915
114,131,245,0.47851562,-0.069387755
110,113,223,0.43554688,-0.013452915
123,94,217,0.42382812,0.13364055
127,98,225,0.43945312,0.12888889
128,111,239,0.46679688,0.071129707
95,119,214,0.41796875,-0.11214953
158,80,238,0.46484375,0.32773109
92,155,247,0.48242188,-0.25506073
155,83,238,0.46484375,0.30252101
125,115,240,0.46875,0.041666667
121,111,232,0.453125,0.043103448
157,87,244,0.4765625,0.28688525
128,109,237,0.46289062,0.080168776
114,116,230,0.44921875,-0.0086956522
122,102,224,0.4375,0.089285714
150,81,231,0.45117188,0.2987013
98,138,236,0.4609375,-0.16949153
124,108,232,0.453125,0.068965517
117,100,217,0.42382812,0.078341014
119,120,239,0.46679688,-0.0041841004
130,87,217,0.42382812,0.19815668
166,79,245,0.47851562,0.35510204
131,94,225,0.43945312,0.16444444
86,154,240,0.46875,-0.28333333
141,93,234,0.45703125,0.20512821
83,141,224,0.4375,-0.25892857
117,124,241,0.47070312,-0.029045643
109,131,240,0.46875,-0.091666667
124,101,225,0.43945312,0.10222222
123,114,237,0.46289062,0.037974684
170,74,244,0.4765625,0.39344262
109,129,238,0.46484375,-0.084033613
131,93,224,0.4375,0.16964286
78,157,235,0.45898438,-0.33617021
148,70,218,0.42578125,0.35779817
138,89,227,0.44335938,0.21585903
68,153,221,0.43164062,-0.38461538
151,80,231,0.45117188,0.30735931
127,117,244,0.4765625,0.040983607
83,158,241,0.47070312,-0.31120332
85,142,227,0.44335938,-0.25110132
117,103,220,0.4296875,0.063636364
81,143,224,0.4375,-0.27678571
84,135,219,0.42773438,-0.23287671
105,124,229,0.44726562,-0.082969432
141,84,225,0.43945312,0.25333333
99,135,234,0.45703125,-0.15384615
94,128,222,0.43359375,-0.15315315
99,124,223,0.43554688,-0.11210762
136,86,222,0.43359375,0.22522523
113,101,214,0.41796875,0.056074766
105,120,225,0.43945312,-0.066666667
91,128,219,0.42773438,-0.16894977
137,85,222,0.43359375,0.23423423
114,120,234,0.45703125,-0.025641026
132,106,238,0.46484375,0.1092437
121,116,237,0.46289062,0.021097046
112,117,229,0.44726562,-0.021834061
141,96,237,0.46289062,0.18987342
107,134,241,0.47070312,-0.1120332
105,122,227,0.44335938,-0.074889868
108,123,231,0.45117188,-0.064935065
122,101,223,0.43554688,0.094170404
104,112,216,0.421875,-0.037037037
113,117,230,0.44921875,-0.017391304
106,132,238,0.46484375,-0.1092437
90,133,223,0.43554688,-0.19282511
104,128,232,0.453125,-0.10344828
119,115,234,0.45703125,0.017094017
100,126,226,0.44140625,-0.11504425
67,174,241,0.47070312,-0.4439834
152,81,233,0.45507812,0.30472103
98,124,222,0.43359375,-0.11711712
127,101,228,0.4453125,0.11403509
93,143,236,0.4609375,-0.21186441
64,146,210,0.41015625,-0.39047619
110,122,232,0.453125,-0.051724138
112,116,228,0.4453125,-0.01754386
162,77,239,0.46679688,0.35564854
91,147,238,0.46484375,-0.23529412
126,108,234,0.45703125,0.076923077
150,92,242,0.47265625,0.23966942
143,96,239,0.46679688,0.19665272
112,109,221,0.43164062,0.013574661
131,103,234,0.45703125,0.11965812
141,89,230,0.44921875,0.22608696
84,142,226,0.44140625,-0.25663717
140,83,223,0.43554688,0.25560538
135,78,213,0.41601562,0.26760563
162,81,243,0.47460938,0.33333333
145,82,227,0.44335938,0.27753304
51,185,236,0.4609375,-0.56779661
120,97,217,0.42382812,0.10599078
108,111,219,0.42773438,-0.01369863
109,118,227,0.44335938,-0.039647577
149,80,229,0.44726562,0.30131004
108,130,238,0.46484375,-0.092436975
92,135,227,0.44335938,-0.18942731
123,115,238,0.46484375,0.033613445
80,145,225,0.43945312,-0.28888889
132,95,227,0.44335938,0.16299559
154,84,238,0.46484375,0.29411765
110,130,240,0.46875,-0.083333333
68,167,235,0.45898438,-0.4212766
96,128,224,0.4375,-0.14285714
107,128,235,0.45898438,-0.089361702
118,120,238,0.46484375,-0.0084033613
154,68,222,0.43359375,0.38738739
94,130,224,0.4375,-0.16071429
165,93,258,0.50390625,0.27906977
91,132,223,0.43554688,-0.1838565
92,145,237,0.46289062,-0.22362869
157,83,240,0.46875,0.30833333
131,104,235,0.45898438,0.11489362
149,84,233,0.45507812,0.27896996
119,115,234,0.45703125,0.017094017
82,141,223,0.43554688,-0.26457399
116,118,234,0.45703125,-0.0085470085
86,135,221,0.43164062,-0.22171946
116,107,223,0.43554688,0.040358744
117,118,235,0.45898438,-0.0042553191
150,89,239,0.46679688,0.25523013
122,125,247,0.48242188,-0.012145749
119,101,220,0.4296875,0.081818182
158,76,234,0.45703125,0.35042735
179,72,251,0.49023438,0.42629482
99,123,222,0.43359375,-0.10810811
121,127,248,0.484375,-0.024193548
109,119,228,0.4453125,-0.043859649
108,105,213,0.41601562,0.014084507
75,147,222,0.43359375,-0.32432432
93,133,226,0.44140625,-0.17699115
165,81,246,0.48046875,0.34146341
106,107,213,0.41601562,-0.0046948357
137,91,228,0.4453125,0.20175439
114,125,239,0.46679688,-0.046025105
155,73,228,0.4453125,0.35964912
130,96,226,0.44140625,0.15044248
68,158,226,0.44140625,-0.39823009
69,150,219,0.42773438,-0.36986301
84,141,225,0.43945312,-0.25333333
111,107,218,0.42578125,0.018348624
105,121,226,0.44140625,-0.07079646
142,105,247,0.48242188,0.14979757
153,91,244,0.4765625,0.25409836
74,171,245,0.47851562,-0.39591837
111,124,235,0.45898438,-0.055319149
122,94,216,0.421875,0.12962963
120,107,227,0.44335938,0.057268722
131,85,216,0.421875,0.21296296
85,140,225,0.43945312,-0.24444444
113,123,236,0.4609375,-0.042372881
142,89,231,0.45117188,0.22943723
106,136,242,0.47265625,-0.12396694
127,98,225,0.43945312,0.12888889
127,90,217,0.42382812,0.17050691
86,166,252,0.4921875,-0.31746032
67,147,214,0.41796875,-0.37383178
89,136,225,0.43945312,-0.20888889
105,127,232,0.453125,-0.094827586
98,126,224,0.4375,-0.125
134,92,226,0.44140625,0.18584071
95,135,230,0.44921875,-0.17391304
116,117,233,0.45507812,-0.0042918455
160,64,224,0.4375,0.42857143
140,86,226,0.44140625,0.23893805
95,138,233,0.45507812,-0.18454936
152,69,221,0.43164062,0.37556561
105,125,230,0.44921875,-0.086956522
69,156,225,0.43945312,-0.38666667
131,101,232,0.453125,0.12931034
104,119,223,0.43554688,-0.067264574
94,143,237,0.46289062,-0.20675105
136,102,238,0.46484375,0.14285714
128,102,230,0.44921875,0.11304348
70,154,224,0.4375,-0.375
113,108,221,0.43164062,0.022624434
128,90,218,0.42578125,0.17431193
116,97,213,0.41601562,0.089201878
87,136,223,0.43554688,-0.21973094
125,92,217,0.42382812,0.15207373
122,107,229,0.44726562,0.065502183
151,87,238,0.46484375,0.26890756
153,87,240,0.46875,0.275
134,106,240,0.46875,0.11666667
110,128,238,0.46484375,-0.075630252
114,125,239,0.46679688,-0.046025105
180,57,237,0.46289062,0.51898734
166,74,240,0.46875,0.38333333
93,124,217,0.42382812,-0.14285714
74,160,234,0.45703125,-0.36752137
175,72,247,0.48242188,0.41700405
144,81,225,0.43945312,0.28
121,103,224,0.4375,0.080357143
92,138,230,0.44921875,-0.2
127,113,240,0.46875,0.058333333
129,95,224,0.4375,0.15178571
126,86,212,0.4140625,0.18867925
86,151,237,0.46289062,-0.2742616
104,123,227,0.44335938,-0.083700441
108,114,222,0.43359375,-0.027027027
110,124,234,0.45703125,-0.05982906
129,92,221,0.43164062,0.16742081
113,128,241,0.47070312,-0.062240664
121,111,232,0.453125,0.043103448
146,82,228,0.4453125,0.28070175
149,68,217,0.42382812,0.37327189
98,130,228,0.4453125,-0.14035088
75,154,229,0.44726562,-0.34497817
103,132,235,0.45898438,-0.12340426
80,142,222,0.43359375,-0.27927928
89,138,227,0.44335938,-0.21585903
98,131,229,0.44726562,-0.1441048
102,122,224,0.4375,-0.089285714
89,130,219,0.42773438,-0.18721461
143,99,242,0.47265625,0.18181818
115,111,226,0.44140625,0.017699115
143,80,223,0.43554688,0.28251121
121,106,227,0.44335938,0.066079295
105,116,221,0.43164062,-0.049773756
69,150,219,0.42773438,-0.36986301
120,115,235,0.45898438,0.021276596
133,97,230,0.44921875,0.15652174
133,94,227,0.44335938,0.17180617
115,121,236,0.4609375,-0.025423729
102,118,220,0.4296875,-0.072727273
95,123,218,0.42578125,-0.12844037
104,137,241,0.47070312,-0.13692946
64,155,219,0.42773438,-0.41552511
130,100,230,0.44921875,0.13043478
111,105,216,0.421875,0.027777778
79,143,222,0.43359375,-0.28828829
71,180,251,0.49023438,-0.43426295
92,130,222,0.43359375,-0.17117117
138,107,245,0.47851562,0.12653061
122,122,244,0.4765625,0
106,127,233,0.45507812,-0.090128755
156,65,221,0.43164062,0.41176471
100,118,218,0.42578125,-0.082568807
70,157,227,0.44335938,-0.38325991
109,126,235,0.45898438,-0.072340426
86,145,231,0.45117188,-0.25541126
124,106,230,0.44921875,0.07826087
116,108,224,0.4375,0.035714286
120,103,223,0.43554688,0.076233184
118,111,229,0.44726562,0.030567686
176,61,237,0.46289062,0.48523207
128,96,224,0.4375,0.14285714
113,103,216,0.421875,0.046296296
120,120,240,0.46875,0
103,106,209,0.40820312,-0.014354067
102,119,221,0.43164062,-0.076923077
104,133,237,0.46289062,-0.12236287
157,78,235,0.45898438,0.33617021
180,60,240,0.46875,0.5
102,130,232,0.453125,-0.12068966
92,135,227,0.44335938,-0.18942731
106,132,238,0.46484375,-0.1092437
101,149,250,0.48828125,-0.192
132,96,228,0.4453125,0.15789474
106,121,227,0.44335938,-0.066079295
109,128,237,0.46289062,-0.080168776
87,136,223,0.43554688,-0.21973094
102,150,252,0.4921875,-0.19047619
127,103,230,0.44921875,0.10434783
76,155,231,0.45117188,-0.34199134
102,128,230,0.44921875,-0.11304348
95,138,233,0.45507812,-0.18454936
91,148,239,0.46679688,-0.23849372
142,81,223,0.43554688,0.2735426
150,82,232,0.453125,0.29310345
130,107,237,0.46289062,0.097046414
112,104,216,0.421875,0.037037037
153,80,233,0.45507812,0.31330472
127,99,226,0.44140625,0.12389381
68,166,234,0.45703125,-0.41880342
101,122,223,0.43554688,-0.094170404
142,85,227,0.44335938,0.25110132
77,144,221,0.43164062,-0.30316742
132,97,229,0.44726562,0.15283843
155,75,230,0.44921875,0.34782609
126,109,235,0.45898438,0.072340426
91,130,221,0.43164062,-0.17647059
99,128,227,0.44335938,-0.1277533
92,143,235,0.45898438,-0.21702128
101,119,220,0.4296875,-0.081818182
138,92,230,0.44921875,0.2
82,159,241,0.47070312,-0.31950207
162,72,234,0.45703125,0.38461538
126,84,210,0.41015625,0.2
147,86,233,0.45507812,0.26180258
133,107,240,0.46875,0.10833333
127,121,248,0.484375,0.024193548
127,101,228,0.4453125,0.11403509
123,117,240,0.46875,0.025
124,105,229,0.44726562,0.082969432
127,98,225,0.43945312,0.12888889
130,102,232,0.453125,0.12068966
117,110,227,0.44335938,0.030837004
84,131,215,0.41992188,-0.21860465
83,140,223,0.43554688,-0.25560538
103,118,221,0.43164062,-0.067873303
130,96,226,0.44140625,0.15044248
142,87,229,0.44726562,0.24017467
152,81,233,0.45507812,0.30472103
79,154,233,0.45507812,-0.32188841
124,93,217,0.42382812,0.14285714
164,63,227,0.44335938,0.44493392
145,95,240,0.46875,0.20833333
127,108,235,0.45898438,0.080851064
112,108,220,0.4296875,0.018181818
151,74,225,0.43945312,0.34222222
62,169,231,0.45117188,-0.46320346
80,140,220,0.4296875,-0.27272727
88,142,230,0.44921875,-0.23478261
107,108,215,0.41992188,-0.0046511628
105,134,239,0.46679688,-0.12133891
86,138,224,0.4375,-0.23214286
160,54,214,0.41796875,0.4953271
87,149,236,0.4609375,-0.26271186
75,157,232,0.453125,-0.35344828
115,109,224,0.4375,0.026785714
91,119,210,0.41015625,-0.13333333
83,134,217,0.42382812,-0.23502304
107,131,238,0.46484375,-0.10084034
152,96,248,0.484375,0.22580645
99,125,224,0.4375,-0.11607143
68,156,224,0.4375,-0.39285714
111,127,238,0.46484375,-0.067226891
127,116,243,0.47460938,0.04526749
132,108,240,0.46875,0.1
111,108,219,0.42773438,0.01369863
121,106,227,0.44335938,0.066079295
108,133,241,0.47070312,-0.10373444
45,203,248,0.484375,-0.63709677
98,131,229,0.44726562,-0.1441048
77,146,223,0.43554688,-0.30941704
65,168,233,0.45507812,-0.44206009
110,114,224,0.4375,-0.017857143
106,119,225,0.43945312,-0.057777778
157,66,223,0.43554688,0.40807175
148,77,225,0.43945312,0.31555556
121,111,232,0.453125,0.043103448
169,66,235,0.45898438,0.43829787
71,156,227,0.44335938,-0.37444934
143,75,218,0.42578125,0.31192661
134,111,245,0.47851562,0.093877551
162,91,253,0.49414062,0.28063241
136,102,238,0.46484375,0.14285714
130,114,244,0.4765625,0.06557377
119,107,226,0.44140625,0.053097345
121,108,229,0.44726562,0.056768559
131,95,226,0.44140625,0.15929204
135,90,225,0.43945312,0.2
106,138,244,0.4765625,-0.13114754
96,128,224,0.4375,-0.14285714
179,65,244,0.4765625,0.46721311
117,105,222,0.43359375,0.054054054
160,72,232,0.453125,0.37931034
145,92,237,0.46289062,0.22362869
101,114,215,0.41992188,-0.060465116
140,100,240,0.46875,0.16666667
122,100,222,0.43359375,0.099099099
70,172,242,0.47265625,-0.4214876
88,147,235,0.45898438,-0.25106383
87,139,226,0.44140625,-0.2300885
130,82,212,0.4140625,0.22641509
92,124,216,0.421875,-0.14814815
120,110,230,0.44921875,0.043478261
116,115,231,0.45117188,0.0043290043
104,120,224,0.4375,-0.071428571
118,112,230,0.44921875,0.026086957
94,119,213,0.41601562,-0.11737089
75,149,224,0.4375,-0.33035714
116,104,220,0.4296875,0.054545455
113,104,217,0.42382812,0.041474654
142,100,242,0.47265625,0.17355372
100,121,221,0.43164062,-0.095022624
137,85,222,0.43359375,0.23423423
124,111,235,0.45898438,0.055319149
117,112,229,0.44726562,0.021834061
166,67,233,0.45507812,0.4248927
49,189,238,0.46484375,-0.58823529
97,123,220,0.4296875,-0.11818182
120,108,228,0.4453125,0.052631579
134,88,222,0.43359375,0.20720721
111,127,238,0.46484375,-0.067226891
78,154,232,0.453125,-0.32758621
93,133,226,0.44140625,-0.17699115
127,94,221,0.43164062,0.14932127
144,81,225,0.43945312,0.28
72,148,220,0.4296875,-0.34545455
208,25,233,0.45507812,0.78540773
117,109,226,0.44140625,0.03539823
69,154,223,0.43554688,-0.38116592
107,98,205,0.40039062,0.043902439
102,127,229,0.44726562,-0.10917031
117,119,236,0.4609375,-0.0084745763
165,75,240,0.46875,0.375
132,95,227,0.44335938,0.16299559
92,144,236,0.4609375,-0.22033898
156,83,239,0.46679688,0.30543933
118,110,228,0.4453125,0.035087719
93,142,235,0.45898438,-0.20851064
118,113,231,0.45117188,0.021645022
133,93,226,0.44140625,0.17699115
78,146,224,0.4375,-0.30357143
100,133,233,0.45507812,-0.1416309
72,154,226,0.44140625,-0.36283186
109,129,238,0.46484375,-0.084033613
85,152,237,0.46289062,-0.28270042
107,122,229,0.44726562,-0.065502183
104,121,225,0.43945312,-0.075555556
128,92,220,0.4296875,0.16363636
134,99,233,0.45507812,0.15021459
126,100,226,0.44140625,0.11504425
120,107,227,0.44335938,0.057268722
74,156,230,0.44921875,-0.35652174
133,103,236,0.4609375,0.12711864
77,153,230,0.44921875,-0.33043478
68,148,216,0.421875,-0.37037037
54,165,219,0.42773438,-0.50684932
172,56,228,0.4453125,0.50877193
135,98,233,0.45507812,0.15879828
95,152,247,0.48242188,-0.23076923
120,110,230,0.44921875,0.043478261
81,164,245,0.47851562,-0.33877551
151,67,218,0.42578125,0.3853211
113,126,239,0.46679688,-0.054393305
154,86,240,0.46875,0.28333333
143,91,234,0.45703125,0.22222222
179,65,244,0.4765625,0.46721311
73,169,242,0.47265625,-0.39669421
101,103,204,0.3984375,-0.0098039216
85,150,235,0.45898438,-0.27659574
144,88,232,0.453125,0.24137931
160,73,233,0.45507812,0.37339056
144,97,241,0.47070312,0.19502075
136,90,226,0.44140625,0.20353982
92,117,209,0.40820312,-0.11961722
102,131,233,0.45507812,-0.12446352
137,105,242,0.47265625,0.1322314
133,94,227,0.44335938,0.17180617
136,108,244,0.4765625,0.1147541
134,91,225,0.43945312,0.19111111
147,91,238,0.46484375,0.23529412
97,146,243,0.47460938,-0.20164609
126,98,224,0.4375,0.125
134,104,238,0.46484375,0.12605042
117,121,238,0.46484375,-0.016806723
101,148,249,0.48632812,-0.18875502
131,112,243,0.47460938,0.0781893
69,180,249,0.48632812,-0.44578313
131,102,233,0.45507812,0.12446352
180,56,236,0.4609375,0.52542373
124,108,232,0.453125,0.068965517
110,117,227,0.44335938,-0.030837004
123,108,231,0.45117188,0.064935065
141,104,245,0.47851562,0.15102041
138,89,227,0.44335938,0.21585903
66,172,238,0.46484375,-0.44537815
117,108,225,0.43945312,0.04
87,140,227,0.44335938,-0.23348018
126,101,227,0.44335938,0.11013216
84,156,240,0.46875,-0.3
144,76,220,0.4296875,0.30909091
156,78,234,0.45703125,0.33333333
160,76,236,0.4609375,0.3559322
153,81,234,0.45703125,0.30769231
88,143,231,0.45117188,-0.23809524
78,152,230,0.44921875,-0.32173913
118,119,237,0.46289062,-0.0042194093
86,120,206,0.40234375,-0.16504854
79,142,221,0.43164062,-0.28506787
83,154,237,0.46289062,-0.29957806
106,103,209,0.40820312,0.014354067
92,157,249,0.48632812,-0.26104418
148,66,214,0.41796875,0.38317757
108,123,231,0.45117188,-0.064935065
87,132,219,0.42773438,-0.20547945
120,102,222,0.43359375,0.081081081
132,99,231,0.45117188,0.14285714
87,123,210,0.41015625,-0.17142857
122,118,240,0.46875,0.016666667
96,118,214,0.41796875,-0.10280374
139,100,239,0.46679688,0.16317992
103,133,236,0.4609375,-0.12711864
132,96,228,0.4453125,0.15789474
153,65,218,0.42578125,0.40366972
92,141,233,0.45507812,-0.21030043
143,87,230,0.44921875,0.24347826
126,113,239,0.46679688,0.054393305
164,79,243,0.47460938,0.34979424
75,156,231,0.45117188,-0.35064935
121,117,238,0.46484375,0.016806723
154,77,231,0.45117188,0.33333333
130,99,229,0.44726562,0.13537118
117,115,232,0.453125,0.0086206897
81,132,213,0.41601562,-0.23943662
120,104,224,0.4375,0.071428571
186,56,242,0.47265625,0.53719008
90,150,240,0.46875,-0.25
78,137,215,0.41992188,-0.2744186
108,109,217,0.42382812,-0.0046082949
111,133,244,0.4765625,-0.090163934
136,92,228,0.4453125,0.19298246
121,96,217,0.42382812,0.11520737
108,119,227,0.44335938,-0.04845815
132,95,227,0.44335938,0.16299559
84,147,231,0.45117188,-0.27272727
131,105,236,0.4609375,0.11016949
109,124,233,0.45507812,-0.064377682
155,72,227,0.44335938,0.36563877
102,138,240,0.46875,-0.15
144,83,227,0.44335938,0.26872247
118,102,220,0.4296875,0.072727273
111,114,225,0.43945312,-0.013333333
90,133,223,0.43554688,-0.19282511
107,121,228,0.4453125,-0.061403509
124,100,224,0.4375,0.10714286
100,135,235,0.45898438,-0.14893617
113,108,221,0.43164062,0.022624434
105,114,219,0.42773438,-0.04109589
150,69,219,0.42773438,0.36986301
142,84,226,0.44140625,0.25663717
100,123,223,0.43554688,-0.10313901
139,92,231,0.45117188,0.2034632
100,130,230,0.44921875,-0.13043478
132,88,220,0.4296875,0.2
111,120,231,0.45117188,-0.038961039
119,117,236,0.4609375,0.0084745763
89,141,230,0.44921875,-0.22608696
86,145,231,0.45117188,-0.25541126
78,143,221,0.43164062,-0.29411765
120,106,226,0.44140625,0.061946903
146,71,217,0.42382812,0.34562212
98,128,226,0.44140625,-0.13274336
74,164,238,0.46484375,-0.37815126
146,92,238,0.46484375,0.22689076
103,136,239,0.46679688,-0.13807531
142,77,219,0.42773438,0.29680365
102,139,241,0.47070312,-0.15352697
68,155,223,0.43554688,-0.39013453
84,151,235,0.45898438,-0.28510638
101,127,228,0.4453125,-0.11403509
106,119,225,0.43945312,-0.057777778
129,103,232,0.453125,0.11206897
152,84,236,0.4609375,0.28813559
126,101,227,0.44335938,0.11013216
126,115,241,0.47070312,0.045643154
83,132,215,0.41992188,-0.22790698
89,142,231,0.45117188,-0.22943723
123,115,238,0.46484375,0.033613445
127,106,233,0.45507812,0.090128755
147,83,230,0.44921875,0.27826087
93,136,229,0.44726562,-0.18777293
111,100,211,0.41210938,0.052132701
94,134,228,0.4453125,-0.1754386
126,105,231,0.45117188,0.090909091
111,106,217,0.42382812,0.023041475
82,140,222,0.43359375,-0.26126126
125,106,231,0.45117188,0.082251082
106,133,239,0.46679688,-0.11297071
90,149,239,0.46679688,-0.24686192
107,122,229,0.44726562,-0.065502183
128,91,219,0.42773438,0.16894977
93,136,229,0.44726562,-0.18777293
99,119,218,0.42578125,-0.091743119
94,128,222,0.43359375,-0.15315315
78,150,228,0.4453125,-0.31578947
172,60,232,0.453125,0.48275862
98,129,227,0.44335938,-0.13656388
105,132,237,0.46289062,-0.11392405
81,143,224,0.4375,-0.27678571
93,131,224,0.4375,-0.16964286
90,137,227,0.44335938,-0.20704846
157,63,220,0.4296875,0.42727273
97,125,222,0.43359375,-0.12612613
147,77,224,0.4375,0.3125
76,164,240,0.46875,-0.36666667
124,120,244,0.4765625,0.016393443
154,83,237,0.46289062,0.29957806
82,148,230,0.44921875,-0.28695652
144,86,230,0.44921875,0.25217391
102,119,221,0.43164062,-0.076923077
73,144,217,0.42382812,-0.32718894
149,71,220,0.4296875,0.35454545
115,113,228,0.4453125,0.0087719298
130,101,231,0.45117188,0.12554113
141,99,240,0.46875,0.175
103,124,227,0.44335938,-0.092511013
130,101,231,0.45117188,0.12554113
142,90,232,0.453125,0.22413793
111,101,212,0.4140625,0.047169811
100,134,234,0.45703125,-0.14529915
60,180,240,0.46875,-0.5
116,111,227,0.44335938,0.022026432
139,86,225,0.43945312,0.23555556
70,159,229,0.44726562,-0.38864629
154,79,233,0.45507812,0.32188841
123,98,221,0.43164062,0.11312217
105,118,223,0.43554688,-0.058295964
165,77,242,0.47265625,0.36363636
113,116,229,0.44726562,-0.013100437
140,79,219,0.42773438,0.27853881
114,128,242,0.47265625,-0.05785124
94,145,239,0.46679688,-0.21338912
105,124,229,0.44726562,-0.082969432
118,119,237,0.46289062,-0.0042194093
96,155,251,0.49023438,-0.23505976
113,113,226,0.44140625,0
124,98,222,0.43359375,0.11711712
130,81,211,0.41210938,0.23222749
119,86,205,0.40039062,0.16097561
90,145,235,0.45898438,-0.23404255
82,148,230,0.44921875,-0.28695652
101,126,227,0.44335938,-0.11013216
109,115,224,0.4375,-0.026785714
122,114,236,0.4609375,0.033898305
133,97,230,0.44921875,0.15652174
111,118,229,0.44726562,-0.030567686
95,126,221,0.43164062,-0.14027149
117,108,225,0.43945312,0.04
85,138,223,0.43554688,-0.23766816
131,91,222,0.43359375,0.18018018
101,133,234,0.45703125,-0.13675214
73,154,227,0.44335938,-0.35682819
152,71,223,0.43554688,0.3632287
56,171,227,0.44335938,-0.50660793
129,98,227,0.44335938,0.13656388
127,106,233,0.45507812,0.090128755
109,124,233,0.45507812,-0.064377682
87,123,210,0.41015625,-0.17142857
117,120,237,0.46289062,-0.012658228
99,119,218,0.42578125,-0.091743119
159,82,241,0.47070312,0.31950207
112,124,236,0.4609375,-0.050847458
123,100,223,0.43554688,0.10313901
77,141,218,0.42578125,-0.29357798
92,126,218,0.42578125,-0.1559633
126,98,224,0.4375,0.125
129,104,233,0.45507812,0.10729614
125,100,225,0.43945312,0.11111111
110,111,221,0.43164062,-0.0045248869
141,96,237,0.46289062,0.18987342
102,121,223,0.43554688,-0.085201794
87,125,212,0.4140625,-0.17924528
104,121,225,0.43945312,-0.075555556
71,145,216,0.421875,-0.34259259
98,143,241,0.47070312,-0.18672199
107,134,241,0.47070312,-0.1120332
96,135,231,0.45117188,-0.16883117
105,126,231,0.45117188,-0.090909091
92,136,228,0.4453125,-0.19298246
166,69,235,0.45898438,0.41276596
153,78,231,0.45117188,0.32467532
124,105,229,0.44726562,0.082969432
142,83,225,0.43945312,0.26222222
106,123,229,0.44726562,-0.074235808
73,157,230,0.44921875,-0.36521739
105,135,240,0.46875,-0.125
145,94,239,0.46679688,0.21338912
95,129,224,0.4375,-0.15178571
126,104,230,0.44921875,0.095652174
179,54,233,0.45507812,0.53648069
185,49,234,0.45703125,0.58119658
81,155,236,0.4609375,-0.31355932
118,104,222,0.43359375,0.063063063
96,131,227,0.44335938,-0.15418502
151,88,239,0.46679688,0.26359833
178,57,235,0.45898438,0.51489362
116,117,233,0.45507812,-0.0042918455
94,156,250,0.48828125,-0.248
117,115,232,0.453125,0.0086206897
139,99,238,0.46484375,0.16806723
82,137,219,0.42773438,-0.25114155
116,112,228,0.4453125,0.01754386
142,87,229,0.44726562,0.24017467
147,79,226,0.44140625,0.30088496
126,89,215,0.41992188,0.17209302
133,90,223,0.43554688,0.19282511
113,124,237,0.46289062,-0.046413502
118,112,230,0.44921875,0.026086957
73,161,234,0.45703125,-0.37606838
93,138,231,0.45117188,-0.19480519
113,112,225,0.43945312,0.0044444444
113,127,240,0.46875,-0.058333333
114,122,236,0.4609375,-0.033898305
167,70,237,0.46289062,0.4092827
100,135,235,0.45898438,-0.14893617
74,149,223,0.43554688,-0.33632287
110,124,234,0.45703125,-0.05982906
95,123,218,0.42578125,-0.12844037
141,100,241,0.47070312,0.17012448
129,100,229,0.44726562,0.12663755
146,80,226,0.44140625,0.2920354
167,76,243,0.47460938,0.3744856
96,128,224,0.4375,-0.14285714
127,96,223,0.43554688,0.13901345
107,120,227,0.44335938,-0.057268722
112,123,235,0.45898438,-0.046808511
119,106,225,0.43945312,0.057777778
90,145,235,0.45898438,-0.23404255
70,149,219,0.42773438,-0.36073059
121,109,230,0.44921875,0.052173913
160,79,239,0.46679688,0.33891213
83,136,219,0.42773438,-0.24200913
123,103,226,0.44140625,0.088495575
125,117,242,0.47265625,0.033057851
129,102,231,0.45117188,0.11688312
116,120,236,0.4609375,-0.016949153
66,144,210,0.41015625,-0.37142857
137,85,222,0.43359375,0.23423423
117,117,234,0.45703125,0
116,116,232,0.453125,0
123,99,222,0.43359375,0.10810811
103,109,212,0.4140625,-0.028301887
130,99,229,0.44726562,0.13537118
93,136,229,0.44726562,-0.18777293
119,111,230,0.44921875,0.034782609
113,118,231,0.45117188,-0.021645022
96,123,219,0.42773438,-0.12328767
125,102,227,0.44335938,0.10132159
124,102,226,0.44140625,0.097345133
114,126,240,0.46875,-0.05
134,78,212,0.4140625,0.26415094
134,92,226,0.44140625,0.18584071
105,133,238,0.46484375,-0.11764706
80,152,232,0.453125,-0.31034483
120,99,219,0.42773438,0.095890411
118,102,220,0.4296875,0.072727273
143,83,226,0.44140625,0.26548673
154,81,235,0.45898438,0.3106383
84,148,232,0.453125,-0.27586207
134,109,243,0.47460938,0.10288066
104,130,234,0.45703125,-0.11111111
128,89,217,0.42382812,0.1797235
130,104,234,0.45703125,0.11111111
111,123,234,0.45703125,-0.051282051
105,124,229,0.44726562,-0.082969432
88,139,227,0.44335938,-0.2246696
84,154,238,0.46484375,-0.29411765
143,82,225,0.43945312,0.27111111
136,96,232,0.453125,0.17241379
109,121,230,0.44921875,-0.052173913
97,142,239,0.46679688,-0.18828452
75,163,238,0.46484375,-0.3697479
122,110,232,0.453125,0.051724138
82,162,244,0.4765625,-0.32786885
91,139,230,0.44921875,-0.20869565
103,124,227,0.44335938,-0.092511013
111,110,221,0.43164062,0.0045248869
128,106,234,0.45703125,0.094017094
108,116,224,0.4375,-0.035714286
156,71,227,0.44335938,0.37444934
68,159,227,0.44335938,-0.40088106
76,143,219,0.42773438,-0.30593607
122,105,227,0.44335938,0.074889868
113,111,224,0.4375,0.0089285714
109,115,224,0.4375,-0.026785714
122,114,236,0.4609375,0.033898305
115,113,228,0.4453125,0.0087719298
126,97,223,0.43554688,0.13004484
155,84,239,0.46679688,0.29707113
134,94,228,0.4453125,0.1754386
107,112,219,0.42773438,-0.02283105
91,135,226,0.44140625,-0.19469027
149,85,234,0.45703125,0.27350427
156,80,236,0.4609375,0.3220339
89,137,226,0.44140625,-0.21238938
131,96,227,0.44335938,0.15418502
91,147,238,0.46484375,-0.23529412
158,78,236,0.4609375,0.33898305
123,106,229,0.44726562,0.074235808
97,128,225,0.43945312,-0.13777778
116,121,237,0.46289062,-0.021097046
122,98,220,0.4296875,0.10909091
141,84,225,0.43945312,0.25333333
119,109,228,0.4453125,0.043859649
114,110,224,0.4375,0.017857143
125,112,237,0.46289062,0.054852321
128,107,235,0.45898438,0.089361702
108,110,218,0.42578125,-0.0091743119
159,79,238,0.46484375,0.33613445
68,173,241,0.47070312,-0.43568465
90,135,225,0.43945312,-0.2
72,180,252,0.4921875,-0.42857143
93,142,235,0.45898438,-0.20851064
124,101,225,0.43945312,0.10222222
130,104,234,0.45703125,0.11111111
107,101,208,0.40625,0.028846154
110,125,235,0.45898438,-0.063829787
156,76,232,0.453125,0.34482759
132,104,236,0.4609375,0.11864407
90,125,215,0.41992188,-0.1627907
138,88,226,0.44140625,0.22123894
116,113,229,0.44726562,0.013100437
147,89,236,0.4609375,0.24576271
92,147,239,0.46679688,-0.23012552
119,112,231,0.45117188,0.03030303
133,93,226,0.44140625,0.17699115
85,156,241,0.47070312,-0.29460581
172,72,244,0.4765625,0.40983607
145,106,251,0.49023438,0.15537849
111,126,237,0.46289062,-0.063291139
139,93,232,0.453125,0.19827586
145,88,233,0.45507812,0.24463519
103,131,234,0.45703125,-0.11965812
85,130,215,0.41992188,-0.20930233
123,123,246,0.48046875,0
101,126,227,0.44335938,-0.11013216
120,118,238,0.46484375,0.0084033613
129,102,231,0.45117188,0.11688312
118,117,235,0.45898438,0.0042553191
102,127,229,0.44726562,-0.10917031
121,102,223,0.43554688,0.085201794
109,111,220,0.4296875,-0.0090909091
95,148,243,0.47460938,-0.218107
124,101,225,0.43945312,0.10222222
148,77,225,0.43945312,0.31555556
106,132,238,0.46484375,-0.1092437
136,94,230,0.44921875,0.1826087
102,135,237,0.46289062,-0.13924051
138,83,221,0.43164062,0.24886878
103,122,225,0.43945312,-0.084444444
142,91,233,0.45507812,0.21888412
91,132,223,0.43554688,-0.1838565
80,157,237,0.46289062,-0.32489451
131,92,223,0.43554688,0.17488789
117,117,234,0.45703125,0
91,146,237,0.46289062,-0.23206751
165,73,238,0.46484375,0.38655462
93,143,236,0.4609375,-0.21186441
106,124,230,0.44921875,-0.07826087
72,170,242,0.47265625,-0.40495868
123,113,236,0.4609375,0.042372881
130,106,236,0.4609375,0.10169492
99,125,224,0.4375,-0.11607143
92,125,217,0.42382812,-0.15207373
118,120,238,0.46484375,-0.0084033613
143,77,220,0.4296875,0.3
105,116,221,0.43164062,-0.049773756
125,105,230,0.44921875,0.086956522
158,77,235,0.45898438,0.34468085
99,124,223,0.43554688,-0.11210762
124,106,230,0.44921875,0.07826087
161,66,227,0.44335938,0.4185022
125,101,226,0.44140625,0.10619469
141,103,244,0.4765625,0.1557377
116,113,229,0.44726562,0.013100437
140,98,238,0.46484375,0.17647059
140,105,245,0.47851562,0.14285714
173,59,232,0.453125,0.49137931
108,121,229,0.44726562,-0.056768559
121,112,233,0.45507812,0.038626609
100,126,226,0.44140625,-0.11504425
93,140,233,0.45507812,-0.20171674
148,73,221,0.43164062,0.33936652
86,146,232,0.453125,-0.25862069
158,71,229,0.44726562,0.37991266
145,80,225,0.43945312,0.28888889
160,70,230,0.44921875,0.39130435
101,129,230,0.44921875,-0.12173913
137,99,236,0.4609375,0.16101695
99,132,231,0.45117188,-0.14285714
139,97,236,0.4609375,0.1779661
105,129,234,0.45703125,-0.1025641
109,120,229,0.44726562,-0.048034934
129,116,245,0.47851562,0.053061224
103,137,240,0.46875,-0.14166667
95,142,237,0.46289062,-0.19831224
92,133,225,0.43945312,-0.18222222
119,118,237,0.46289062,0.0042194093
165,72,237,0.46289062,0.39240506
82,141,223,0.43554688,-0.26457399
177,60,237,0.46289062,0.49367089
156,75,231,0.45117188,0.35064935
108,128,236,0.4609375,-0.084745763
121,109,230,0.44921875,0.052173913
109,115,224,0.4375,-0.026785714
125,108,233,0.45507812,0.072961373
85,156,241,0.47070312,-0.29460581
100,124,224,0.4375,-0.10714286
123,109,232,0.453125,0.060344828
121,126,247,0.48242188,-0.020242915
87,147,234,0.45703125,-0.25641026
85,131,216,0.421875,-0.21296296
100,119,219,0.42773438,-0.086757991
88,134,222,0.43359375,-0.20720721
124,109,233,0.45507812,0.064377682
131,100,231,0.45117188,0.13419913
131,104,235,0.45898438,0.11489362
132,95,227,0.44335938,0.16299559
108,113,221,0.43164062,-0.022624434
147,68,215,0.41992188,0.36744186
68,167,235,0.45898438,-0.4212766
138,81,219,0.42773438,0.26027397
121,99,220,0.4296875,0.1
111,124,235,0.45898438,-0.055319149
152,81,233,0.45507812,0.30472103
127,109,236,0.4609375,0.076271186
118,105,223,0.43554688,0.058295964
85,151,236,0.4609375,-0.27966102
122,114,236,0.4609375,0.033898305
66,158,224,0.4375,-0.41071429
95,131,226,0.44140625,-0.15929204
55,167,222,0.43359375,-0.5045045
143,82,225,0.43945312,0.27111111
106,106,212,0.4140625,0
138,94,232,0.453125,0.18965517
164,67,231,0.45117188,0.41991342
58,163,221,0.43164062,-0.47511312
107,127,234,0.45703125,-0.085470085
69,167,236,0.4609375,-0.41525424
123,113,236,0.4609375,0.042372881
130,101,231,0.45117188,0.12554113
78,150,228,0.4453125,-0.31578947
111,121,232,0.453125,-0.043103448
116,114,230,0.44921875,0.0086956522
42,184,226,0.44140625,-0.62831858
46,185,231,0.45117188,-0.6017316
87,149,236,0.4609375,-0.26271186
64,166,230,0.44921875,-0.44347826
154,79,233,0.45507812,0.32188841
108,129,237,0.46289062,-0.088607595
128,96,224,0.4375,0.14285714
125,108,233,0.45507812,0.072961373
143,91,234,0.45703125,0.22222222
124,94,218,0.42578125,0.13761468
121,97,218,0.42578125,0.11009174
153,85,238,0.46484375,0.28571429
140,87,227,0.44335938,0.23348018
77,149,226,0.44140625,-0.31858407
76,147,223,0.43554688,-0.31838565
107,148,255,0.49804688,-0.16078431
154,70,224,0.4375,0.375
102,126,228,0.4453125,-0.10526316
45,168,213,0.41601562,-0.57746479
115,121,236,0.4609375,-0.025423729
135,90,225,0.43945312,0.2
141,99,240,0.46875,0.175
130,98,228,0.4453125,0.14035088
104,119,223,0.43554688,-0.067264574
68,161,229,0.44726562,-0.40611354
109,108,217,0.42382812,0.0046082949
69,143,212,0.4140625,-0.3490566
129,95,224,0.4375,0.15178571
156,94,250,0.48828125,0.248
79,144,223,0.43554688,-0.29147982
120,109,229,0.44726562,0.048034934
95,142,237,0.46289062,-0.19831224
141,88,229,0.44726562,0.23144105
108,134,242,0.47265625,-0.10743802
83,168,251,0.49023438,-0.33864542
109,117,226,0.44140625,-0.03539823
94,130,224,0.4375,-0.16071429
101,141,242,0.47265625,-0.16528926
90,132,222,0.43359375,-0.18918919
128,106,234,0.45703125,0.094017094
96,128,224,0.4375,-0.14285714
100,126,226,0.44140625,-0.11504425
79,157,236,0.4609375,-0.33050847
83,163,246,0.48046875,-0.32520325
132,97,229,0.44726562,0.15283843
166,75,241,0.47070312,0.37759336
128,93,221,0.43164062,0.15837104
87,150,237,0.46289062,-0.26582278
84,135,219,0.42773438,-0.23287671
58,195,253,0.49414062,-0.54150198
123,100,223,0.43554688,0.10313901
164,73,237,0.46289062,0.38396624
138,72,210,0.41015625,0.31428571
115,108,223,0.43554688,0.031390135
82,150,232,0.453125,-0.29310345
110,121,231,0.45117188,-0.047619048
106,102,208,0.40625,0.019230769
136,97,233,0.45507812,0.16738197
91,141,232,0.453125,-0.21551724
125,90,215,0.41992188,0.1627907
158,85,243,0.47460938,0.30041152
88,142,230,0.44921875,-0.23478261
87,156,243,0.47460938,-0.28395062
129,90,219,0.42773438,0.17808219
128,103,231,0.45117188,0.10822511
105,126,231,0.45117188,-0.090909091
125,106,231,0.45117188,0.082251082
73,138,211,0.41210938,-0.30805687
97,131,228,0.4453125,-0.14912281
101,145,246,0.48046875,-0.17886179
137,91,228,0.4453125,0.20175439
134,104,238,0.46484375,0.12605042
90,133,223,0.43554688,-0.19282511
81,153,234,0.45703125,-0.30769231
100,122,222,0.43359375,-0.099099099
157,71,228,0.4453125,0.37719298
99,124,223,0.43554688,-0.11210762
135,85,220,0.4296875,0.22727273
84,150,234,0.45703125,-0.28205128
117,114,231,0.45117188,0.012987013
97,124,221,0.43164062,-0.12217195
154,93,247,0.48242188,0.24696356
92,134,226,0.44140625,-0.18584071
134,88,222,0.43359375,0.20720721
118,124,242,0.47265625,-0.024793388
108,127,235,0.45898438,-0.080851064
123,109,232,0.453125,0.060344828
68,168,236,0.4609375,-0.42372881
133,95,228,0.4453125,0.16666667
104,120,224,0.4375,-0.071428571
137,101,238,0.46484375,0.1512605
91,146,237,0.46289062,-0.23206751
106,142,248,0.484375,-0.14516129
85,155,240,0.46875,-0.29166667
79,170,249,0.48632812,-0.36546185
134,104,238,0.46484375,0.12605042
98,122,220,0.4296875,-0.10909091
88,142,230,0.44921875,-0.23478261
87,151,238,0.46484375,-0.26890756
124,117,241,0.47070312,0.029045643
114,106,220,0.4296875,0.036363636
152,85,237,0.46289062,0.28270042
99,137,236,0.4609375,-0.16101695
93,131,224,0.4375,-0.16964286
129,95,224,0.4375,0.15178571
96,145,241,0.47070312,-0.2033195
72,158,230,0.44921875,-0.37391304
99,124,223,0.43554688,-0.11210762
141,102,243,0.47460938,0.16049383
129,101,230,0.44921875,0.12173913
86,141,227,0.44335938,-0.24229075
170,62,232,0.453125,0.46551724
76,155,231,0.45117188,-0.34199134
76,160,236,0.4609375,-0.3559322
100,135,235,0.45898438,-0.14893617
163,69,232,0.453125,0.40517241
81,145,226,0.44140625,-0.28318584
136,81,217,0.42382812,0.25345622
113,105,218,0.42578125,0.036697248
120,114,234,0.45703125,0.025641026
79,145,224,0.4375,-0.29464286
101,131,232,0.453125,-0.12931034
51,182,233,0.45507812,-0.56223176
131,85,216,0.421875,0.21296296
71,147,218,0.42578125,-0.34862385
99,130,229,0.44726562,-0.13537118
163,66,229,0.44726562,0.42358079
120,108,228,0.4453125,0.052631579
115,124,239,0.46679688,-0.037656904
99,126,225,0.43945312,-0.12
119,111,230,0.44921875,0.034782609
199,35,234,0.45703125,0.7008547
156,61,217,0.42382812,0.43778802
165,72,237,0.46289062,0.39240506
94,142,236,0.4609375,-0.20338983
39,198,237,0.46289062,-0.67088608
111,108,219,0.42773438,0.01369863
84,137,221,0.43164062,-0.239819
130,101,231,0.45117188,0.12554113
68,159,227,0.44335938,-0.40088106
85,146,231,0.45117188,-0.26406926
79,144,223,0.43554688,-0.29147982
103,120,223,0.43554688,-0.076233184
72,150,222,0.43359375,-0.35135135
158,70,228,0.4453125,0.38596491
111,128,239,0.46679688,-0.071129707
68,158,226,0.44140625,-0.39823009
117,104,221,0.43164062,0.058823529
96,120,216,0.421875,-0.11111111
143,96,239,0.46679688,0.19665272
93,138,231,0.45117188,-0.19480519
115,134,249,0.48632812,-0.076305221
162,70,232,0.453125,0.39655172
100,123,223,0.43554688,-0.10313901
119,112,231,0.45117188,0.03030303
71,139,210,0.41015625,-0.32380952
85,146,231,0.45117188,-0.26406926
93,136,229,0.44726562,-0.18777293
113,121,234,0.45703125,-0.034188034
58,162,220,0.4296875,-0.47272727
63,163,226,0.44140625,-0.44247788
130,103,233,0.45507812,0.11587983
61,168,229,0.44726562,-0.46724891
89,144,233,0.45507812,-0.2360515
150,76,226,0.44140625,0.32743363
111,124,235,0.45898438,-0.055319149
139,91,230,0.44921875,0.20869565
91,143,234,0.45703125,-0.22222222
100,156,256,0.5,-0.21875
126,95,221,0.43164062,0.14027149
105,127,232,0.453125,-0.094827586
141,96,237,0.46289062,0.18987342
136,93,229,0.44726562,0.18777293
161,65,226,0.44140625,0.42477876
99,125,224,0.4375,-0.11607143
92,133,225,0.43945312,-0.18222222
112,110,222,0.43359375,0.009009009
65,150,215,0.41992188,-0.39534884
80,149,229,0.44726562,-0.30131004
94,136,230,0.44921875,-0.1826087
72,147,219,0.42773438,-0.34246575
149,84,233,0.45507812,0.27896996
69,146,215,0.41992188,-0.35813953
78,158,236,0.4609375,-0.33898305
84,136,220,0.4296875,-0.23636364
138,100,238,0.46484375,0.15966387
166,74,240,0.46875,0.38333333
115,111,226,0.44140625,0.017699115
143,72,215,0.41992188,0.33023256
113,125,238,0.46484375,-0.050420168
86,147,233,0.45507812,-0.26180258
204,43,247,0.48242188,0.65182186
137,89,226,0.44140625,0.21238938
122,119,241,0.47070312,0.012448133
123,107,230,0.44921875,0.069565217
117,119,236,0.4609375,-0.0084745763
112,103,215,0.41992188,0.041860465
132,94,226,0.44140625,0.16814159
110,124,234,0.45703125,-0.05982906
116,109,225,0.43945312,0.031111111
112,119,231,0.45117188,-0.03030303
106,127,233,0.45507812,-0.090128755
98,125,223,0.43554688,-0.12107623
115,100,215,0.41992188,0.069767442
170,56,226,0.44140625,0.50442478
128,99,227,0.44335938,0.1277533
106,129,235,0.45898438,-0.09787234
108,118,226,0.44140625,-0.044247788
104,130,234,0.45703125,-0.11111111
110,113,223,0.43554688,-0.013452915
144,73,217,0.42382812,0.32718894
89,140,229,0.44726562,-0.22270742
46,203,249,0.48632812,-0.63052209
107,118,225,0.43945312,-0.048888889
114,126,240,0.46875,-0.05
139,100,239,0.46679688,0.16317992
89,132,221,0.43164062,-0.19457014
93,152,245,0.47851562,-0.24081633
126,89,215,0.41992188,0.17209302
122,111,233,0.45507812,0.0472103
153,72,225,0.43945312,0.36
107,123,230,0.44921875,-0.069565217
87,132,219,0.42773438,-0.20547945
134,96,230,0.44921875,0.16521739
100,116,216,0.421875,-0.074074074
92,139,231,0.45117188,-0.2034632
114,117,231,0.45117188,-0.012987013
129,96,225,0.43945312,0.14666667
101,131,232,0.453125,-0.12931034
112,111,223,0.43554688,0.0044843049
150,83,233,0.45507812,0.28755365
127,118,245,0.47851562,0.036734694
140,95,235,0.45898438,0.19148936
108,113,221,0.43164062,-0.022624434
96,138,234,0.45703125,-0.17948718
97,150,247,0.48242188,-0.2145749
141,87,228,0.4453125,0.23684211
119,124,243,0.47460938,-0.020576132
93,129,222,0.43359375,-0.16216216
73,146,219,0.42773438,-0.33333333
105,130,235,0.45898438,-0.10638298
96,124,220,0.4296875,-0.12727273
118,123,241,0.47070312,-0.020746888
116,113,229,0.44726562,0.013100437
84,153,237,0.46289062,-0.29113924
114,111,225,0.43945312,0.013333333
127,94,221,0.43164062,0.14932127
94,132,226,0.44140625,-0.16814159
87,144,231,0.45117188,-0.24675325
115,119,234,0.45703125,-0.017094017
96,136,232,0.453125,-0.17241379
91,142,233,0.45507812,-0.21888412
99,119,218,0.42578125,-0.091743119
109,110,219,0.42773438,-0.00456621
156,81,237,0.46289062,0.3164557
75,169,244,0.4765625,-0.3852459
184,53,237,0.46289062,0.55274262
77,155,232,0.453125,-0.3362069
140,98,238,0.46484375,0.17647059
86,138,224,0.4375,-0.23214286
146,86,232,0.453125,0.25862069
132,86,218,0.42578125,0.21100917
95,144,239,0.46679688,-0.20502092
137,88,225,0.43945312,0.21777778
151,99,250,0.48828125,0.208
161,80,241,0.47070312,0.33609959
127,105,232,0.453125,0.094827586
131,96,227,0.44335938,0.15418502
84,144,228,0.4453125,-0.26315789
119,93,212,0.4140625,0.12264151
128,104,232,0.453125,0.10344828
96,125,221,0.43164062,-0.13122172
154,81,235,0.45898438,0.3106383
147,72,219,0.42773438,0.34246575
146,88,234,0.45703125,0.24786325
161,73,234,0.45703125,0.37606838
113,116,229,0.44726562,-0.013100437
126,104,230,0.44921875,0.095652174
97,125,222,0.43359375,-0.12612613
114,109,223,0.43554688,0.022421525
92,139,231,0.45117188,-0.2034632
114,113,227,0.44335938,0.0044052863
130,113,243,0.47460938,0.069958848
102,118,220,0.4296875,-0.072727273
132,78,210,0.41015625,0.25714286
129,96,225,0.43945312,0.14666667
87,133,220,0.4296875,-0.20909091
142,95,237,0.46289062,0.19831224
143,81,224,0.4375,0.27678571
132,89,221,0.43164062,0.19457014
96,127,223,0.43554688,-0.13901345
108,133,241,0.47070312,-0.10373444
98,132,230,0.44921875,-0.14782609
79,158,237,0.46289062,-0.33333333
65,155,220,0.4296875,-0.40909091
142,83,225,0.43945312,0.26222222
132,84,216,0.421875,0.22222222
66,160,226,0.44140625,-0.4159292
111,107,218,0.42578125,0.018348624
97,144,241,0.47070312,-0.19502075
98,151,249,0.48632812,-0.21285141
142,91,233,0.45507812,0.21888412
78,157,235,0.45898438,-0.33617021
92,155,247,0.48242188,-0.25506073
40,197,237,0.46289062,-0.66244726
149,87,236,0.4609375,0.26271186
98,121,219,0.42773438,-0.10502283
126,98,224,0.4375,0.125
134,98,232,0.453125,0.15517241
75,157,232,0.453125,-0.35344828
78,152,230,0.44921875,-0.32173913
63,163,226,0.44140625,-0.44247788
128,115,243,0.47460938,0.053497942
102,126,228,0.4453125,-0.10526316
120,104,224,0.4375,0.071428571
106,105,211,0.41210938,0.0047393365
90,127,217,0.42382812,-0.17050691
156,94,250,0.48828125,0.248
110,114,224,0.4375,-0.017857143
122,119,241,0.47070312,0.012448133
149,93,242,0.47265625,0.23140496
103,127,230,0.44921875,-0.10434783
86,138,224,0.4375,-0.23214286
61,173,234,0.45703125,-0.47863248
120,116,236,0.4609375,0.016949153
129,107,236,0.4609375,0.093220339
64,174,238,0.46484375,-0.46218487
119,109,228,0.4453125,0.043859649
164,60,224,0.4375,0.46428571
130,84,214,0.41796875,0.21495327
116,107,223,0.43554688,0.040358744
87,142,229,0.44726562,-0.24017467
160,72,232,0.453125,0.37931034
109,124,233,0.45507812,-0.064377682
146,87,233,0.45507812,0.25321888
78,153,231,0.45117188,-0.32467532
108,139,247,0.48242188,-0.12550607
154,82,236,0.4609375,0.30508475
82,140,222,0.43359375,-0.26126126
100,135,235,0.45898438,-0.14893617
121,114,235,0.45898438,0.029787234
140,91,231,0.45117188,0.21212121
148,75,223,0.43554688,0.32735426
118,115,233,0.45507812,0.012875536
152,70,222,0.43359375,0.36936937
112,115,227,0.44335938,-0.013215859
116,106,222,0.43359375,0.045045045
92,130,222,0.43359375,-0.17117117
107,119,226,0.44140625,-0.053097345
117,94,211,0.41210938,0.10900474
77,171,248,0.484375,-0.37903226
152,80,232,0.453125,0.31034483
104,139,243,0.47460938,-0.14403292
96,145,241,0.47070312,-0.2033195
80,149,229,0.44726562,-0.30131004
65,176,241,0.47070312,-0.46058091
155,63,218,0.42578125,0.42201835
160,67,227,0.44335938,0.40969163
177,70,247,0.48242188,0.43319838
183,55,238,0.46484375,0.53781513
82,148,230,0.44921875,-0.28695652
100,131,231,0.45117188,-0.13419913
124,96,220,0.4296875,0.12727273
124,117,241,0.47070312,0.029045643
77,149,226,0.44140625,-0.31858407
102,126,228,0.4453125,-0.10526316
74,163,237,0.46289062,-0.37552743
159,63,222,0.43359375,0.43243243
111,116,227,0.44335938,-0.022026432
145,84,229,0.44726562,0.26637555
97,121,218,0.42578125,-0.11009174
121,113,234,0.45703125,0.034188034
113,119,232,0.453125,-0.025862069
113,114,227,0.44335938,-0.0044052863
132,105,237,0.46289062,0.11392405
142,81,223,0.43554688,0.2735426
134,105,239,0.46679688,0.12133891
83,146,229,0.44726562,-0.27510917
111,117,228,0.4453125,-0.026315789
82,147,229,0.44726562,-0.28384279
99,113,212,0.4140625,-0.066037736
146,73,219,0.42773438,0.33333333
114,112,226,0.44140625,0.0088495575
114,125,239,0.46679688,-0.046025105
126,103,229,0.44726562,0.10043668
125,91,216,0.421875,0.15740741
58,164,222,0.43359375,-0.47747748
127,98,225,0.43945312,0.12888889
120,101,221,0.43164062,0.085972851
95,119,214,0.41796875,-0.11214953
52,188,240,0.46875,-0.56666667
132,105,237,0.46289062,0.11392405
134,100,234,0.45703125,0.14529915
193,30,223,0.43554688,0.7309417
82,154,236,0.4609375,-0.30508475
114,124,238,0.46484375,-0.042016807
95,136,231,0.45117188,-0.17748918
120,101,221,0.43164062,0.085972851
66,164,230,0.44921875,-0.42608696
126,113,239,0.46679688,0.054393305
115,116,231,0.45117188,-0.0043290043
116,108,224,0.4375,0.035714286
112,106,218,0.42578125,0.027522936
114,125,239,0.46679688,-0.046025105
160,85,245,0.47851562,0.30612245
116,120,236,0.4609375,-0.016949153
128,108,236,0.4609375,0.084745763
176,58,234,0.45703125,0.5042735
94,139,233,0.45507812,-0.19313305
89,128,217,0.42382812,-0.1797235
128,103,231,0.45117188,0.10822511
68,168,236,0.4609375,-0.42372881
95,144,239,0.46679688,-0.20502092
80,165,245,0.47851562,-0.34693878
119,120,239,0.46679688,-0.0041841004
81,153,234,0.45703125,-0.30769231
88,128,216,0.421875,-0.18518519
78,147,225,0.43945312,-0.30666667
137,106,243,0.47460938,0.12757202
50,175,225,0.43945312,-0.55555556
108,120,228,0.4453125,-0.052631579
111,111,222,0.43359375,0
73,155,228,0.4453125,-0.35964912
98,148,246,0.48046875,-0.20325203
99,126,225,0.43945312,-0.12
144,91,235,0.45898438,0.22553191
137,78,215,0.41992188,0.2744186
92,130,222,0.43359375,-0.17117117
130,96,226,0.44140625,0.15044248
100,133,233,0.45507812,-0.1416309
114,111,225,0.43945312,0.013333333
109,123,232,0.453125,-0.060344828
157,85,242,0.47265625,0.29752066
117,104,221,0.43164062,0.058823529
98,137,235,0.45898438,-0.16595745
95,138,233,0.45507812,-0.18454936
80,154,234,0.45703125,-0.31623932
94,134,228,0.4453125,-0.1754386
160,78,238,0.46484375,0.34453782
136,96,232,0.453125,0.17241379
147,74,221,0.43164062,0.33031674
140,96,236,0.4609375,0.18644068
87,148,235,0.45898438,-0.25957447
135,86,221,0.43164062,0.22171946
131,94,225,0.43945312,0.16444444
59,161,220,0.4296875,-0.46363636
128,109,237,0.46289062,0.080168776
115,116,231,0.45117188,-0.0043290043
102,138,240,0.46875,-0.15
132,114,246,0.48046875,0.073170732
116,124,240,0.46875,-0.033333333
121,93,214,0.41796875,0.13084112
94,121,215,0.41992188,-0.1255814
143,98,241,0.47070312,0.18672199
107,142,249,0.48632812,-0.14056225
96,126,222,0.43359375,-0.13513514
115,117,232,0.453125,-0.0086206897
70,160,230,0.44921875,-0.39130435
148,91,239,0.46679688,0.23849372
70,140,210,0.41015625,-0.33333333
185,45,230,0.44921875,0.60869565
100,136,236,0.4609375,-0.15254237
117,109,226,0.44140625,0.03539823
100,131,231,0.45117188,-0.13419913
118,115,233,0.45507812,0.012875536
101,137,238,0.46484375,-0.1512605
104,126,230,0.44921875,-0.095652174
157,61,218,0.42578125,0.44036697
136,95,231,0.45117188,0.17748918
98,138,236,0.4609375,-0.16949153
103,122,225,0.43945312,-0.084444444
111,118,229,0.44726562,-0.030567686
155,85,240,0.46875,0.29166667
148,80,228,0.4453125,0.29824561
126,105,231,0.45117188,0.090909091
92,129,221,0.43164062,-0.16742081
144,93,237,0.46289062,0.21518987
92,136,228,0.4453125,-0.19298246
76,138,214,0.41796875,-0.28971963
117,110,227,0.44335938,0.030837004
108,118,226,0.44140625,-0.044247788
128,108,236,0.4609375,0.084745763
105,116,221,0.43164062,-0.049773756
89,124,213,0.41601562,-0.16431925
110,129,239,0.46679688,-0.079497908
83,159,242,0.47265625,-0.31404959
98,125,223,0.43554688,-0.12107623
52,177,229,0.44726562,-0.54585153
111,121,232,0.453125,-0.043103448
104,121,225,0.43945312,-0.075555556
70,160,230,0.44921875,-0.39130435
75,148,223,0.43554688,-0.32735426
160,61,221,0.43164062,0.4479638
147,102,249,0.48632812,0.18072289
104,110,214,0.41796875,-0.028037383
105,122,227,0.44335938,-0.074889868
112,129,241,0.47070312,-0.070539419
110,123,233,0.45507812,-0.055793991
143,98,241,0.47070312,0.18672199
99,137,236,0.4609375,-0.16101695
97,126,223,0.43554688,-0.13004484
135,87,222,0.43359375,0.21621622
150,82,232,0.453125,0.29310345
114,112,226,0.44140625,0.0088495575
120,105,225,0.43945312,0.066666667
115,124,239,0.46679688,-0.037656904
143,97,240,0.46875,0.19166667
127,109,236,0.4609375,0.076271186
108,120,228,0.4453125,-0.052631579
55,171,226,0.44140625,-0.51327434
123,115,238,0.46484375,0.033613445
101,130,231,0.45117188,-0.12554113
73,151,224,0.4375,-0.34821429
150,75,225,0.43945312,0.33333333
120,97,217,0.42382812,0.10599078
109,128,237,0.46289062,-0.080168776
114,110,224,0.4375,0.017857143
99,125,224,0.4375,-0.11607143
98,134,232,0.453125,-0.15517241
81,169,250,0.48828125,-0.352
116,100,216,0.421875,0.074074074
110,131,241,0.47070312,-0.087136929
153,72,225,0.43945312,0.36
93,140,233,0.45507812,-0.20171674
134,98,232,0.453125,0.15517241
103,136,239,0.46679688,-0.13807531
103,119,222,0.43359375,-0.072072072
93,139,232,0.453125,-0.19827586
107,113,220,0.4296875,-0.027272727
164,81,245,0.47851562,0.33877551
124,103,227,0.44335938,0.092511013
124,98,222,0.43359375,0.11711712
104,120,224,0.4375,-0.071428571
117,98,215,0.41992188,0.088372093
142,80,222,0.43359375,0.27927928
158,69,227,0.44335938,0.39207048
113,124,237,0.46289062,-0.046413502
124,104,228,0.4453125,0.087719298
91,147,238,0.46484375,-0.23529412
116,108,224,0.4375,0.035714286
127,94,221,0.43164062,0.14932127
158,53,211,0.41210938,0.49763033
136,94,230,0.44921875,0.1826087
105,116,221,0.43164062,-0.049773756
104,135,239,0.46679688,-0.12970711
88,150,238,0.46484375,-0.2605042
111,110,221,0.43164062,0.0045248869
148,97,245,0.47851562,0.20816327
59,166,225,0.43945312,-0.47555556
123,119,242,0.47265625,0.016528926
152,74,226,0.44140625,0.34513274
153,91,244,0.4765625,0.25409836
112,119,231,0.45117188,-0.03030303
67,147,214,0.41796875,-0.37383178
126,110,236,0.4609375,0.06779661
105,128,233,0.45507812,-0.098712446
51,183,234,0.45703125,-0.56410256
110,123,233,0.45507812,-0.055793991
88,143,231,0.45117188,-0.23809524
92,142,234,0.45703125,-0.21367521
106,110,216,0.421875,-0.018518519
89,118,207,0.40429688,-0.14009662
116,111,227,0.44335938,0.022026432
122,110,232,0.453125,0.051724138
104,132,236,0.4609375,-0.11864407
66,167,233,0.45507812,-0.43347639
95,129,224,0.4375,-0.15178571
138,108,246,0.48046875,0.12195122
171,61,232,0.453125,0.47413793
165,72,237,0.46289062,0.39240506
146,74,220,0.4296875,0.32727273
77,158,235,0.45898438,-0.34468085
135,102,237,0.46289062,0.13924051
120,113,233,0.45507812,0.030042918
101,121,222,0.43359375,-0.09009009
92,141,233,0.45507812,-0.21030043
145,75,220,0.4296875,0.31818182
106,124,230,0.44921875,-0.07826087
111,124,235,0.45898438,-0.055319149
173,67,240,0.46875,0.44166667
124,107,231,0.45117188,0.073593074
147,79,226,0.44140625,0.30088496
116,110,226,0.44140625,0.026548673
94,128,222,0.43359375,-0.15315315
130,111,241,0.47070312,0.078838174
133,94,227,0.44335938,0.17180617
90,120,210,0.41015625,-0.14285714
104,130,234,0.45703125,-0.11111111
102,127,229,0.44726562,-0.10917031
82,133,215,0.41992188,-0.2372093
82,143,225,0.43945312,-0.27111111
69,172,241,0.47070312,-0.42738589
119,105,224,0.4375,0.0625
104,135,239,0.46679688,-0.12970711
107,122,229,0.44726562,-0.065502183
160,67,227,0.44335938,0.40969163
119,109,228,0.4453125,0.043859649
107,125,232,0.453125,-0.077586207
138,97,235,0.45898438,0.17446809
115,118,233,0.45507812,-0.012875536
94,138,232,0.453125,-0.18965517
152,60,212,0.4140625,0.43396226
59,162,221,0.43164062,-0.46606335
154,75,229,0.44726562,0.34497817
100,136,236,0.4609375,-0.15254237
108,121,229,0.44726562,-0.056768559
102,121,223,0.43554688,-0.085201794
89,141,230,0.44921875,-0.22608696
154,66,220,0.4296875,0.4
130,85,215,0.41992188,0.20930233
96,133,229,0.44726562,-0.16157205
69,166,235,0.45898438,-0.41276596
104,132,236,0.4609375,-0.11864407
154,71,225,0.43945312,0.36888889
113,118,231,0.45117188,-0.021645022
121,100,221,0.43164062,0.095022624
122,110,232,0.453125,0.051724138
90,135,225,0.43945312,-0.2
113,107,220,0.4296875,0.027272727
112,112,224,0.4375,0
95,127,222,0.43359375,-0.14414414
98,124,222,0.43359375,-0.11711712
106,120,226,0.44140625,-0.061946903
82,143,225,0.43945312,-0.27111111
132,87,219,0.42773438,0.20547945
149,77,226,0.44140625,0.31858407
149,71,220,0.4296875,0.35454545
111,108,219,0.42773438,0.01369863
140,86,226,0.44140625,0.23893805
113,129,242,0.47265625,-0.066115702
132,105,237,0.46289062,0.11392405
90,130,220,0.4296875,-0.18181818
115,114,229,0.44726562,0.0043668122
116,108,224,0.4375,0.035714286
102,131,233,0.45507812,-0.12446352
138,88,226,0.44140625,0.22123894
125,106,231,0.45117188,0.082251082
122,111,233,0.45507812,0.0472103
110,101,211,0.41210938,0.042654028
141,100,241,0.47070312,0.17012448
138,96,234,0.45703125,0.17948718
116,100,216,0.421875,0.074074074
113,108,221,0.43164062,0.022624434
121,122,243,0.47460938,-0.0041152263
82,145,227,0.44335938,-0.27753304
145,96,241,0.47070312,0.2033195
113,120,233,0.45507812,-0.030042918
148,102,250,0.48828125,0.184
35,199,234,0.45703125,-0.7008547
92,142,234,0.45703125,-0.21367521
136,91,227,0.44335938,0.19823789
131,96,227,0.44335938,0.15418502
116,110,226,0.44140625,0.026548673
79,164,243,0.47460938,-0.34979424
122,101,223,0.43554688,0.094170404
123,104,227,0.44335938,0.083700441
132,94,226,0.44140625,0.16814159
75,155,230,0.44921875,-0.34782609
105,122,227,0.44335938,-0.074889868
97,144,241,0.47070312,-0.19502075
161,78,239,0.46679688,0.34728033
89,143,232,0.453125,-0.23275862
103,112,215,0.41992188,-0.041860465
103,136,239,0.46679688,-0.13807531
95,144,239,0.46679688,-0.20502092
70,169,239,0.46679688,-0.41422594
119,113,232,0.453125,0.025862069
142,93,235,0.45898438,0.20851064
78,137,215,0.41992188,-0.2744186
99,130,229,0.44726562,-0.13537118
107,121,228,0.4453125,-0.061403509
75,152,227,0.44335938,-0.33920705
111,115,226,0.44140625,-0.017699115
89,135,224,0.4375,-0.20535714
103,119,222,0.43359375,-0.072072072
138,99,237,0.46289062,0.16455696
132,97,229,0.44726562,0.15283843
108,117,225,0.43945312,-0.04
124,120,244,0.4765625,0.016393443
162,73,235,0.45898438,0.3787234
108,124,232,0.453125,-0.068965517
86,134,220,0.4296875,-0.21818182
124,109,233,0.45507812,0.064377682
136,92,228,0.4453125,0.19298246
98,142,240,0.46875,-0.18333333
113,103,216,0.421875,0.046296296
85,139,224,0.4375,-0.24107143
45,193,238,0.46484375,-0.62184874
52,191,243,0.47460938,-0.57201646
110,134,244,0.4765625,-0.098360656
183,60,243,0.47460938,0.50617284
131,115,246,0.48046875,0.06504065
81,154,235,0.45898438,-0.3106383
128,102,230,0.44921875,0.11304348
109,99,208,0.40625,0.048076923
73,153,226,0.44140625,-0.3539823
83,147,230,0.44921875,-0.27826087
52,169,221,0.43164062,-0.52941176
102,118,220,0.4296875,-0.072727273
120,95,215,0.41992188,0.11627907
121,116,237,0.46289062,0.021097046
163,70,233,0.45507812,0.39914163
83,146,229,0.44726562,-0.27510917
98,117,215,0.41992188,-0.088372093
153,69,222,0.43359375,0.37837838
67,160,227,0.44335938,-0.40969163
85,150,235,0.45898438,-0.27659574
146,87,233,0.45507812,0.25321888
98,141,239,0.46679688,-0.17991632
144,91,235,0.45898438,0.22553191
127,111,238,0.46484375,0.067226891
190,49,239,0.46679688,0.58995816
98,143,241,0.47070312,-0.18672199
108,121,229,0.44726562,-0.056768559
105,121,226,0.44140625,-0.07079646
122,107,229,0.44726562,0.065502183
106,123,229,0.44726562,-0.074235808
196,32,228,0.4453125,0.71929825
127,106,233,0.45507812,0.090128755
147,84,231,0.45117188,0.27272727
120,116,236,0.4609375,0.016949153
83,166,249,0.48632812,-0.33333333
103,134,237,0.46289062,-0.13080169
137,92,229,0.44726562,0.19650655
124,98,222,0.43359375,0.11711712
106,118,224,0.4375,-0.053571429
67,181,248,0.484375,-0.45967742
106,108,214,0.41796875,-0.0093457944
104,127,231,0.45117188,-0.0995671
99,125,224,0.4375,-0.11607143
83,134,217,0.42382812,-0.23502304
124,107,231,0.45117188,0.073593074
120,112,232,0.453125,0.034482759
145,86,231,0.45117188,0.25541126
99,131,230,0.44921875,-0.13913043
113,122,235,0.45898438,-0.038297872
129,108,237,0.46289062,0.088607595
96,126,222,0.43359375,-0.13513514
124,109,233,0.45507812,0.064377682
177,50,227,0.44335938,0.55947137
103,130,233,0.45507812,-0.11587983
118,109,227,0.44335938,0.039647577
161,61,222,0.43359375,0.45045045
171,55,226,0.44140625,0.51327434
90,108,198,0.38671875,-0.090909091
105,113,218,0.42578125,-0.036697248
87,140,227,0.44335938,-0.23348018
99,126,225,0.43945312,-0.12
127,108,235,0.45898438,0.080851064
135,98,233,0.45507812,0.15879828
119,98,217,0.42382812,0.096774194
68,178,246,0.48046875,-0.44715447
97,136,233,0.45507812,-0.16738197
94,129,223,0.43554688,-0.15695067
85,153,238,0.46484375,-0.28571429
125,92,217,0.42382812,0.15207373
100,113,213,0.41601562,-0.061032864
132,105,237,0.46289062,0.11392405
58,167,225,0.43945312,-0.48444444
73,152,225,0.43945312,-0.35111111
89,142,231,0.45117188,-0.22943723
105,115,220,0.4296875,-0.045454545
148,70,218,0.42578125,0.35779817
130,101,231,0.45117188,0.12554113
102,122,224,0.4375,-0.089285714
114,132,246,0.48046875,-0.073170732
64,165,229,0.44726562,-0.44104803
121,114,235,0.45898438,0.029787234
93,144,237,0.46289062,-0.21518987
134,107,241,0.47070312,0.1120332
124,101,225,0.43945312,0.10222222
99,135,234,0.45703125,-0.15384615
138,88,226,0.44140625,0.22123894
95,121,216,0.421875,-0.12037037
195,47,242,0.47265625,0.61157025
58,160,218,0.42578125,-0.46788991
127,100,227,0.44335938,0.11894273
91,133,224,0.4375,-0.1875
123,109,232,0.453125,0.060344828
126,123,249,0.48632812,0.012048193
103,134,237,0.46289062,-0.13080169
140,92,232,0.453125,0.20689655
141,80,221,0.43164062,0.2760181
147,88,235,0.45898438,0.25106383
131,96,227,0.44335938,0.15418502
109,115,224,0.4375,-0.026785714
127,104,231,0.45117188,0.0995671
69,156,225,0.43945312,-0.38666667
94,124,218,0.42578125,-0.13761468
140,103,243,0.47460938,0.15226337
149,84,233,0.45507812,0.27896996
105,112,217,0.42382812,-0.032258065
141,96,237,0.46289062,0.18987342
162,82,244,0.4765625,0.32786885
122,112,234,0.45703125,0.042735043
109,117,226,0.44140625,-0.03539823
131,104,235,0.45898438,0.11489362
144,95,239,0.46679688,0.20502092
141,97,238,0.46484375,0.18487395
117,129,246,0.48046875,-0.048780488
143,68,211,0.41210938,0.35545024
134,97,231,0.45117188,0.16017316
111,118,229,0.44726562,-0.030567686
93,151,244,0.4765625,-0.23770492
126,108,234,0.45703125,0.076923077
137,91,228,0.4453125,0.20175439
94,124,218,0.42578125,-0.13761468
155,87,242,0.47265625,0.28099174
128,118,246,0.48046875,0.040650407
113,113,226,0.44140625,0
89,158,247,0.48242188,-0.27935223
100,126,226,0.44140625,-0.11504425
69,154,223,0.43554688,-0.38116592
109,111,220,0.4296875,-0.0090909091
143,97,240,0.46875,0.19166667
136,90,226,0.44140625,0.20353982
146,75,221,0.43164062,0.32126697
129,106,235,0.45898438,0.09787234
117,105,222,0.43359375,0.054054054
89,137,226,0.44140625,-0.21238938
169,60,229,0.44726562,0.47598253
105,128,233,0.45507812,-0.098712446
94,127,221,0.43164062,-0.14932127
96,134,230,0.44921875,-0.16521739
95,150,245,0.47851562,-0.2244898
103,126,229,0.44726562,-0.10043668
112,124,236,0.4609375,-0.050847458
105,126,231,0.45117188,-0.090909091
132,94,226,0.44140625,0.16814159
76,143,219,0.42773438,-0.30593607
107,129,236,0.4609375,-0.093220339
140,102,242,0.47265625,0.15702479
153,83,236,0.4609375,0.29661017
73,167,240,0.46875,-0.39166667
112,129,241,0.47070312,-0.070539419
109,118,227,0.44335938,-0.039647577
106,125,231,0.45117188,-0.082251082
37,187,224,0.4375,-0.66964286
136,99,235,0.45898438,0.15744681
212,34,246,0.48046875,0.72357724
92,132,224,0.4375,-0.17857143
108,133,241,0.47070312,-0.10373444
136,105,241,0.47070312,0.12863071
118,113,231,0.45117188,0.021645022
113,105,218,0.42578125,0.036697248
174,64,238,0.46484375,0.46218487
129,95,224,0.4375,0.15178571
118,124,242,0.47265625,-0.024793388
106,121,227,0.44335938,-0.066079295
113,113,226,0.44140625,0
138,91,229,0.44726562,0.20524017
135,95,230,0.44921875,0.17391304
129,97,226,0.44140625,0.14159292
117,107,224,0.4375,0.044642857
80,147,227,0.44335938,-0.29515419
84,162,246,0.48046875,-0.31707317
123,107,230,0.44921875,0.069565217
119,111,230,0.44921875,0.034782609
49,161,210,0.41015625,-0.53333333
122,114,236,0.4609375,0.033898305
117,89,206,0.40234375,0.13592233
109,128,237,0.46289062,-0.080168776
100,134,234,0.45703125,-0.14529915
117,109,226,0.44140625,0.03539823
111,110,221,0.43164062,0.0045248869
77,149,226,0.44140625,-0.31858407
101,144,245,0.47851562,-0.1755102
97,138,235,0.45898438,-0.17446809
101,115,216,0.421875,-0.064814815
105,111,216,0.421875,-0.027777778
165,74,239,0.46679688,0.38075314
156,73,229,0.44726562,0.36244541
115,115,230,0.44921875,0
80,134,214,0.41796875,-0.25233645
71,157,228,0.4453125,-0.37719298
152,93,245,0.47851562,0.24081633
100,114,214,0.41796875,-0.065420561
90,140,230,0.44921875,-0.2173913
133,103,236,0.4609375,0.12711864
139,110,249,0.48632812,0.11646586
84,155,239,0.46679688,-0.29707113
148,82,230,0.44921875,0.28695652
89,138,227,0.44335938,-0.21585903
130,89,219,0.42773438,0.18721461
141,89,230,0.44921875,0.22608696
120,99,219,0.42773438,0.095890411
134,99,233,0.45507812,0.15021459
140,84,224,0.4375,0.25
92,135,227,0.44335938,-0.18942731
84,155,239,0.46679688,-0.29707113
93,141,234,0.45703125,-0.20512821
141,85,226,0.44140625,0.24778761
80,144,224,0.4375,-0.28571429
88,139,227,0.44335938,-0.2246696
78,150,228,0.4453125,-0.31578947
149,63,212,0.4140625,0.40566038
106,131,237,0.46289062,-0.10548523
125,109,234,0.45703125,0.068376068
101,140,241,0.47070312,-0.16182573
65,170,235,0.45898438,-0.44680851
140,93,233,0.45507812,0.20171674
98,133,231,0.45117188,-0.15151515
95,123,218,0.42578125,-0.12844037
77,159,236,0.4609375,-0.34745763
65,175,240,0.46875,-0.45833333
177,63,240,0.46875,0.475
127,103,230,0.44921875,0.10434783
123,104,227,0.44335938,0.083700441
85,129,214,0.41796875,-0.20560748
151,68,219,0.42773438,0.37899543
101,135,236,0.4609375,-0.1440678
111,123,234,0.45703125,-0.051282051
81,160,241,0.47070312,-0.32780083
83,143,226,0.44140625,-0.26548673
124,102,226,0.44140625,0.097345133
133,99,232,0.453125,0.14655172
142,87,229,0.44726562,0.24017467
185,59,244,0.4765625,0.51639344
140,90,230,0.44921875,0.2173913
94,127,221,0.43164062,-0.14932127
118,122,240,0.46875,-0.016666667
78,145,223,0.43554688,-0.30044843
105,117,222,0.43359375,-0.054054054
74,158,232,0.453125,-0.36206897
123,105,228,0.4453125,0.078947368
102,124,226,0.44140625,-0.097345133
130,87,217,0.42382812,0.19815668
157,68,225,0.43945312,0.39555556
124,96,220,0.4296875,0.12727273
114,118,232,0.453125,-0.017241379
51,179,230,0.44921875,-0.55652174
75,157,232,0.453125,-0.35344828
162,66,228,0.4453125,0.42105263
117,116,233,0.45507812,0.0042918455
164,55,219,0.42773438,0.49771689
127,95,222,0.43359375,0.14414414
52,168,220,0.4296875,-0.52727273
141,89,230,0.44921875,0.22608696
75,152,227,0.44335938,-0.33920705
62,194,256,0.5,-0.515625
108,118,226,0.44140625,-0.044247788
145,72,217,0.42382812,0.33640553
153,90,243,0.47460938,0.25925926
99,141,240,0.46875,-0.175
111,128,239,0.46679688,-0.071129707
65,173,238,0.46484375,-0.45378151
84,142,226,0.44140625,-0.25663717
111,105,216,0.421875,0.027777778
123,124,247,0.48242188,-0.004048583
69,145,214,0.41796875,-0.35514019
104,118,222,0.43359375,-0.063063063
135,89,224,0.4375,0.20535714
145,83,228,0.4453125,0.27192982
153,84,237,0.46289062,0.29113924
125,103,228,0.4453125,0.096491228
143,90,233,0.45507812,0.22746781
136,104,240,0.46875,0.13333333
115,119,234,0.45703125,-0.017094017
121,108,229,0.44726562,0.056768559
146,91,237,0.46289062,0.23206751
112,118,230,0.44921875,-0.026086957
88,147,235,0.45898438,-0.25106383
115,105,220,0.4296875,0.045454545
121,95,216,0.421875,0.12037037
113,105,218,0.42578125,0.036697248
114,127,241,0.47070312,-0.053941909
109,115,224,0.4375,-0.026785714
77,147,224,0.4375,-0.3125
98,127,225,0.43945312,-0.12888889
134,93,227,0.44335938,0.18061674
150,69,219,0.42773438,0.36986301
174,57,231,0.45117188,0.50649351
120,107,227,0.44335938,0.057268722
74,156,230,0.44921875,-0.35652174
94,142,236,0.4609375,-0.20338983
125,78,203,0.39648438,0.23152709
90,147,237,0.46289062,-0.24050633
107,117,224,0.4375,-0.044642857
112,109,221,0.43164062,0.013574661
144,81,225,0.43945312,0.28
116,108,224,0.4375,0.035714286
121,125,246,0.48046875,-0.016260163
134,87,221,0.43164062,0.21266968
142,90,232,0.453125,0.22413793
173,61,234,0.45703125,0.47863248
59,183,242,0.47265625,-0.51239669
110,113,223,0.43554688,-0.013452915
108,141,249,0.48632812,-0.13253012
85,155,240,0.46875,-0.29166667
144,91,235,0.45898438,0.22553191
157,75,232,0.453125,0.35344828
116,119,235,0.45898438,-0.012765957
142,101,243,0.47460938,0.16872428
119,136,255,0.49804688,-0.066666667
108,127,235,0.45898438,-0.080851064
83,156,239,0.46679688,-0.30543933
124,105,229,0.44726562,0.082969432
57,176,233,0.45507812,-0.51072961
122,88,210,0.41015625,0.16190476
106,111,217,0.42382812,-0.023041475
169,73,242,0.47265625,0.39669421
143,106,249,0.48632812,0.14859438
118,121,239,0.46679688,-0.012552301
144,79,223,0.43554688,0.29147982
72,164,236,0.4609375,-0.38983051
144,90,234,0.45703125,0.23076923
