n_hor,n_ver,n_tot,eta,S
153,178,331,0.64648438,-0.075528701
150,189,339,0.66210938,-0.11504425
119,220,339,0.66210938,-0.2979351
61,286,347,0.67773438,-0.64841499
40,308,348,0.6796875,-0.77011494
35,331,366,0.71484375,-0.80874317
26,316,342,0.66796875,-0.84795322
0,347,347,0.67773438,-1
0,340,340,0.6640625,-1
9,354,363,0.70898438,-0.95041322
2,356,358,0.69921875,-0.98882682
1,355,356,0.6953125,-0.99438202
2,336,338,0.66015625,-0.98816568
0,353,353,0.68945312,-1
0,349,349,0.68164062,-1
1,351,352,0.6875,-0.99431818
24,319,343,0.66992188,-0.86005831
18,319,337,0.65820312,-0.89317507
40,303,343,0.66992188,-0.76676385
15,349,364,0.7109375,-0.91758242
4,346,350,0.68359375,-0.97714286
5,345,350,0.68359375,-0.97142857
0,349,349,0.68164062,-1
6,343,349,0.68164062,-0.96561605
3,342,345,0.67382812,-0.9826087
19,338,357,0.69726562,-0.89355742
17,328,345,0.67382812,-0.90144928
21,321,342,0.66796875,-0.87719298
19,332,351,0.68554688,-0.89173789
0,351,351,0.68554688,-1
0,347,347,0.67773438,-1
0,351,351,0.68554688,-1
2,350,352,0.6875,-0.98863636
8,329,337,0.65820312,-0.95252226
2,348,350,0.68359375,-0.98857143
1,360,361,0.70507812,-0.99445983
6,342,348,0.6796875,-0.96551724
10,332,342,0.66796875,-0.94152047
15,331,346,0.67578125,-0.9132948
9,331,340,0.6640625,-0.94705882
13,328,341,0.66601562,-0.92375367
24,313,337,0.65820312,-0.85756677
8,336,344,0.671875,-0.95348837
6,348,354,0.69140625,-0.96610169
8,339,347,0.67773438,-0.95389049
0,353,353,0.68945312,-1
2,355,357,0.69726562,-0.98879552
25,338,363,0.70898438,-0.86225895
31,301,332,0.6484375,-0.81325301
20,326,346,0.67578125,-0.88439306
16,337,353,0.68945312,-0.90934844
6,344,350,0.68359375,-0.96571429
8,341,349,0.68164062,-0.95415473
10,343,353,0.68945312,-0.94334278
24,328,352,0.6875,-0.86363636
4,342,346,0.67578125,-0.97687861
9,340,349,0.68164062,-0.94842407
0,340,340,0.6640625,-1
26,326,352,0.6875,-0.85227273
11,327,338,0.66015625,-0.93491124
21,326,347,0.67773438,-0.87896254
24,314,338,0.66015625,-0.85798817
31,325,356,0.6953125,-0.8258427
25,322,347,0.67773438,-0.85590778
27,310,337,0.65820312,-0.83976261
18,321,339,0.66210938,-0.89380531
18,333,351,0.68554688,-0.8974359
0,355,355,0.69335938,-1
1,361,362,0.70703125,-0.99447514
0,354,354,0.69140625,-1
2,345,347,0.67773438,-0.98847262
14,330,344,0.671875,-0.91860465
20,320,340,0.6640625,-0.88235294
13,337,350,0.68359375,-0.92571429
6,335,341,0.66601562,-0.96480938
0,356,356,0.6953125,-1
4,349,353,0.68945312,-0.97733711
5,346,351,0.68554688,-0.97150997
6,342,348,0.6796875,-0.96551724
3,356,359,0.70117188,-0.98328691
0,356,356,0.6953125,-1
0,349,349,0.68164062,-1
0,352,352,0.6875,-1
6,332,338,0.66015625,-0.96449704
1,337,338,0.66015625,-0.99408284
0,356,356,0.6953125,-1
3,335,338,0.66015625,-0.98224852
3,339,342,0.66796875,-0.98245614
7,354,361,0.70507812,-0.96121884
6,346,352,0.6875,-0.96590909
28,314,342,0.66796875,-0.83625731
30,319,349,0.68164062,-0.82808023
38,299,337,0.65820312,-0.77448071
16,335,351,0.68554688,-0.90883191
25,320,345,0.67382812,-0.85507246
24,335,359,0.70117188,-0.86629526
4,346,350,0.68359375,-0.97714286
9,345,354,0.69140625,-0.94915254
0,369,369,0.72070312,-1
9,342,351,0.68554688,-0.94871795
1,358,359,0.70117188,-0.99442897
8,353,361,0.70507812,-0.95567867
16,328,344,0.671875,-0.90697674
2,357,359,0.70117188,-0.98885794
14,327,341,0.66601562,-0.91788856
16,340,356,0.6953125,-0.91011236
23,335,358,0.69921875,-0.87150838
9,359,368,0.71875,-0.95108696
13,345,358,0.69921875,-0.9273743
26,331,357,0.69726562,-0.85434174
22,336,358,0.69921875,-0.87709497
32,308,340,0.6640625,-0.81176471
13,333,346,0.67578125,-0.92485549
11,336,347,0.67773438,-0.93659942
14,335,349,0.68164062,-0.91977077
15,328,343,0.66992188,-0.91253644
5,344,349,0.68164062,-0.9713467
0,358,358,0.69921875,-1
1,348,349,0.68164062,-0.99426934
5,339,344,0.671875,-0.97093023
0,348,348,0.6796875,-1
4,348,352,0.6875,-0.97727273
8,347,355,0.69335938,-0.95492958
7,345,352,0.6875,-0.96022727
1,350,351,0.68554688,-0.99430199
20,335,355,0.69335938,-0.88732394
18,331,349,0.68164062,-0.89684814
3,341,344,0.671875,-0.98255814
1,349,350,0.68359375,-0.99428571
6,344,350,0.68359375,-0.96571429
10,335,345,0.67382812,-0.94202899
12,337,349,0.68164062,-0.93123209
17,338,355,0.69335938,-0.90422535
38,312,350,0.68359375,-0.78285714
16,335,351,0.68554688,-0.90883191
22,324,346,0.67578125,-0.87283237
9,353,362,0.70703125,-0.95027624
6,342,348,0.6796875,-0.96551724
5,347,352,0.6875,-0.97159091
0,353,353,0.68945312,-1
7,346,353,0.68945312,-0.96033994
2,350,352,0.6875,-0.98863636
9,339,348,0.6796875,-0.94827586
38,297,335,0.65429688,-0.77313433
21,331,352,0.6875,-0.88068182
33,308,341,0.66601562,-0.80645161
41,296,337,0.65820312,-0.75667656
46,292,338,0.66015625,-0.72781065
28,324,352,0.6875,-0.84090909
11,340,351,0.68554688,-0.93732194
15,335,350,0.68359375,-0.91428571
11,350,361,0.70507812,-0.93905817
16,335,351,0.68554688,-0.90883191
11,343,354,0.69140625,-0.93785311
1,351,352,0.6875,-0.99431818
0,356,356,0.6953125,-1
4,337,341,0.66601562,-0.97653959
10,351,361,0.70507812,-0.94459834
6,350,356,0.6953125,-0.96629213
0,363,363,0.70898438,-1
16,334,350,0.68359375,-0.90857143
7,344,351,0.68554688,-0.96011396
1,357,358,0.69921875,-0.99441341
18,318,336,0.65625,-0.89285714
7,341,348,0.6796875,-0.95977011
10,339,349,0.68164062,-0.94269341
9,345,354,0.69140625,-0.94915254
11,337,348,0.6796875,-0.93678161
4,356,360,0.703125,-0.97777778
3,352,355,0.69335938,-0.98309859
0,345,345,0.67382812,-1
20,329,349,0.68164062,-0.88538682
22,318,340,0.6640625,-0.87058824
25,331,356,0.6953125,-0.85955056
28,315,343,0.66992188,-0.83673469
25,320,345,0.67382812,-0.85507246
9,343,352,0.6875,-0.94886364
7,344,351,0.68554688,-0.96011396
1,364,365,0.71289062,-0.99452055
13,334,347,0.67773438,-0.92507205
0,355,355,0.69335938,-1
0,352,352,0.6875,-1
1,352,353,0.68945312,-0.99433428
11,331,342,0.66796875,-0.93567251
34,310,344,0.671875,-0.80232558
27,321,348,0.6796875,-0.84482759
22,323,345,0.67382812,-0.87246377
31,317,348,0.6796875,-0.82183908
21,326,347,0.67773438,-0.87896254
23,326,349,0.68164062,-0.86819484
14,333,347,0.67773438,-0.91930836
4,343,347,0.67773438,-0.97694524
5,342,347,0.67773438,-0.97118156
4,351,355,0.69335938,-0.97746479
1,351,352,0.6875,-0.99431818
32,312,344,0.671875,-0.81395349
42,288,330,0.64453125,-0.74545455
38,308,346,0.67578125,-0.78034682
39,299,338,0.66015625,-0.76923077
31,315,346,0.67578125,-0.82080925
12,337,349,0.68164062,-0.93123209
21,336,357,0.69726562,-0.88235294
29,309,338,0.66015625,-0.82840237
59,283,342,0.66796875,-0.65497076
41,309,350,0.68359375,-0.76571429
22,334,356,0.6953125,-0.87640449
14,336,350,0.68359375,-0.92
9,340,349,0.68164062,-0.94842407
10,339,349,0.68164062,-0.94269341
6,351,357,0.69726562,-0.96638655
3,362,365,0.71289062,-0.98356164
21,321,342,0.66796875,-0.87719298
10,335,345,0.67382812,-0.94202899
17,339,356,0.6953125,-0.90449438
0,360,360,0.703125,-1
1,349,350,0.68359375,-0.99428571
1,346,347,0.67773438,-0.99423631
0,364,364,0.7109375,-1
18,333,351,0.68554688,-0.8974359
15,331,346,0.67578125,-0.9132948
27,312,339,0.66210938,-0.84070796
11,328,339,0.66210938,-0.93510324
8,340,348,0.6796875,-0.95402299
4,350,354,0.69140625,-0.97740113
7,337,344,0.671875,-0.95930233
12,338,350,0.68359375,-0.93142857
3,347,350,0.68359375,-0.98285714
5,344,349,0.68164062,-0.9713467
18,324,342,0.66796875,-0.89473684
11,327,338,0.66015625,-0.93491124
20,336,356,0.6953125,-0.88764045
26,321,347,0.67773438,-0.85014409
19,326,345,0.67382812,-0.88985507
33,323,356,0.6953125,-0.81460674
29,314,343,0.66992188,-0.83090379
5,342,347,0.67773438,-0.97118156
5,350,355,0.69335938,-0.97183099
7,347,354,0.69140625,-0.96045198
4,354,358,0.69921875,-0.97765363
16,330,346,0.67578125,-0.90751445
0,351,351,0.68554688,-1
7,331,338,0.66015625,-0.95857988
2,353,355,0.69335938,-0.98873239
10,333,343,0.66992188,-0.94169096
8,351,359,0.70117188,-0.95543175
0,358,358,0.69921875,-1
6,342,348,0.6796875,-0.96551724
0,350,350,0.68359375,-1
7,344,351,0.68554688,-0.96011396
10,349,359,0.70117188,-0.94428969
5,354,359,0.70117188,-0.97214485
2,347,349,0.68164062,-0.98853868
7,349,356,0.6953125,-0.96067416
4,336,340,0.6640625,-0.97647059
1,351,352,0.6875,-0.99431818
1,346,347,0.67773438,-0.99423631
10,337,347,0.67773438,-0.94236311
41,308,349,0.68164062,-0.76504298
35,304,339,0.66210938,-0.79351032
52,282,334,0.65234375,-0.68862275
56,288,344,0.671875,-0.6744186
70,270,340,0.6640625,-0.58823529
53,282,335,0.65429688,-0.68358209
53,283,336,0.65625,-0.68452381
30,325,355,0.69335938,-0.83098592
42,298,340,0.6640625,-0.75294118
39,312,351,0.68554688,-0.77777778
35,304,339,0.66210938,-0.79351032
23,329,352,0.6875,-0.86931818
7,340,347,0.67773438,-0.95965418
16,337,353,0.68945312,-0.90934844
11,341,352,0.6875,-0.9375
4,347,351,0.68554688,-0.97720798
0,349,349,0.68164062,-1
9,328,337,0.65820312,-0.94658754
29,315,344,0.671875,-0.83139535
15,329,344,0.671875,-0.9127907
1,351,352,0.6875,-0.99431818
5,345,350,0.68359375,-0.97142857
6,355,361,0.70507812,-0.966759
0,346,346,0.67578125,-1
0,363,363,0.70898438,-1
19,327,346,0.67578125,-0.89017341
55,286,341,0.66601562,-0.67741935
39,305,344,0.671875,-0.77325581
30,320,350,0.68359375,-0.82857143
13,332,345,0.67382812,-0.92463768
21,328,349,0.68164062,-0.87965616
20,330,350,0.68359375,-0.88571429
4,347,351,0.68554688,-0.97720798
0,357,357,0.69726562,-1
13,336,349,0.68164062,-0.92550143
8,336,344,0.671875,-0.95348837
38,302,340,0.6640625,-0.77647059
40,311,351,0.68554688,-0.77207977
34,311,345,0.67382812,-0.80289855
39,314,353,0.68945312,-0.77903683
23,320,343,0.66992188,-0.86588921
14,323,337,0.65820312,-0.91691395
16,325,341,0.66601562,-0.90615836
8,336,344,0.671875,-0.95348837
18,337,355,0.69335938,-0.89859155
6,352,358,0.69921875,-0.96648045
8,352,360,0.703125,-0.95555556
9,345,354,0.69140625,-0.94915254
1,348,349,0.68164062,-0.99426934
4,347,351,0.68554688,-0.97720798
11,343,354,0.69140625,-0.93785311
15,331,346,0.67578125,-0.9132948
17,331,348,0.6796875,-0.90229885
7,341,348,0.6796875,-0.95977011
10,345,355,0.69335938,-0.94366197
12,345,357,0.69726562,-0.93277311
5,340,345,0.67382812,-0.97101449
9,339,348,0.6796875,-0.94827586
1,348,349,0.68164062,-0.99426934
18,322,340,0.6640625,-0.89411765
12,331,343,0.66992188,-0.93002915
34,311,345,0.67382812,-0.80289855
12,328,340,0.6640625,-0.92941176
0,346,346,0.67578125,-1
5,341,346,0.67578125,-0.97109827
1,343,344,0.671875,-0.99418605
16,325,341,0.66601562,-0.90615836
1,350,351,0.68554688,-0.99430199
17,340,357,0.69726562,-0.9047619
15,332,347,0.67773438,-0.91354467
7,361,368,0.71875,-0.96195652
0,362,362,0.70703125,-1
2,347,349,0.68164062,-0.98853868
37,316,353,0.68945312,-0.79036827
26,309,335,0.65429688,-0.84477612
6,345,351,0.68554688,-0.96581197
5,348,353,0.68945312,-0.97167139
3,346,349,0.68164062,-0.98280802
14,332,346,0.67578125,-0.91907514
9,331,340,0.6640625,-0.94705882
30,318,348,0.6796875,-0.82758621
41,295,336,0.65625,-0.75595238
35,307,342,0.66796875,-0.79532164
37,299,336,0.65625,-0.7797619
57,287,344,0.671875,-0.66860465
60,290,350,0.68359375,-0.65714286
43,293,336,0.65625,-0.74404762
23,328,351,0.68554688,-0.86894587
43,297,340,0.6640625,-0.74705882
28,329,357,0.69726562,-0.84313725
11,338,349,0.68164062,-0.93696275
2,346,348,0.6796875,-0.98850575
2,352,354,0.69140625,-0.98870056
9,339,348,0.6796875,-0.94827586
6,338,344,0.671875,-0.96511628
13,332,345,0.67382812,-0.92463768
28,317,345,0.67382812,-0.83768116
28,321,349,0.68164062,-0.83954155
2,347,349,0.68164062,-0.98853868
0,347,347,0.67773438,-1
4,342,346,0.67578125,-0.97687861
4,348,352,0.6875,-0.97727273
2,347,349,0.68164062,-0.98853868
0,350,350,0.68359375,-1
4,344,348,0.6796875,-0.97701149
6,359,365,0.71289062,-0.96712329
2,353,355,0.69335938,-0.98873239
2,355,357,0.69726562,-0.98879552
0,337,337,0.65820312,-1
0,353,353,0.68945312,-1
28,318,346,0.67578125,-0.83815029
9,336,345,0.67382812,-0.94782609
14,332,346,0.67578125,-0.91907514
38,305,343,0.66992188,-0.77842566
8,345,353,0.68945312,-0.95467422
5,348,353,0.68945312,-0.97167139
23,321,344,0.671875,-0.86627907
25,316,341,0.66601562,-0.85337243
12,338,350,0.68359375,-0.93142857
8,339,347,0.67773438,-0.95389049
0,358,358,0.69921875,-1
5,353,358,0.69921875,-0.97206704
13,339,352,0.6875,-0.92613636
8,341,349,0.68164062,-0.95415473
8,340,348,0.6796875,-0.95402299
1,345,346,0.67578125,-0.99421965
5,343,348,0.6796875,-0.97126437
1,347,348,0.6796875,-0.99425287
9,348,357,0.69726562,-0.94957983
16,337,353,0.68945312,-0.90934844
6,340,346,0.67578125,-0.96531792
4,356,360,0.703125,-0.97777778
11,345,356,0.6953125,-0.93820225
23,321,344,0.671875,-0.86627907
8,343,351,0.68554688,-0.95441595
2,353,355,0.69335938,-0.98873239
1,352,353,0.68945312,-0.99433428
17,327,344,0.671875,-0.90116279
34,316,350,0.68359375,-0.80571429
22,328,350,0.68359375,-0.87428571
10,337,347,0.67773438,-0.94236311
0,361,361,0.70507812,-1
3,340,343,0.66992188,-0.98250729
7,339,346,0.67578125,-0.95953757
3,352,355,0.69335938,-0.98309859
19,328,347,0.67773438,-0.89048991
6,344,350,0.68359375,-0.96571429
0,360,360,0.703125,-1
10,332,342,0.66796875,-0.94152047
2,344,346,0.67578125,-0.98843931
17,322,339,0.66210938,-0.89970501
10,335,345,0.67382812,-0.94202899
24,327,351,0.68554688,-0.86324786
12,326,338,0.66015625,-0.92899408
10,336,346,0.67578125,-0.94219653
14,334,348,0.6796875,-0.91954023
10,334,344,0.671875,-0.94186047
0,359,359,0.70117188,-1
5,344,349,0.68164062,-0.9713467
6,335,341,0.66601562,-0.96480938
0,361,361,0.70507812,-1
8,339,347,0.67773438,-0.95389049
9,343,352,0.6875,-0.94886364
3,348,351,0.68554688,-0.98290598
0,349,349,0.68164062,-1
1,360,361,0.70507812,-0.99445983
2,351,353,0.68945312,-0.98866856
3,353,356,0.6953125,-0.98314607
7,336,343,0.66992188,-0.95918367
10,344,354,0.69140625,-0.94350282
14,337,351,0.68554688,-0.92022792
23,316,339,0.66210938,-0.86430678
25,323,348,0.6796875,-0.85632184
27,326,353,0.68945312,-0.8470255
46,294,340,0.6640625,-0.72941176
17,334,351,0.68554688,-0.9031339
30,311,341,0.66601562,-0.82404692
25,318,343,0.66992188,-0.85422741
27,316,343,0.66992188,-0.8425656
44,303,347,0.67773438,-0.74639769
27,318,345,0.67382812,-0.84347826
29,316,345,0.67382812,-0.83188406
27,324,351,0.68554688,-0.84615385
19,335,354,0.69140625,-0.89265537
4,351,355,0.69335938,-0.97746479
9,338,347,0.67773438,-0.9481268
9,341,350,0.68359375,-0.94857143
6,336,342,0.66796875,-0.96491228
30,311,341,0.66601562,-0.82404692
29,315,344,0.671875,-0.83139535
17,338,355,0.69335938,-0.90422535
23,324,347,0.67773438,-0.86743516
7,345,352,0.6875,-0.96022727
7,334,341,0.66601562,-0.95894428
10,348,358,0.69921875,-0.94413408
4,334,338,0.66015625,-0.97633136
13,327,340,0.6640625,-0.92352941
15,333,348,0.6796875,-0.9137931
1,336,337,0.65820312,-0.99406528
22,325,347,0.67773438,-0.87319885
5,340,345,0.67382812,-0.97101449
4,346,350,0.68359375,-0.97714286
1,351,352,0.6875,-0.99431818
6,347,353,0.68945312,-0.96600567
27,316,343,0.66992188,-0.8425656
7,335,342,0.66796875,-0.95906433
4,347,351,0.68554688,-0.97720798
1,339,340,0.6640625,-0.99411765
5,340,345,0.67382812,-0.97101449
43,305,348,0.6796875,-0.75287356
34,304,338,0.66015625,-0.79881657
43,287,330,0.64453125,-0.73939394
39,308,347,0.67773438,-0.77521614
15,323,338,0.66015625,-0.9112426
0,344,344,0.671875,-1
8,355,363,0.70898438,-0.95592287
4,335,339,0.66210938,-0.97640118
0,342,342,0.66796875,-1
4,361,365,0.71289062,-0.97808219
5,341,346,0.67578125,-0.97109827
13,340,353,0.68945312,-0.92634561
6,351,357,0.69726562,-0.96638655
5,332,337,0.65820312,-0.97032641
12,333,345,0.67382812,-0.93043478
0,354,354,0.69140625,-1
0,362,362,0.70703125,-1
3,340,343,0.66992188,-0.98250729
1,352,353,0.68945312,-0.99433428
4,354,358,0.69921875,-0.97765363
4,338,342,0.66796875,-0.97660819
0,350,350,0.68359375,-1
3,343,346,0.67578125,-0.98265896
0,350,350,0.68359375,-1
1,350,351,0.68554688,-0.99430199
4,352,356,0.6953125,-0.97752809
10,338,348,0.6796875,-0.94252874
15,340,355,0.69335938,-0.91549296
17,331,348,0.6796875,-0.90229885
0,354,354,0.69140625,-1
11,327,338,0.66015625,-0.93491124
10,344,354,0.69140625,-0.94350282
8,354,362,0.70703125,-0.9558011
6,353,359,0.70117188,-0.96657382
12,339,351,0.68554688,-0.93162393
3,343,346,0.67578125,-0.98265896
21,320,341,0.66601562,-0.87683284
15,323,338,0.66015625,-0.9112426
15,342,357,0.69726562,-0.91596639
3,346,349,0.68164062,-0.98280802
3,349,352,0.6875,-0.98295455
12,334,346,0.67578125,-0.93063584
0,353,353,0.68945312,-1
3,341,344,0.671875,-0.98255814
18,318,336,0.65625,-0.89285714
25,309,334,0.65234375,-0.8502994
30,308,338,0.66015625,-0.82248521
13,330,343,0.66992188,-0.92419825
3,353,356,0.6953125,-0.98314607
22,327,349,0.68164062,-0.8739255
32,314,346,0.67578125,-0.8150289
22,323,345,0.67382812,-0.87246377
1,352,353,0.68945312,-0.99433428
1,345,346,0.67578125,-0.99421965
6,350,356,0.6953125,-0.96629213
1,346,347,0.67773438,-0.99423631
9,341,350,0.68359375,-0.94857143
16,328,344,0.671875,-0.90697674
25,323,348,0.6796875,-0.85632184
26,311,337,0.65820312,-0.84569733
19,328,347,0.67773438,-0.89048991
1,353,354,0.69140625,-0.99435028
10,345,355,0.69335938,-0.94366197
8,343,351,0.68554688,-0.95441595
2,351,353,0.68945312,-0.98866856
0,347,347,0.67773438,-1
5,337,342,0.66796875,-0.97076023
6,341,347,0.67773438,-0.96541787
0,351,351,0.68554688,-1
12,338,350,0.68359375,-0.93142857
9,332,341,0.66601562,-0.94721408
13,328,341,0.66601562,-0.92375367
1,364,365,0.71289062,-0.99452055
14,322,336,0.65625,-0.91666667
22,317,339,0.66210938,-0.87020649
18,329,347,0.67773438,-0.8962536
0,345,345,0.67382812,-1
1,345,346,0.67578125,-0.99421965
14,333,347,0.67773438,-0.91930836
5,345,350,0.68359375,-0.97142857
5,348,353,0.68945312,-0.97167139
6,350,356,0.6953125,-0.96629213
16,332,348,0.6796875,-0.90804598
13,335,348,0.6796875,-0.92528736
14,333,347,0.67773438,-0.91930836
23,327,350,0.68359375,-0.86857143
29,312,341,0.66601562,-0.82991202
68,280,348,0.6796875,-0.6091954
87,250,337,0.65820312,-0.48367953
105,235,340,0.6640625,-0.38235294
91,257,348,0.6796875,-0.47701149
91,253,344,0.671875,-0.47093023
125,206,331,0.64648438,-0.24471299
117,224,341,0.66601562,-0.31378299
110,240,350,0.68359375,-0.37142857
97,250,347,0.67773438,-0.44092219
108,225,333,0.65039062,-0.35135135
95,257,352,0.6875,-0.46022727
74,272,346,0.67578125,-0.57225434
44,300,344,0.671875,-0.74418605
11,336,347,0.67773438,-0.93659942
36,314,350,0.68359375,-0.79428571
72,277,349,0.68164062,-0.58739255
38,310,348,0.6796875,-0.7816092
36,302,338,0.66015625,-0.78698225
19,342,361,0.70507812,-0.89473684
0,353,353,0.68945312,-1
2,350,352,0.6875,-0.98863636
0,348,348,0.6796875,-1
3,347,350,0.68359375,-0.98285714
5,360,365,0.71289062,-0.97260274
11,341,352,0.6875,-0.9375
7,356,363,0.70898438,-0.96143251
11,339,350,0.68359375,-0.93714286
24,333,357,0.69726562,-0.86554622
16,333,349,0.68164062,-0.90830946
4,343,347,0.67773438,-0.97694524
2,342,344,0.671875,-0.98837209
0,349,349,0.68164062,-1
10,344,354,0.69140625,-0.94350282
5,351,356,0.6953125,-0.97191011
0,347,347,0.67773438,-1
7,342,349,0.68164062,-0.95988539
3,343,346,0.67578125,-0.98265896
2,344,346,0.67578125,-0.98843931
4,351,355,0.69335938,-0.97746479
6,348,354,0.69140625,-0.96610169
10,338,348,0.6796875,-0.94252874
6,333,339,0.66210938,-0.96460177
8,332,340,0.6640625,-0.95294118
16,316,332,0.6484375,-0.90361446
5,344,349,0.68164062,-0.9713467
4,332,336,0.65625,-0.97619048
4,330,334,0.65234375,-0.9760479
2,341,343,0.66992188,-0.98833819
0,355,355,0.69335938,-1
6,350,356,0.6953125,-0.96629213
7,341,348,0.6796875,-0.95977011
1,353,354,0.69140625,-0.99435028
3,346,349,0.68164062,-0.98280802
3,333,336,0.65625,-0.98214286
0,355,355,0.69335938,-1
3,347,350,0.68359375,-0.98285714
11,344,355,0.69335938,-0.93802817
5,352,357,0.69726562,-0.9719888
10,335,345,0.67382812,-0.94202899
2,341,343,0.66992188,-0.98833819
0,357,357,0.69726562,-1
14,331,345,0.67382812,-0.91884058
15,349,364,0.7109375,-0.91758242
16,340,356,0.6953125,-0.91011236
16,331,347,0.67773438,-0.90778098
25,319,344,0.671875,-0.85465116
27,321,348,0.6796875,-0.84482759
10,341,351,0.68554688,-0.94301994
4,343,347,0.67773438,-0.97694524
8,338,346,0.67578125,-0.95375723
2,353,355,0.69335938,-0.98873239
27,314,341,0.66601562,-0.84164223
23,315,338,0.66015625,-0.86390533
10,337,347,0.67773438,-0.94236311
14,333,347,0.67773438,-0.91930836
1,340,341,0.66601562,-0.9941349
6,351,357,0.69726562,-0.96638655
6,342,348,0.6796875,-0.96551724
10,337,347,0.67773438,-0.94236311
39,315,354,0.69140625,-0.77966102
47,288,335,0.65429688,-0.71940299
25,323,348,0.6796875,-0.85632184
35,303,338,0.66015625,-0.79289941
0,361,361,0.70507812,-1
15,337,352,0.6875,-0.91477273
11,332,343,0.66992188,-0.93586006
8,351,359,0.70117188,-0.95543175
14,336,350,0.68359375,-0.92
33,311,344,0.671875,-0.80813953
18,329,347,0.67773438,-0.8962536
14,338,352,0.6875,-0.92045455
3,350,353,0.68945312,-0.98300283
10,344,354,0.69140625,-0.94350282
9,353,362,0.70703125,-0.95027624
8,337,345,0.67382812,-0.95362319
14,339,353,0.68945312,-0.92067989
20,331,351,0.68554688,-0.88603989
21,316,337,0.65820312,-0.87537092
16,343,359,0.70117188,-0.91086351
6,337,343,0.66992188,-0.96501458
4,349,353,0.68945312,-0.97733711
0,347,347,0.67773438,-1
1,354,355,0.69335938,-0.9943662
31,320,351,0.68554688,-0.82336182
47,295,342,0.66796875,-0.7251462
45,307,352,0.6875,-0.74431818
28,322,350,0.68359375,-0.84
41,311,352,0.6875,-0.76704545
19,333,352,0.6875,-0.89204545
0,358,358,0.69921875,-1
29,320,349,0.68164062,-0.83381089
17,328,345,0.67382812,-0.90144928
0,348,348,0.6796875,-1
1,344,345,0.67382812,-0.9942029
4,344,348,0.6796875,-0.97701149
4,347,351,0.68554688,-0.97720798
6,338,344,0.671875,-0.96511628
3,337,340,0.6640625,-0.98235294
15,322,337,0.65820312,-0.91097923
19,337,356,0.6953125,-0.89325843
6,353,359,0.70117188,-0.96657382
7,335,342,0.66796875,-0.95906433
13,342,355,0.69335938,-0.92676056
6,346,352,0.6875,-0.96590909
15,339,354,0.69140625,-0.91525424
8,341,349,0.68164062,-0.95415473
7,351,358,0.69921875,-0.96089385
4,335,339,0.66210938,-0.97640118
1,339,340,0.6640625,-0.99411765
3,353,356,0.6953125,-0.98314607
4,339,343,0.66992188,-0.97667638
18,310,328,0.640625,-0.8902439
12,336,348,0.6796875,-0.93103448
16,338,354,0.69140625,-0.90960452
1,349,350,0.68359375,-0.99428571
5,344,349,0.68164062,-0.9713467
5,347,352,0.6875,-0.97159091
0,357,357,0.69726562,-1
1,367,368,0.71875,-0.99456522
1,344,345,0.67382812,-0.9942029
18,345,363,0.70898438,-0.90082645
9,340,349,0.68164062,-0.94842407
2,343,345,0.67382812,-0.9884058
10,340,350,0.68359375,-0.94285714
5,343,348,0.6796875,-0.97126437
23,328,351,0.68554688,-0.86894587
7,341,348,0.6796875,-0.95977011
14,337,351,0.68554688,-0.92022792
20,345,365,0.71289062,-0.89041096
8,343,351,0.68554688,-0.95441595
13,345,358,0.69921875,-0.9273743
8,337,345,0.67382812,-0.95362319
20,327,347,0.67773438,-0.88472622
10,352,362,0.70703125,-0.94475138
26,297,323,0.63085938,-0.83900929
2,341,343,0.66992188,-0.98833819
1,352,353,0.68945312,-0.99433428
5,360,365,0.71289062,-0.97260274
19,318,337,0.65820312,-0.88724036
35,317,352,0.6875,-0.80113636
32,317,349,0.68164062,-0.81661891
41,306,347,0.67773438,-0.76368876
50,298,348,0.6796875,-0.71264368
26,316,342,0.66796875,-0.84795322
36,306,342,0.66796875,-0.78947368
44,299,343,0.66992188,-0.74344023
15,340,355,0.69335938,-0.91549296
11,340,351,0.68554688,-0.93732194
11,345,356,0.6953125,-0.93820225
20,327,347,0.67773438,-0.88472622
15,325,340,0.6640625,-0.91176471
33,310,343,0.66992188,-0.80758017
25,332,357,0.69726562,-0.85994398
24,318,342,0.66796875,-0.85964912
0,348,348,0.6796875,-1
2,339,341,0.66601562,-0.98826979
0,351,351,0.68554688,-1
2,348,350,0.68359375,-0.98857143
1,359,360,0.703125,-0.99444444
0,349,349,0.68164062,-1
5,350,355,0.69335938,-0.97183099
16,326,342,0.66796875,-0.90643275
43,298,341,0.66601562,-0.74780059
63,273,336,0.65625,-0.625
96,230,326,0.63671875,-0.41104294
55,289,344,0.671875,-0.68023256
62,296,358,0.69921875,-0.65363128
76,266,342,0.66796875,-0.55555556
62,293,355,0.69335938,-0.65070423
35,316,351,0.68554688,-0.8005698
47,307,354,0.69140625,-0.73446328
51,291,342,0.66796875,-0.70175439
85,251,336,0.65625,-0.49404762
73,277,350,0.68359375,-0.58285714
77,260,337,0.65820312,-0.54302671
90,261,351,0.68554688,-0.48717949
61,285,346,0.67578125,-0.64739884
96,253,349,0.68164062,-0.44985673
98,236,334,0.65234375,-0.41317365
87,241,328,0.640625,-0.4695122
92,257,349,0.68164062,-0.47277937
89,254,343,0.66992188,-0.48104956
75,262,337,0.65820312,-0.55489614
85,260,345,0.67382812,-0.50724638
61,284,345,0.67382812,-0.64637681
56,286,342,0.66796875,-0.67251462
50,289,339,0.66210938,-0.70501475
26,321,347,0.67773438,-0.85014409
2,349,351,0.68554688,-0.98860399
22,330,352,0.6875,-0.875
0,356,356,0.6953125,-1
5,348,353,0.68945312,-0.97167139
1,331,332,0.6484375,-0.9939759
9,342,351,0.68554688,-0.94871795
12,332,344,0.671875,-0.93023256
13,332,345,0.67382812,-0.92463768
1,348,349,0.68164062,-0.99426934
5,340,345,0.67382812,-0.97101449
7,339,346,0.67578125,-0.95953757
3,355,358,0.69921875,-0.98324022
13,330,343,0.66992188,-0.92419825
19,319,338,0.66015625,-0.88757396
18,318,336,0.65625,-0.89285714
10,342,352,0.6875,-0.94318182
6,350,356,0.6953125,-0.96629213
3,343,346,0.67578125,-0.98265896
2,351,353,0.68945312,-0.98866856
3,335,338,0.66015625,-0.98224852
13,327,340,0.6640625,-0.92352941
4,348,352,0.6875,-0.97727273
6,345,351,0.68554688,-0.96581197
22,338,360,0.703125,-0.87777778
34,309,343,0.66992188,-0.80174927
21,320,341,0.66601562,-0.87683284
0,361,361,0.70507812,-1
2,344,346,0.67578125,-0.98843931
0,349,349,0.68164062,-1
0,338,338,0.66015625,-1
3,365,368,0.71875,-0.98369565
6,348,354,0.69140625,-0.96610169
17,338,355,0.69335938,-0.90422535
18,330,348,0.6796875,-0.89655172
26,319,345,0.67382812,-0.84927536
29,320,349,0.68164062,-0.83381089
24,325,349,0.68164062,-0.86246418
2,355,357,0.69726562,-0.98879552
0,355,355,0.69335938,-1
0,351,351,0.68554688,-1
0,360,360,0.703125,-1
4,342,346,0.67578125,-0.97687861
10,350,360,0.703125,-0.94444444
12,340,352,0.6875,-0.93181818
9,359,368,0.71875,-0.95108696
9,328,337,0.65820312,-0.94658754
4,344,348,0.6796875,-0.97701149
2,347,349,0.68164062,-0.98853868
10,327,337,0.65820312,-0.94065282
26,312,338,0.66015625,-0.84615385
4,353,357,0.69726562,-0.97759104
13,341,354,0.69140625,-0.92655367
30,319,349,0.68164062,-0.82808023
26,333,359,0.70117188,-0.8551532
23,326,349,0.68164062,-0.86819484
7,337,344,0.671875,-0.95930233
11,345,356,0.6953125,-0.93820225
7,347,354,0.69140625,-0.96045198
12,338,350,0.68359375,-0.93142857
0,353,353,0.68945312,-1
20,332,352,0.6875,-0.88636364
19,322,341,0.66601562,-0.88856305
9,332,341,0.66601562,-0.94721408
7,347,354,0.69140625,-0.96045198
15,334,349,0.68164062,-0.91404011
22,322,344,0.671875,-0.87209302
23,324,347,0.67773438,-0.86743516
6,358,364,0.7109375,-0.96703297
5,346,351,0.68554688,-0.97150997
6,344,350,0.68359375,-0.96571429
4,340,344,0.671875,-0.97674419
14,323,337,0.65820312,-0.91691395
0,338,338,0.66015625,-1
1,336,337,0.65820312,-0.99406528
14,337,351,0.68554688,-0.92022792
7,332,339,0.66210938,-0.95870206
16,326,342,0.66796875,-0.90643275
22,326,348,0.6796875,-0.87356322
21,327,348,0.6796875,-0.87931034
46,302,348,0.6796875,-0.73563218
45,293,338,0.66015625,-0.73372781
34,306,340,0.6640625,-0.8
23,322,345,0.67382812,-0.86666667
18,342,360,0.703125,-0.9
18,320,338,0.66015625,-0.89349112
21,325,346,0.67578125,-0.87861272
30,313,343,0.66992188,-0.82507289
24,321,345,0.67382812,-0.86086957
28,326,354,0.69140625,-0.84180791
1,355,356,0.6953125,-0.99438202
23,319,342,0.66796875,-0.86549708
14,323,337,0.65820312,-0.91691395
9,329,338,0.66015625,-0.94674556
13,335,348,0.6796875,-0.92528736
30,316,346,0.67578125,-0.8265896
6,344,350,0.68359375,-0.96571429
15,318,333,0.65039062,-0.90990991
0,357,357,0.69726562,-1
0,345,345,0.67382812,-1
0,353,353,0.68945312,-1
0,345,345,0.67382812,-1
1,346,347,0.67773438,-0.99423631
12,339,351,0.68554688,-0.93162393
26,322,348,0.6796875,-0.85057471
2,353,355,0.69335938,-0.98873239
10,337,347,0.67773438,-0.94236311
1,345,346,0.67578125,-0.99421965
18,319,337,0.65820312,-0.89317507
21,329,350,0.68359375,-0.88
16,339,355,0.69335938,-0.90985915
5,356,361,0.70507812,-0.97229917
12,339,351,0.68554688,-0.93162393
5,345,350,0.68359375,-0.97142857
12,340,352,0.6875,-0.93181818
7,357,364,0.7109375,-0.96153846
15,347,362,0.70703125,-0.91712707
8,336,344,0.671875,-0.95348837
9,350,359,0.70117188,-0.94986072
0,356,356,0.6953125,-1
9,327,336,0.65625,-0.94642857
0,342,342,0.66796875,-1
3,342,345,0.67382812,-0.9826087
16,331,347,0.67773438,-0.90778098
13,338,351,0.68554688,-0.92592593
21,306,327,0.63867188,-0.87155963
15,337,352,0.6875,-0.91477273
5,341,346,0.67578125,-0.97109827
3,362,365,0.71289062,-0.98356164
3,357,360,0.703125,-0.98333333
8,336,344,0.671875,-0.95348837
13,338,351,0.68554688,-0.92592593
0,351,351,0.68554688,-1
8,348,356,0.6953125,-0.95505618
24,331,355,0.69335938,-0.86478873
38,295,333,0.65039062,-0.77177177
4,347,351,0.68554688,-0.97720798
0,339,339,0.66210938,-1
9,338,347,0.67773438,-0.9481268
17,342,359,0.70117188,-0.90529248
24,324,348,0.6796875,-0.86206897
16,328,344,0.671875,-0.90697674
22,317,339,0.66210938,-0.87020649
21,313,334,0.65234375,-0.8742515
39,309,348,0.6796875,-0.77586207
68,274,342,0.66796875,-0.60233918
51,298,349,0.68164062,-0.70773639
47,303,350,0.68359375,-0.73142857
26,323,349,0.68164062,-0.85100287
31,309,340,0.6640625,-0.81764706
61,290,351,0.68554688,-0.65242165
37,310,347,0.67773438,-0.78674352
10,333,343,0.66992188,-0.94169096
5,346,351,0.68554688,-0.97150997
0,343,343,0.66992188,-1
0,355,355,0.69335938,-1
0,347,347,0.67773438,-1
5,349,354,0.69140625,-0.97175141
0,350,350,0.68359375,-1
1,356,357,0.69726562,-0.99439776
0,348,348,0.6796875,-1
0,347,347,0.67773438,-1
0,363,363,0.70898438,-1
2,356,358,0.69921875,-0.98882682
9,340,349,0.68164062,-0.94842407
6,341,347,0.67773438,-0.96541787
0,349,349,0.68164062,-1
5,340,345,0.67382812,-0.97101449
0,354,354,0.69140625,-1
4,353,357,0.69726562,-0.97759104
12,335,347,0.67773438,-0.93083573
34,314,348,0.6796875,-0.8045977
4,348,352,0.6875,-0.97727273
0,355,355,0.69335938,-1
15,336,351,0.68554688,-0.91452991
29,322,351,0.68554688,-0.83475783
7,341,348,0.6796875,-0.95977011
6,338,344,0.671875,-0.96511628
0,353,353,0.68945312,-1
10,349,359,0.70117188,-0.94428969
7,334,341,0.66601562,-0.95894428
0,344,344,0.671875,-1
1,341,342,0.66796875,-0.99415205
5,341,346,0.67578125,-0.97109827
0,345,345,0.67382812,-1
0,354,354,0.69140625,-1
3,340,343,0.66992188,-0.98250729
0,343,343,0.66992188,-1
6,335,341,0.66601562,-0.96480938
9,340,349,0.68164062,-0.94842407
28,310,338,0.66015625,-0.83431953
27,326,353,0.68945312,-0.8470255
24,323,347,0.67773438,-0.86167147
12,334,346,0.67578125,-0.93063584
10,352,362,0.70703125,-0.94475138
14,329,343,0.66992188,-0.91836735
4,346,350,0.68359375,-0.97714286
6,347,353,0.68945312,-0.96600567
23,325,348,0.6796875,-0.86781609
34,317,351,0.68554688,-0.80626781
9,331,340,0.6640625,-0.94705882
14,330,344,0.671875,-0.91860465
25,325,350,0.68359375,-0.85714286
37,304,341,0.66601562,-0.7829912
26,324,350,0.68359375,-0.85142857
25,308,333,0.65039062,-0.84984985
9,343,352,0.6875,-0.94886364
10,345,355,0.69335938,-0.94366197
30,322,352,0.6875,-0.82954545
29,322,351,0.68554688,-0.83475783
22,323,345,0.67382812,-0.87246377
19,325,344,0.671875,-0.88953488
11,329,340,0.6640625,-0.93529412
1,357,358,0.69921875,-0.99441341
4,345,349,0.68164062,-0.97707736
7,341,348,0.6796875,-0.95977011
8,343,351,0.68554688,-0.95441595
18,322,340,0.6640625,-0.89411765
26,318,344,0.671875,-0.84883721
0,353,353,0.68945312,-1
3,351,354,0.69140625,-0.98305085
6,344,350,0.68359375,-0.96571429
0,352,352,0.6875,-1
15,338,353,0.68945312,-0.91501416
26,330,356,0.6953125,-0.85393258
28,311,339,0.66210938,-0.83480826
13,331,344,0.671875,-0.9244186
1,341,342,0.66796875,-0.99415205
0,352,352,0.6875,-1
3,348,351,0.68554688,-0.98290598
1,347,348,0.6796875,-0.99425287
4,348,352,0.6875,-0.97727273
5,346,351,0.68554688,-0.97150997
2,343,345,0.67382812,-0.9884058
1,350,351,0.68554688,-0.99430199
2,346,348,0.6796875,-0.98850575
3,346,349,0.68164062,-0.98280802
0,350,350,0.68359375,-1
18,339,357,0.69726562,-0.89915966
21,336,357,0.69726562,-0.88235294
14,339,353,0.68945312,-0.92067989
0,363,363,0.70898438,-1
2,347,349,0.68164062,-0.98853868
12,344,356,0.6953125,-0.93258427
6,336,342,0.66796875,-0.96491228
4,343,347,0.67773438,-0.97694524
4,356,360,0.703125,-0.97777778
8,331,339,0.66210938,-0.95280236
14,330,344,0.671875,-0.91860465
37,301,338,0.66015625,-0.78106509
38,318,356,0.6953125,-0.78651685
43,294,337,0.65820312,-0.74480712
12,331,343,0.66992188,-0.93002915
18,325,343,0.66992188,-0.89504373
5,350,355,0.69335938,-0.97183099
8,343,351,0.68554688,-0.95441595
2,352,354,0.69140625,-0.98870056
3,356,359,0.70117188,-0.98328691
8,342,350,0.68359375,-0.95428571
4,340,344,0.671875,-0.97674419
6,340,346,0.67578125,-0.96531792
7,345,352,0.6875,-0.96022727
1,345,346,0.67578125,-0.99421965
0,356,356,0.6953125,-1
12,333,345,0.67382812,-0.93043478
17,320,337,0.65820312,-0.89910979
0,356,356,0.6953125,-1
7,342,349,0.68164062,-0.95988539
23,318,341,0.66601562,-0.86510264
4,352,356,0.6953125,-0.97752809
15,336,351,0.68554688,-0.91452991
20,329,349,0.68164062,-0.88538682
11,331,342,0.66796875,-0.93567251
4,338,342,0.66796875,-0.97660819
1,351,352,0.6875,-0.99431818
5,348,353,0.68945312,-0.97167139
25,313,338,0.66015625,-0.85207101
1,348,349,0.68164062,-0.99426934
7,332,339,0.66210938,-0.95870206
0,345,345,0.67382812,-1
15,329,344,0.671875,-0.9127907
4,350,354,0.69140625,-0.97740113
3,338,341,0.66601562,-0.98240469
9,338,347,0.67773438,-0.9481268
0,348,348,0.6796875,-1
0,346,346,0.67578125,-1
2,341,343,0.66992188,-0.98833819
23,328,351,0.68554688,-0.86894587
5,337,342,0.66796875,-0.97076023
9,354,363,0.70898438,-0.95041322
25,318,343,0.66992188,-0.85422741
6,333,339,0.66210938,-0.96460177
6,354,360,0.703125,-0.96666667
3,337,340,0.6640625,-0.98235294
19,333,352,0.6875,-0.89204545
14,335,349,0.68164062,-0.91977077
16,340,356,0.6953125,-0.91011236
8,342,350,0.68359375,-0.95428571
6,339,345,0.67382812,-0.96521739
5,352,357,0.69726562,-0.9719888
1,343,344,0.671875,-0.99418605
1,349,350,0.68359375,-0.99428571
17,334,351,0.68554688,-0.9031339
1,350,351,0.68554688,-0.99430199
13,335,348,0.6796875,-0.92528736
17,331,348,0.6796875,-0.90229885
22,322,344,0.671875,-0.87209302
36,305,341,0.66601562,-0.7888563
11,331,342,0.66796875,-0.93567251
11,343,354,0.69140625,-0.93785311
5,340,345,0.67382812,-0.97101449
2,355,357,0.69726562,-0.98879552
29,319,348,0.6796875,-0.83333333
11,334,345,0.67382812,-0.93623188
14,348,362,0.70703125,-0.92265193
21,332,353,0.68945312,-0.88101983
5,336,341,0.66601562,-0.97067449
11,338,349,0.68164062,-0.93696275
13,331,344,0.671875,-0.9244186
12,330,342,0.66796875,-0.92982456
18,340,358,0.69921875,-0.89944134
22,329,351,0.68554688,-0.87464387
23,336,359,0.70117188,-0.8718663
18,335,353,0.68945312,-0.898017
11,337,348,0.6796875,-0.93678161
5,336,341,0.66601562,-0.97067449
13,341,354,0.69140625,-0.92655367
20,336,356,0.6953125,-0.88764045
22,325,347,0.67773438,-0.87319885
17,331,348,0.6796875,-0.90229885
11,332,343,0.66992188,-0.93586006
2,347,349,0.68164062,-0.98853868
0,357,357,0.69726562,-1
7,342,349,0.68164062,-0.95988539
13,337,350,0.68359375,-0.92571429
10,336,346,0.67578125,-0.94219653
2,351,353,0.68945312,-0.98866856
3,339,342,0.66796875,-0.98245614
14,340,354,0.69140625,-0.92090395
7,339,346,0.67578125,-0.95953757
34,311,345,0.67382812,-0.80289855
22,329,351,0.68554688,-0.87464387
0,344,344,0.671875,-1
6,343,349,0.68164062,-0.96561605
2,342,344,0.671875,-0.98837209
3,344,347,0.67773438,-0.98270893
18,332,350,0.68359375,-0.89714286
7,343,350,0.68359375,-0.96
5,350,355,0.69335938,-0.97183099
14,341,355,0.69335938,-0.92112676
15,327,342,0.66796875,-0.9122807
5,340,345,0.67382812,-0.97101449
0,353,353,0.68945312,-1
6,349,355,0.69335938,-0.96619718
9,334,343,0.66992188,-0.94752187
8,349,357,0.69726562,-0.95518207
5,339,344,0.671875,-0.97093023
21,336,357,0.69726562,-0.88235294
14,334,348,0.6796875,-0.91954023
2,349,351,0.68554688,-0.98860399
5,352,357,0.69726562,-0.9719888
3,345,348,0.6796875,-0.98275862
1,354,355,0.69335938,-0.9943662
0,351,351,0.68554688,-1
10,337,347,0.67773438,-0.94236311
16,334,350,0.68359375,-0.90857143
7,331,338,0.66015625,-0.95857988
6,349,355,0.69335938,-0.96619718
5,351,356,0.6953125,-0.97191011
13,337,350,0.68359375,-0.92571429
1,343,344,0.671875,-0.99418605
3,358,361,0.70507812,-0.9833795
7,344,351,0.68554688,-0.96011396
6,339,345,0.67382812,-0.96521739
11,328,339,0.66210938,-0.93510324
18,317,335,0.65429688,-0.89253731
0,349,349,0.68164062,-1
0,351,351,0.68554688,-1
0,351,351,0.68554688,-1
3,345,348,0.6796875,-0.98275862
11,344,355,0.69335938,-0.93802817
10,341,351,0.68554688,-0.94301994
0,356,356,0.6953125,-1
0,340,340,0.6640625,-1
2,360,362,0.70703125,-0.98895028
0,354,354,0.69140625,-1
2,352,354,0.69140625,-0.98870056
0,345,345,0.67382812,-1
2,342,344,0.671875,-0.98837209
5,330,335,0.65429688,-0.97014925
2,358,360,0.703125,-0.98888889
8,336,344,0.671875,-0.95348837
0,336,336,0.65625,-1
2,356,358,0.69921875,-0.98882682
15,347,362,0.70703125,-0.91712707
15,347,362,0.70703125,-0.91712707
0,349,349,0.68164062,-1
7,342,349,0.68164062,-0.95988539
23,336,359,0.70117188,-0.8718663
17,326,343,0.66992188,-0.90087464
13,334,347,0.67773438,-0.92507205
13,335,348,0.6796875,-0.92528736
2,347,349,0.68164062,-0.98853868
17,321,338,0.66015625,-0.89940828
15,348,363,0.70898438,-0.91735537
24,330,354,0.69140625,-0.86440678
22,329,351,0.68554688,-0.87464387
13,335,348,0.6796875,-0.92528736
1,364,365,0.71289062,-0.99452055
9,353,362,0.70703125,-0.95027624
0,370,370,0.72265625,-1
4,343,347,0.67773438,-0.97694524
9,345,354,0.69140625,-0.94915254
0,353,353,0.68945312,-1
8,340,348,0.6796875,-0.95402299
0,353,353,0.68945312,-1
0,349,349,0.68164062,-1
6,350,356,0.6953125,-0.96629213
6,337,343,0.66992188,-0.96501458
3,347,350,0.68359375,-0.98285714
6,339,345,0.67382812,-0.96521739
11,340,351,0.68554688,-0.93732194
2,356,358,0.69921875,-0.98882682
0,355,355,0.69335938,-1
0,357,357,0.69726562,-1
1,347,348,0.6796875,-0.99425287
15,333,348,0.6796875,-0.9137931
6,342,348,0.6796875,-0.96551724
17,318,335,0.65429688,-0.89850746
22,319,341,0.66601562,-0.87096774
14,336,350,0.68359375,-0.92
4,336,340,0.6640625,-0.97647059
6,344,350,0.68359375,-0.96571429
10,349,359,0.70117188,-0.94428969
22,321,343,0.66992188,-0.87172012
20,336,356,0.6953125,-0.88764045
15,329,344,0.671875,-0.9127907
14,345,359,0.70117188,-0.92200557
26,316,342,0.66796875,-0.84795322
27,313,340,0.6640625,-0.84117647
30,324,354,0.69140625,-0.83050847
8,335,343,0.66992188,-0.95335277
7,331,338,0.66015625,-0.95857988
3,345,348,0.6796875,-0.98275862
15,328,343,0.66992188,-0.91253644
10,338,348,0.6796875,-0.94252874
2,355,357,0.69726562,-0.98879552
6,343,349,0.68164062,-0.96561605
10,336,346,0.67578125,-0.94219653
2,335,337,0.65820312,-0.98813056
6,337,343,0.66992188,-0.96501458
20,333,353,0.68945312,-0.88668555
13,345,358,0.69921875,-0.9273743
3,342,345,0.67382812,-0.9826087
1,350,351,0.68554688,-0.99430199
9,327,336,0.65625,-0.94642857
7,335,342,0.66796875,-0.95906433
14,334,348,0.6796875,-0.91954023
11,334,345,0.67382812,-0.93623188
17,337,354,0.69140625,-0.9039548
35,323,358,0.69921875,-0.80446927
33,316,349,0.68164062,-0.81088825
7,344,351,0.68554688,-0.96011396
9,346,355,0.69335938,-0.94929577
3,351,354,0.69140625,-0.98305085
8,349,357,0.69726562,-0.95518207
2,347,349,0.68164062,-0.98853868
15,330,345,0.67382812,-0.91304348
23,322,345,0.67382812,-0.86666667
22,320,342,0.66796875,-0.87134503
10,339,349,0.68164062,-0.94269341
12,344,356,0.6953125,-0.93258427
0,342,342,0.66796875,-1
4,361,365,0.71289062,-0.97808219
11,340,351,0.68554688,-0.93732194
8,339,347,0.67773438,-0.95389049
4,354,358,0.69921875,-0.97765363
6,350,356,0.6953125,-0.96629213
7,350,357,0.69726562,-0.96078431
6,339,345,0.67382812,-0.96521739
0,348,348,0.6796875,-1
9,336,345,0.67382812,-0.94782609
10,329,339,0.66210938,-0.94100295
4,348,352,0.6875,-0.97727273
2,355,357,0.69726562,-0.98879552
4,351,355,0.69335938,-0.97746479
26,327,353,0.68945312,-0.85269122
6,335,341,0.66601562,-0.96480938
0,338,338,0.66015625,-1
3,354,357,0.69726562,-0.98319328
22,328,350,0.68359375,-0.87428571
9,336,345,0.67382812,-0.94782609
12,339,351,0.68554688,-0.93162393
1,344,345,0.67382812,-0.9942029
6,345,351,0.68554688,-0.96581197
6,352,358,0.69921875,-0.96648045
9,333,342,0.66796875,-0.94736842
1,356,357,0.69726562,-0.99439776
13,347,360,0.703125,-0.92777778
21,342,363,0.70898438,-0.88429752
17,335,352,0.6875,-0.90340909
29,313,342,0.66796875,-0.83040936
25,327,352,0.6875,-0.85795455
16,327,343,0.66992188,-0.90670554
6,354,360,0.703125,-0.96666667
4,357,361,0.70507812,-0.97783934
0,354,354,0.69140625,-1
12,329,341,0.66601562,-0.92961877
15,327,342,0.66796875,-0.9122807
0,351,351,0.68554688,-1
31,314,345,0.67382812,-0.82028986
25,327,352,0.6875,-0.85795455
5,347,352,0.6875,-0.97159091
3,354,357,0.69726562,-0.98319328
2,355,357,0.69726562,-0.98879552
2,337,339,0.66210938,-0.98820059
2,354,356,0.6953125,-0.98876404
5,335,340,0.6640625,-0.97058824
0,363,363,0.70898438,-1
22,334,356,0.6953125,-0.87640449
12,333,345,0.67382812,-0.93043478
12,332,344,0.671875,-0.93023256
5,335,340,0.6640625,-0.97058824
0,353,353,0.68945312,-1
6,347,353,0.68945312,-0.96600567
19,319,338,0.66015625,-0.88757396
42,303,345,0.67382812,-0.75652174
43,300,343,0.66992188,-0.74927114
14,337,351,0.68554688,-0.92022792
16,332,348,0.6796875,-0.90804598
11,330,341,0.66601562,-0.93548387
6,345,351,0.68554688,-0.96581197
2,355,357,0.69726562,-0.98879552
1,355,356,0.6953125,-0.99438202
3,350,353,0.68945312,-0.98300283
0,351,351,0.68554688,-1
9,330,339,0.66210938,-0.94690265
18,324,342,0.66796875,-0.89473684
3,354,357,0.69726562,-0.98319328
11,342,353,0.68945312,-0.93767705
20,335,355,0.69335938,-0.88732394
37,323,360,0.703125,-0.79444444
3,347,350,0.68359375,-0.98285714
1,356,357,0.69726562,-0.99439776
2,349,351,0.68554688,-0.98860399
4,337,341,0.66601562,-0.97653959
15,336,351,0.68554688,-0.91452991
8,351,359,0.70117188,-0.95543175
0,351,351,0.68554688,-1
5,350,355,0.69335938,-0.97183099
0,345,345,0.67382812,-1
9,332,341,0.66601562,-0.94721408
1,358,359,0.70117188,-0.99442897
0,337,337,0.65820312,-1
1,350,351,0.68554688,-0.99430199
17,336,353,0.68945312,-0.90368272
10,354,364,0.7109375,-0.94505495
11,339,350,0.68359375,-0.93714286
7,334,341,0.66601562,-0.95894428
13,333,346,0.67578125,-0.92485549
29,319,348,0.6796875,-0.83333333
17,331,348,0.6796875,-0.90229885
16,334,350,0.68359375,-0.90857143
9,332,341,0.66601562,-0.94721408
1,357,358,0.69921875,-0.99441341
6,338,344,0.671875,-0.96511628
9,336,345,0.67382812,-0.94782609
31,311,342,0.66796875,-0.81871345
32,307,339,0.66210938,-0.81120944
50,301,351,0.68554688,-0.71509972
81,252,333,0.65039062,-0.51351351
102,234,336,0.65625,-0.39285714
77,267,344,0.671875,-0.55232558
91,246,337,0.65820312,-0.45994065
103,240,343,0.66992188,-0.39941691
82,270,352,0.6875,-0.53409091
128,216,344,0.671875,-0.25581395
130,210,340,0.6640625,-0.23529412
124,219,343,0.66992188,-0.27696793
92,238,330,0.64453125,-0.44242424
111,236,347,0.67773438,-0.36023055
105,240,345,0.67382812,-0.39130435
85,263,348,0.6796875,-0.51149425
97,245,342,0.66796875,-0.43274854
62,278,340,0.6640625,-0.63529412
52,288,340,0.6640625,-0.69411765
68,263,331,0.64648438,-0.58912387
64,286,350,0.68359375,-0.63428571
47,312,359,0.70117188,-0.73816156
51,302,353,0.68945312,-0.71104816
48,304,352,0.6875,-0.72727273
15,329,344,0.671875,-0.9127907
42,311,353,0.68945312,-0.76203966
23,331,354,0.69140625,-0.8700565
19,320,339,0.66210938,-0.8879056
38,313,351,0.68554688,-0.78347578
14,335,349,0.68164062,-0.91977077
11,337,348,0.6796875,-0.93678161
9,328,337,0.65820312,-0.94658754
19,323,342,0.66796875,-0.88888889
13,330,343,0.66992188,-0.92419825
22,334,356,0.6953125,-0.87640449
3,342,345,0.67382812,-0.9826087
14,333,347,0.67773438,-0.91930836
22,332,354,0.69140625,-0.87570621
15,319,334,0.65234375,-0.91017964
6,350,356,0.6953125,-0.96629213
18,324,342,0.66796875,-0.89473684
23,317,340,0.6640625,-0.86470588
13,328,341,0.66601562,-0.92375367
5,350,355,0.69335938,-0.97183099
0,357,357,0.69726562,-1
0,347,347,0.67773438,-1
0,346,346,0.67578125,-1
0,343,343,0.66992188,-1
9,344,353,0.68945312,-0.9490085
13,325,338,0.66015625,-0.92307692
8,334,342,0.66796875,-0.95321637
9,339,348,0.6796875,-0.94827586
8,334,342,0.66796875,-0.95321637
10,320,330,0.64453125,-0.93939394
10,342,352,0.6875,-0.94318182
7,348,355,0.69335938,-0.96056338
3,342,345,0.67382812,-0.9826087
1,337,338,0.66015625,-0.99408284
6,346,352,0.6875,-0.96590909
10,348,358,0.69921875,-0.94413408
26,328,354,0.69140625,-0.85310734
3,351,354,0.69140625,-0.98305085
3,346,349,0.68164062,-0.98280802
7,344,351,0.68554688,-0.96011396
6,344,350,0.68359375,-0.96571429
3,353,356,0.6953125,-0.98314607
10,343,353,0.68945312,-0.94334278
8,344,352,0.6875,-0.95454545
3,351,354,0.69140625,-0.98305085
0,351,351,0.68554688,-1
3,345,348,0.6796875,-0.98275862
7,345,352,0.6875,-0.96022727
11,350,361,0.70507812,-0.93905817
4,346,350,0.68359375,-0.97714286
5,348,353,0.68945312,-0.97167139
18,332,350,0.68359375,-0.89714286
12,332,344,0.671875,-0.93023256
2,340,342,0.66796875,-0.98830409
1,357,358,0.69921875,-0.99441341
0,352,352,0.6875,-1
5,343,348,0.6796875,-0.97126437
9,338,347,0.67773438,-0.9481268
0,352,352,0.6875,-1
1,335,336,0.65625,-0.99404762
2,351,353,0.68945312,-0.98866856
2,353,355,0.69335938,-0.98873239
1,353,354,0.69140625,-0.99435028
12,347,359,0.70117188,-0.93314763
0,358,358,0.69921875,-1
8,329,337,0.65820312,-0.95252226
15,335,350,0.68359375,-0.91428571
0,357,357,0.69726562,-1
6,338,344,0.671875,-0.96511628
6,342,348,0.6796875,-0.96551724
6,352,358,0.69921875,-0.96648045
1,348,349,0.68164062,-0.99426934
19,330,349,0.68164062,-0.89111748
5,346,351,0.68554688,-0.97150997
11,325,336,0.65625,-0.93452381
6,339,345,0.67382812,-0.96521739
0,341,341,0.66601562,-1
1,349,350,0.68359375,-0.99428571
0,339,339,0.66210938,-1
15,340,355,0.69335938,-0.91549296
19,322,341,0.66601562,-0.88856305
8,330,338,0.66015625,-0.95266272
14,338,352,0.6875,-0.92045455
30,306,336,0.65625,-0.82142857
31,327,358,0.69921875,-0.82681564
20,330,350,0.68359375,-0.88571429
5,353,358,0.69921875,-0.97206704
1,345,346,0.67578125,-0.99421965
9,337,346,0.67578125,-0.94797688
7,327,334,0.65234375,-0.95808383
14,332,346,0.67578125,-0.91907514
6,339,345,0.67382812,-0.96521739
8,337,345,0.67382812,-0.95362319
0,353,353,0.68945312,-1
0,349,349,0.68164062,-1
0,361,361,0.70507812,-1
0,345,345,0.67382812,-1
6,345,351,0.68554688,-0.96581197
15,330,345,0.67382812,-0.91304348
12,332,344,0.671875,-0.93023256
1,361,362,0.70703125,-0.99447514
12,340,352,0.6875,-0.93181818
0,355,355,0.69335938,-1
6,335,341,0.66601562,-0.96480938
3,356,359,0.70117188,-0.98328691
8,334,342,0.66796875,-0.95321637
10,328,338,0.66015625,-0.9408284
1,352,353,0.68945312,-0.99433428
1,361,362,0.70703125,-0.99447514
0,357,357,0.69726562,-1
12,343,355,0.69335938,-0.93239437
1,349,350,0.68359375,-0.99428571
6,349,355,0.69335938,-0.96619718
29,315,344,0.671875,-0.83139535
24,333,357,0.69726562,-0.86554622
22,322,344,0.671875,-0.87209302
5,335,340,0.6640625,-0.97058824
15,330,345,0.67382812,-0.91304348
0,340,340,0.6640625,-1
0,352,352,0.6875,-1
4,346,350,0.68359375,-0.97714286
0,359,359,0.70117188,-1
10,333,343,0.66992188,-0.94169096
9,335,344,0.671875,-0.94767442
26,319,345,0.67382812,-0.84927536
4,342,346,0.67578125,-0.97687861
4,333,337,0.65820312,-0.97626113
2,353,355,0.69335938,-0.98873239
3,350,353,0.68945312,-0.98300283
6,356,362,0.70703125,-0.96685083
12,337,349,0.68164062,-0.93123209
1,356,357,0.69726562,-0.99439776
19,321,340,0.6640625,-0.88823529
33,328,361,0.70507812,-0.81717452
38,314,352,0.6875,-0.78409091
25,324,349,0.68164062,-0.85673352
23,336,359,0.70117188,-0.8718663
25,335,360,0.703125,-0.86111111
20,326,346,0.67578125,-0.88439306
0,352,352,0.6875,-1
1,352,353,0.68945312,-0.99433428
10,334,344,0.671875,-0.94186047
0,347,347,0.67773438,-1
0,353,353,0.68945312,-1
12,328,340,0.6640625,-0.92941176
5,354,359,0.70117188,-0.97214485
0,351,351,0.68554688,-1
3,353,356,0.6953125,-0.98314607
0,353,353,0.68945312,-1
2,355,357,0.69726562,-0.98879552
5,355,360,0.703125,-0.97222222
6,342,348,0.6796875,-0.96551724
14,335,349,0.68164062,-0.91977077
18,325,343,0.66992188,-0.89504373
16,336,352,0.6875,-0.90909091
31,304,335,0.65429688,-0.81492537
63,271,334,0.65234375,-0.62275449
60,274,334,0.65234375,-0.64071856
40,287,327,0.63867188,-0.75535168
47,302,349,0.68164062,-0.73065903
42,309,351,0.68554688,-0.76068376
37,315,352,0.6875,-0.78977273
32,315,347,0.67773438,-0.81556196
27,322,349,0.68164062,-0.84527221
33,321,354,0.69140625,-0.81355932
26,326,352,0.6875,-0.85227273
17,333,350,0.68359375,-0.90285714
51,292,343,0.66992188,-0.70262391
22,325,347,0.67773438,-0.87319885
25,322,347,0.67773438,-0.85590778
26,323,349,0.68164062,-0.85100287
13,333,346,0.67578125,-0.92485549
13,330,343,0.66992188,-0.92419825
0,353,353,0.68945312,-1
0,368,368,0.71875,-1
10,334,344,0.671875,-0.94186047
3,353,356,0.6953125,-0.98314607
10,353,363,0.70898438,-0.94490358
37,306,343,0.66992188,-0.78425656
52,296,348,0.6796875,-0.70114943
48,287,335,0.65429688,-0.71343284
34,310,344,0.671875,-0.80232558
33,313,346,0.67578125,-0.80924855
35,305,340,0.6640625,-0.79411765
27,324,351,0.68554688,-0.84615385
18,320,338,0.66015625,-0.89349112
26,329,355,0.69335938,-0.85352113
17,335,352,0.6875,-0.90340909
3,349,352,0.6875,-0.98295455
1,348,349,0.68164062,-0.99426934
0,349,349,0.68164062,-1
9,345,354,0.69140625,-0.94915254
13,342,355,0.69335938,-0.92676056
9,337,346,0.67578125,-0.94797688
0,360,360,0.703125,-1
8,350,358,0.69921875,-0.95530726
8,349,357,0.69726562,-0.95518207
4,344,348,0.6796875,-0.97701149
0,354,354,0.69140625,-1
5,335,340,0.6640625,-0.97058824
2,340,342,0.66796875,-0.98830409
0,343,343,0.66992188,-1
10,333,343,0.66992188,-0.94169096
15,322,337,0.65820312,-0.91097923
20,312,332,0.6484375,-0.87951807
31,322,353,0.68945312,-0.82436261
40,305,345,0.67382812,-0.76811594
17,337,354,0.69140625,-0.9039548
12,335,347,0.67773438,-0.93083573
14,332,346,0.67578125,-0.91907514
21,342,363,0.70898438,-0.88429752
1,353,354,0.69140625,-0.99435028
1,357,358,0.69921875,-0.99441341
0,355,355,0.69335938,-1
8,344,352,0.6875,-0.95454545
7,350,357,0.69726562,-0.96078431
4,345,349,0.68164062,-0.97707736
2,346,348,0.6796875,-0.98850575
2,335,337,0.65820312,-0.98813056
0,350,350,0.68359375,-1
15,331,346,0.67578125,-0.9132948
28,330,358,0.69921875,-0.84357542
16,333,349,0.68164062,-0.90830946
0,356,356,0.6953125,-1
8,345,353,0.68945312,-0.95467422
10,344,354,0.69140625,-0.94350282
15,340,355,0.69335938,-0.91549296
11,340,351,0.68554688,-0.93732194
11,339,350,0.68359375,-0.93714286
10,338,348,0.6796875,-0.94252874
0,345,345,0.67382812,-1
6,353,359,0.70117188,-0.96657382
26,325,351,0.68554688,-0.85185185
3,352,355,0.69335938,-0.98309859
0,355,355,0.69335938,-1
4,350,354,0.69140625,-0.97740113
20,338,358,0.69921875,-0.88826816
23,327,350,0.68359375,-0.86857143
17,335,352,0.6875,-0.90340909
18,342,360,0.703125,-0.9
18,331,349,0.68164062,-0.89684814
8,344,352,0.6875,-0.95454545
5,351,356,0.6953125,-0.97191011
8,339,347,0.67773438,-0.95389049
0,368,368,0.71875,-1
4,343,347,0.67773438,-0.97694524
3,344,347,0.67773438,-0.98270893
12,336,348,0.6796875,-0.93103448
29,312,341,0.66601562,-0.82991202
11,341,352,0.6875,-0.9375
0,357,357,0.69726562,-1
13,335,348,0.6796875,-0.92528736
18,332,350,0.68359375,-0.89714286
11,336,347,0.67773438,-0.93659942
6,342,348,0.6796875,-0.96551724
1,334,335,0.65429688,-0.99402985
2,357,359,0.70117188,-0.98885794
0,346,346,0.67578125,-1
0,350,350,0.68359375,-1
3,341,344,0.671875,-0.98255814
9,342,351,0.68554688,-0.94871795
25,321,346,0.67578125,-0.85549133
5,341,346,0.67578125,-0.97109827
8,352,360,0.703125,-0.95555556
12,329,341,0.66601562,-0.92961877
0,362,362,0.70703125,-1
25,321,346,0.67578125,-0.85549133
20,340,360,0.703125,-0.88888889
6,347,353,0.68945312,-0.96600567
6,338,344,0.671875,-0.96511628
8,350,358,0.69921875,-0.95530726
3,347,350,0.68359375,-0.98285714
3,342,345,0.67382812,-0.9826087
0,359,359,0.70117188,-1
0,355,355,0.69335938,-1
9,340,349,0.68164062,-0.94842407
18,338,356,0.6953125,-0.8988764
11,323,334,0.65234375,-0.93413174
44,302,346,0.67578125,-0.74566474
56,291,347,0.67773438,-0.67723343
109,241,350,0.68359375,-0.37714286
102,250,352,0.6875,-0.42045455
104,245,349,0.68164062,-0.40401146
96,240,336,0.65625,-0.42857143
79,254,333,0.65039062,-0.52552553
88,270,358,0.69921875,-0.50837989
60,276,336,0.65625,-0.64285714
67,285,352,0.6875,-0.61931818
65,284,349,0.68164062,-0.62750716
55,288,343,0.66992188,-0.67930029
45,292,337,0.65820312,-0.73293769
33,309,342,0.66796875,-0.80701754
35,315,350,0.68359375,-0.8
17,331,348,0.6796875,-0.90229885
10,347,357,0.69726562,-0.94397759
9,336,345,0.67382812,-0.94782609
5,349,354,0.69140625,-0.97175141
1,350,351,0.68554688,-0.99430199
11,334,345,0.67382812,-0.93623188
12,335,347,0.67773438,-0.93083573
4,344,348,0.6796875,-0.97701149
0,360,360,0.703125,-1
4,337,341,0.66601562,-0.97653959
22,314,336,0.65625,-0.86904762
53,296,349,0.68164062,-0.69627507
49,286,335,0.65429688,-0.70746269
48,286,334,0.65234375,-0.71257485
2,355,357,0.69726562,-0.98879552
2,355,357,0.69726562,-0.98879552
9,326,335,0.65429688,-0.94626866
18,337,355,0.69335938,-0.89859155
20,322,342,0.66796875,-0.88304094
7,357,364,0.7109375,-0.96153846
10,330,340,0.6640625,-0.94117647
1,353,354,0.69140625,-0.99435028
3,341,344,0.671875,-0.98255814
0,347,347,0.67773438,-1
0,353,353,0.68945312,-1
0,349,349,0.68164062,-1
1,352,353,0.68945312,-0.99433428
9,339,348,0.6796875,-0.94827586
0,347,347,0.67773438,-1
6,348,354,0.69140625,-0.96610169
7,336,343,0.66992188,-0.95918367
6,336,342,0.66796875,-0.96491228
1,345,346,0.67578125,-0.99421965
1,356,357,0.69726562,-0.99439776
5,351,356,0.6953125,-0.97191011
0,360,360,0.703125,-1
1,344,345,0.67382812,-0.9942029
10,334,344,0.671875,-0.94186047
6,343,349,0.68164062,-0.96561605
8,345,353,0.68945312,-0.95467422
0,353,353,0.68945312,-1
12,333,345,0.67382812,-0.93043478
20,325,345,0.67382812,-0.88405797
28,322,350,0.68359375,-0.84
45,299,344,0.671875,-0.73837209
52,295,347,0.67773438,-0.70028818
51,295,346,0.67578125,-0.70520231
18,332,350,0.68359375,-0.89714286
16,323,339,0.66210938,-0.90560472
6,349,355,0.69335938,-0.96619718
3,347,350,0.68359375,-0.98285714
12,340,352,0.6875,-0.93181818
9,345,354,0.69140625,-0.94915254
13,339,352,0.6875,-0.92613636
29,320,349,0.68164062,-0.83381089
27,314,341,0.66601562,-0.84164223
8,337,345,0.67382812,-0.95362319
8,340,348,0.6796875,-0.95402299
32,316,348,0.6796875,-0.81609195
31,318,349,0.68164062,-0.82234957
35,322,357,0.69726562,-0.80392157
29,326,355,0.69335938,-0.83661972
21,320,341,0.66601562,-0.87683284
26,317,343,0.66992188,-0.8483965
11,337,348,0.6796875,-0.93678161
16,338,354,0.69140625,-0.90960452
24,328,352,0.6875,-0.86363636
0,356,356,0.6953125,-1
10,328,338,0.66015625,-0.9408284
0,346,346,0.67578125,-1
0,338,338,0.66015625,-1
7,341,348,0.6796875,-0.95977011
0,348,348,0.6796875,-1
4,337,341,0.66601562,-0.97653959
1,348,349,0.68164062,-0.99426934
13,333,346,0.67578125,-0.92485549
1,344,345,0.67382812,-0.9942029
0,361,361,0.70507812,-1
8,336,344,0.671875,-0.95348837
5,341,346,0.67578125,-0.97109827
21,334,355,0.69335938,-0.88169014
9,343,352,0.6875,-0.94886364
8,340,348,0.6796875,-0.95402299
6,332,338,0.66015625,-0.96449704
6,346,352,0.6875,-0.96590909
0,356,356,0.6953125,-1
5,335,340,0.6640625,-0.97058824
8,349,357,0.69726562,-0.95518207
0,344,344,0.671875,-1
8,345,353,0.68945312,-0.95467422
0,347,347,0.67773438,-1
6,338,344,0.671875,-0.96511628
14,340,354,0.69140625,-0.92090395
1,352,353,0.68945312,-0.99433428
2,353,355,0.69335938,-0.98873239
17,343,360,0.703125,-0.90555556
10,345,355,0.69335938,-0.94366197
14,344,358,0.69921875,-0.92178771
1,350,351,0.68554688,-0.99430199
10,344,354,0.69140625,-0.94350282
4,365,369,0.72070312,-0.97831978
10,341,351,0.68554688,-0.94301994
1,355,356,0.6953125,-0.99438202
11,343,354,0.69140625,-0.93785311
0,350,350,0.68359375,-1
12,345,357,0.69726562,-0.93277311
1,350,351,0.68554688,-0.99430199
0,343,343,0.66992188,-1
11,334,345,0.67382812,-0.93623188
3,348,351,0.68554688,-0.98290598
0,355,355,0.69335938,-1
1,348,349,0.68164062,-0.99426934
6,346,352,0.6875,-0.96590909
3,341,344,0.671875,-0.98255814
0,349,349,0.68164062,-1
13,335,348,0.6796875,-0.92528736
11,336,347,0.67773438,-0.93659942
12,334,346,0.67578125,-0.93063584
15,327,342,0.66796875,-0.9122807
1,342,343,0.66992188,-0.9941691
11,337,348,0.6796875,-0.93678161
8,347,355,0.69335938,-0.95492958
0,361,361,0.70507812,-1
17,320,337,0.65820312,-0.89910979
24,332,356,0.6953125,-0.86516854
38,309,347,0.67773438,-0.78097983
6,338,344,0.671875,-0.96511628
4,350,354,0.69140625,-0.97740113
18,334,352,0.6875,-0.89772727
57,281,338,0.66015625,-0.66272189
28,311,339,0.66210938,-0.83480826
29,317,346,0.67578125,-0.83236994
21,329,350,0.68359375,-0.88
1,339,340,0.6640625,-0.99411765
0,360,360,0.703125,-1
1,352,353,0.68945312,-0.99433428
4,339,343,0.66992188,-0.97667638
16,326,342,0.66796875,-0.90643275
4,343,347,0.67773438,-0.97694524
15,340,355,0.69335938,-0.91549296
12,337,349,0.68164062,-0.93123209
16,331,347,0.67773438,-0.90778098
0,358,358,0.69921875,-1
0,356,356,0.6953125,-1
6,344,350,0.68359375,-0.96571429
6,345,351,0.68554688,-0.96581197
7,327,334,0.65234375,-0.95808383
0,351,351,0.68554688,-1
0,342,342,0.66796875,-1
1,358,359,0.70117188,-0.99442897
0,343,343,0.66992188,-1
0,351,351,0.68554688,-1
0,348,348,0.6796875,-1
5,340,345,0.67382812,-0.97101449
4,353,357,0.69726562,-0.97759104
10,338,348,0.6796875,-0.94252874
10,325,335,0.65429688,-0.94029851
13,338,351,0.68554688,-0.92592593
13,343,356,0.6953125,-0.92696629
9,323,332,0.6484375,-0.94578313
12,325,337,0.65820312,-0.92878338
18,332,350,0.68359375,-0.89714286
7,344,351,0.68554688,-0.96011396
4,348,352,0.6875,-0.97727273
9,344,353,0.68945312,-0.9490085
12,333,345,0.67382812,-0.93043478
28,312,340,0.6640625,-0.83529412
10,337,347,0.67773438,-0.94236311
2,353,355,0.69335938,-0.98873239
4,349,353,0.68945312,-0.97733711
6,334,340,0.6640625,-0.96470588
2,358,360,0.703125,-0.98888889
7,336,343,0.66992188,-0.95918367
4,352,356,0.6953125,-0.97752809
22,329,351,0.68554688,-0.87464387
47,304,351,0.68554688,-0.73219373
48,305,353,0.68945312,-0.72804533
8,334,342,0.66796875,-0.95321637
9,346,355,0.69335938,-0.94929577
5,342,347,0.67773438,-0.97118156
1,342,343,0.66992188,-0.9941691
14,324,338,0.66015625,-0.91715976
5,352,357,0.69726562,-0.9719888
5,340,345,0.67382812,-0.97101449
13,338,351,0.68554688,-0.92592593
4,352,356,0.6953125,-0.97752809
8,333,341,0.66601562,-0.95307918
18,326,344,0.671875,-0.89534884
32,319,351,0.68554688,-0.81766382
41,308,349,0.68164062,-0.76504298
34,318,352,0.6875,-0.80681818
26,317,343,0.66992188,-0.8483965
28,321,349,0.68164062,-0.83954155
12,340,352,0.6875,-0.93181818
6,348,354,0.69140625,-0.96610169
7,339,346,0.67578125,-0.95953757
11,346,357,0.69726562,-0.93837535
3,353,356,0.6953125,-0.98314607
15,337,352,0.6875,-0.91477273
3,350,353,0.68945312,-0.98300283
12,337,349,0.68164062,-0.93123209
12,344,356,0.6953125,-0.93258427
7,340,347,0.67773438,-0.95965418
2,349,351,0.68554688,-0.98860399
1,351,352,0.6875,-0.99431818
10,341,351,0.68554688,-0.94301994
0,355,355,0.69335938,-1
8,334,342,0.66796875,-0.95321637
9,332,341,0.66601562,-0.94721408
0,348,348,0.6796875,-1
0,352,352,0.6875,-1
1,350,351,0.68554688,-0.99430199
5,344,349,0.68164062,-0.9713467
9,342,351,0.68554688,-0.94871795
14,341,355,0.69335938,-0.92112676
7,342,349,0.68164062,-0.95988539
3,349,352,0.6875,-0.98295455
0,339,339,0.66210938,-1
8,347,355,0.69335938,-0.95492958
5,366,371,0.72460938,-0.97304582
10,331,341,0.66601562,-0.94134897
5,357,362,0.70703125,-0.97237569
7,348,355,0.69335938,-0.96056338
6,342,348,0.6796875,-0.96551724
0,350,350,0.68359375,-1
16,328,344,0.671875,-0.90697674
4,342,346,0.67578125,-0.97687861
7,348,355,0.69335938,-0.96056338
8,353,361,0.70507812,-0.95567867
3,340,343,0.66992188,-0.98250729
6,349,355,0.69335938,-0.96619718
1,351,352,0.6875,-0.99431818
6,333,339,0.66210938,-0.96460177
0,341,341,0.66601562,-1
4,335,339,0.66210938,-0.97640118
1,350,351,0.68554688,-0.99430199
15,329,344,0.671875,-0.9127907
20,333,353,0.68945312,-0.88668555
22,336,358,0.69921875,-0.87709497
18,337,355,0.69335938,-0.89859155
17,333,350,0.68359375,-0.90285714
12,331,343,0.66992188,-0.93002915
9,329,338,0.66015625,-0.94674556
23,323,346,0.67578125,-0.86705202
11,331,342,0.66796875,-0.93567251
5,337,342,0.66796875,-0.97076023
13,336,349,0.68164062,-0.92550143
3,363,366,0.71484375,-0.98360656
9,350,359,0.70117188,-0.94986072
13,335,348,0.6796875,-0.92528736
0,356,356,0.6953125,-1
14,343,357,0.69726562,-0.92156863
13,336,349,0.68164062,-0.92550143
20,335,355,0.69335938,-0.88732394
28,330,358,0.69921875,-0.84357542
23,323,346,0.67578125,-0.86705202
41,302,343,0.66992188,-0.76093294
53,304,357,0.69726562,-0.70308123
52,301,353,0.68945312,-0.70538244
40,302,342,0.66796875,-0.76608187
22,326,348,0.6796875,-0.87356322
25,328,353,0.68945312,-0.85835694
13,335,348,0.6796875,-0.92528736
3,346,349,0.68164062,-0.98280802
0,357,357,0.69726562,-1
15,326,341,0.66601562,-0.91202346
12,338,350,0.68359375,-0.93142857
3,350,353,0.68945312,-0.98300283
7,331,338,0.66015625,-0.95857988
9,337,346,0.67578125,-0.94797688
35,313,348,0.6796875,-0.79885057
33,317,350,0.68359375,-0.81142857
20,326,346,0.67578125,-0.88439306
7,338,345,0.67382812,-0.95942029
0,342,342,0.66796875,-1
24,328,352,0.6875,-0.86363636
1,353,354,0.69140625,-0.99435028
2,346,348,0.6796875,-0.98850575
5,342,347,0.67773438,-0.97118156
3,344,347,0.67773438,-0.98270893
5,349,354,0.69140625,-0.97175141
28,316,344,0.671875,-0.8372093
26,317,343,0.66992188,-0.8483965
6,347,353,0.68945312,-0.96600567
15,322,337,0.65820312,-0.91097923
8,334,342,0.66796875,-0.95321637
9,328,337,0.65820312,-0.94658754
7,349,356,0.6953125,-0.96067416
8,335,343,0.66992188,-0.95335277
7,341,348,0.6796875,-0.95977011
8,346,354,0.69140625,-0.95480226
7,344,351,0.68554688,-0.96011396
11,342,353,0.68945312,-0.93767705
8,328,336,0.65625,-0.95238095
0,341,341,0.66601562,-1
2,345,347,0.67773438,-0.98847262
0,350,350,0.68359375,-1
2,342,344,0.671875,-0.98837209
5,347,352,0.6875,-0.97159091
4,328,332,0.6484375,-0.97590361
0,350,350,0.68359375,-1
1,341,342,0.66796875,-0.99415205
0,359,359,0.70117188,-1
4,349,353,0.68945312,-0.97733711
7,339,346,0.67578125,-0.95953757
18,324,342,0.66796875,-0.89473684
5,343,348,0.6796875,-0.97126437
21,323,344,0.671875,-0.87790698
44,311,355,0.69335938,-0.75211268
54,285,339,0.66210938,-0.68141593
24,326,350,0.68359375,-0.86285714
7,339,346,0.67578125,-0.95953757
12,341,353,0.68945312,-0.93201133
0,356,356,0.6953125,-1
11,347,358,0.69921875,-0.93854749
13,332,345,0.67382812,-0.92463768
11,332,343,0.66992188,-0.93586006
4,333,337,0.65820312,-0.97626113
7,335,342,0.66796875,-0.95906433
17,338,355,0.69335938,-0.90422535
5,347,352,0.6875,-0.97159091
2,338,340,0.6640625,-0.98823529
5,354,359,0.70117188,-0.97214485
0,351,351,0.68554688,-1
14,340,354,0.69140625,-0.92090395
22,328,350,0.68359375,-0.87428571
23,333,356,0.6953125,-0.87078652
36,317,353,0.68945312,-0.79603399
36,313,349,0.68164062,-0.79369628
35,305,340,0.6640625,-0.79411765
21,321,342,0.66796875,-0.87719298
16,317,333,0.65039062,-0.9039039
24,325,349,0.68164062,-0.86246418
11,338,349,0.68164062,-0.93696275
23,332,355,0.69335938,-0.87042254
7,339,346,0.67578125,-0.95953757
0,358,358,0.69921875,-1
2,351,353,0.68945312,-0.98866856
8,344,352,0.6875,-0.95454545
9,341,350,0.68359375,-0.94857143
5,349,354,0.69140625,-0.97175141
1,330,331,0.64648438,-0.9939577
8,344,352,0.6875,-0.95454545
17,339,356,0.6953125,-0.90449438
2,349,351,0.68554688,-0.98860399
29,309,338,0.66015625,-0.82840237
32,309,341,0.66601562,-0.81231672
30,305,335,0.65429688,-0.82089552
17,320,337,0.65820312,-0.89910979
8,348,356,0.6953125,-0.95505618
12,338,350,0.68359375,-0.93142857
19,328,347,0.67773438,-0.89048991
12,339,351,0.68554688,-0.93162393
12,336,348,0.6796875,-0.93103448
9,340,349,0.68164062,-0.94842407
3,346,349,0.68164062,-0.98280802
5,335,340,0.6640625,-0.97058824
1,351,352,0.6875,-0.99431818
5,354,359,0.70117188,-0.97214485
7,342,349,0.68164062,-0.95988539
0,348,348,0.6796875,-1
1,347,348,0.6796875,-0.99425287
16,327,343,0.66992188,-0.90670554
16,330,346,0.67578125,-0.90751445
0,352,352,0.6875,-1
3,352,355,0.69335938,-0.98309859
3,343,346,0.67578125,-0.98265896
0,349,349,0.68164062,-1
5,347,352,0.6875,-0.97159091
19,336,355,0.69335938,-0.89295775
25,326,351,0.68554688,-0.85754986
3,345,348,0.6796875,-0.98275862
14,340,354,0.69140625,-0.92090395
0,354,354,0.69140625,-1
14,333,347,0.67773438,-0.91930836
16,324,340,0.6640625,-0.90588235
15,336,351,0.68554688,-0.91452991
18,326,344,0.671875,-0.89534884
7,345,352,0.6875,-0.96022727
3,348,351,0.68554688,-0.98290598
16,326,342,0.66796875,-0.90643275
36,306,342,0.66796875,-0.78947368
53,296,349,0.68164062,-0.69627507
20,317,337,0.65820312,-0.88130564
16,329,345,0.67382812,-0.90724638
19,335,354,0.69140625,-0.89265537
29,316,345,0.67382812,-0.83188406
35,313,348,0.6796875,-0.79885057
30,311,341,0.66601562,-0.82404692
35,311,346,0.67578125,-0.79768786
24,318,342,0.66796875,-0.85964912
20,333,353,0.68945312,-0.88668555
25,321,346,0.67578125,-0.85549133
4,337,341,0.66601562,-0.97653959
9,345,354,0.69140625,-0.94915254
7,345,352,0.6875,-0.96022727
1,356,357,0.69726562,-0.99439776
0,352,352,0.6875,-1
1,345,346,0.67578125,-0.99421965
2,340,342,0.66796875,-0.98830409
0,355,355,0.69335938,-1
2,347,349,0.68164062,-0.98853868
11,336,347,0.67773438,-0.93659942
0,347,347,0.67773438,-1
9,338,347,0.67773438,-0.9481268
9,317,326,0.63671875,-0.94478528
16,328,344,0.671875,-0.90697674
13,331,344,0.671875,-0.9244186
39,320,359,0.70117188,-0.78272981
12,332,344,0.671875,-0.93023256
0,354,354,0.69140625,-1
0,365,365,0.71289062,-1
10,327,337,0.65820312,-0.94065282
2,349,351,0.68554688,-0.98860399
0,348,348,0.6796875,-1
3,345,348,0.6796875,-0.98275862
0,351,351,0.68554688,-1
0,349,349,0.68164062,-1
1,345,346,0.67578125,-0.99421965
2,350,352,0.6875,-0.98863636
32,313,345,0.67382812,-0.81449275
14,326,340,0.6640625,-0.91764706
25,320,345,0.67382812,-0.85507246
9,335,344,0.671875,-0.94767442
18,328,346,0.67578125,-0.89595376
23,324,347,0.67773438,-0.86743516
7,342,349,0.68164062,-0.95988539
0,360,360,0.703125,-1
2,347,349,0.68164062,-0.98853868
10,335,345,0.67382812,-0.94202899
3,348,351,0.68554688,-0.98290598
0,352,352,0.6875,-1
1,358,359,0.70117188,-0.99442897
1,361,362,0.70703125,-0.99447514
6,340,346,0.67578125,-0.96531792
0,345,345,0.67382812,-1
0,350,350,0.68359375,-1
10,333,343,0.66992188,-0.94169096
0,350,350,0.68359375,-1
2,345,347,0.67773438,-0.98847262
0,352,352,0.6875,-1
0,359,359,0.70117188,-1
12,347,359,0.70117188,-0.93314763
2,348,350,0.68359375,-0.98857143
13,342,355,0.69335938,-0.92676056
0,358,358,0.69921875,-1
14,337,351,0.68554688,-0.92022792
28,326,354,0.69140625,-0.84180791
33,312,345,0.67382812,-0.80869565
7,343,350,0.68359375,-0.96
9,342,351,0.68554688,-0.94871795
22,331,353,0.68945312,-0.87535411
21,334,355,0.69335938,-0.88169014
30,317,347,0.67773438,-0.82708934
26,310,336,0.65625,-0.8452381
62,288,350,0.68359375,-0.64571429
44,299,343,0.66992188,-0.74344023
54,294,348,0.6796875,-0.68965517
43,300,343,0.66992188,-0.74927114
41,310,351,0.68554688,-0.76638177
42,311,353,0.68945312,-0.76203966
5,346,351,0.68554688,-0.97150997
11,332,343,0.66992188,-0.93586006
15,333,348,0.6796875,-0.9137931
31,327,358,0.69921875,-0.82681564
56,285,341,0.66601562,-0.67155425
57,295,352,0.6875,-0.67613636
46,302,348,0.6796875,-0.73563218
39,312,351,0.68554688,-0.77777778
25,326,351,0.68554688,-0.85754986
20,326,346,0.67578125,-0.88439306
8,330,338,0.66015625,-0.95266272
0,359,359,0.70117188,-1
15,331,346,0.67578125,-0.9132948
15,340,355,0.69335938,-0.91549296
7,359,366,0.71484375,-0.96174863
19,323,342,0.66796875,-0.88888889
12,334,346,0.67578125,-0.93063584
16,336,352,0.6875,-0.90909091
18,333,351,0.68554688,-0.8974359
37,307,344,0.671875,-0.78488372
49,288,337,0.65820312,-0.70919881
79,256,335,0.65429688,-0.52835821
99,249,348,0.6796875,-0.43103448
94,256,350,0.68359375,-0.46285714
59,285,344,0.671875,-0.65697674
52,281,333,0.65039062,-0.68768769
65,278,343,0.66992188,-0.62099125
66,294,360,0.703125,-0.63333333
89,245,334,0.65234375,-0.46706587
55,289,344,0.671875,-0.68023256
61,296,357,0.69726562,-0.65826331
41,305,346,0.67578125,-0.76300578
33,321,354,0.69140625,-0.81355932
42,309,351,0.68554688,-0.76068376
39,306,345,0.67382812,-0.77391304
28,321,349,0.68164062,-0.83954155
23,336,359,0.70117188,-0.8718663
22,316,338,0.66015625,-0.86982249
5,347,352,0.6875,-0.97159091
7,338,345,0.67382812,-0.95942029
3,349,352,0.6875,-0.98295455
11,348,359,0.70117188,-0.93871866
3,342,345,0.67382812,-0.9826087
8,349,357,0.69726562,-0.95518207
16,335,351,0.68554688,-0.90883191
6,333,339,0.66210938,-0.96460177
16,320,336,0.65625,-0.9047619
28,325,353,0.68945312,-0.84135977
9,345,354,0.69140625,-0.94915254
12,329,341,0.66601562,-0.92961877
9,327,336,0.65625,-0.94642857
11,344,355,0.69335938,-0.93802817
16,335,351,0.68554688,-0.90883191
8,342,350,0.68359375,-0.95428571
17,322,339,0.66210938,-0.89970501
18,337,355,0.69335938,-0.89859155
15,324,339,0.66210938,-0.91150442
15,327,342,0.66796875,-0.9122807
15,335,350,0.68359375,-0.91428571
14,323,337,0.65820312,-0.91691395
11,335,346,0.67578125,-0.93641618
23,319,342,0.66796875,-0.86549708
4,359,363,0.70898438,-0.97796143
6,343,349,0.68164062,-0.96561605
3,357,360,0.703125,-0.98333333
2,361,363,0.70898438,-0.98898072
13,341,354,0.69140625,-0.92655367
4,340,344,0.671875,-0.97674419
4,365,369,0.72070312,-0.97831978
0,353,353,0.68945312,-1
1,347,348,0.6796875,-0.99425287
12,347,359,0.70117188,-0.93314763
19,341,360,0.703125,-0.89444444
20,325,345,0.67382812,-0.88405797
30,318,348,0.6796875,-0.82758621
52,293,345,0.67382812,-0.69855072
45,295,340,0.6640625,-0.73529412
34,319,353,0.68945312,-0.80736544
47,309,356,0.6953125,-0.73595506
52,295,347,0.67773438,-0.70028818
48,296,344,0.671875,-0.72093023
61,281,342,0.66796875,-0.64327485
67,283,350,0.68359375,-0.61714286
52,288,340,0.6640625,-0.69411765
74,258,332,0.6484375,-0.55421687
75,264,339,0.66210938,-0.55752212
91,245,336,0.65625,-0.45833333
57,296,353,0.68945312,-0.67705382
27,327,354,0.69140625,-0.84745763
32,309,341,0.66601562,-0.81231672
16,339,355,0.69335938,-0.90985915
37,310,347,0.67773438,-0.78674352
20,331,351,0.68554688,-0.88603989
3,344,347,0.67773438,-0.98270893
0,353,353,0.68945312,-1
2,341,343,0.66992188,-0.98833819
6,339,345,0.67382812,-0.96521739
14,337,351,0.68554688,-0.92022792
19,343,362,0.70703125,-0.89502762
11,344,355,0.69335938,-0.93802817
7,337,344,0.671875,-0.95930233
2,354,356,0.6953125,-0.98876404
13,333,346,0.67578125,-0.92485549
9,335,344,0.671875,-0.94767442
4,333,337,0.65820312,-0.97626113
13,340,353,0.68945312,-0.92634561
1,345,346,0.67578125,-0.99421965
10,331,341,0.66601562,-0.94134897
4,352,356,0.6953125,-0.97752809
2,349,351,0.68554688,-0.98860399
23,305,328,0.640625,-0.8597561
35,316,351,0.68554688,-0.8005698
50,282,332,0.6484375,-0.69879518
58,270,328,0.640625,-0.64634146
59,275,334,0.65234375,-0.64670659
72,271,343,0.66992188,-0.58017493
83,259,342,0.66796875,-0.51461988
86,257,343,0.66992188,-0.49854227
63,296,359,0.70117188,-0.64902507
30,317,347,0.67773438,-0.82708934
11,345,356,0.6953125,-0.93820225
41,301,342,0.66796875,-0.76023392
44,311,355,0.69335938,-0.75211268
23,322,345,0.67382812,-0.86666667
16,323,339,0.66210938,-0.90560472
23,331,354,0.69140625,-0.8700565
12,346,358,0.69921875,-0.93296089
5,348,353,0.68945312,-0.97167139
8,348,356,0.6953125,-0.95505618
5,348,353,0.68945312,-0.97167139
2,350,352,0.6875,-0.98863636
21,331,352,0.6875,-0.88068182
35,319,354,0.69140625,-0.80225989
11,334,345,0.67382812,-0.93623188
7,339,346,0.67578125,-0.95953757
6,340,346,0.67578125,-0.96531792
3,353,356,0.6953125,-0.98314607
14,333,347,0.67773438,-0.91930836
18,328,346,0.67578125,-0.89595376
10,340,350,0.68359375,-0.94285714
6,343,349,0.68164062,-0.96561605
5,355,360,0.703125,-0.97222222
16,334,350,0.68359375,-0.90857143
9,346,355,0.69335938,-0.94929577
8,348,356,0.6953125,-0.95505618
8,338,346,0.67578125,-0.95375723
5,332,337,0.65820312,-0.97032641
0,349,349,0.68164062,-1
0,355,355,0.69335938,-1
3,349,352,0.6875,-0.98295455
0,347,347,0.67773438,-1
20,332,352,0.6875,-0.88636364
11,342,353,0.68945312,-0.93767705
3,353,356,0.6953125,-0.98314607
0,354,354,0.69140625,-1
22,321,343,0.66992188,-0.87172012
16,339,355,0.69335938,-0.90985915
13,349,362,0.70703125,-0.9281768
14,334,348,0.6796875,-0.91954023
4,352,356,0.6953125,-0.97752809
3,354,357,0.69726562,-0.98319328
0,361,361,0.70507812,-1
11,340,351,0.68554688,-0.93732194
3,349,352,0.6875,-0.98295455
1,350,351,0.68554688,-0.99430199
2,351,353,0.68945312,-0.98866856
2,354,356,0.6953125,-0.98876404
19,323,342,0.66796875,-0.88888889
10,341,351,0.68554688,-0.94301994
7,348,355,0.69335938,-0.96056338
7,356,363,0.70898438,-0.96143251
10,354,364,0.7109375,-0.94505495
0,355,355,0.69335938,-1
0,349,349,0.68164062,-1
0,359,359,0.70117188,-1
8,342,350,0.68359375,-0.95428571
3,334,337,0.65820312,-0.98219585
7,345,352,0.6875,-0.96022727
5,344,349,0.68164062,-0.9713467
17,337,354,0.69140625,-0.9039548
18,339,357,0.69726562,-0.89915966
13,344,357,0.69726562,-0.92717087
13,342,355,0.69335938,-0.92676056
15,343,358,0.69921875,-0.91620112
19,320,339,0.66210938,-0.8879056
8,350,358,0.69921875,-0.95530726
24,326,350,0.68359375,-0.86285714
42,291,333,0.65039062,-0.74774775
43,295,338,0.66015625,-0.74556213
23,315,338,0.66015625,-0.86390533
11,346,357,0.69726562,-0.93837535
12,340,352,0.6875,-0.93181818
16,323,339,0.66210938,-0.90560472
11,341,352,0.6875,-0.9375
12,336,348,0.6796875,-0.93103448
5,351,356,0.6953125,-0.97191011
25,319,344,0.671875,-0.85465116
27,317,344,0.671875,-0.84302326
24,340,364,0.7109375,-0.86813187
8,336,344,0.671875,-0.95348837
0,346,346,0.67578125,-1
9,344,353,0.68945312,-0.9490085
27,322,349,0.68164062,-0.84527221
30,316,346,0.67578125,-0.8265896
0,353,353,0.68945312,-1
6,344,350,0.68359375,-0.96571429
1,353,354,0.69140625,-0.99435028
5,347,352,0.6875,-0.97159091
15,329,344,0.671875,-0.9127907
52,289,341,0.66601562,-0.69501466
48,294,342,0.66796875,-0.71929825
21,326,347,0.67773438,-0.87896254
10,342,352,0.6875,-0.94318182
7,342,349,0.68164062,-0.95988539
11,331,342,0.66796875,-0.93567251
1,361,362,0.70703125,-0.99447514
12,336,348,0.6796875,-0.93103448
18,320,338,0.66015625,-0.89349112
16,327,343,0.66992188,-0.90670554
11,331,342,0.66796875,-0.93567251
6,356,362,0.70703125,-0.96685083
9,340,349,0.68164062,-0.94842407
4,355,359,0.70117188,-0.97771588
8,337,345,0.67382812,-0.95362319
8,340,348,0.6796875,-0.95402299
3,342,345,0.67382812,-0.9826087
9,336,345,0.67382812,-0.94782609
8,346,354,0.69140625,-0.95480226
8,343,351,0.68554688,-0.95441595
3,347,350,0.68359375,-0.98285714
2,347,349,0.68164062,-0.98853868
7,343,350,0.68359375,-0.96
1,359,360,0.703125,-0.99444444
9,334,343,0.66992188,-0.94752187
13,339,352,0.6875,-0.92613636
21,312,333,0.65039062,-0.87387387
20,323,343,0.66992188,-0.88338192
14,335,349,0.68164062,-0.91977077
13,344,357,0.69726562,-0.92717087
6,342,348,0.6796875,-0.96551724
4,348,352,0.6875,-0.97727273
3,357,360,0.703125,-0.98333333
6,343,349,0.68164062,-0.96561605
5,354,359,0.70117188,-0.97214485
5,348,353,0.68945312,-0.97167139
11,343,354,0.69140625,-0.93785311
10,345,355,0.69335938,-0.94366197
1,334,335,0.65429688,-0.99402985
1,350,351,0.68554688,-0.99430199
6,350,356,0.6953125,-0.96629213
6,341,347,0.67773438,-0.96541787
12,333,345,0.67382812,-0.93043478
7,353,360,0.703125,-0.96111111
4,334,338,0.66015625,-0.97633136
9,347,356,0.6953125,-0.9494382
16,343,359,0.70117188,-0.91086351
1,354,355,0.69335938,-0.9943662
0,341,341,0.66601562,-1
19,327,346,0.67578125,-0.89017341
4,337,341,0.66601562,-0.97653959
10,326,336,0.65625,-0.94047619
1,356,357,0.69726562,-0.99439776
0,369,369,0.72070312,-1
8,350,358,0.69921875,-0.95530726
0,352,352,0.6875,-1
9,331,340,0.6640625,-0.94705882
11,347,358,0.69921875,-0.93854749
0,356,356,0.6953125,-1
0,356,356,0.6953125,-1
3,345,348,0.6796875,-0.98275862
0,345,345,0.67382812,-1
4,338,342,0.66796875,-0.97660819
9,346,355,0.69335938,-0.94929577
10,344,354,0.69140625,-0.94350282
4,339,343,0.66992188,-0.97667638
7,343,350,0.68359375,-0.96
3,342,345,0.67382812,-0.9826087
9,348,357,0.69726562,-0.94957983
6,338,344,0.671875,-0.96511628
7,336,343,0.66992188,-0.95918367
5,342,347,0.67773438,-0.97118156
24,320,344,0.671875,-0.86046512
28,320,348,0.6796875,-0.83908046
13,325,338,0.66015625,-0.92307692
33,314,347,0.67773438,-0.80979827
40,305,345,0.67382812,-0.76811594
23,312,335,0.65429688,-0.86268657
41,304,345,0.67382812,-0.76231884
21,316,337,0.65820312,-0.87537092
25,320,345,0.67382812,-0.85507246
27,322,349,0.68164062,-0.84527221
46,291,337,0.65820312,-0.72700297
50,293,343,0.66992188,-0.70845481
29,315,344,0.671875,-0.83139535
41,305,346,0.67578125,-0.76300578
34,303,337,0.65820312,-0.79821958
25,316,341,0.66601562,-0.85337243
32,314,346,0.67578125,-0.8150289
41,305,346,0.67578125,-0.76300578
41,309,350,0.68359375,-0.76571429
40,296,336,0.65625,-0.76190476
2,355,357,0.69726562,-0.98879552
14,326,340,0.6640625,-0.91764706
2,349,351,0.68554688,-0.98860399
2,347,349,0.68164062,-0.98853868
3,344,347,0.67773438,-0.98270893
22,332,354,0.69140625,-0.87570621
0,355,355,0.69335938,-1
6,350,356,0.6953125,-0.96629213
14,341,355,0.69335938,-0.92112676
4,340,344,0.671875,-0.97674419
2,343,345,0.67382812,-0.9884058
6,340,346,0.67578125,-0.96531792
8,348,356,0.6953125,-0.95505618
17,334,351,0.68554688,-0.9031339
11,332,343,0.66992188,-0.93586006
24,303,327,0.63867188,-0.85321101
18,334,352,0.6875,-0.89772727
12,344,356,0.6953125,-0.93258427
16,340,356,0.6953125,-0.91011236
12,339,351,0.68554688,-0.93162393
9,345,354,0.69140625,-0.94915254
5,357,362,0.70703125,-0.97237569
8,326,334,0.65234375,-0.95209581
8,348,356,0.6953125,-0.95505618
15,341,356,0.6953125,-0.91573034
4,353,357,0.69726562,-0.97759104
6,333,339,0.66210938,-0.96460177
20,318,338,0.66015625,-0.8816568
11,349,360,0.703125,-0.93888889
30,326,356,0.6953125,-0.83146067
28,300,328,0.640625,-0.82926829
29,323,352,0.6875,-0.83522727
2,341,343,0.66992188,-0.98833819
4,354,358,0.69921875,-0.97765363
0,354,354,0.69140625,-1
0,355,355,0.69335938,-1
2,351,353,0.68945312,-0.98866856
17,330,347,0.67773438,-0.90201729
8,345,353,0.68945312,-0.95467422
7,350,357,0.69726562,-0.96078431
7,353,360,0.703125,-0.96111111
13,327,340,0.6640625,-0.92352941
1,347,348,0.6796875,-0.99425287
6,358,364,0.7109375,-0.96703297
3,357,360,0.703125,-0.98333333
31,320,351,0.68554688,-0.82336182
16,327,343,0.66992188,-0.90670554
2,341,343,0.66992188,-0.98833819
15,330,345,0.67382812,-0.91304348
6,338,344,0.671875,-0.96511628
5,352,357,0.69726562,-0.9719888
3,341,344,0.671875,-0.98255814
3,345,348,0.6796875,-0.98275862
18,331,349,0.68164062,-0.89684814
17,321,338,0.66015625,-0.89940828
27,333,360,0.703125,-0.85
24,324,348,0.6796875,-0.86206897
32,317,349,0.68164062,-0.81661891
1,354,355,0.69335938,-0.9943662
0,355,355,0.69335938,-1
9,342,351,0.68554688,-0.94871795
26,331,357,0.69726562,-0.85434174
22,330,352,0.6875,-0.875
11,338,349,0.68164062,-0.93696275
14,325,339,0.66210938,-0.91740413
21,320,341,0.66601562,-0.87683284
15,335,350,0.68359375,-0.91428571
20,338,358,0.69921875,-0.88826816
18,325,343,0.66992188,-0.89504373
16,335,351,0.68554688,-0.90883191
0,359,359,0.70117188,-1
3,348,351,0.68554688,-0.98290598
10,349,359,0.70117188,-0.94428969
12,343,355,0.69335938,-0.93239437
36,307,343,0.66992188,-0.79008746
32,317,349,0.68164062,-0.81661891
29,325,354,0.69140625,-0.83615819
25,324,349,0.68164062,-0.85673352
13,339,352,0.6875,-0.92613636
6,344,350,0.68359375,-0.96571429
6,354,360,0.703125,-0.96666667
14,323,337,0.65820312,-0.91691395
21,331,352,0.6875,-0.88068182
27,317,344,0.671875,-0.84302326
33,315,348,0.6796875,-0.81034483
19,335,354,0.69140625,-0.89265537
16,337,353,0.68945312,-0.90934844
11,333,344,0.671875,-0.93604651
26,320,346,0.67578125,-0.84971098
33,318,351,0.68554688,-0.81196581
36,306,342,0.66796875,-0.78947368
10,335,345,0.67382812,-0.94202899
7,357,364,0.7109375,-0.96153846
7,342,349,0.68164062,-0.95988539
4,358,362,0.70703125,-0.97790055
0,357,357,0.69726562,-1
0,341,341,0.66601562,-1
0,359,359,0.70117188,-1
5,354,359,0.70117188,-0.97214485
15,337,352,0.6875,-0.91477273
24,330,354,0.69140625,-0.86440678
25,312,337,0.65820312,-0.85163205
23,323,346,0.67578125,-0.86705202
13,330,343,0.66992188,-0.92419825
23,325,348,0.6796875,-0.86781609
12,345,357,0.69726562,-0.93277311
0,358,358,0.69921875,-1
1,360,361,0.70507812,-0.99445983
0,356,356,0.6953125,-1
9,345,354,0.69140625,-0.94915254
0,343,343,0.66992188,-1
0,349,349,0.68164062,-1
4,347,351,0.68554688,-0.97720798
19,345,364,0.7109375,-0.8956044
8,348,356,0.6953125,-0.95505618
0,359,359,0.70117188,-1
5,346,351,0.68554688,-0.97150997
12,334,346,0.67578125,-0.93063584
12,342,354,0.69140625,-0.93220339
20,333,353,0.68945312,-0.88668555
24,327,351,0.68554688,-0.86324786
34,319,353,0.68945312,-0.80736544
23,313,336,0.65625,-0.86309524
39,311,350,0.68359375,-0.77714286
17,323,340,0.6640625,-0.9
10,349,359,0.70117188,-0.94428969
2,342,344,0.671875,-0.98837209
4,337,341,0.66601562,-0.97653959
5,346,351,0.68554688,-0.97150997
6,342,348,0.6796875,-0.96551724
16,322,338,0.66015625,-0.90532544
11,332,343,0.66992188,-0.93586006
0,355,355,0.69335938,-1
7,362,369,0.72070312,-0.96205962
11,337,348,0.6796875,-0.93678161
8,333,341,0.66601562,-0.95307918
11,354,365,0.71289062,-0.93972603
45,288,333,0.65039062,-0.72972973
26,331,357,0.69726562,-0.85434174
11,343,354,0.69140625,-0.93785311
11,338,349,0.68164062,-0.93696275
18,340,358,0.69921875,-0.89944134
14,335,349,0.68164062,-0.91977077
5,341,346,0.67578125,-0.97109827
0,361,361,0.70507812,-1
2,348,350,0.68359375,-0.98857143
0,355,355,0.69335938,-1
0,352,352,0.6875,-1
11,337,348,0.6796875,-0.93678161
1,358,359,0.70117188,-0.99442897
4,343,347,0.67773438,-0.97694524
7,345,352,0.6875,-0.96022727
14,340,354,0.69140625,-0.92090395
24,317,341,0.66601562,-0.85923754
15,329,344,0.671875,-0.9127907
26,332,358,0.69921875,-0.8547486
54,288,342,0.66796875,-0.68421053
55,293,348,0.6796875,-0.68390805
36,317,353,0.68945312,-0.79603399
65,282,347,0.67773438,-0.62536023
46,303,349,0.68164062,-0.73638968
66,275,341,0.66601562,-0.61290323
85,254,339,0.66210938,-0.49852507
63,272,335,0.65429688,-0.6238806
63,281,344,0.671875,-0.63372093
55,285,340,0.6640625,-0.67647059
39,302,341,0.66601562,-0.771261
28,322,350,0.68359375,-0.84
26,320,346,0.67578125,-0.84971098
29,316,345,0.67382812,-0.83188406
31,322,353,0.68945312,-0.82436261
8,337,345,0.67382812,-0.95362319
1,358,359,0.70117188,-0.99442897
0,357,357,0.69726562,-1
0,350,350,0.68359375,-1
3,348,351,0.68554688,-0.98290598
2,353,355,0.69335938,-0.98873239
0,362,362,0.70703125,-1
11,351,362,0.70703125,-0.93922652
2,344,346,0.67578125,-0.98843931
8,347,355,0.69335938,-0.95492958
12,331,343,0.66992188,-0.93002915
13,338,351,0.68554688,-0.92592593
14,322,336,0.65625,-0.91666667
3,341,344,0.671875,-0.98255814
20,330,350,0.68359375,-0.88571429
5,352,357,0.69726562,-0.9719888
2,351,353,0.68945312,-0.98866856
20,316,336,0.65625,-0.88095238
20,324,344,0.671875,-0.88372093
14,334,348,0.6796875,-0.91954023
22,331,353,0.68945312,-0.87535411
18,334,352,0.6875,-0.89772727
12,329,341,0.66601562,-0.92961877
4,356,360,0.703125,-0.97777778
4,343,347,0.67773438,-0.97694524
0,346,346,0.67578125,-1
17,335,352,0.6875,-0.90340909
10,336,346,0.67578125,-0.94219653
22,330,352,0.6875,-0.875
11,338,349,0.68164062,-0.93696275
10,332,342,0.66796875,-0.94152047
12,345,357,0.69726562,-0.93277311
10,338,348,0.6796875,-0.94252874
0,358,358,0.69921875,-1
7,342,349,0.68164062,-0.95988539
6,339,345,0.67382812,-0.96521739
14,323,337,0.65820312,-0.91691395
2,341,343,0.66992188,-0.98833819
16,314,330,0.64453125,-0.9030303
3,349,352,0.6875,-0.98295455
11,343,354,0.69140625,-0.93785311
12,331,343,0.66992188,-0.93002915
16,329,345,0.67382812,-0.90724638
8,341,349,0.68164062,-0.95415473
1,353,354,0.69140625,-0.99435028
1,348,349,0.68164062,-0.99426934
0,355,355,0.69335938,-1
27,317,344,0.671875,-0.84302326
15,330,345,0.67382812,-0.91304348
2,341,343,0.66992188,-0.98833819
4,349,353,0.68945312,-0.97733711
10,361,371,0.72460938,-0.94609164
15,326,341,0.66601562,-0.91202346
1,340,341,0.66601562,-0.9941349
9,340,349,0.68164062,-0.94842407
4,348,352,0.6875,-0.97727273
21,327,348,0.6796875,-0.87931034
9,341,350,0.68359375,-0.94857143
4,351,355,0.69335938,-0.97746479
1,350,351,0.68554688,-0.99430199
4,360,364,0.7109375,-0.97802198
17,327,344,0.671875,-0.90116279
0,342,342,0.66796875,-1
4,343,347,0.67773438,-0.97694524
2,357,359,0.70117188,-0.98885794
9,340,349,0.68164062,-0.94842407
0,356,356,0.6953125,-1
2,337,339,0.66210938,-0.98820059
13,326,339,0.66210938,-0.92330383
6,346,352,0.6875,-0.96590909
1,353,354,0.69140625,-0.99435028
0,354,354,0.69140625,-1
14,336,350,0.68359375,-0.92
0,355,355,0.69335938,-1
20,321,341,0.66601562,-0.88269795
23,318,341,0.66601562,-0.86510264
17,314,331,0.64648438,-0.89728097
26,313,339,0.66210938,-0.84660767
34,310,344,0.671875,-0.80232558
2,340,342,0.66796875,-0.98830409
3,345,348,0.6796875,-0.98275862
2,355,357,0.69726562,-0.98879552
0,345,345,0.67382812,-1
5,344,349,0.68164062,-0.9713467
5,349,354,0.69140625,-0.97175141
0,364,364,0.7109375,-1
0,365,365,0.71289062,-1
10,343,353,0.68945312,-0.94334278
18,309,327,0.63867188,-0.88990826
20,329,349,0.68164062,-0.88538682
27,324,351,0.68554688,-0.84615385
18,333,351,0.68554688,-0.8974359
9,346,355,0.69335938,-0.94929577
4,348,352,0.6875,-0.97727273
11,341,352,0.6875,-0.9375
13,330,343,0.66992188,-0.92419825
24,316,340,0.6640625,-0.85882353
31,322,353,0.68945312,-0.82436261
10,342,352,0.6875,-0.94318182
14,336,350,0.68359375,-0.92
14,333,347,0.67773438,-0.91930836
1,345,346,0.67578125,-0.99421965
2,344,346,0.67578125,-0.98843931
3,357,360,0.703125,-0.98333333
11,345,356,0.6953125,-0.93820225
6,336,342,0.66796875,-0.96491228
9,348,357,0.69726562,-0.94957983
4,347,351,0.68554688,-0.97720798
10,344,354,0.69140625,-0.94350282
13,335,348,0.6796875,-0.92528736
11,327,338,0.66015625,-0.93491124
13,339,352,0.6875,-0.92613636
4,348,352,0.6875,-0.97727273
1,350,351,0.68554688,-0.99430199
2,347,349,0.68164062,-0.98853868
7,338,345,0.67382812,-0.95942029
5,361,366,0.71484375,-0.9726776
9,337,346,0.67578125,-0.94797688
4,345,349,0.68164062,-0.97707736
15,334,349,0.68164062,-0.91404011
0,342,342,0.66796875,-1
10,328,338,0.66015625,-0.9408284
15,328,343,0.66992188,-0.91253644
11,336,347,0.67773438,-0.93659942
12,341,353,0.68945312,-0.93201133
4,348,352,0.6875,-0.97727273
6,349,355,0.69335938,-0.96619718
1,340,341,0.66601562,-0.9941349
0,362,362,0.70703125,-1
7,345,352,0.6875,-0.96022727
11,326,337,0.65820312,-0.9347181
10,351,361,0.70507812,-0.94459834
1,350,351,0.68554688,-0.99430199
3,341,344,0.671875,-0.98255814
6,347,353,0.68945312,-0.96600567
5,345,350,0.68359375,-0.97142857
7,351,358,0.69921875,-0.96089385
2,361,363,0.70898438,-0.98898072
0,357,357,0.69726562,-1
4,324,328,0.640625,-0.97560976
3,346,349,0.68164062,-0.98280802
18,314,332,0.6484375,-0.89156627
7,329,336,0.65625,-0.95833333
8,347,355,0.69335938,-0.95492958
3,349,352,0.6875,-0.98295455
5,345,350,0.68359375,-0.97142857
1,348,349,0.68164062,-0.99426934
1,360,361,0.70507812,-0.99445983
6,339,345,0.67382812,-0.96521739
9,340,349,0.68164062,-0.94842407
33,318,351,0.68554688,-0.81196581
7,345,352,0.6875,-0.96022727
3,344,347,0.67773438,-0.98270893
1,340,341,0.66601562,-0.9941349
12,334,346,0.67578125,-0.93063584
3,340,343,0.66992188,-0.98250729
3,348,351,0.68554688,-0.98290598
2,360,362,0.70703125,-0.98895028
14,343,357,0.69726562,-0.92156863
9,340,349,0.68164062,-0.94842407
4,338,342,0.66796875,-0.97660819
20,328,348,0.6796875,-0.88505747
38,302,340,0.6640625,-0.77647059
32,298,330,0.64453125,-0.80606061
13,326,339,0.66210938,-0.92330383
13,336,349,0.68164062,-0.92550143
8,344,352,0.6875,-0.95454545
22,328,350,0.68359375,-0.87428571
7,345,352,0.6875,-0.96022727
8,342,350,0.68359375,-0.95428571
17,341,358,0.69921875,-0.90502793
2,346,348,0.6796875,-0.98850575
0,345,345,0.67382812,-1
3,348,351,0.68554688,-0.98290598
3,349,352,0.6875,-0.98295455
19,339,358,0.69921875,-0.89385475
6,341,347,0.67773438,-0.96541787
2,343,345,0.67382812,-0.9884058
5,359,364,0.7109375,-0.97252747
6,356,362,0.70703125,-0.96685083
6,338,344,0.671875,-0.96511628
1,353,354,0.69140625,-0.99435028
1,362,363,0.70898438,-0.99449036
9,342,351,0.68554688,-0.94871795
0,359,359,0.70117188,-1
1,346,347,0.67773438,-0.99423631
5,352,357,0.69726562,-0.9719888
19,343,362,0.70703125,-0.89502762
4,350,354,0.69140625,-0.97740113
4,343,347,0.67773438,-0.97694524
0,342,342,0.66796875,-1
5,342,347,0.67773438,-0.97118156
22,324,346,0.67578125,-0.87283237
1,348,349,0.68164062,-0.99426934
15,337,352,0.6875,-0.91477273
0,346,346,0.67578125,-1
0,342,342,0.66796875,-1
12,349,361,0.70507812,-0.93351801
15,337,352,0.6875,-0.91477273
27,328,355,0.69335938,-0.84788732
17,325,342,0.66796875,-0.9005848
11,349,360,0.703125,-0.93888889
8,338,346,0.67578125,-0.95375723
0,359,359,0.70117188,-1
4,337,341,0.66601562,-0.97653959
19,340,359,0.70117188,-0.89415042
31,311,342,0.66796875,-0.81871345
37,315,352,0.6875,-0.78977273
15,348,363,0.70898438,-0.91735537
48,307,355,0.69335938,-0.72957746
23,329,352,0.6875,-0.86931818
23,328,351,0.68554688,-0.86894587
6,344,350,0.68359375,-0.96571429
11,330,341,0.66601562,-0.93548387
6,350,356,0.6953125,-0.96629213
2,347,349,0.68164062,-0.98853868
3,341,344,0.671875,-0.98255814
2,353,355,0.69335938,-0.98873239
0,353,353,0.68945312,-1
5,339,344,0.671875,-0.97093023
6,344,350,0.68359375,-0.96571429
14,329,343,0.66992188,-0.91836735
25,328,353,0.68945312,-0.85835694
42,303,345,0.67382812,-0.75652174
1,357,358,0.69921875,-0.99441341
1,350,351,0.68554688,-0.99430199
14,341,355,0.69335938,-0.92112676
11,341,352,0.6875,-0.9375
11,341,352,0.6875,-0.9375
6,339,345,0.67382812,-0.96521739
8,345,353,0.68945312,-0.95467422
6,342,348,0.6796875,-0.96551724
5,337,342,0.66796875,-0.97076023
28,313,341,0.66601562,-0.83577713
27,321,348,0.6796875,-0.84482759
7,340,347,0.67773438,-0.95965418
0,369,369,0.72070312,-1
9,327,336,0.65625,-0.94642857
24,317,341,0.66601562,-0.85923754
0,346,346,0.67578125,-1
3,345,348,0.6796875,-0.98275862
6,344,350,0.68359375,-0.96571429
2,334,336,0.65625,-0.98809524
1,346,347,0.67773438,-0.99423631
1,348,349,0.68164062,-0.99426934
4,364,368,0.71875,-0.97826087
4,344,348,0.6796875,-0.97701149
10,331,341,0.66601562,-0.94134897
16,331,347,0.67773438,-0.90778098
6,344,350,0.68359375,-0.96571429
19,329,348,0.6796875,-0.8908046
16,321,337,0.65820312,-0.90504451
23,324,347,0.67773438,-0.86743516
9,339,348,0.6796875,-0.94827586
3,353,356,0.6953125,-0.98314607
1,357,358,0.69921875,-0.99441341
6,347,353,0.68945312,-0.96600567
8,352,360,0.703125,-0.95555556
7,346,353,0.68945312,-0.96033994
5,350,355,0.69335938,-0.97183099
1,341,342,0.66796875,-0.99415205
5,355,360,0.703125,-0.97222222
3,345,348,0.6796875,-0.98275862
16,324,340,0.6640625,-0.90588235
5,345,350,0.68359375,-0.97142857
3,344,347,0.67773438,-0.98270893
0,350,350,0.68359375,-1
22,336,358,0.69921875,-0.87709497
14,326,340,0.6640625,-0.91764706
10,332,342,0.66796875,-0.94152047
1,353,354,0.69140625,-0.99435028
0,351,351,0.68554688,-1
12,338,350,0.68359375,-0.93142857
26,328,354,0.69140625,-0.85310734
27,318,345,0.67382812,-0.84347826
17,332,349,0.68164062,-0.9025788
19,326,345,0.67382812,-0.88985507
21,331,352,0.6875,-0.88068182
15,315,330,0.64453125,-0.90909091
16,332,348,0.6796875,-0.90804598
11,324,335,0.65429688,-0.93432836
0,349,349,0.68164062,-1
0,344,344,0.671875,-1
7,347,354,0.69140625,-0.96045198
3,335,338,0.66015625,-0.98224852
9,332,341,0.66601562,-0.94721408
10,351,361,0.70507812,-0.94459834
11,342,353,0.68945312,-0.93767705
13,338,351,0.68554688,-0.92592593
36,314,350,0.68359375,-0.79428571
16,327,343,0.66992188,-0.90670554
8,340,348,0.6796875,-0.95402299
0,349,349,0.68164062,-1
0,356,356,0.6953125,-1
17,324,341,0.66601562,-0.90029326
23,316,339,0.66210938,-0.86430678
21,336,357,0.69726562,-0.88235294
0,359,359,0.70117188,-1
5,343,348,0.6796875,-0.97126437
6,343,349,0.68164062,-0.96561605
5,339,344,0.671875,-0.97093023
0,346,346,0.67578125,-1
9,346,355,0.69335938,-0.94929577
7,341,348,0.6796875,-0.95977011
14,333,347,0.67773438,-0.91930836
5,350,355,0.69335938,-0.97183099
11,334,345,0.67382812,-0.93623188
31,309,340,0.6640625,-0.81764706
41,305,346,0.67578125,-0.76300578
46,294,340,0.6640625,-0.72941176
54,292,346,0.67578125,-0.68786127
71,267,338,0.66015625,-0.57988166
24,318,342,0.66796875,-0.85964912
24,317,341,0.66601562,-0.85923754
61,283,344,0.671875,-0.64534884
42,299,341,0.66601562,-0.75366569
48,299,347,0.67773438,-0.72334294
13,332,345,0.67382812,-0.92463768
11,334,345,0.67382812,-0.93623188
1,342,343,0.66992188,-0.9941691
6,342,348,0.6796875,-0.96551724
22,313,335,0.65429688,-0.86865672
18,331,349,0.68164062,-0.89684814
25,314,339,0.66210938,-0.85250737
12,335,347,0.67773438,-0.93083573
6,339,345,0.67382812,-0.96521739
0,349,349,0.68164062,-1
8,347,355,0.69335938,-0.95492958
15,341,356,0.6953125,-0.91573034
22,304,326,0.63671875,-0.86503067
58,282,340,0.6640625,-0.65882353
37,309,346,0.67578125,-0.78612717
25,324,349,0.68164062,-0.85673352
8,348,356,0.6953125,-0.95505618
0,366,366,0.71484375,-1
6,340,346,0.67578125,-0.96531792
12,337,349,0.68164062,-0.93123209
19,334,353,0.68945312,-0.89235127
15,332,347,0.67773438,-0.91354467
8,339,347,0.67773438,-0.95389049
8,345,353,0.68945312,-0.95467422
10,345,355,0.69335938,-0.94366197
18,331,349,0.68164062,-0.89684814
14,345,359,0.70117188,-0.92200557
15,348,363,0.70898438,-0.91735537
12,337,349,0.68164062,-0.93123209
16,330,346,0.67578125,-0.90751445
2,341,343,0.66992188,-0.98833819
4,356,360,0.703125,-0.97777778
12,335,347,0.67773438,-0.93083573
5,339,344,0.671875,-0.97093023
0,358,358,0.69921875,-1
1,344,345,0.67382812,-0.9942029
4,343,347,0.67773438,-0.97694524
22,320,342,0.66796875,-0.87134503
11,334,345,0.67382812,-0.93623188
24,308,332,0.6484375,-0.85542169
22,320,342,0.66796875,-0.87134503
18,331,349,0.68164062,-0.89684814
15,323,338,0.66015625,-0.9112426
11,341,352,0.6875,-0.9375
15,332,347,0.67773438,-0.91354467
23,335,358,0.69921875,-0.87150838
7,339,346,0.67578125,-0.95953757
20,329,349,0.68164062,-0.88538682
34,304,338,0.66015625,-0.79881657
18,332,350,0.68359375,-0.89714286
12,341,353,0.68945312,-0.93201133
13,328,341,0.66601562,-0.92375367
4,344,348,0.6796875,-0.97701149
9,341,350,0.68359375,-0.94857143
5,351,356,0.6953125,-0.97191011
1,351,352,0.6875,-0.99431818
10,345,355,0.69335938,-0.94366197
13,341,354,0.69140625,-0.92655367
29,316,345,0.67382812,-0.83188406
73,268,341,0.66601562,-0.57184751
97,246,343,0.66992188,-0.43440233
98,258,356,0.6953125,-0.4494382
74,268,342,0.66796875,-0.56725146
117,229,346,0.67578125,-0.32369942
131,205,336,0.65625,-0.2202381
139,194,333,0.65039062,-0.16516517
132,203,335,0.65429688,-0.2119403
138,205,343,0.66992188,-0.19533528
149,195,344,0.671875,-0.13372093
173,163,336,0.65625,0.029761905
199,141,340,0.6640625,0.17058824
204,139,343,0.66992188,0.18950437
180,162,342,0.66796875,0.052631579
189,151,340,0.6640625,0.11176471
201,138,339,0.66210938,0.18584071
192,148,340,0.6640625,0.12941176
174,159,333,0.65039062,0.045045045
152,193,345,0.67382812,-0.11884058
152,180,332,0.6484375,-0.084337349
189,151,340,0.6640625,0.11176471
176,174,350,0.68359375,0.0057142857
152,196,348,0.6796875,-0.12643678
143,198,341,0.66601562,-0.16129032
148,185,333,0.65039062,-0.11111111
162,189,351,0.68554688,-0.076923077
145,193,338,0.66015625,-0.14201183
140,198,338,0.66015625,-0.17159763
140,203,343,0.66992188,-0.18367347
164,173,337,0.65820312,-0.026706231
197,141,338,0.66015625,0.16568047
193,144,337,0.65820312,0.14540059
197,137,334,0.65234375,0.17964072
154,178,332,0.6484375,-0.072289157
187,163,350,0.68359375,0.068571429
184,167,351,0.68554688,0.048433048
167,167,334,0.65234375,0
183,149,332,0.6484375,0.10240964
205,137,342,0.66796875,0.19883041
243,105,348,0.6796875,0.39655172
237,108,345,0.67382812,0.37391304
229,112,341,0.66601562,0.3431085
254,91,345,0.67382812,0.47246377
248,99,347,0.67773438,0.42939481
245,104,349,0.68164062,0.40401146
255,84,339,0.66210938,0.50442478
291,46,337,0.65820312,0.72700297
295,45,340,0.6640625,0.73529412
323,30,353,0.68945312,0.83002833
303,44,347,0.67773438,0.74639769
311,27,338,0.66015625,0.84023669
348,3,351,0.68554688,0.98290598
347,0,347,0.67773438,1
355,1,356,0.6953125,0.99438202
358,1,359,0.70117188,0.99442897
350,8,358,0.69921875,0.95530726
344,11,355,0.69335938,0.93802817
339,11,350,0.68359375,0.93714286
337,9,346,0.67578125,0.94797688
342,11,353,0.68945312,0.93767705
343,4,347,0.67773438,0.97694524
346,2,348,0.6796875,0.98850575
326,13,339,0.66210938,0.92330383
325,22,347,0.67773438,0.87319885
328,13,341,0.66601562,0.92375367
335,10,345,0.67382812,0.94202899
340,13,353,0.68945312,0.92634561
330,11,341,0.66601562,0.93548387
332,11,343,0.66992188,0.93586006
331,13,344,0.671875,0.9244186
312,29,341,0.66601562,0.82991202
314,30,344,0.671875,0.8255814
307,31,338,0.66015625,0.81656805
326,24,350,0.68359375,0.86285714
343,3,346,0.67578125,0.98265896
348,0,348,0.6796875,1
341,11,352,0.6875,0.9375
336,3,339,0.66210938,0.98230088
342,7,349,0.68164062,0.95988539
352,3,355,0.69335938,0.98309859
351,0,351,0.68554688,1
346,0,346,0.67578125,1
364,0,364,0.7109375,1
353,1,354,0.69140625,0.99435028
345,2,347,0.67773438,0.98847262
344,6,350,0.68359375,0.96571429
332,15,347,0.67773438,0.91354467
323,24,347,0.67773438,0.86167147
344,4,348,0.6796875,0.97701149
334,14,348,0.6796875,0.91954023
346,6,352,0.6875,0.96590909
332,8,340,0.6640625,0.95294118
320,10,330,0.64453125,0.93939394
361,0,361,0.70507812,1
332,4,336,0.65625,0.97619048
345,1,346,0.67578125,0.99421965
355,1,356,0.6953125,0.99438202
341,3,344,0.671875,0.98255814
345,1,346,0.67578125,0.99421965
356,1,357,0.69726562,0.99439776
341,1,342,0.66796875,0.99415205
351,4,355,0.69335938,0.97746479
330,9,339,0.66210938,0.94690265
354,0,354,0.69140625,1
340,6,346,0.67578125,0.96531792
341,4,345,0.67382812,0.97681159
351,5,356,0.6953125,0.97191011
335,10,345,0.67382812,0.94202899
350,10,360,0.703125,0.94444444
347,2,349,0.68164062,0.98853868
345,8,353,0.68945312,0.95467422
346,6,352,0.6875,0.96590909
346,7,353,0.68945312,0.96033994
361,2,363,0.70898438,0.98898072
357,0,357,0.69726562,1
336,7,343,0.66992188,0.95918367
353,0,353,0.68945312,1
345,6,351,0.68554688,0.96581197
322,23,345,0.67382812,0.86666667
303,38,341,0.66601562,0.7771261
338,11,349,0.68164062,0.93696275
356,1,357,0.69726562,0.99439776
349,1,350,0.68359375,0.99428571
349,5,354,0.69140625,0.97175141
352,2,354,0.69140625,0.98870056
345,6,351,0.68554688,0.96581197
354,3,357,0.69726562,0.98319328
346,2,348,0.6796875,0.98850575
355,2,357,0.69726562,0.98879552
337,15,352,0.6875,0.91477273
335,9,344,0.671875,0.94767442
344,7,351,0.68554688,0.96011396
362,0,362,0.70703125,1
353,0,353,0.68945312,1
331,33,364,0.7109375,0.81868132
353,3,356,0.6953125,0.98314607
334,17,351,0.68554688,0.9031339
330,17,347,0.67773438,0.90201729
329,22,351,0.68554688,0.87464387
352,4,356,0.6953125,0.97752809
321,28,349,0.68164062,0.83954155
327,32,359,0.70117188,0.82172702
302,36,338,0.66015625,0.78698225
313,26,339,0.66210938,0.84660767
314,38,352,0.6875,0.78409091
336,2,338,0.66015625,0.98816568
340,0,340,0.6640625,1
351,1,352,0.6875,0.99431818
340,11,351,0.68554688,0.93732194
363,5,368,0.71875,0.97282609
332,10,342,0.66796875,0.94152047
352,3,355,0.69335938,0.98309859
337,6,343,0.66992188,0.96501458
358,0,358,0.69921875,1
347,0,347,0.67773438,1
357,1,358,0.69921875,0.99441341
337,16,353,0.68945312,0.90934844
344,11,355,0.69335938,0.93802817
338,7,345,0.67382812,0.95942029
345,12,357,0.69726562,0.93277311
334,9,343,0.66992188,0.94752187
345,15,360,0.703125,0.91666667
344,9,353,0.68945312,0.9490085
328,16,344,0.671875,0.90697674
333,11,344,0.671875,0.93604651
349,4,353,0.68945312,0.97733711
335,10,345,0.67382812,0.94202899
324,12,336,0.65625,0.92857143
352,10,362,0.70703125,0.94475138
334,7,341,0.66601562,0.95894428
334,11,345,0.67382812,0.93623188
326,25,351,0.68554688,0.85754986
315,33,348,0.6796875,0.81034483
322,25,347,0.67773438,0.85590778
315,38,353,0.68945312,0.78470255
323,31,354,0.69140625,0.82485876
340,11,351,0.68554688,0.93732194
340,7,347,0.67773438,0.95965418
349,3,352,0.6875,0.98295455
340,4,344,0.671875,0.97674419
348,8,356,0.6953125,0.95505618
349,1,350,0.68359375,0.99428571
332,7,339,0.66210938,0.95870206
344,12,356,0.6953125,0.93258427
321,24,345,0.67382812,0.86086957
314,18,332,0.6484375,0.89156627
334,9,343,0.66992188,0.94752187
328,19,347,0.67773438,0.89048991
318,29,347,0.67773438,0.83285303
310,36,346,0.67578125,0.79190751
337,15,352,0.6875,0.91477273
319,25,344,0.671875,0.85465116
323,34,357,0.69726562,0.80952381
315,35,350,0.68359375,0.8
303,48,351,0.68554688,0.72649573
335,23,358,0.69921875,0.87150838
338,16,354,0.69140625,0.90960452
334,9,343,0.66992188,0.94752187
333,10,343,0.66992188,0.94169096
339,10,349,0.68164062,0.94269341
361,0,361,0.70507812,1
343,11,354,0.69140625,0.93785311
343,11,354,0.69140625,0.93785311
343,2,345,0.67382812,0.9884058
334,14,348,0.6796875,0.91954023
324,23,347,0.67773438,0.86743516
290,52,342,0.66796875,0.69590643
317,28,345,0.67382812,0.83768116
348,4,352,0.6875,0.97727273
360,1,361,0.70507812,0.99445983
333,16,349,0.68164062,0.90830946
314,27,341,0.66601562,0.84164223
329,23,352,0.6875,0.86931818
303,37,340,0.6640625,0.78235294
316,26,342,0.66796875,0.84795322
326,23,349,0.68164062,0.86819484
342,5,347,0.67773438,0.97118156
318,13,331,0.64648438,0.92145015
340,21,361,0.70507812,0.88365651
332,24,356,0.6953125,0.86516854
327,18,345,0.67382812,0.89565217
321,27,348,0.6796875,0.84482759
297,41,338,0.66015625,0.75739645
320,25,345,0.67382812,0.85507246
329,20,349,0.68164062,0.88538682
314,20,334,0.65234375,0.88023952
336,15,351,0.68554688,0.91452991
340,7,347,0.67773438,0.95965418
356,6,362,0.70703125,0.96685083
340,0,340,0.6640625,1
337,11,348,0.6796875,0.93678161
313,35,348,0.6796875,0.79885057
319,31,350,0.68359375,0.82285714
299,44,343,0.66992188,0.74344023
335,20,355,0.69335938,0.88732394
292,56,348,0.6796875,0.67816092
295,42,337,0.65820312,0.75074184
322,25,347,0.67773438,0.85590778
342,11,353,0.68945312,0.93767705
338,0,338,0.66015625,1
356,0,356,0.6953125,1
342,6,348,0.6796875,0.96551724
348,2,350,0.68359375,0.98857143
342,7,349,0.68164062,0.95988539
355,1,356,0.6953125,0.99438202
353,0,353,0.68945312,1
348,7,355,0.69335938,0.96056338
336,8,344,0.671875,0.95348837
336,6,342,0.66796875,0.96491228
336,18,354,0.69140625,0.89830508
332,9,341,0.66601562,0.94721408
344,1,345,0.67382812,0.9942029
346,5,351,0.68554688,0.97150997
350,1,351,0.68554688,0.99430199
345,2,347,0.67773438,0.98847262
355,1,356,0.6953125,0.99438202
344,10,354,0.69140625,0.94350282
328,19,347,0.67773438,0.89048991
340,6,346,0.67578125,0.96531792
358,0,358,0.69921875,1
338,15,353,0.68945312,0.91501416
358,7,365,0.71289062,0.96164384
338,0,338,0.66015625,1
356,0,356,0.6953125,1
339,12,351,0.68554688,0.93162393
340,5,345,0.67382812,0.97101449
323,18,341,0.66601562,0.89442815
350,2,352,0.6875,0.98863636
342,17,359,0.70117188,0.90529248
349,3,352,0.6875,0.98295455
351,0,351,0.68554688,1
349,0,349,0.68164062,1
355,2,357,0.69726562,0.98879552
346,3,349,0.68164062,0.98280802
340,12,352,0.6875,0.93181818
343,5,348,0.6796875,0.97126437
343,0,343,0.66992188,1
327,33,360,0.703125,0.81666667
315,28,343,0.66992188,0.83673469
350,8,358,0.69921875,0.95530726
331,19,350,0.68359375,0.89142857
341,6,347,0.67773438,0.96541787
364,0,364,0.7109375,1
340,8,348,0.6796875,0.95402299
324,17,341,0.66601562,0.90029326
356,2,358,0.69921875,0.98882682
348,6,354,0.69140625,0.96610169
324,18,342,0.66796875,0.89473684
331,8,339,0.66210938,0.95280236
331,2,333,0.65039062,0.98798799
339,1,340,0.6640625,0.99411765
340,1,341,0.66601562,0.9941349
344,2,346,0.67578125,0.98843931
348,9,357,0.69726562,0.94957983
319,23,342,0.66796875,0.86549708
352,4,356,0.6953125,0.97752809
349,13,362,0.70703125,0.9281768
340,15,355,0.69335938,0.91549296
344,13,357,0.69726562,0.92717087
327,21,348,0.6796875,0.87931034
294,42,336,0.65625,0.75
335,17,352,0.6875,0.90340909
320,35,355,0.69335938,0.8028169
293,54,347,0.67773438,0.68876081
335,15,350,0.68359375,0.91428571
337,15,352,0.6875,0.91477273
358,1,359,0.70117188,0.99442897
357,0,357,0.69726562,1
359,1,360,0.703125,0.99444444
329,15,344,0.671875,0.9127907
334,18,352,0.6875,0.89772727
321,22,343,0.66992188,0.87172012
329,23,352,0.6875,0.86931818
358,1,359,0.70117188,0.99442897
332,10,342,0.66796875,0.94152047
359,0,359,0.70117188,1
344,0,344,0.671875,1
345,3,348,0.6796875,0.98275862
331,10,341,0.66601562,0.94134897
354,2,356,0.6953125,0.98876404
343,8,351,0.68554688,0.95441595
336,13,349,0.68164062,0.92550143
333,14,347,0.67773438,0.91930836
341,20,361,0.70507812,0.88919668
289,48,337,0.65820312,0.71513353
318,23,341,0.66601562,0.86510264
324,15,339,0.66210938,0.91150442
342,15,357,0.69726562,0.91596639
334,5,339,0.66210938,0.97050147
349,3,352,0.6875,0.98295455
346,3,349,0.68164062,0.98280802
347,5,352,0.6875,0.97159091
341,5,346,0.67578125,0.97109827
351,2,353,0.68945312,0.98866856
361,1,362,0.70703125,0.99447514
354,5,359,0.70117188,0.97214485
357,1,358,0.69921875,0.99441341
330,12,342,0.66796875,0.92982456
348,12,360,0.703125,0.93333333
323,16,339,0.66210938,0.90560472
324,21,345,0.67382812,0.87826087
338,13,351,0.68554688,0.92592593
329,11,340,0.6640625,0.93529412
349,4,353,0.68945312,0.97733711
352,4,356,0.6953125,0.97752809
339,5,344,0.671875,0.97093023
350,3,353,0.68945312,0.98300283
345,14,359,0.70117188,0.92200557
344,5,349,0.68164062,0.9713467
348,5,353,0.68945312,0.97167139
339,19,358,0.69921875,0.89385475
338,9,347,0.67773438,0.9481268
349,2,351,0.68554688,0.98860399
345,2,347,0.67773438,0.98847262
353,2,355,0.69335938,0.98873239
350,5,355,0.69335938,0.97183099
354,0,354,0.69140625,1
356,1,357,0.69726562,0.99439776
355,0,355,0.69335938,1
332,9,341,0.66601562,0.94721408
339,4,343,0.66992188,0.97667638
335,12,347,0.67773438,0.93083573
341,5,346,0.67578125,0.97109827
339,4,343,0.66992188,0.97667638
342,6,348,0.6796875,0.96551724
344,10,354,0.69140625,0.94350282
334,8,342,0.66796875,0.95321637
330,11,341,0.66601562,0.93548387
340,8,348,0.6796875,0.95402299
357,0,357,0.69726562,1
344,4,348,0.6796875,0.97701149
340,6,346,0.67578125,0.96531792
341,2,343,0.66992188,0.98833819
344,4,348,0.6796875,0.97701149
345,6,351,0.68554688,0.96581197
360,0,360,0.703125,1
348,2,350,0.68359375,0.98857143
348,1,349,0.68164062,0.99426934
351,2,353,0.68945312,0.98866856
321,24,345,0.67382812,0.86086957
339,14,353,0.68945312,0.92067989
337,15,352,0.6875,0.91477273
351,7,358,0.69921875,0.96089385
323,21,344,0.671875,0.87790698
322,24,346,0.67578125,0.86127168
337,9,346,0.67578125,0.94797688
353,2,355,0.69335938,0.98873239
347,8,355,0.69335938,0.95492958
336,3,339,0.66210938,0.98230088
341,1,342,0.66796875,0.99415205
349,1,350,0.68359375,0.99428571
345,6,351,0.68554688,0.96581197
337,10,347,0.67773438,0.94236311
344,4,348,0.6796875,0.97701149
348,4,352,0.6875,0.97727273
330,19,349,0.68164062,0.89111748
317,35,352,0.6875,0.80113636
340,13,353,0.68945312,0.92634561
336,5,341,0.66601562,0.97067449
342,11,353,0.68945312,0.93767705
353,1,354,0.69140625,0.99435028
353,3,356,0.6953125,0.98314607
366,0,366,0.71484375,1
336,8,344,0.671875,0.95348837
356,1,357,0.69726562,0.99439776
358,7,365,0.71289062,0.96164384
349,0,349,0.68164062,1
327,8,335,0.65429688,0.95223881
344,6,350,0.68359375,0.96571429
343,8,351,0.68554688,0.95441595
346,6,352,0.6875,0.96590909
338,9,347,0.67773438,0.9481268
331,23,354,0.69140625,0.8700565
311,21,332,0.6484375,0.87349398
331,13,344,0.671875,0.9244186
343,13,356,0.6953125,0.92696629
340,2,342,0.66796875,0.98830409
355,0,355,0.69335938,1
344,8,352,0.6875,0.95454545
351,5,356,0.6953125,0.97191011
334,5,339,0.66210938,0.97050147
358,1,359,0.70117188,0.99442897
325,15,340,0.6640625,0.91176471
331,8,339,0.66210938,0.95280236
335,17,352,0.6875,0.90340909
328,6,334,0.65234375,0.96407186
344,10,354,0.69140625,0.94350282
355,0,355,0.69335938,1
333,3,336,0.65625,0.98214286
335,12,347,0.67773438,0.93083573
327,28,355,0.69335938,0.84225352
311,34,345,0.67382812,0.80289855
291,50,341,0.66601562,0.70674487
294,44,338,0.66015625,0.73964497
330,19,349,0.68164062,0.89111748
325,19,344,0.671875,0.88953488
349,2,351,0.68554688,0.98860399
336,2,338,0.66015625,0.98816568
351,0,351,0.68554688,1
343,7,350,0.68359375,0.96
353,6,359,0.70117188,0.96657382
347,3,350,0.68359375,0.98285714
350,3,353,0.68945312,0.98300283
356,0,356,0.6953125,1
341,9,350,0.68359375,0.94857143
321,27,348,0.6796875,0.84482759
326,18,344,0.671875,0.89534884
351,12,363,0.70898438,0.9338843
345,2,347,0.67773438,0.98847262
335,10,345,0.67382812,0.94202899
351,5,356,0.6953125,0.97191011
348,6,354,0.69140625,0.96610169
354,0,354,0.69140625,1
321,19,340,0.6640625,0.88823529
326,6,332,0.6484375,0.96385542
326,24,350,0.68359375,0.86285714
336,21,357,0.69726562,0.88235294
329,22,351,0.68554688,0.87464387
361,1,362,0.70703125,0.99447514
350,7,357,0.69726562,0.96078431
334,10,344,0.671875,0.94186047
336,7,343,0.66992188,0.95918367
357,0,357,0.69726562,1
339,11,350,0.68359375,0.93714286
343,11,354,0.69140625,0.93785311
345,10,355,0.69335938,0.94366197
339,2,341,0.66601562,0.98826979
287,57,344,0.671875,0.66860465
321,32,353,0.68945312,0.81869688
337,14,351,0.68554688,0.92022792
346,0,346,0.67578125,1
335,6,341,0.66601562,0.96480938
348,2,350,0.68359375,0.98857143
351,1,352,0.6875,0.99431818
351,1,352,0.6875,0.99431818
349,1,350,0.68359375,0.99428571
348,2,350,0.68359375,0.98857143
352,0,352,0.6875,1
349,2,351,0.68554688,0.98860399
345,6,351,0.68554688,0.96581197
327,11,338,0.66015625,0.93491124
344,16,360,0.703125,0.91111111
333,19,352,0.6875,0.89204545
350,10,360,0.703125,0.94444444
323,20,343,0.66992188,0.88338192
336,8,344,0.671875,0.95348837
338,3,341,0.66601562,0.98240469
349,8,357,0.69726562,0.95518207
342,1,343,0.66992188,0.9941691
348,3,351,0.68554688,0.98290598
345,2,347,0.67773438,0.98847262
326,17,343,0.66992188,0.90087464
334,15,349,0.68164062,0.91404011
343,15,358,0.69921875,0.91620112
327,18,345,0.67382812,0.89565217
338,14,352,0.6875,0.92045455
321,20,341,0.66601562,0.88269795
314,34,348,0.6796875,0.8045977
322,30,352,0.6875,0.82954545
305,46,351,0.68554688,0.73789174
323,29,352,0.6875,0.83522727
310,38,348,0.6796875,0.7816092
313,35,348,0.6796875,0.79885057
311,39,350,0.68359375,0.77714286
325,15,340,0.6640625,0.91176471
352,9,361,0.70507812,0.9501385
347,10,357,0.69726562,0.94397759
341,10,351,0.68554688,0.94301994
325,27,352,0.6875,0.84659091
334,18,352,0.6875,0.89772727
332,14,346,0.67578125,0.91907514
337,13,350,0.68359375,0.92571429
320,20,340,0.6640625,0.88235294
347,2,349,0.68164062,0.98853868
352,5,357,0.69726562,0.9719888
360,0,360,0.703125,1
328,8,336,0.65625,0.95238095
343,11,354,0.69140625,0.93785311
340,11,351,0.68554688,0.93732194
343,2,345,0.67382812,0.9884058
339,8,347,0.67773438,0.95389049
342,3,345,0.67382812,0.9826087
324,11,335,0.65429688,0.93432836
329,12,341,0.66601562,0.92961877
342,5,347,0.67773438,0.97118156
354,0,354,0.69140625,1
340,10,350,0.68359375,0.94285714
332,24,356,0.6953125,0.86516854
353,4,357,0.69726562,0.97759104
333,4,337,0.65820312,0.97626113
342,11,353,0.68945312,0.93767705
352,2,354,0.69140625,0.98870056
342,0,342,0.66796875,1
349,2,351,0.68554688,0.98860399
348,0,348,0.6796875,1
342,5,347,0.67773438,0.97118156
343,1,344,0.671875,0.99418605
328,15,343,0.66992188,0.91253644
338,5,343,0.66992188,0.97084548
352,0,352,0.6875,1
350,0,350,0.68359375,1
332,10,342,0.66796875,0.94152047
328,16,344,0.671875,0.90697674
342,11,353,0.68945312,0.93767705
344,8,352,0.6875,0.95454545
348,2,350,0.68359375,0.98857143
348,4,352,0.6875,0.97727273
334,22,356,0.6953125,0.87640449
320,13,333,0.65039062,0.92192192
346,6,352,0.6875,0.96590909
335,1,336,0.65625,0.99404762
344,1,345,0.67382812,0.9942029
355,0,355,0.69335938,1
350,0,350,0.68359375,1
338,7,345,0.67382812,0.95942029
352,10,362,0.70703125,0.94475138
346,6,352,0.6875,0.96590909
339,4,343,0.66992188,0.97667638
354,4,358,0.69921875,0.97765363
322,15,337,0.65820312,0.91097923
325,20,345,0.67382812,0.88405797
316,23,339,0.66210938,0.86430678
327,16,343,0.66992188,0.90670554
338,13,351,0.68554688,0.92592593
340,6,346,0.67578125,0.96531792
346,3,349,0.68164062,0.98280802
326,7,333,0.65039062,0.95795796
329,15,344,0.671875,0.9127907
326,15,341,0.66601562,0.91202346
344,2,346,0.67578125,0.98843931
352,2,354,0.69140625,0.98870056
335,13,348,0.6796875,0.92528736
347,4,351,0.68554688,0.97720798
342,4,346,0.67578125,0.97687861
334,10,344,0.671875,0.94186047
346,12,358,0.69921875,0.93296089
354,0,354,0.69140625,1
349,2,351,0.68554688,0.98860399
346,8,354,0.69140625,0.95480226
347,8,355,0.69335938,0.95492958
339,9,348,0.6796875,0.94827586
334,12,346,0.67578125,0.93063584
323,16,339,0.66210938,0.90560472
345,4,349,0.68164062,0.97707736
354,0,354,0.69140625,1
339,15,354,0.69140625,0.91525424
337,7,344,0.671875,0.95930233
346,7,353,0.68945312,0.96033994
348,3,351,0.68554688,0.98290598
341,13,354,0.69140625,0.92655367
337,7,344,0.671875,0.95930233
351,10,361,0.70507812,0.94459834
342,0,342,0.66796875,1
332,7,339,0.66210938,0.95870206
324,22,346,0.67578125,0.87283237
324,20,344,0.671875,0.88372093
326,17,343,0.66992188,0.90087464
360,0,360,0.703125,1
343,2,345,0.67382812,0.9884058
329,17,346,0.67578125,0.9017341
316,20,336,0.65625,0.88095238
330,15,345,0.67382812,0.91304348
311,21,332,0.6484375,0.87349398
313,41,354,0.69140625,0.76836158
344,21,365,0.71289062,0.88493151
328,12,340,0.6640625,0.92941176
357,0,357,0.69726562,1
353,0,353,0.68945312,1
336,9,345,0.67382812,0.94782609
322,25,347,0.67773438,0.85590778
295,41,336,0.65625,0.75595238
272,62,334,0.65234375,0.62874251
307,39,346,0.67578125,0.77456647
303,49,352,0.6875,0.72159091
318,32,350,0.68359375,0.81714286
320,22,342,0.66796875,0.87134503
309,33,342,0.66796875,0.80701754
325,11,336,0.65625,0.93452381
348,5,353,0.68945312,0.97167139
320,23,343,0.66992188,0.86588921
329,20,349,0.68164062,0.88538682
340,6,346,0.67578125,0.96531792
336,6,342,0.66796875,0.96491228
344,4,348,0.6796875,0.97701149
342,5,347,0.67773438,0.97118156
348,5,353,0.68945312,0.97167139
323,15,338,0.66015625,0.9112426
332,8,340,0.6640625,0.95294118
333,10,343,0.66992188,0.94169096
343,6,349,0.68164062,0.96561605
343,4,347,0.67773438,0.97694524
337,16,353,0.68945312,0.90934844
334,19,353,0.68945312,0.89235127
314,35,349,0.68164062,0.79942693
323,29,352,0.6875,0.83522727
320,26,346,0.67578125,0.84971098
329,12,341,0.66601562,0.92961877
359,0,359,0.70117188,1
328,14,342,0.66796875,0.91812865
332,21,353,0.68945312,0.88101983
332,25,357,0.69726562,0.85994398
355,5,360,0.703125,0.97222222
348,1,349,0.68164062,0.99426934
353,1,354,0.69140625,0.99435028
330,17,347,0.67773438,0.90201729
327,18,345,0.67382812,0.89565217
358,5,363,0.70898438,0.97245179
336,12,348,0.6796875,0.93103448
347,13,360,0.703125,0.92777778
330,5,335,0.65429688,0.97014925
343,4,347,0.67773438,0.97694524
315,38,353,0.68945312,0.78470255
309,34,343,0.66992188,0.80174927
344,8,352,0.6875,0.95454545
333,0,333,0.65039062,1
359,0,359,0.70117188,1
332,11,343,0.66992188,0.93586006
352,5,357,0.69726562,0.9719888
320,31,351,0.68554688,0.82336182
297,51,348,0.6796875,0.70689655
296,41,337,0.65820312,0.75667656
326,17,343,0.66992188,0.90087464
326,20,346,0.67578125,0.88439306
345,1,346,0.67578125,0.99421965
348,1,349,0.68164062,0.99426934
332,22,354,0.69140625,0.87570621
311,25,336,0.65625,0.85119048
319,21,340,0.6640625,0.87647059
317,24,341,0.66601562,0.85923754
307,45,352,0.6875,0.74431818
315,27,342,0.66796875,0.84210526
324,27,351,0.68554688,0.84615385
309,37,346,0.67578125,0.78612717
332,24,356,0.6953125,0.86516854
317,26,343,0.66992188,0.8483965
341,9,350,0.68359375,0.94857143
355,1,356,0.6953125,0.99438202
364,0,364,0.7109375,1
345,9,354,0.69140625,0.94915254
344,7,351,0.68554688,0.96011396
341,10,351,0.68554688,0.94301994
324,20,344,0.671875,0.88372093
293,35,328,0.640625,0.78658537
336,23,359,0.70117188,0.8718663
337,14,351,0.68554688,0.92022792
355,0,355,0.69335938,1
321,21,342,0.66796875,0.87719298
344,15,359,0.70117188,0.91643454
351,4,355,0.69335938,0.97746479
340,8,348,0.6796875,0.95402299
354,11,365,0.71289062,0.93972603
354,4,358,0.69921875,0.97765363
332,10,342,0.66796875,0.94152047
323,18,341,0.66601562,0.89442815
342,11,353,0.68945312,0.93767705
358,0,358,0.69921875,1
340,5,345,0.67382812,0.97101449
357,4,361,0.70507812,0.97783934
344,9,353,0.68945312,0.9490085
331,11,342,0.66796875,0.93567251
352,3,355,0.69335938,0.98309859
329,7,336,0.65625,0.95833333
302,34,336,0.65625,0.79761905
314,30,344,0.671875,0.8255814
320,22,342,0.66796875,0.87134503
324,14,338,0.66015625,0.91715976
328,21,349,0.68164062,0.87965616
325,27,352,0.6875,0.84659091
349,7,356,0.6953125,0.96067416
346,4,350,0.68359375,0.97714286
353,0,353,0.68945312,1
348,4,352,0.6875,0.97727273
330,19,349,0.68164062,0.89111748
331,12,343,0.66992188,0.93002915
307,34,341,0.66601562,0.80058651
318,27,345,0.67382812,0.84347826
316,26,342,0.66796875,0.84795322
338,12,350,0.68359375,0.93142857
353,3,356,0.6953125,0.98314607
341,7,348,0.6796875,0.95977011
351,6,357,0.69726562,0.96638655
349,3,352,0.6875,0.98295455
331,5,336,0.65625,0.9702381
327,19,346,0.67578125,0.89017341
287,44,331,0.64648438,0.73413897
287,64,351,0.68554688,0.63532764
313,38,351,0.68554688,0.78347578
316,31,347,0.67773438,0.82132565
354,1,355,0.69335938,0.9943662
347,0,347,0.67773438,1
326,8,334,0.65234375,0.95209581
310,23,333,0.65039062,0.86186186
333,15,348,0.6796875,0.9137931
307,28,335,0.65429688,0.83283582
337,19,356,0.6953125,0.89325843
330,14,344,0.671875,0.91860465
335,12,347,0.67773438,0.93083573
346,0,346,0.67578125,1
359,3,362,0.70703125,0.98342541
341,3,344,0.671875,0.98255814
342,13,355,0.69335938,0.92676056
344,0,344,0.671875,1
349,0,349,0.68164062,1
332,17,349,0.68164062,0.9025788
331,14,345,0.67382812,0.91884058
308,44,352,0.6875,0.75
276,72,348,0.6796875,0.5862069
283,73,356,0.6953125,0.58988764
277,54,331,0.64648438,0.67371601
305,45,350,0.68359375,0.74285714
287,57,344,0.671875,0.66860465
285,72,357,0.69726562,0.59663866
276,63,339,0.66210938,0.62831858
275,70,345,0.67382812,0.5942029
301,50,351,0.68554688,0.71509972
301,46,347,0.67773438,0.73487032
303,37,340,0.6640625,0.78235294
322,29,351,0.68554688,0.83475783
326,23,349,0.68164062,0.86819484
316,32,348,0.6796875,0.81609195
341,12,353,0.68945312,0.93201133
352,1,353,0.68945312,0.99433428
353,3,356,0.6953125,0.98314607
347,0,347,0.67773438,1
352,1,353,0.68945312,0.99433428
344,0,344,0.671875,1
348,5,353,0.68945312,0.97167139
356,4,360,0.703125,0.97777778
361,0,361,0.70507812,1
360,0,360,0.703125,1
334,18,352,0.6875,0.89772727
329,12,341,0.66601562,0.92961877
341,1,342,0.66796875,0.99415205
322,20,342,0.66796875,0.88304094
331,10,341,0.66601562,0.94134897
340,14,354,0.69140625,0.92090395
329,26,355,0.69335938,0.85352113
322,22,344,0.671875,0.87209302
325,31,356,0.6953125,0.8258427
309,39,348,0.6796875,0.77586207
312,35,347,0.67773438,0.79827089
320,35,355,0.69335938,0.8028169
312,42,354,0.69140625,0.76271186
296,45,341,0.66601562,0.73607038
299,45,344,0.671875,0.73837209
318,33,351,0.68554688,0.81196581
329,16,345,0.67382812,0.90724638
330,17,347,0.67773438,0.90201729
350,4,354,0.69140625,0.97740113
344,7,351,0.68554688,0.96011396
335,11,346,0.67578125,0.93641618
311,19,330,0.64453125,0.88484848
341,6,347,0.67773438,0.96541787
339,10,349,0.68164062,0.94269341
324,14,338,0.66015625,0.91715976
339,18,357,0.69726562,0.89915966
347,3,350,0.68359375,0.98285714
356,2,358,0.69921875,0.98882682
339,2,341,0.66601562,0.98826979
341,3,344,0.671875,0.98255814
351,3,354,0.69140625,0.98305085
343,3,346,0.67578125,0.98265896
344,0,344,0.671875,1
343,10,353,0.68945312,0.94334278
344,0,344,0.671875,1
329,22,351,0.68554688,0.87464387
352,2,354,0.69140625,0.98870056
351,9,360,0.703125,0.95
349,0,349,0.68164062,1
353,1,354,0.69140625,0.99435028
348,6,354,0.69140625,0.96610169
346,6,352,0.6875,0.96590909
344,8,352,0.6875,0.95454545
342,0,342,0.66796875,1
334,9,343,0.66992188,0.94752187
341,12,353,0.68945312,0.93201133
334,12,346,0.67578125,0.93063584
337,5,342,0.66796875,0.97076023
345,12,357,0.69726562,0.93277311
319,22,341,0.66601562,0.87096774
339,2,341,0.66601562,0.98826979
337,7,344,0.671875,0.95930233
332,9,341,0.66601562,0.94721408
307,34,341,0.66601562,0.80058651
325,15,340,0.6640625,0.91176471
323,29,352,0.6875,0.83522727
342,13,355,0.69335938,0.92676056
297,48,345,0.67382812,0.72173913
330,24,354,0.69140625,0.86440678
341,12,353,0.68945312,0.93201133
338,9,347,0.67773438,0.9481268
347,8,355,0.69335938,0.95492958
356,0,356,0.6953125,1
355,4,359,0.70117188,0.97771588
337,11,348,0.6796875,0.93678161
317,24,341,0.66601562,0.85923754
338,9,347,0.67773438,0.9481268
350,4,354,0.69140625,0.97740113
363,0,363,0.70898438,1
345,5,350,0.68359375,0.97142857
343,12,355,0.69335938,0.93239437
348,8,356,0.6953125,0.95505618
350,10,360,0.703125,0.94444444
356,4,360,0.703125,0.97777778
350,3,353,0.68945312,0.98300283
330,11,341,0.66601562,0.93548387
345,4,349,0.68164062,0.97707736
348,3,351,0.68554688,0.98290598
331,18,349,0.68164062,0.89684814
313,21,334,0.65234375,0.8742515
335,2,337,0.65820312,0.98813056
340,3,343,0.66992188,0.98250729
328,20,348,0.6796875,0.88505747
332,8,340,0.6640625,0.95294118
338,12,350,0.68359375,0.93142857
347,7,354,0.69140625,0.96045198
344,3,347,0.67773438,0.98270893
339,6,345,0.67382812,0.96521739
354,0,354,0.69140625,1
342,1,343,0.66992188,0.9941691
316,18,334,0.65234375,0.89221557
309,32,341,0.66601562,0.81231672
348,14,362,0.70703125,0.92265193
325,16,341,0.66601562,0.90615836
322,33,355,0.69335938,0.81408451
319,26,345,0.67382812,0.84927536
328,27,355,0.69335938,0.84788732
346,18,364,0.7109375,0.9010989
330,9,339,0.66210938,0.94690265
342,5,347,0.67773438,0.97118156
343,6,349,0.68164062,0.96561605
343,6,349,0.68164062,0.96561605
353,4,357,0.69726562,0.97759104
328,16,344,0.671875,0.90697674
301,36,337,0.65820312,0.78635015
303,45,348,0.6796875,0.74137931
347,19,366,0.71484375,0.89617486
350,5,355,0.69335938,0.97183099
327,19,346,0.67578125,0.89017341
322,14,336,0.65625,0.91666667
301,36,337,0.65820312,0.78635015
336,18,354,0.69140625,0.89830508
347,7,354,0.69140625,0.96045198
320,15,335,0.65429688,0.91044776
331,11,342,0.66796875,0.93567251
347,5,352,0.6875,0.97159091
347,5,352,0.6875,0.97159091
341,6,347,0.67773438,0.96541787
349,1,350,0.68359375,0.99428571
353,5,358,0.69921875,0.97206704
333,17,350,0.68359375,0.90285714
344,15,359,0.70117188,0.91643454
340,10,350,0.68359375,0.94285714
351,9,360,0.703125,0.95
337,10,347,0.67773438,0.94236311
331,16,347,0.67773438,0.90778098
311,30,341,0.66601562,0.82404692
325,24,349,0.68164062,0.86246418
332,15,347,0.67773438,0.91354467
320,27,347,0.67773438,0.8443804
319,33,352,0.6875,0.8125
340,1,341,0.66601562,0.9941349
349,2,351,0.68554688,0.98860399
323,30,353,0.68945312,0.83002833
321,29,350,0.68359375,0.83428571
321,18,339,0.66210938,0.89380531
333,9,342,0.66796875,0.94736842
343,1,344,0.671875,0.99418605
321,20,341,0.66601562,0.88269795
329,9,338,0.66015625,0.94674556
355,0,355,0.69335938,1
349,4,353,0.68945312,0.97733711
335,14,349,0.68164062,0.91977077
324,27,351,0.68554688,0.84615385
344,19,363,0.70898438,0.8953168
331,17,348,0.6796875,0.90229885
314,26,340,0.6640625,0.84705882
321,24,345,0.67382812,0.86086957
340,16,356,0.6953125,0.91011236
285,59,344,0.671875,0.65697674
287,52,339,0.66210938,0.69321534
303,53,356,0.6953125,0.70224719
315,26,341,0.66601562,0.84750733
304,41,345,0.67382812,0.76231884
284,52,336,0.65625,0.69047619
314,22,336,0.65625,0.86904762
323,27,350,0.68359375,0.84571429
345,8,353,0.68945312,0.95467422
354,0,354,0.69140625,1
342,2,344,0.671875,0.98837209
337,5,342,0.66796875,0.97076023
342,12,354,0.69140625,0.93220339
329,18,347,0.67773438,0.8962536
303,37,340,0.6640625,0.78235294
323,24,347,0.67773438,0.86167147
343,5,348,0.6796875,0.97126437
357,1,358,0.69921875,0.99441341
349,10,359,0.70117188,0.94428969
335,9,344,0.671875,0.94767442
335,11,346,0.67578125,0.93641618
348,1,349,0.68164062,0.99426934
338,14,352,0.6875,0.92045455
342,8,350,0.68359375,0.95428571
345,9,354,0.69140625,0.94915254
348,5,353,0.68945312,0.97167139
331,13,344,0.671875,0.9244186
333,7,340,0.6640625,0.95882353
346,3,349,0.68164062,0.98280802
339,2,341,0.66601562,0.98826979
336,13,349,0.68164062,0.92550143
349,3,352,0.6875,0.98295455
340,6,346,0.67578125,0.96531792
356,0,356,0.6953125,1
338,4,342,0.66796875,0.97660819
341,7,348,0.6796875,0.95977011
342,1,343,0.66992188,0.9941691
345,8,353,0.68945312,0.95467422
346,1,347,0.67773438,0.99423631
359,4,363,0.70898438,0.97796143
340,6,346,0.67578125,0.96531792
337,23,360,0.703125,0.87222222
342,0,342,0.66796875,1
310,39,349,0.68164062,0.7765043
297,46,343,0.66992188,0.73177843
318,46,364,0.7109375,0.74725275
314,31,345,0.67382812,0.82028986
329,20,349,0.68164062,0.88538682
342,10,352,0.6875,0.94318182
342,6,348,0.6796875,0.96551724
336,12,348,0.6796875,0.93103448
340,18,358,0.69921875,0.89944134
339,16,355,0.69335938,0.90985915
327,26,353,0.68945312,0.85269122
315,34,349,0.68164062,0.80515759
311,36,347,0.67773438,0.7925072
315,40,355,0.69335938,0.77464789
340,6,346,0.67578125,0.96531792
352,1,353,0.68945312,0.99433428
343,6,349,0.68164062,0.96561605
339,2,341,0.66601562,0.98826979
326,17,343,0.66992188,0.90087464
326,17,343,0.66992188,0.90087464
337,22,359,0.70117188,0.87743733
333,10,343,0.66992188,0.94169096
356,0,356,0.6953125,1
351,7,358,0.69921875,0.96089385
334,11,345,0.67382812,0.93623188
348,1,349,0.68164062,0.99426934
345,5,350,0.68359375,0.97142857
333,20,353,0.68945312,0.88668555
340,9,349,0.68164062,0.94842407
332,20,352,0.6875,0.88636364
330,26,356,0.6953125,0.85393258
334,9,343,0.66992188,0.94752187
347,0,347,0.67773438,1
356,0,356,0.6953125,1
362,1,363,0.70898438,0.99449036
347,1,348,0.6796875,0.99425287
339,9,348,0.6796875,0.94827586
357,0,357,0.69726562,1
330,11,341,0.66601562,0.93548387
347,10,357,0.69726562,0.94397759
346,11,357,0.69726562,0.93837535
343,7,350,0.68359375,0.96
330,17,347,0.67773438,0.90201729
352,1,353,0.68945312,0.99433428
347,9,356,0.6953125,0.9494382
321,26,347,0.67773438,0.85014409
317,37,354,0.69140625,0.79096045
318,22,340,0.6640625,0.87058824
306,34,340,0.6640625,0.8
333,19,352,0.6875,0.89204545
330,17,347,0.67773438,0.90201729
347,2,349,0.68164062,0.98853868
344,4,348,0.6796875,0.97701149
342,6,348,0.6796875,0.96551724
350,4,354,0.69140625,0.97740113
352,7,359,0.70117188,0.96100279
344,7,351,0.68554688,0.96011396
327,19,346,0.67578125,0.89017341
340,14,354,0.69140625,0.92090395
313,37,350,0.68359375,0.78857143
332,18,350,0.68359375,0.89714286
316,33,349,0.68164062,0.81088825
351,3,354,0.69140625,0.98305085
328,16,344,0.671875,0.90697674
347,0,347,0.67773438,1
346,2,348,0.6796875,0.98850575
345,2,347,0.67773438,0.98847262
343,1,344,0.671875,0.99418605
321,27,348,0.6796875,0.84482759
311,37,348,0.6796875,0.78735632
308,33,341,0.66601562,0.80645161
321,26,347,0.67773438,0.85014409
339,14,353,0.68945312,0.92067989
303,49,352,0.6875,0.72159091
291,46,337,0.65820312,0.72700297
298,47,345,0.67382812,0.72753623
290,49,339,0.66210938,0.71091445
304,37,341,0.66601562,0.7829912
333,7,340,0.6640625,0.95882353
335,14,349,0.68164062,0.91977077
335,16,351,0.68554688,0.90883191
340,17,357,0.69726562,0.9047619
326,14,340,0.6640625,0.91764706
336,15,351,0.68554688,0.91452991
