n_hor,n_ver,n_tot,eta,S
144,168,312,0.609375,-0.076923077
170,168,338,0.66015625,0.0059171598
196,132,328,0.640625,0.19512195
188,119,307,0.59960938,0.2247557
210,111,321,0.62695312,0.30841121
158,170,328,0.640625,-0.036585366
123,194,317,0.61914062,-0.22397476
105,231,336,0.65625,-0.375
118,222,340,0.6640625,-0.30588235
89,240,329,0.64257812,-0.45896657
64,265,329,0.64257812,-0.61094225
61,270,331,0.64648438,-0.63141994
72,250,322,0.62890625,-0.55279503
91,236,327,0.63867188,-0.44342508
70,252,322,0.62890625,-0.56521739
81,250,331,0.64648438,-0.51057402
84,236,320,0.625,-0.475
100,219,319,0.62304688,-0.37304075
105,215,320,0.625,-0.34375
152,169,321,0.62695312,-0.052959502
148,185,333,0.65039062,-0.11111111
145,175,320,0.625,-0.09375
162,161,323,0.63085938,0.0030959752
131,181,312,0.609375,-0.16025641
190,137,327,0.63867188,0.16207951
189,137,326,0.63671875,0.1595092
204,119,323,0.63085938,0.26315789
224,107,331,0.64648438,0.35347432
245,83,328,0.640625,0.49390244
207,110,317,0.61914062,0.30599369
220,98,318,0.62109375,0.3836478
257,61,318,0.62109375,0.6163522
297,27,324,0.6328125,0.83333333
319,13,332,0.6484375,0.92168675
325,9,334,0.65234375,0.94610778
343,0,343,0.66992188,1
331,8,339,0.66210938,0.95280236
322,12,334,0.65234375,0.92814371
321,12,333,0.65039062,0.92792793
325,9,334,0.65234375,0.94610778
330,13,343,0.66992188,0.92419825
259,62,321,0.62695312,0.61370717
273,60,333,0.65039062,0.63963964
288,39,327,0.63867188,0.76146789
304,35,339,0.66210938,0.79351032
258,75,333,0.65039062,0.54954955
269,60,329,0.64257812,0.63525836
259,72,331,0.64648438,0.56495468
275,60,335,0.65429688,0.64179104
297,44,341,0.66601562,0.74193548
312,20,332,0.6484375,0.87951807
321,10,331,0.64648438,0.93957704
329,12,341,0.66601562,0.92961877
323,23,346,0.67578125,0.86705202
318,20,338,0.66015625,0.8816568
328,13,341,0.66601562,0.92375367
306,36,342,0.66796875,0.78947368
293,42,335,0.65429688,0.74925373
305,27,332,0.6484375,0.8373494
308,24,332,0.6484375,0.85542169
346,2,348,0.6796875,0.98850575
321,14,335,0.65429688,0.91641791
264,58,322,0.62890625,0.63975155
284,42,326,0.63671875,0.74233129
294,33,327,0.63867188,0.79816514
329,10,339,0.66210938,0.94100295
310,15,325,0.63476562,0.90769231
321,8,329,0.64257812,0.95136778
319,25,344,0.671875,0.85465116
280,39,319,0.62304688,0.75548589
301,32,333,0.65039062,0.80780781
338,0,338,0.66015625,1
335,2,337,0.65820312,0.98813056
343,0,343,0.66992188,1
319,5,324,0.6328125,0.9691358
328,8,336,0.65625,0.95238095
320,16,336,0.65625,0.9047619
311,18,329,0.64257812,0.89057751
287,36,323,0.63085938,0.77708978
301,34,335,0.65429688,0.79701493
307,18,325,0.63476562,0.88923077
340,4,344,0.671875,0.97674419
322,20,342,0.66796875,0.88304094
322,11,333,0.65039062,0.93393393
333,0,333,0.65039062,1
292,21,313,0.61132812,0.8658147
300,38,338,0.66015625,0.77514793
279,46,325,0.63476562,0.71692308
299,25,324,0.6328125,0.84567901
303,20,323,0.63085938,0.87616099
349,0,349,0.68164062,1
318,26,344,0.671875,0.84883721
300,32,332,0.6484375,0.80722892
326,6,332,0.6484375,0.96385542
305,29,334,0.65234375,0.82634731
321,15,336,0.65625,0.91071429
327,7,334,0.65234375,0.95808383
319,9,328,0.640625,0.94512195
325,7,332,0.6484375,0.95783133
330,16,346,0.67578125,0.90751445
297,37,334,0.65234375,0.77844311
300,33,333,0.65039062,0.8018018
306,33,339,0.66210938,0.80530973
326,6,332,0.6484375,0.96385542
289,15,304,0.59375,0.90131579
337,0,337,0.65820312,1
317,18,335,0.65429688,0.89253731
331,15,346,0.67578125,0.9132948
319,2,321,0.62695312,0.98753894
332,12,344,0.671875,0.93023256
323,17,340,0.6640625,0.9
313,16,329,0.64257812,0.90273556
300,34,334,0.65234375,0.79640719
300,30,330,0.64453125,0.81818182
283,36,319,0.62304688,0.77429467
329,15,344,0.671875,0.9127907
303,19,322,0.62890625,0.88198758
324,16,340,0.6640625,0.90588235
319,20,339,0.66210938,0.8820059
337,0,337,0.65820312,1
316,19,335,0.65429688,0.88656716
322,3,325,0.63476562,0.98153846
315,18,333,0.65039062,0.89189189
308,28,336,0.65625,0.83333333
305,19,324,0.6328125,0.88271605
282,43,325,0.63476562,0.73538462
313,18,331,0.64648438,0.89123867
328,9,337,0.65820312,0.94658754
317,9,326,0.63671875,0.94478528
308,14,322,0.62890625,0.91304348
284,33,317,0.61914062,0.79179811
311,24,335,0.65429688,0.85671642
317,17,334,0.65234375,0.89820359
311,12,323,0.63085938,0.92569659
296,26,322,0.62890625,0.83850932
336,4,340,0.6640625,0.97647059
301,28,329,0.64257812,0.82978723
303,21,324,0.6328125,0.87037037
333,5,338,0.66015625,0.9704142
289,33,322,0.62890625,0.79503106
269,60,329,0.64257812,0.63525836
294,44,338,0.66015625,0.73964497
308,25,333,0.65039062,0.84984985
279,46,325,0.63476562,0.71692308
297,40,337,0.65820312,0.76261128
280,52,332,0.6484375,0.68674699
265,54,319,0.62304688,0.66144201
295,42,337,0.65820312,0.75074184
266,68,334,0.65234375,0.59281437
253,74,327,0.63867188,0.54740061
295,29,324,0.6328125,0.82098765
300,43,343,0.66992188,0.74927114
292,44,336,0.65625,0.73809524
299,36,335,0.65429688,0.78507463
316,15,331,0.64648438,0.90936556
298,26,324,0.6328125,0.83950617
283,38,321,0.62695312,0.76323988
305,19,324,0.6328125,0.88271605
289,30,319,0.62304688,0.81191223
322,10,332,0.6484375,0.93975904
279,35,314,0.61328125,0.77707006
301,25,326,0.63671875,0.84662577
309,20,329,0.64257812,0.87841945
336,1,337,0.65820312,0.99406528
336,10,346,0.67578125,0.94219653
337,4,341,0.66601562,0.97653959
287,31,318,0.62109375,0.80503145
310,25,335,0.65429688,0.85074627
297,37,334,0.65234375,0.77844311
301,37,338,0.66015625,0.78106509
325,22,347,0.67773438,0.87319885
315,20,335,0.65429688,0.88059701
324,2,326,0.63671875,0.98773006
320,15,335,0.65429688,0.91044776
314,10,324,0.6328125,0.9382716
310,25,335,0.65429688,0.85074627
298,40,338,0.66015625,0.76331361
287,54,341,0.66601562,0.68328446
274,58,332,0.6484375,0.65060241
277,46,323,0.63085938,0.71517028
296,35,331,0.64648438,0.78851964
330,10,340,0.6640625,0.94117647
298,27,325,0.63476562,0.83384615
317,20,337,0.65820312,0.88130564
321,28,349,0.68164062,0.83954155
316,7,323,0.63085938,0.95665635
330,1,331,0.64648438,0.9939577
323,24,347,0.67773438,0.86167147
336,2,338,0.66015625,0.98816568
310,17,327,0.63867188,0.89602446
304,21,325,0.63476562,0.87076923
325,17,342,0.66796875,0.9005848
318,20,338,0.66015625,0.8816568
324,15,339,0.66210938,0.91150442
335,11,346,0.67578125,0.93641618
319,20,339,0.66210938,0.8820059
335,4,339,0.66210938,0.97640118
300,32,332,0.6484375,0.80722892
301,25,326,0.63671875,0.84662577
315,17,332,0.6484375,0.89759036
327,11,338,0.66015625,0.93491124
320,7,327,0.63867188,0.95718654
322,13,335,0.65429688,0.92238806
323,8,331,0.64648438,0.95166163
327,13,340,0.6640625,0.92352941
327,15,342,0.66796875,0.9122807
311,17,328,0.640625,0.89634146
330,4,334,0.65234375,0.9760479
299,13,312,0.609375,0.91666667
300,29,329,0.64257812,0.82370821
313,11,324,0.6328125,0.93209877
329,8,337,0.65820312,0.95252226
315,16,331,0.64648438,0.90332326
336,9,345,0.67382812,0.94782609
340,0,340,0.6640625,1
336,8,344,0.671875,0.95348837
311,18,329,0.64257812,0.89057751
323,8,331,0.64648438,0.95166163
321,20,341,0.66601562,0.88269795
284,42,326,0.63671875,0.74233129
319,23,342,0.66796875,0.86549708
302,22,324,0.6328125,0.86419753
304,20,324,0.6328125,0.87654321
328,9,337,0.65820312,0.94658754
302,27,329,0.64257812,0.83586626
290,46,336,0.65625,0.72619048
291,45,336,0.65625,0.73214286
301,36,337,0.65820312,0.78635015
247,85,332,0.6484375,0.48795181
264,67,331,0.64648438,0.59516616
276,55,331,0.64648438,0.66767372
273,50,323,0.63085938,0.69040248
302,28,330,0.64453125,0.83030303
337,4,341,0.66601562,0.97653959
315,14,329,0.64257812,0.91489362
319,16,335,0.65429688,0.90447761
305,20,325,0.63476562,0.87692308
330,4,334,0.65234375,0.9760479
344,2,346,0.67578125,0.98843931
309,7,316,0.6171875,0.9556962
310,20,330,0.64453125,0.87878788
312,28,340,0.6640625,0.83529412
290,33,323,0.63085938,0.79566563
308,23,331,0.64648438,0.86102719
314,19,333,0.65039062,0.88588589
328,9,337,0.65820312,0.94658754
322,16,338,0.66015625,0.90532544
329,5,334,0.65234375,0.97005988
328,3,331,0.64648438,0.98187311
327,10,337,0.65820312,0.94065282
328,0,328,0.640625,1
329,1,330,0.64453125,0.99393939
330,4,334,0.65234375,0.9760479
324,9,333,0.65039062,0.94594595
339,0,339,0.66210938,1
312,16,328,0.640625,0.90243902
331,7,338,0.66015625,0.95857988
329,9,338,0.66015625,0.94674556
336,0,336,0.65625,1
311,22,333,0.65039062,0.86786787
319,11,330,0.64453125,0.93333333
335,6,341,0.66601562,0.96480938
343,1,344,0.671875,0.99418605
337,4,341,0.66601562,0.97653959
302,33,335,0.65429688,0.80298507
295,43,338,0.66015625,0.74556213
282,43,325,0.63476562,0.73538462
293,40,333,0.65039062,0.75975976
272,56,328,0.640625,0.65853659
313,2,315,0.61523438,0.98730159
327,4,331,0.64648438,0.97583082
306,29,335,0.65429688,0.82686567
298,37,335,0.65429688,0.77910448
289,46,335,0.65429688,0.72537313
288,45,333,0.65039062,0.72972973
336,1,337,0.65820312,0.99406528
310,15,325,0.63476562,0.90769231
332,6,338,0.66015625,0.96449704
286,38,324,0.6328125,0.7654321
311,24,335,0.65429688,0.85671642
277,65,342,0.66796875,0.61988304
299,32,331,0.64648438,0.80664653
307,24,331,0.64648438,0.85498489
315,15,330,0.64453125,0.90909091
299,36,335,0.65429688,0.78507463
330,4,334,0.65234375,0.9760479
321,16,337,0.65820312,0.90504451
340,5,345,0.67382812,0.97101449
345,4,349,0.68164062,0.97707736
326,5,331,0.64648438,0.96978852
325,13,338,0.66015625,0.92307692
329,12,341,0.66601562,0.92961877
317,18,335,0.65429688,0.89253731
301,39,340,0.6640625,0.77058824
261,63,324,0.6328125,0.61111111
285,49,334,0.65234375,0.70658683
298,33,331,0.64648438,0.80060423
316,11,327,0.63867188,0.93272171
283,57,340,0.6640625,0.66470588
306,31,337,0.65820312,0.81602374
306,28,334,0.65234375,0.83233533
296,42,338,0.66015625,0.75147929
308,23,331,0.64648438,0.86102719
308,26,334,0.65234375,0.84431138
287,46,333,0.65039062,0.72372372
283,39,322,0.62890625,0.75776398
325,0,325,0.63476562,1
322,9,331,0.64648438,0.94561934
323,3,326,0.63671875,0.98159509
321,14,335,0.65429688,0.91641791
322,16,338,0.66015625,0.90532544
313,22,335,0.65429688,0.86865672
328,14,342,0.66796875,0.91812865
313,14,327,0.63867188,0.91437309
303,16,319,0.62304688,0.89968652
329,2,331,0.64648438,0.98791541
309,12,321,0.62695312,0.92523364
299,29,328,0.640625,0.82317073
295,44,339,0.66210938,0.74041298
302,35,337,0.65820312,0.79228487
279,57,336,0.65625,0.66071429
319,17,336,0.65625,0.89880952
337,2,339,0.66210938,0.98820059
328,12,340,0.6640625,0.92941176
324,10,334,0.65234375,0.94011976
333,7,340,0.6640625,0.95882353
330,2,332,0.6484375,0.98795181
322,10,332,0.6484375,0.93975904
322,3,325,0.63476562,0.98153846
322,10,332,0.6484375,0.93975904
314,15,329,0.64257812,0.90881459
311,24,335,0.65429688,0.85671642
288,40,328,0.640625,0.75609756
293,36,329,0.64257812,0.78115502
319,15,334,0.65234375,0.91017964
328,13,341,0.66601562,0.92375367
305,24,329,0.64257812,0.85410334
322,15,337,0.65820312,0.91097923
325,4,329,0.64257812,0.97568389
313,29,342,0.66796875,0.83040936
278,44,322,0.62890625,0.72670807
328,8,336,0.65625,0.95238095
301,26,327,0.63867188,0.84097859
314,22,336,0.65625,0.86904762
288,40,328,0.640625,0.75609756
311,26,337,0.65820312,0.84569733
307,26,333,0.65039062,0.84384384
321,6,327,0.63867188,0.96330275
329,4,333,0.65039062,0.97597598
314,15,329,0.64257812,0.90881459
299,36,335,0.65429688,0.78507463
339,0,339,0.66210938,1
326,18,344,0.671875,0.89534884
318,9,327,0.63867188,0.94495413
304,22,326,0.63671875,0.86503067
274,58,332,0.6484375,0.65060241
275,55,330,0.64453125,0.66666667
296,32,328,0.640625,0.80487805
322,9,331,0.64648438,0.94561934
317,4,321,0.62695312,0.97507788
324,1,325,0.63476562,0.99384615
334,2,336,0.65625,0.98809524
329,0,329,0.64257812,1
326,9,335,0.65429688,0.94626866
311,23,334,0.65234375,0.86227545
329,4,333,0.65039062,0.97597598
291,25,316,0.6171875,0.84177215
312,14,326,0.63671875,0.91411043
340,1,341,0.66601562,0.9941349
326,13,339,0.66210938,0.92330383
278,38,316,0.6171875,0.75949367
304,27,331,0.64648438,0.83685801
286,38,324,0.6328125,0.7654321
275,59,334,0.65234375,0.64670659
263,60,323,0.63085938,0.62848297
284,51,335,0.65429688,0.69552239
301,28,329,0.64257812,0.82978723
309,14,323,0.63085938,0.91331269
309,22,331,0.64648438,0.86706949
325,18,343,0.66992188,0.89504373
332,16,348,0.6796875,0.90804598
353,2,355,0.69335938,0.98873239
314,24,338,0.66015625,0.85798817
311,23,334,0.65234375,0.86227545
303,38,341,0.66601562,0.7771261
300,36,336,0.65625,0.78571429
317,16,333,0.65039062,0.9039039
311,17,328,0.640625,0.89634146
328,1,329,0.64257812,0.99392097
326,6,332,0.6484375,0.96385542
341,7,348,0.6796875,0.95977011
330,11,341,0.66601562,0.93548387
297,35,332,0.6484375,0.78915663
307,10,317,0.61914062,0.93690852
321,8,329,0.64257812,0.95136778
342,2,344,0.671875,0.98837209
325,10,335,0.65429688,0.94029851
331,2,333,0.65039062,0.98798799
311,18,329,0.64257812,0.89057751
316,8,324,0.6328125,0.95061728
318,4,322,0.62890625,0.97515528
330,4,334,0.65234375,0.9760479
334,5,339,0.66210938,0.97050147
286,36,322,0.62890625,0.77639752
299,32,331,0.64648438,0.80664653
327,8,335,0.65429688,0.95223881
306,10,316,0.6171875,0.93670886
326,3,329,0.64257812,0.98176292
337,6,343,0.66992188,0.96501458
323,8,331,0.64648438,0.95166163
333,2,335,0.65429688,0.9880597
341,3,344,0.671875,0.98255814
334,6,340,0.6640625,0.96470588
311,27,338,0.66015625,0.84023669
292,44,336,0.65625,0.73809524
298,35,333,0.65039062,0.78978979
283,59,342,0.66796875,0.65497076
304,23,327,0.63867188,0.85932722
343,0,343,0.66992188,1
283,41,324,0.6328125,0.74691358
330,11,341,0.66601562,0.93548387
316,16,332,0.6484375,0.90361446
286,30,316,0.6171875,0.81012658
325,4,329,0.64257812,0.97568389
331,3,334,0.65234375,0.98203593
337,1,338,0.66015625,0.99408284
307,16,323,0.63085938,0.90092879
327,12,339,0.66210938,0.92920354
294,26,320,0.625,0.8375
314,22,336,0.65625,0.86904762
290,27,317,0.61914062,0.829653
324,10,334,0.65234375,0.94011976
334,2,336,0.65625,0.98809524
269,43,312,0.609375,0.72435897
266,53,319,0.62304688,0.6677116
257,64,321,0.62695312,0.60124611
323,5,328,0.640625,0.9695122
342,0,342,0.66796875,1
339,1,340,0.6640625,0.99411765
310,14,324,0.6328125,0.91358025
304,26,330,0.64453125,0.84242424
324,4,328,0.640625,0.97560976
325,12,337,0.65820312,0.92878338
330,14,344,0.671875,0.91860465
337,0,337,0.65820312,1
326,13,339,0.66210938,0.92330383
316,10,326,0.63671875,0.93865031
338,2,340,0.6640625,0.98823529
341,11,352,0.6875,0.9375
301,24,325,0.63476562,0.85230769
288,31,319,0.62304688,0.80564263
330,9,339,0.66210938,0.94690265
295,26,321,0.62695312,0.83800623
326,15,341,0.66601562,0.91202346
326,14,340,0.6640625,0.91764706
326,8,334,0.65234375,0.95209581
299,31,330,0.64453125,0.81212121
293,31,324,0.6328125,0.80864198
308,28,336,0.65625,0.83333333
321,10,331,0.64648438,0.93957704
278,54,332,0.6484375,0.6746988
257,63,320,0.625,0.60625
252,77,329,0.64257812,0.53191489
206,127,333,0.65039062,0.23723724
143,172,315,0.61523438,-0.092063492
147,187,334,0.65234375,-0.11976048
151,173,324,0.6328125,-0.067901235
160,171,331,0.64648438,-0.033232628
164,149,313,0.61132812,0.047923323
172,156,328,0.640625,0.048780488
194,142,336,0.65625,0.1547619
139,190,329,0.64257812,-0.1550152
182,150,332,0.6484375,0.096385542
187,128,315,0.61523438,0.18730159
212,110,322,0.62890625,0.31677019
283,51,334,0.65234375,0.69461078
319,17,336,0.65625,0.89880952
301,31,332,0.6484375,0.81325301
331,8,339,0.66210938,0.95280236
314,2,316,0.6171875,0.98734177
311,25,336,0.65625,0.85119048
324,15,339,0.66210938,0.91150442
320,8,328,0.640625,0.95121951
332,10,342,0.66796875,0.94152047
300,23,323,0.63085938,0.85758514
332,2,334,0.65234375,0.98802395
329,3,332,0.6484375,0.98192771
316,21,337,0.65820312,0.87537092
292,38,330,0.64453125,0.76969697
301,29,330,0.64453125,0.82424242
314,25,339,0.66210938,0.85250737
329,3,332,0.6484375,0.98192771
298,32,330,0.64453125,0.80606061
297,31,328,0.640625,0.81097561
314,10,324,0.6328125,0.9382716
308,23,331,0.64648438,0.86102719
335,11,346,0.67578125,0.93641618
323,9,332,0.6484375,0.94578313
325,5,330,0.64453125,0.96969697
311,23,334,0.65234375,0.86227545
286,35,321,0.62695312,0.78193146
299,28,327,0.63867188,0.82874618
300,30,330,0.64453125,0.81818182
309,25,334,0.65234375,0.8502994
326,11,337,0.65820312,0.9347181
272,56,328,0.640625,0.65853659
258,85,343,0.66992188,0.50437318
251,74,325,0.63476562,0.54461538
235,74,309,0.60351562,0.5210356
295,40,335,0.65429688,0.76119403
317,14,331,0.64648438,0.91540785
328,9,337,0.65820312,0.94658754
338,3,341,0.66601562,0.98240469
312,16,328,0.640625,0.90243902
320,8,328,0.640625,0.95121951
307,7,314,0.61328125,0.95541401
329,3,332,0.6484375,0.98192771
325,2,327,0.63867188,0.98776758
327,12,339,0.66210938,0.92920354
310,18,328,0.640625,0.8902439
305,18,323,0.63085938,0.88854489
320,5,325,0.63476562,0.96923077
329,0,329,0.64257812,1
342,2,344,0.671875,0.98837209
292,32,324,0.6328125,0.80246914
330,11,341,0.66601562,0.93548387
318,5,323,0.63085938,0.96904025
307,15,322,0.62890625,0.9068323
320,8,328,0.640625,0.95121951
315,18,333,0.65039062,0.89189189
330,2,332,0.6484375,0.98795181
313,20,333,0.65039062,0.87987988
331,1,332,0.6484375,0.9939759
332,3,335,0.65429688,0.98208955
305,19,324,0.6328125,0.88271605
289,31,320,0.625,0.80625
337,2,339,0.66210938,0.98820059
315,17,332,0.6484375,0.89759036
342,0,342,0.66796875,1
321,8,329,0.64257812,0.95136778
329,10,339,0.66210938,0.94100295
338,1,339,0.66210938,0.99410029
325,17,342,0.66796875,0.9005848
293,33,326,0.63671875,0.79754601
306,22,328,0.640625,0.86585366
315,13,328,0.640625,0.92073171
335,4,339,0.66210938,0.97640118
320,14,334,0.65234375,0.91616766
304,18,322,0.62890625,0.88819876
314,27,341,0.66601562,0.84164223
312,29,341,0.66601562,0.82991202
281,48,329,0.64257812,0.70820669
304,34,338,0.66015625,0.79881657
326,1,327,0.63867188,0.99388379
346,3,349,0.68164062,0.98280802
335,14,349,0.68164062,0.91977077
282,32,314,0.61328125,0.79617834
330,10,340,0.6640625,0.94117647
325,17,342,0.66796875,0.9005848
324,14,338,0.66015625,0.91715976
323,8,331,0.64648438,0.95166163
339,9,348,0.6796875,0.94827586
293,31,324,0.6328125,0.80864198
302,38,340,0.6640625,0.77647059
305,24,329,0.64257812,0.85410334
322,10,332,0.6484375,0.93975904
325,6,331,0.64648438,0.96374622
296,28,324,0.6328125,0.82716049
292,42,334,0.65234375,0.74850299
286,47,333,0.65039062,0.71771772
312,9,321,0.62695312,0.94392523
307,30,337,0.65820312,0.82195846
292,36,328,0.640625,0.7804878
313,22,335,0.65429688,0.86865672
293,33,326,0.63671875,0.79754601
318,16,334,0.65234375,0.90419162
319,16,335,0.65429688,0.90447761
327,6,333,0.65039062,0.96396396
330,4,334,0.65234375,0.9760479
305,26,331,0.64648438,0.8429003
312,16,328,0.640625,0.90243902
323,13,336,0.65625,0.92261905
290,42,332,0.6484375,0.74698795
306,23,329,0.64257812,0.86018237
280,54,334,0.65234375,0.67664671
295,40,335,0.65429688,0.76119403
259,78,337,0.65820312,0.53709199
296,34,330,0.64453125,0.79393939
287,45,332,0.6484375,0.72891566
267,53,320,0.625,0.66875
326,11,337,0.65820312,0.9347181
323,16,339,0.66210938,0.90560472
317,14,331,0.64648438,0.91540785
312,22,334,0.65234375,0.86826347
274,61,335,0.65429688,0.6358209
331,4,335,0.65429688,0.9761194
327,2,329,0.64257812,0.98784195
323,9,332,0.6484375,0.94578313
287,28,315,0.61523438,0.82222222
325,12,337,0.65820312,0.92878338
327,12,339,0.66210938,0.92920354
338,0,338,0.66015625,1
317,5,322,0.62890625,0.9689441
323,14,337,0.65820312,0.91691395
314,20,334,0.65234375,0.88023952
299,18,317,0.61914062,0.88643533
314,26,340,0.6640625,0.84705882
294,35,329,0.64257812,0.78723404
306,15,321,0.62695312,0.90654206
296,38,334,0.65234375,0.77245509
290,40,330,0.64453125,0.75757576
258,67,325,0.63476562,0.58769231
257,60,317,0.61914062,0.6214511
274,63,337,0.65820312,0.62611276
273,62,335,0.65429688,0.62985075
277,62,339,0.66210938,0.63421829
264,65,329,0.64257812,0.60486322
317,20,337,0.65820312,0.88130564
321,11,332,0.6484375,0.93373494
329,2,331,0.64648438,0.98791541
295,20,315,0.61523438,0.87301587
317,24,341,0.66601562,0.85923754
313,28,341,0.66601562,0.83577713
273,51,324,0.6328125,0.68518519
309,21,330,0.64453125,0.87272727
295,38,333,0.65039062,0.77177177
312,29,341,0.66601562,0.82991202
271,57,328,0.640625,0.65243902
277,54,331,0.64648438,0.67371601
291,46,337,0.65820312,0.72700297
286,37,323,0.63085938,0.77089783
298,28,326,0.63671875,0.82822086
283,42,325,0.63476562,0.74153846
310,26,336,0.65625,0.8452381
294,34,328,0.640625,0.79268293
309,27,336,0.65625,0.83928571
320,13,333,0.65039062,0.92192192
305,34,339,0.66210938,0.79941003
265,70,335,0.65429688,0.58208955
295,37,332,0.6484375,0.77710843
282,46,328,0.640625,0.7195122
314,22,336,0.65625,0.86904762
297,39,336,0.65625,0.76785714
309,18,327,0.63867188,0.88990826
307,40,347,0.67773438,0.76945245
314,12,326,0.63671875,0.92638037
302,25,327,0.63867188,0.8470948
327,12,339,0.66210938,0.92920354
301,30,331,0.64648438,0.81873112
291,29,320,0.625,0.81875
317,16,333,0.65039062,0.9039039
318,27,345,0.67382812,0.84347826
337,4,341,0.66601562,0.97653959
316,9,325,0.63476562,0.94461538
301,39,340,0.6640625,0.77058824
324,21,345,0.67382812,0.87826087
335,7,342,0.66796875,0.95906433
326,7,333,0.65039062,0.95795796
323,8,331,0.64648438,0.95166163
333,2,335,0.65429688,0.9880597
323,18,341,0.66601562,0.89442815
304,29,333,0.65039062,0.82582583
338,6,344,0.671875,0.96511628
337,4,341,0.66601562,0.97653959
311,25,336,0.65625,0.85119048
321,4,325,0.63476562,0.97538462
330,6,336,0.65625,0.96428571
304,32,336,0.65625,0.80952381
332,17,349,0.68164062,0.9025788
270,64,334,0.65234375,0.61676647
324,16,340,0.6640625,0.90588235
325,2,327,0.63867188,0.98776758
296,23,319,0.62304688,0.85579937
337,6,343,0.66992188,0.96501458
325,4,329,0.64257812,0.97568389
292,35,327,0.63867188,0.78593272
278,63,341,0.66601562,0.63049853
333,5,338,0.66015625,0.9704142
316,16,332,0.6484375,0.90361446
327,5,332,0.6484375,0.96987952
319,14,333,0.65039062,0.91591592
322,10,332,0.6484375,0.93975904
333,8,341,0.66601562,0.95307918
331,11,342,0.66796875,0.93567251
317,18,335,0.65429688,0.89253731
318,21,339,0.66210938,0.87610619
326,9,335,0.65429688,0.94626866
302,29,331,0.64648438,0.82477341
327,9,336,0.65625,0.94642857
313,19,332,0.6484375,0.88554217
309,31,340,0.6640625,0.81764706
307,23,330,0.64453125,0.86060606
310,29,339,0.66210938,0.82890855
292,43,335,0.65429688,0.74328358
322,21,343,0.66992188,0.87755102
291,27,318,0.62109375,0.83018868
345,0,345,0.67382812,1
320,19,339,0.66210938,0.8879056
315,14,329,0.64257812,0.91489362
313,14,327,0.63867188,0.91437309
303,26,329,0.64257812,0.84194529
264,55,319,0.62304688,0.65517241
296,34,330,0.64453125,0.79393939
277,57,334,0.65234375,0.65868263
279,56,335,0.65429688,0.66567164
289,52,341,0.66601562,0.69501466
283,39,322,0.62890625,0.75776398
294,34,328,0.640625,0.79268293
325,3,328,0.640625,0.98170732
339,3,342,0.66796875,0.98245614
310,19,329,0.64257812,0.88449848
340,0,340,0.6640625,1
293,27,320,0.625,0.83125
292,32,324,0.6328125,0.80246914
309,23,332,0.6484375,0.86144578
325,12,337,0.65820312,0.92878338
319,13,332,0.6484375,0.92168675
325,8,333,0.65039062,0.95195195
299,41,340,0.6640625,0.75882353
320,24,344,0.671875,0.86046512
305,20,325,0.63476562,0.87692308
320,9,329,0.64257812,0.94528875
305,29,334,0.65234375,0.82634731
342,2,344,0.671875,0.98837209
306,10,316,0.6171875,0.93670886
327,15,342,0.66796875,0.9122807
325,13,338,0.66015625,0.92307692
333,8,341,0.66601562,0.95307918
319,13,332,0.6484375,0.92168675
304,25,329,0.64257812,0.84802432
312,14,326,0.63671875,0.91411043
334,2,336,0.65625,0.98809524
328,11,339,0.66210938,0.93510324
322,20,342,0.66796875,0.88304094
336,6,342,0.66796875,0.96491228
333,12,345,0.67382812,0.93043478
317,17,334,0.65234375,0.89820359
343,5,348,0.6796875,0.97126437
338,5,343,0.66992188,0.97084548
323,14,337,0.65820312,0.91691395
326,14,340,0.6640625,0.91764706
325,10,335,0.65429688,0.94029851
324,13,337,0.65820312,0.92284866
326,8,334,0.65234375,0.95209581
301,29,330,0.64453125,0.82424242
291,27,318,0.62109375,0.83018868
296,37,333,0.65039062,0.77777778
341,1,342,0.66796875,0.99415205
294,31,325,0.63476562,0.80923077
277,47,324,0.6328125,0.70987654
296,33,329,0.64257812,0.7993921
335,4,339,0.66210938,0.97640118
313,16,329,0.64257812,0.90273556
272,47,319,0.62304688,0.70532915
309,31,340,0.6640625,0.81764706
279,35,314,0.61328125,0.77707006
306,23,329,0.64257812,0.86018237
319,16,335,0.65429688,0.90447761
320,14,334,0.65234375,0.91616766
327,14,341,0.66601562,0.91788856
319,22,341,0.66601562,0.87096774
326,17,343,0.66992188,0.90087464
293,24,317,0.61914062,0.84858044
314,9,323,0.63085938,0.94427245
272,59,331,0.64648438,0.64350453
265,68,333,0.65039062,0.59159159
295,30,325,0.63476562,0.81538462
278,49,327,0.63867188,0.70030581
242,89,331,0.64648438,0.46223565
280,46,326,0.63671875,0.71779141
258,62,320,0.625,0.6125
313,24,337,0.65820312,0.85756677
323,20,343,0.66992188,0.88338192
305,26,331,0.64648438,0.8429003
276,43,319,0.62304688,0.73040752
283,49,332,0.6484375,0.70481928
296,31,327,0.63867188,0.81039755
273,57,330,0.64453125,0.65454545
334,9,343,0.66992188,0.94752187
309,22,331,0.64648438,0.86706949
310,16,326,0.63671875,0.90184049
280,44,324,0.6328125,0.72839506
254,63,317,0.61914062,0.60252366
239,99,338,0.66015625,0.41420118
270,59,329,0.64257812,0.64133739
267,55,322,0.62890625,0.65838509
294,48,342,0.66796875,0.71929825
281,53,334,0.65234375,0.68263473
243,71,314,0.61328125,0.5477707
277,66,343,0.66992188,0.61516035
296,30,326,0.63671875,0.81595092
319,30,349,0.68164062,0.82808023
313,18,331,0.64648438,0.89123867
325,11,336,0.65625,0.93452381
298,24,322,0.62890625,0.85093168
312,7,319,0.62304688,0.95611285
321,9,330,0.64453125,0.94545455
330,8,338,0.66015625,0.95266272
319,10,329,0.64257812,0.93920973
321,15,336,0.65625,0.91071429
306,39,345,0.67382812,0.77391304
295,41,336,0.65625,0.75595238
255,73,328,0.640625,0.55487805
285,47,332,0.6484375,0.71686747
306,33,339,0.66210938,0.80530973
318,14,332,0.6484375,0.91566265
341,2,343,0.66992188,0.98833819
326,6,332,0.6484375,0.96385542
321,12,333,0.65039062,0.92792793
310,19,329,0.64257812,0.88449848
248,79,327,0.63867188,0.51681957
274,57,331,0.64648438,0.65558912
269,52,321,0.62695312,0.67601246
276,70,346,0.67578125,0.59537572
286,35,321,0.62695312,0.78193146
289,40,329,0.64257812,0.75683891
292,33,325,0.63476562,0.79692308
305,28,333,0.65039062,0.83183183
277,56,333,0.65039062,0.66366366
271,59,330,0.64453125,0.64242424
305,22,327,0.63867188,0.86544343
300,35,335,0.65429688,0.79104478
303,37,340,0.6640625,0.78235294
276,55,331,0.64648438,0.66767372
300,34,334,0.65234375,0.79640719
318,11,329,0.64257812,0.9331307
311,13,324,0.6328125,0.91975309
312,11,323,0.63085938,0.93188854
303,37,340,0.6640625,0.78235294
275,57,332,0.6484375,0.65662651
307,29,336,0.65625,0.82738095
329,17,346,0.67578125,0.9017341
323,7,330,0.64453125,0.95757576
328,1,329,0.64257812,0.99392097
332,6,338,0.66015625,0.96449704
317,21,338,0.66015625,0.87573964
331,5,336,0.65625,0.9702381
332,4,336,0.65625,0.97619048
327,17,344,0.671875,0.90116279
338,4,342,0.66796875,0.97660819
320,13,333,0.65039062,0.92192192
295,39,334,0.65234375,0.76646707
313,14,327,0.63867188,0.91437309
302,15,317,0.61914062,0.90536278
335,3,338,0.66015625,0.98224852
291,28,319,0.62304688,0.82445141
269,53,322,0.62890625,0.67080745
273,52,325,0.63476562,0.68
326,12,338,0.66015625,0.92899408
319,11,330,0.64453125,0.93333333
305,23,328,0.640625,0.8597561
338,1,339,0.66210938,0.99410029
346,0,346,0.67578125,1
317,13,330,0.64453125,0.92121212
327,3,330,0.64453125,0.98181818
340,3,343,0.66992188,0.98250729
323,19,342,0.66796875,0.88888889
334,8,342,0.66796875,0.95321637
326,0,326,0.63671875,1
313,12,325,0.63476562,0.92615385
321,13,334,0.65234375,0.92215569
294,24,318,0.62109375,0.8490566
278,50,328,0.640625,0.69512195
217,98,315,0.61523438,0.37777778
194,128,322,0.62890625,0.20496894
162,173,335,0.65429688,-0.032835821
151,173,324,0.6328125,-0.067901235
124,211,335,0.65429688,-0.25970149
76,259,335,0.65429688,-0.54626866
134,206,340,0.6640625,-0.21176471
123,193,316,0.6171875,-0.22151899
136,196,332,0.6484375,-0.18072289
51,272,323,0.63085938,-0.68421053
49,278,327,0.63867188,-0.70030581
45,293,338,0.66015625,-0.73372781
16,307,323,0.63085938,-0.90092879
1,333,334,0.65234375,-0.99401198
16,317,333,0.65039062,-0.9039039
42,296,338,0.66015625,-0.75147929
19,318,337,0.65820312,-0.88724036
11,330,341,0.66601562,-0.93548387
22,308,330,0.64453125,-0.86666667
30,297,327,0.63867188,-0.81651376
10,310,320,0.625,-0.9375
0,331,331,0.64648438,-1
10,318,328,0.640625,-0.93902439
11,321,332,0.6484375,-0.93373494
8,319,327,0.63867188,-0.95107034
8,328,336,0.65625,-0.95238095
22,295,317,0.61914062,-0.86119874
14,321,335,0.65429688,-0.91641791
2,337,339,0.66210938,-0.98820059
20,322,342,0.66796875,-0.88304094
3,336,339,0.66210938,-0.98230088
21,308,329,0.64257812,-0.87234043
8,323,331,0.64648438,-0.95166163
8,320,328,0.640625,-0.95121951
18,313,331,0.64648438,-0.89123867
11,319,330,0.64453125,-0.93333333
16,323,339,0.66210938,-0.90560472
18,317,335,0.65429688,-0.89253731
14,324,338,0.66015625,-0.91715976
35,274,309,0.60351562,-0.77346278
74,260,334,0.65234375,-0.55688623
83,238,321,0.62695312,-0.48286604
19,323,342,0.66796875,-0.88888889
10,319,329,0.64257812,-0.93920973
9,317,326,0.63671875,-0.94478528
3,330,333,0.65039062,-0.98198198
8,325,333,0.65039062,-0.95195195
27,307,334,0.65234375,-0.83832335
27,315,342,0.66796875,-0.84210526
22,307,329,0.64257812,-0.8662614
31,294,325,0.63476562,-0.80923077
23,319,342,0.66796875,-0.86549708
22,307,329,0.64257812,-0.8662614
23,314,337,0.65820312,-0.86350148
6,327,333,0.65039062,-0.96396396
12,318,330,0.64453125,-0.92727273
22,296,318,0.62109375,-0.86163522
23,295,318,0.62109375,-0.85534591
16,313,329,0.64257812,-0.90273556
24,302,326,0.63671875,-0.85276074
16,323,339,0.66210938,-0.90560472
24,313,337,0.65820312,-0.85756677
15,326,341,0.66601562,-0.91202346
23,317,340,0.6640625,-0.86470588
0,341,341,0.66601562,-1
2,333,335,0.65429688,-0.9880597
20,311,331,0.64648438,-0.87915408
8,334,342,0.66796875,-0.95321637
7,334,341,0.66601562,-0.95894428
7,340,347,0.67773438,-0.95965418
1,329,330,0.64453125,-0.99393939
15,321,336,0.65625,-0.91071429
24,304,328,0.640625,-0.85365854
20,318,338,0.66015625,-0.8816568
60,271,331,0.64648438,-0.63746224
73,261,334,0.65234375,-0.56287425
50,260,310,0.60546875,-0.67741935
24,317,341,0.66601562,-0.85923754
24,305,329,0.64257812,-0.85410334
25,308,333,0.65039062,-0.84984985
34,293,327,0.63867188,-0.79204893
51,278,329,0.64257812,-0.6899696
66,265,331,0.64648438,-0.60120846
40,292,332,0.6484375,-0.75903614
44,285,329,0.64257812,-0.7325228
72,254,326,0.63671875,-0.55828221
108,227,335,0.65429688,-0.35522388
123,201,324,0.6328125,-0.24074074
114,211,325,0.63476562,-0.29846154
76,257,333,0.65039062,-0.54354354
51,269,320,0.625,-0.68125
71,246,317,0.61914062,-0.55205047
70,256,326,0.63671875,-0.57055215
98,249,347,0.67773438,-0.4351585
88,238,326,0.63671875,-0.4601227
54,268,322,0.62890625,-0.66459627
123,209,332,0.6484375,-0.25903614
127,190,317,0.61914062,-0.19873817
133,186,319,0.62304688,-0.1661442
142,185,327,0.63867188,-0.13149847
129,187,316,0.6171875,-0.1835443
156,169,325,0.63476562,-0.04
145,181,326,0.63671875,-0.11042945
116,223,339,0.66210938,-0.31563422
152,180,332,0.6484375,-0.084337349
171,149,320,0.625,0.06875
167,169,336,0.65625,-0.005952381
164,153,317,0.61914062,0.034700315
162,164,326,0.63671875,-0.0061349693
136,179,315,0.61523438,-0.13650794
152,162,314,0.61328125,-0.031847134
182,142,324,0.6328125,0.12345679
164,141,305,0.59570312,0.075409836
164,160,324,0.6328125,0.012345679
151,166,317,0.61914062,-0.047318612
114,196,310,0.60546875,-0.26451613
115,209,324,0.6328125,-0.29012346
76,253,329,0.64257812,-0.53799392
114,206,320,0.625,-0.2875
104,225,329,0.64257812,-0.36778116
73,253,326,0.63671875,-0.55214724
40,287,327,0.63867188,-0.75535168
47,284,331,0.64648438,-0.71601208
53,273,326,0.63671875,-0.67484663
17,310,327,0.63867188,-0.89602446
23,312,335,0.65429688,-0.86268657
57,283,340,0.6640625,-0.66470588
22,313,335,0.65429688,-0.86865672
26,313,339,0.66210938,-0.84660767
5,334,339,0.66210938,-0.97050147
14,328,342,0.66796875,-0.91812865
2,332,334,0.65234375,-0.98802395
20,306,326,0.63671875,-0.87730061
11,318,329,0.64257812,-0.9331307
6,331,337,0.65820312,-0.96439169
13,314,327,0.63867188,-0.9204893
20,306,326,0.63671875,-0.87730061
7,330,337,0.65820312,-0.95845697
45,277,322,0.62890625,-0.72049689
53,275,328,0.640625,-0.67682927
26,310,336,0.65625,-0.8452381
21,315,336,0.65625,-0.875
32,304,336,0.65625,-0.80952381
47,278,325,0.63476562,-0.71076923
15,314,329,0.64257812,-0.90881459
8,327,335,0.65429688,-0.95223881
24,305,329,0.64257812,-0.85410334
13,328,341,0.66601562,-0.92375367
18,316,334,0.65234375,-0.89221557
18,317,335,0.65429688,-0.89253731
8,336,344,0.671875,-0.95348837
16,317,333,0.65039062,-0.9039039
19,311,330,0.64453125,-0.88484848
25,306,331,0.64648438,-0.8489426
47,284,331,0.64648438,-0.71601208
27,309,336,0.65625,-0.83928571
0,333,333,0.65039062,-1
5,323,328,0.640625,-0.9695122
13,325,338,0.66015625,-0.92307692
5,337,342,0.66796875,-0.97076023
9,307,316,0.6171875,-0.94303797
24,301,325,0.63476562,-0.85230769
11,325,336,0.65625,-0.93452381
12,321,333,0.65039062,-0.92792793
10,310,320,0.625,-0.9375
22,314,336,0.65625,-0.86904762
7,330,337,0.65820312,-0.95845697
4,339,343,0.66992188,-0.97667638
12,325,337,0.65820312,-0.92878338
34,283,317,0.61914062,-0.78548896
11,314,325,0.63476562,-0.93230769
19,323,342,0.66796875,-0.88888889
12,320,332,0.6484375,-0.92771084
16,324,340,0.6640625,-0.90588235
6,340,346,0.67578125,-0.96531792
12,323,335,0.65429688,-0.92835821
4,325,329,0.64257812,-0.97568389
7,328,335,0.65429688,-0.95820896
9,322,331,0.64648438,-0.94561934
43,279,322,0.62890625,-0.73291925
17,327,344,0.671875,-0.90116279
14,324,338,0.66015625,-0.91715976
34,304,338,0.66015625,-0.79881657
33,301,334,0.65234375,-0.80239521
8,323,331,0.64648438,-0.95166163
7,329,336,0.65625,-0.95833333
22,306,328,0.640625,-0.86585366
28,309,337,0.65820312,-0.83382789
52,262,314,0.61328125,-0.66878981
38,293,331,0.64648438,-0.77039275
19,312,331,0.64648438,-0.88519637
8,334,342,0.66796875,-0.95321637
48,281,329,0.64257812,-0.70820669
33,310,343,0.66992188,-0.80758017
21,301,322,0.62890625,-0.86956522
15,312,327,0.63867188,-0.90825688
18,313,331,0.64648438,-0.89123867
8,331,339,0.66210938,-0.95280236
11,322,333,0.65039062,-0.93393393
9,315,324,0.6328125,-0.94444444
19,309,328,0.640625,-0.88414634
12,314,326,0.63671875,-0.92638037
18,301,319,0.62304688,-0.88714734
12,331,343,0.66992188,-0.93002915
0,342,342,0.66796875,-1
2,333,335,0.65429688,-0.9880597
27,317,344,0.671875,-0.84302326
57,279,336,0.65625,-0.66071429
68,257,325,0.63476562,-0.58153846
78,249,327,0.63867188,-0.52293578
71,259,330,0.64453125,-0.56969697
42,299,341,0.66601562,-0.75366569
30,300,330,0.64453125,-0.81818182
23,303,326,0.63671875,-0.85889571
29,290,319,0.62304688,-0.81818182
22,314,336,0.65625,-0.86904762
5,327,332,0.6484375,-0.96987952
10,327,337,0.65820312,-0.94065282
16,335,351,0.68554688,-0.90883191
1,336,337,0.65820312,-0.99406528
10,309,319,0.62304688,-0.93730408
20,319,339,0.66210938,-0.8820059
25,305,330,0.64453125,-0.84848485
11,309,320,0.625,-0.93125
13,310,323,0.63085938,-0.91950464
11,330,341,0.66601562,-0.93548387
50,292,342,0.66796875,-0.70760234
43,300,343,0.66992188,-0.74927114
61,252,313,0.61132812,-0.61022364
47,277,324,0.6328125,-0.70987654
53,279,332,0.6484375,-0.68072289
10,333,343,0.66992188,-0.94169096
24,301,325,0.63476562,-0.85230769
10,314,324,0.6328125,-0.9382716
2,330,332,0.6484375,-0.98795181
6,327,333,0.65039062,-0.96396396
2,339,341,0.66601562,-0.98826979
8,328,336,0.65625,-0.95238095
5,334,339,0.66210938,-0.97050147
7,342,349,0.68164062,-0.95988539
0,339,339,0.66210938,-1
3,337,340,0.6640625,-0.98235294
12,329,341,0.66601562,-0.92961877
10,329,339,0.66210938,-0.94100295
22,307,329,0.64257812,-0.8662614
27,306,333,0.65039062,-0.83783784
22,303,325,0.63476562,-0.86461538
32,306,338,0.66015625,-0.81065089
25,300,325,0.63476562,-0.84615385
8,320,328,0.640625,-0.95121951
24,310,334,0.65234375,-0.85628743
28,301,329,0.64257812,-0.82978723
48,282,330,0.64453125,-0.70909091
44,289,333,0.65039062,-0.73573574
33,299,332,0.6484375,-0.80120482
31,294,325,0.63476562,-0.80923077
26,309,335,0.65429688,-0.84477612
8,325,333,0.65039062,-0.95195195
22,315,337,0.65820312,-0.8694362
6,333,339,0.66210938,-0.96460177
22,312,334,0.65234375,-0.86826347
33,295,328,0.640625,-0.79878049
14,311,325,0.63476562,-0.91384615
2,333,335,0.65429688,-0.9880597
0,342,342,0.66796875,-1
13,312,325,0.63476562,-0.92
47,287,334,0.65234375,-0.71856287
13,331,344,0.671875,-0.9244186
9,326,335,0.65429688,-0.94626866
14,318,332,0.6484375,-0.91566265
31,295,326,0.63671875,-0.80981595
13,324,337,0.65820312,-0.92284866
66,265,331,0.64648438,-0.60120846
63,277,340,0.6640625,-0.62941176
32,307,339,0.66210938,-0.81120944
44,293,337,0.65820312,-0.7388724
16,320,336,0.65625,-0.9047619
18,315,333,0.65039062,-0.89189189
3,322,325,0.63476562,-0.98153846
3,329,332,0.6484375,-0.98192771
9,328,337,0.65820312,-0.94658754
3,332,335,0.65429688,-0.98208955
6,332,338,0.66015625,-0.96449704
16,324,340,0.6640625,-0.90588235
1,334,335,0.65429688,-0.99402985
39,293,332,0.6484375,-0.76506024
33,294,327,0.63867188,-0.79816514
4,338,342,0.66796875,-0.97660819
1,341,342,0.66796875,-0.99415205
17,319,336,0.65625,-0.89880952
19,317,336,0.65625,-0.88690476
36,291,327,0.63867188,-0.77981651
12,333,345,0.67382812,-0.93043478
12,322,334,0.65234375,-0.92814371
8,318,326,0.63671875,-0.95092025
36,288,324,0.6328125,-0.77777778
29,310,339,0.66210938,-0.82890855
27,308,335,0.65429688,-0.83880597
33,294,327,0.63867188,-0.79816514
4,317,321,0.62695312,-0.97507788
5,336,341,0.66601562,-0.97067449
14,310,324,0.6328125,-0.91358025
6,330,336,0.65625,-0.96428571
39,288,327,0.63867188,-0.76146789
27,307,334,0.65234375,-0.83832335
26,319,345,0.67382812,-0.84927536
7,340,347,0.67773438,-0.95965418
8,323,331,0.64648438,-0.95166163
15,314,329,0.64257812,-0.90881459
12,321,333,0.65039062,-0.92792793
26,303,329,0.64257812,-0.84194529
7,338,345,0.67382812,-0.95942029
0,347,347,0.67773438,-1
32,297,329,0.64257812,-0.80547112
12,321,333,0.65039062,-0.92792793
20,300,320,0.625,-0.875
28,303,331,0.64648438,-0.83081571
34,308,342,0.66796875,-0.80116959
35,294,329,0.64257812,-0.78723404
9,313,322,0.62890625,-0.94409938
5,345,350,0.68359375,-0.97142857
18,304,322,0.62890625,-0.88819876
0,347,347,0.67773438,-1
26,305,331,0.64648438,-0.8429003
11,330,341,0.66601562,-0.93548387
3,335,338,0.66015625,-0.98224852
16,317,333,0.65039062,-0.9039039
28,301,329,0.64257812,-0.82978723
16,321,337,0.65820312,-0.90504451
8,310,318,0.62109375,-0.94968553
12,324,336,0.65625,-0.92857143
2,332,334,0.65234375,-0.98802395
0,333,333,0.65039062,-1
6,329,335,0.65429688,-0.9641791
2,325,327,0.63867188,-0.98776758
19,314,333,0.65039062,-0.88588589
14,318,332,0.6484375,-0.91566265
23,305,328,0.640625,-0.8597561
32,299,331,0.64648438,-0.80664653
6,333,339,0.66210938,-0.96460177
10,309,319,0.62304688,-0.93730408
18,322,340,0.6640625,-0.89411765
21,321,342,0.66796875,-0.87719298
11,312,323,0.63085938,-0.93188854
10,320,330,0.64453125,-0.93939394
33,305,338,0.66015625,-0.80473373
34,298,332,0.6484375,-0.79518072
25,291,316,0.6171875,-0.84177215
37,296,333,0.65039062,-0.77777778
18,321,339,0.66210938,-0.89380531
22,319,341,0.66601562,-0.87096774
54,275,329,0.64257812,-0.67173252
33,291,324,0.6328125,-0.7962963
56,287,343,0.66992188,-0.67346939
60,277,337,0.65820312,-0.64391691
61,269,330,0.64453125,-0.63030303
24,313,337,0.65820312,-0.85756677
59,278,337,0.65820312,-0.64985163
49,274,323,0.63085938,-0.69659443
3,336,339,0.66210938,-0.98230088
21,313,334,0.65234375,-0.8742515
19,331,350,0.68359375,-0.89142857
11,328,339,0.66210938,-0.93510324
3,327,330,0.64453125,-0.98181818
19,321,340,0.6640625,-0.88823529
22,309,331,0.64648438,-0.86706949
22,314,336,0.65625,-0.86904762
17,313,330,0.64453125,-0.8969697
4,341,345,0.67382812,-0.97681159
23,317,340,0.6640625,-0.86470588
17,317,334,0.65234375,-0.89820359
10,314,324,0.6328125,-0.9382716
40,285,325,0.63476562,-0.75384615
25,306,331,0.64648438,-0.8489426
16,318,334,0.65234375,-0.90419162
25,300,325,0.63476562,-0.84615385
33,308,341,0.66601562,-0.80645161
34,295,329,0.64257812,-0.79331307
49,267,316,0.6171875,-0.68987342
41,290,331,0.64648438,-0.75226586
33,305,338,0.66015625,-0.80473373
12,318,330,0.64453125,-0.92727273
2,343,345,0.67382812,-0.9884058
4,325,329,0.64257812,-0.97568389
4,323,327,0.63867188,-0.97553517
3,329,332,0.6484375,-0.98192771
21,314,335,0.65429688,-0.87462687
48,278,326,0.63671875,-0.70552147
41,288,329,0.64257812,-0.75075988
11,321,332,0.6484375,-0.93373494
11,328,339,0.66210938,-0.93510324
14,333,347,0.67773438,-0.91930836
17,331,348,0.6796875,-0.90229885
7,316,323,0.63085938,-0.95665635
1,335,336,0.65625,-0.99404762
6,315,321,0.62695312,-0.96261682
14,323,337,0.65820312,-0.91691395
0,340,340,0.6640625,-1
9,319,328,0.640625,-0.94512195
20,317,337,0.65820312,-0.88130564
14,313,327,0.63867188,-0.91437309
27,306,333,0.65039062,-0.83783784
9,322,331,0.64648438,-0.94561934
4,328,332,0.6484375,-0.97590361
30,304,334,0.65234375,-0.82035928
45,280,325,0.63476562,-0.72307692
44,286,330,0.64453125,-0.73333333
50,286,336,0.65625,-0.70238095
24,306,330,0.64453125,-0.85454545
4,319,323,0.63085938,-0.9752322
5,334,339,0.66210938,-0.97050147
21,314,335,0.65429688,-0.87462687
15,314,329,0.64257812,-0.90881459
6,322,328,0.640625,-0.96341463
4,319,323,0.63085938,-0.9752322
12,320,332,0.6484375,-0.92771084
8,337,345,0.67382812,-0.95362319
29,319,348,0.6796875,-0.83333333
23,308,331,0.64648438,-0.86102719
34,306,340,0.6640625,-0.8
34,298,332,0.6484375,-0.79518072
78,251,329,0.64257812,-0.52583587
30,296,326,0.63671875,-0.81595092
29,291,320,0.625,-0.81875
29,317,346,0.67578125,-0.83236994
30,301,331,0.64648438,-0.81873112
27,317,344,0.671875,-0.84302326
21,306,327,0.63867188,-0.87155963
12,326,338,0.66015625,-0.92899408
12,318,330,0.64453125,-0.92727273
4,317,321,0.62695312,-0.97507788
9,324,333,0.65039062,-0.94594595
3,328,331,0.64648438,-0.98187311
11,322,333,0.65039062,-0.93393393
3,329,332,0.6484375,-0.98192771
0,347,347,0.67773438,-1
20,316,336,0.65625,-0.88095238
32,298,330,0.64453125,-0.80606061
13,318,331,0.64648438,-0.92145015
22,312,334,0.65234375,-0.86826347
37,293,330,0.64453125,-0.77575758
18,308,326,0.63671875,-0.88957055
9,315,324,0.6328125,-0.94444444
8,333,341,0.66601562,-0.95307918
15,323,338,0.66015625,-0.9112426
9,333,342,0.66796875,-0.94736842
12,323,335,0.65429688,-0.92835821
0,353,353,0.68945312,-1
7,328,335,0.65429688,-0.95820896
25,310,335,0.65429688,-0.85074627
48,287,335,0.65429688,-0.71343284
44,281,325,0.63476562,-0.72923077
46,275,321,0.62695312,-0.71339564
27,298,325,0.63476562,-0.83384615
54,283,337,0.65820312,-0.67952522
41,289,330,0.64453125,-0.75151515
40,291,331,0.64648438,-0.75830816
59,270,329,0.64257812,-0.64133739
91,236,327,0.63867188,-0.44342508
45,284,329,0.64257812,-0.72644377
40,296,336,0.65625,-0.76190476
18,307,325,0.63476562,-0.88923077
10,332,342,0.66796875,-0.94152047
1,336,337,0.65820312,-0.99406528
20,304,324,0.6328125,-0.87654321
13,321,334,0.65234375,-0.92215569
32,293,325,0.63476562,-0.80307692
46,270,316,0.6171875,-0.70886076
55,273,328,0.640625,-0.66463415
1,339,340,0.6640625,-0.99411765
1,342,343,0.66992188,-0.9941691
7,331,338,0.66015625,-0.95857988
25,313,338,0.66015625,-0.85207101
70,262,332,0.6484375,-0.57831325
68,259,327,0.63867188,-0.58409786
49,285,334,0.65234375,-0.70658683
80,247,327,0.63867188,-0.51070336
78,252,330,0.64453125,-0.52727273
69,251,320,0.625,-0.56875
51,268,319,0.62304688,-0.68025078
15,326,341,0.66601562,-0.91202346
30,307,337,0.65820312,-0.82195846
25,294,319,0.62304688,-0.84326019
62,276,338,0.66015625,-0.63313609
36,289,325,0.63476562,-0.77846154
15,338,353,0.68945312,-0.91501416
20,311,331,0.64648438,-0.87915408
18,311,329,0.64257812,-0.89057751
6,329,335,0.65429688,-0.9641791
10,321,331,0.64648438,-0.93957704
46,287,333,0.65039062,-0.72372372
51,284,335,0.65429688,-0.69552239
48,275,323,0.63085938,-0.70278638
66,268,334,0.65234375,-0.60479042
100,231,331,0.64648438,-0.39577039
95,229,324,0.6328125,-0.41358025
60,280,340,0.6640625,-0.64705882
55,266,321,0.62695312,-0.65732087
41,296,337,0.65820312,-0.75667656
18,308,326,0.63671875,-0.88957055
4,344,348,0.6796875,-0.97701149
23,306,329,0.64257812,-0.86018237
32,306,338,0.66015625,-0.81065089
16,312,328,0.640625,-0.90243902
10,331,341,0.66601562,-0.94134897
14,326,340,0.6640625,-0.91764706
10,321,331,0.64648438,-0.93957704
4,334,338,0.66015625,-0.97633136
24,305,329,0.64257812,-0.85410334
20,313,333,0.65039062,-0.87987988
2,345,347,0.67773438,-0.98847262
0,355,355,0.69335938,-1
9,314,323,0.63085938,-0.94427245
39,287,326,0.63671875,-0.7607362
23,304,327,0.63867188,-0.85932722
19,302,321,0.62695312,-0.88161994
7,318,325,0.63476562,-0.95692308
13,322,335,0.65429688,-0.92238806
21,302,323,0.63085938,-0.86996904
42,302,344,0.671875,-0.75581395
11,316,327,0.63867188,-0.93272171
2,333,335,0.65429688,-0.9880597
0,342,342,0.66796875,-1
5,323,328,0.640625,-0.9695122
41,294,335,0.65429688,-0.75522388
68,250,318,0.62109375,-0.57232704
31,295,326,0.63671875,-0.80981595
23,314,337,0.65820312,-0.86350148
43,287,330,0.64453125,-0.73939394
57,272,329,0.64257812,-0.65349544
66,256,322,0.62890625,-0.59006211
22,328,350,0.68359375,-0.87428571
4,323,327,0.63867188,-0.97553517
3,329,332,0.6484375,-0.98192771
2,334,336,0.65625,-0.98809524
14,320,334,0.65234375,-0.91616766
35,295,330,0.64453125,-0.78787879
20,300,320,0.625,-0.875
22,307,329,0.64257812,-0.8662614
23,303,326,0.63671875,-0.85889571
26,306,332,0.6484375,-0.84337349
42,279,321,0.62695312,-0.73831776
14,320,334,0.65234375,-0.91616766
30,310,340,0.6640625,-0.82352941
40,293,333,0.65039062,-0.75975976
31,305,336,0.65625,-0.81547619
38,291,329,0.64257812,-0.76899696
61,280,341,0.66601562,-0.64222874
39,286,325,0.63476562,-0.76
21,311,332,0.6484375,-0.87349398
10,314,324,0.6328125,-0.9382716
22,328,350,0.68359375,-0.87428571
6,341,347,0.67773438,-0.96541787
9,325,334,0.65234375,-0.94610778
9,333,342,0.66796875,-0.94736842
14,316,330,0.64453125,-0.91515152
23,314,337,0.65820312,-0.86350148
31,297,328,0.640625,-0.81097561
12,319,331,0.64648438,-0.92749245
6,332,338,0.66015625,-0.96449704
5,326,331,0.64648438,-0.96978852
10,322,332,0.6484375,-0.93975904
24,307,331,0.64648438,-0.85498489
39,286,325,0.63476562,-0.76
46,279,325,0.63476562,-0.71692308
24,303,327,0.63867188,-0.85321101
41,280,321,0.62695312,-0.74454829
74,246,320,0.625,-0.5375
49,295,344,0.671875,-0.71511628
66,265,331,0.64648438,-0.60120846
60,265,325,0.63476562,-0.63076923
43,297,340,0.6640625,-0.74705882
5,325,330,0.64453125,-0.96969697
8,331,339,0.66210938,-0.95280236
0,344,344,0.671875,-1
14,320,334,0.65234375,-0.91616766
15,311,326,0.63671875,-0.90797546
19,307,326,0.63671875,-0.88343558
15,330,345,0.67382812,-0.91304348
24,300,324,0.6328125,-0.85185185
35,297,332,0.6484375,-0.78915663
24,300,324,0.6328125,-0.85185185
27,317,344,0.671875,-0.84302326
29,306,335,0.65429688,-0.82686567
48,273,321,0.62695312,-0.70093458
42,288,330,0.64453125,-0.74545455
22,308,330,0.64453125,-0.86666667
29,304,333,0.65039062,-0.82582583
21,314,335,0.65429688,-0.87462687
16,314,330,0.64453125,-0.9030303
3,330,333,0.65039062,-0.98198198
7,334,341,0.66601562,-0.95894428
0,336,336,0.65625,-1
23,314,337,0.65820312,-0.86350148
13,318,331,0.64648438,-0.92145015
15,320,335,0.65429688,-0.91044776
13,326,339,0.66210938,-0.92330383
19,314,333,0.65039062,-0.88588589
32,294,326,0.63671875,-0.80368098
58,277,335,0.65429688,-0.65373134
68,263,331,0.64648438,-0.58912387
75,256,331,0.64648438,-0.54682779
68,263,331,0.64648438,-0.58912387
74,248,322,0.62890625,-0.54037267
94,230,324,0.6328125,-0.41975309
122,201,323,0.63085938,-0.24458204
92,228,320,0.625,-0.425
115,217,332,0.6484375,-0.30722892
89,239,328,0.640625,-0.45731707
69,270,339,0.66210938,-0.59292035
42,286,328,0.640625,-0.74390244
56,269,325,0.63476562,-0.65538462
42,283,325,0.63476562,-0.74153846
48,285,333,0.65039062,-0.71171171
66,269,335,0.65429688,-0.60597015
41,280,321,0.62695312,-0.74454829
7,321,328,0.640625,-0.95731707
2,334,336,0.65625,-0.98809524
12,332,344,0.671875,-0.93023256
14,323,337,0.65820312,-0.91691395
11,323,334,0.65234375,-0.93413174
0,333,333,0.65039062,-1
8,328,336,0.65625,-0.95238095
18,325,343,0.66992188,-0.89504373
12,308,320,0.625,-0.925
14,322,336,0.65625,-0.91666667
19,291,310,0.60546875,-0.87741935
10,320,330,0.64453125,-0.93939394
6,328,334,0.65234375,-0.96407186
17,323,340,0.6640625,-0.9
17,317,334,0.65234375,-0.89820359
7,336,343,0.66992188,-0.95918367
16,310,326,0.63671875,-0.90184049
19,317,336,0.65625,-0.88690476
30,307,337,0.65820312,-0.82195846
37,293,330,0.64453125,-0.77575758
30,299,329,0.64257812,-0.81762918
62,277,339,0.66210938,-0.63421829
77,254,331,0.64648438,-0.5347432
27,306,333,0.65039062,-0.83783784
27,307,334,0.65234375,-0.83832335
14,328,342,0.66796875,-0.91812865
10,324,334,0.65234375,-0.94011976
4,314,318,0.62109375,-0.97484277
18,323,341,0.66601562,-0.89442815
15,308,323,0.63085938,-0.90712074
25,303,328,0.640625,-0.84756098
20,303,323,0.63085938,-0.87616099
45,292,337,0.65820312,-0.73293769
53,266,319,0.62304688,-0.6677116
37,288,325,0.63476562,-0.77230769
36,285,321,0.62695312,-0.77570093
24,311,335,0.65429688,-0.85671642
8,323,331,0.64648438,-0.95166163
11,328,339,0.66210938,-0.93510324
36,295,331,0.64648438,-0.78247734
63,265,328,0.640625,-0.61585366
41,283,324,0.6328125,-0.74691358
14,330,344,0.671875,-0.91860465
17,320,337,0.65820312,-0.89910979
18,321,339,0.66210938,-0.89380531
19,322,341,0.66601562,-0.88856305
14,323,337,0.65820312,-0.91691395
17,319,336,0.65625,-0.89880952
29,296,325,0.63476562,-0.82153846
3,335,338,0.66015625,-0.98224852
2,335,337,0.65820312,-0.98813056
24,322,346,0.67578125,-0.86127168
31,307,338,0.66015625,-0.81656805
25,307,332,0.6484375,-0.84939759
4,329,333,0.65039062,-0.97597598
15,325,340,0.6640625,-0.91176471
15,316,331,0.64648438,-0.90936556
36,285,321,0.62695312,-0.77570093
33,298,331,0.64648438,-0.80060423
26,308,334,0.65234375,-0.84431138
18,307,325,0.63476562,-0.88923077
0,346,346,0.67578125,-1
11,330,341,0.66601562,-0.93548387
22,300,322,0.62890625,-0.86335404
6,329,335,0.65429688,-0.9641791
7,315,322,0.62890625,-0.95652174
31,293,324,0.6328125,-0.80864198
7,330,337,0.65820312,-0.95845697
9,321,330,0.64453125,-0.94545455
15,313,328,0.640625,-0.90853659
3,331,334,0.65234375,-0.98203593
12,317,329,0.64257812,-0.92705167
9,320,329,0.64257812,-0.94528875
8,338,346,0.67578125,-0.95375723
13,323,336,0.65625,-0.92261905
46,290,336,0.65625,-0.72619048
69,259,328,0.640625,-0.57926829
36,289,325,0.63476562,-0.77846154
35,299,334,0.65234375,-0.79041916
11,321,332,0.6484375,-0.93373494
12,328,340,0.6640625,-0.92941176
31,306,337,0.65820312,-0.81602374
46,285,331,0.64648438,-0.72205438
21,321,342,0.66796875,-0.87719298
6,337,343,0.66992188,-0.96501458
13,323,336,0.65625,-0.92261905
41,276,317,0.61914062,-0.74132492
31,288,319,0.62304688,-0.80564263
11,320,331,0.64648438,-0.93353474
25,303,328,0.640625,-0.84756098
22,306,328,0.640625,-0.86585366
23,311,334,0.65234375,-0.86227545
33,296,329,0.64257812,-0.7993921
54,265,319,0.62304688,-0.66144201
34,290,324,0.6328125,-0.79012346
14,329,343,0.66992188,-0.91836735
23,309,332,0.6484375,-0.86144578
19,320,339,0.66210938,-0.8879056
3,331,334,0.65234375,-0.98203593
25,306,331,0.64648438,-0.8489426
9,325,334,0.65234375,-0.94610778
27,300,327,0.63867188,-0.83486239
17,319,336,0.65625,-0.89880952
17,314,331,0.64648438,-0.89728097
9,325,334,0.65234375,-0.94610778
10,323,333,0.65039062,-0.93993994
2,333,335,0.65429688,-0.9880597
19,309,328,0.640625,-0.88414634
26,312,338,0.66015625,-0.84615385
11,324,335,0.65429688,-0.93432836
11,327,338,0.66015625,-0.93491124
0,330,330,0.64453125,-1
2,331,333,0.65039062,-0.98798799
9,318,327,0.63867188,-0.94495413
14,317,331,0.64648438,-0.91540785
18,317,335,0.65429688,-0.89253731
31,311,342,0.66796875,-0.81871345
1,334,335,0.65429688,-0.99402985
4,325,329,0.64257812,-0.97568389
4,325,329,0.64257812,-0.97568389
28,321,349,0.68164062,-0.83954155
4,330,334,0.65234375,-0.9760479
25,307,332,0.6484375,-0.84939759
39,287,326,0.63671875,-0.7607362
33,297,330,0.64453125,-0.8
8,324,332,0.6484375,-0.95180723
6,338,344,0.671875,-0.96511628
10,328,338,0.66015625,-0.9408284
13,328,341,0.66601562,-0.92375367
45,290,335,0.65429688,-0.73134328
32,317,349,0.68164062,-0.81661891
0,336,336,0.65625,-1
10,319,329,0.64257812,-0.93920973
11,325,336,0.65625,-0.93452381
21,307,328,0.640625,-0.87195122
32,288,320,0.625,-0.8
43,288,331,0.64648438,-0.74018127
21,297,318,0.62109375,-0.86792453
9,309,318,0.62109375,-0.94339623
25,304,329,0.64257812,-0.84802432
18,318,336,0.65625,-0.89285714
8,321,329,0.64257812,-0.95136778
5,330,335,0.65429688,-0.97014925
10,318,328,0.640625,-0.93902439
18,329,347,0.67773438,-0.8962536
10,330,340,0.6640625,-0.94117647
0,335,335,0.65429688,-1
5,321,326,0.63671875,-0.96932515
24,319,343,0.66992188,-0.86005831
22,312,334,0.65234375,-0.86826347
38,296,334,0.65234375,-0.77245509
33,302,335,0.65429688,-0.80298507
36,300,336,0.65625,-0.78571429
3,332,335,0.65429688,-0.98208955
6,323,329,0.64257812,-0.96352584
5,325,330,0.64453125,-0.96969697
8,334,342,0.66796875,-0.95321637
3,324,327,0.63867188,-0.98165138
4,341,345,0.67382812,-0.97681159
42,278,320,0.625,-0.7375
66,264,330,0.64453125,-0.6
96,234,330,0.64453125,-0.41818182
92,234,326,0.63671875,-0.43558282
34,299,333,0.65039062,-0.7957958
20,315,335,0.65429688,-0.88059701
27,295,322,0.62890625,-0.83229814
2,335,337,0.65820312,-0.98813056
25,300,325,0.63476562,-0.84615385
2,334,336,0.65625,-0.98809524
2,327,329,0.64257812,-0.98784195
12,314,326,0.63671875,-0.92638037
3,338,341,0.66601562,-0.98240469
26,316,342,0.66796875,-0.84795322
29,303,332,0.6484375,-0.8253012
49,280,329,0.64257812,-0.70212766
74,266,340,0.6640625,-0.56470588
43,286,329,0.64257812,-0.73860182
40,301,341,0.66601562,-0.76539589
16,309,325,0.63476562,-0.90153846
28,320,348,0.6796875,-0.83908046
37,290,327,0.63867188,-0.77370031
21,304,325,0.63476562,-0.87076923
19,310,329,0.64257812,-0.88449848
26,320,346,0.67578125,-0.84971098
49,281,330,0.64453125,-0.7030303
42,293,335,0.65429688,-0.74925373
38,279,317,0.61914062,-0.76025237
25,294,319,0.62304688,-0.84326019
0,326,326,0.63671875,-1
8,332,340,0.6640625,-0.95294118
17,314,331,0.64648438,-0.89728097
13,317,330,0.64453125,-0.92121212
7,333,340,0.6640625,-0.95882353
9,329,338,0.66015625,-0.94674556
11,329,340,0.6640625,-0.93529412
30,305,335,0.65429688,-0.82089552
27,309,336,0.65625,-0.83928571
31,307,338,0.66015625,-0.81656805
31,291,322,0.62890625,-0.80745342
37,300,337,0.65820312,-0.78041543
44,293,337,0.65820312,-0.7388724
0,336,336,0.65625,-1
2,332,334,0.65234375,-0.98802395
12,318,330,0.64453125,-0.92727273
17,321,338,0.66015625,-0.89940828
23,305,328,0.640625,-0.8597561
33,289,322,0.62890625,-0.79503106
9,324,333,0.65039062,-0.94594595
1,338,339,0.66210938,-0.99410029
16,321,337,0.65820312,-0.90504451
16,310,326,0.63671875,-0.90184049
16,316,332,0.6484375,-0.90361446
19,303,322,0.62890625,-0.88198758
6,328,334,0.65234375,-0.96407186
15,330,345,0.67382812,-0.91304348
27,306,333,0.65039062,-0.83783784
21,309,330,0.64453125,-0.87272727
21,305,326,0.63671875,-0.87116564
7,322,329,0.64257812,-0.95744681
16,324,340,0.6640625,-0.90588235
0,335,335,0.65429688,-1
19,303,322,0.62890625,-0.88198758
14,324,338,0.66015625,-0.91715976
10,332,342,0.66796875,-0.94152047
9,318,327,0.63867188,-0.94495413
14,308,322,0.62890625,-0.91304348
30,287,317,0.61914062,-0.81072555
33,299,332,0.6484375,-0.80120482
28,305,333,0.65039062,-0.83183183
30,302,332,0.6484375,-0.81927711
5,335,340,0.6640625,-0.97058824
8,340,348,0.6796875,-0.95402299
10,321,331,0.64648438,-0.93957704
0,333,333,0.65039062,-1
33,299,332,0.6484375,-0.80120482
10,316,326,0.63671875,-0.93865031
13,326,339,0.66210938,-0.92330383
22,315,337,0.65820312,-0.8694362
7,324,331,0.64648438,-0.95770393
7,326,333,0.65039062,-0.95795796
11,321,332,0.6484375,-0.93373494
37,296,333,0.65039062,-0.77777778
55,274,329,0.64257812,-0.6656535
9,334,343,0.66992188,-0.94752187
21,321,342,0.66796875,-0.87719298
11,317,328,0.640625,-0.93292683
11,316,327,0.63867188,-0.93272171
0,343,343,0.66992188,-1
0,332,332,0.6484375,-1
24,315,339,0.66210938,-0.85840708
50,269,319,0.62304688,-0.68652038
33,314,347,0.67773438,-0.80979827
33,302,335,0.65429688,-0.80298507
42,300,342,0.66796875,-0.75438596
32,305,337,0.65820312,-0.81008902
9,334,343,0.66992188,-0.94752187
5,330,335,0.65429688,-0.97014925
2,337,339,0.66210938,-0.98820059
4,337,341,0.66601562,-0.97653959
1,340,341,0.66601562,-0.9941349
2,335,337,0.65820312,-0.98813056
12,311,323,0.63085938,-0.92569659
5,322,327,0.63867188,-0.96941896
11,318,329,0.64257812,-0.9331307
8,324,332,0.6484375,-0.95180723
5,324,329,0.64257812,-0.96960486
18,306,324,0.6328125,-0.88888889
24,311,335,0.65429688,-0.85671642
6,333,339,0.66210938,-0.96460177
11,321,332,0.6484375,-0.93373494
1,340,341,0.66601562,-0.9941349
9,328,337,0.65820312,-0.94658754
29,305,334,0.65234375,-0.82634731
19,322,341,0.66601562,-0.88856305
4,331,335,0.65429688,-0.9761194
8,324,332,0.6484375,-0.95180723
32,306,338,0.66015625,-0.81065089
31,285,316,0.6171875,-0.80379747
54,269,323,0.63085938,-0.66563467
81,248,329,0.64257812,-0.50759878
90,246,336,0.65625,-0.46428571
91,248,339,0.66210938,-0.46312684
92,229,321,0.62695312,-0.42679128
126,206,332,0.6484375,-0.24096386
97,220,317,0.61914062,-0.38801262
125,208,333,0.65039062,-0.24924925
83,239,322,0.62890625,-0.48447205
60,267,327,0.63867188,-0.63302752
57,278,335,0.65429688,-0.65970149
53,266,319,0.62304688,-0.6677116
44,300,344,0.671875,-0.74418605
18,312,330,0.64453125,-0.89090909
10,316,326,0.63671875,-0.93865031
12,325,337,0.65820312,-0.92878338
1,329,330,0.64453125,-0.99393939
2,334,336,0.65625,-0.98809524
13,314,327,0.63867188,-0.9204893
16,326,342,0.66796875,-0.90643275
31,299,330,0.64453125,-0.81212121
5,323,328,0.640625,-0.9695122
37,282,319,0.62304688,-0.76802508
5,332,337,0.65820312,-0.97032641
11,334,345,0.67382812,-0.93623188
15,317,332,0.6484375,-0.90963855
36,298,334,0.65234375,-0.78443114
16,312,328,0.640625,-0.90243902
18,317,335,0.65429688,-0.89253731
23,302,325,0.63476562,-0.85846154
23,308,331,0.64648438,-0.86102719
17,304,321,0.62695312,-0.894081
40,289,329,0.64257812,-0.75683891
44,287,331,0.64648438,-0.73413897
25,313,338,0.66015625,-0.85207101
3,333,336,0.65625,-0.98214286
7,326,333,0.65039062,-0.95795796
12,320,332,0.6484375,-0.92771084
22,322,344,0.671875,-0.87209302
51,281,332,0.6484375,-0.69277108
28,306,334,0.65234375,-0.83233533
34,287,321,0.62695312,-0.78816199
17,325,342,0.66796875,-0.9005848
4,326,330,0.64453125,-0.97575758
3,354,357,0.69726562,-0.98319328
16,309,325,0.63476562,-0.90153846
1,349,350,0.68359375,-0.99428571
10,331,341,0.66601562,-0.94134897
12,319,331,0.64648438,-0.92749245
7,315,322,0.62890625,-0.95652174
27,292,319,0.62304688,-0.830721
9,322,331,0.64648438,-0.94561934
12,328,340,0.6640625,-0.92941176
13,317,330,0.64453125,-0.92121212
9,322,331,0.64648438,-0.94561934
12,323,335,0.65429688,-0.92835821
13,316,329,0.64257812,-0.92097264
4,327,331,0.64648438,-0.97583082
0,339,339,0.66210938,-1
9,326,335,0.65429688,-0.94626866
3,322,325,0.63476562,-0.98153846
10,318,328,0.640625,-0.93902439
14,322,336,0.65625,-0.91666667
49,286,335,0.65429688,-0.70746269
34,313,347,0.67773438,-0.80403458
4,325,329,0.64257812,-0.97568389
13,314,327,0.63867188,-0.9204893
25,295,320,0.625,-0.84375
34,303,337,0.65820312,-0.79821958
39,293,332,0.6484375,-0.76506024
31,316,347,0.67773438,-0.82132565
25,322,347,0.67773438,-0.85590778
49,285,334,0.65234375,-0.70658683
61,264,325,0.63476562,-0.62461538
31,297,328,0.640625,-0.81097561
7,332,339,0.66210938,-0.95870206
18,338,356,0.6953125,-0.8988764
49,272,321,0.62695312,-0.69470405
58,265,323,0.63085938,-0.64086687
61,272,333,0.65039062,-0.63363363
58,268,326,0.63671875,-0.64417178
81,241,322,0.62890625,-0.49689441
59,284,343,0.66992188,-0.65597668
44,289,333,0.65039062,-0.73573574
60,267,327,0.63867188,-0.63302752
46,285,331,0.64648438,-0.72205438
23,307,330,0.64453125,-0.86060606
41,275,316,0.6171875,-0.74050633
3,333,336,0.65625,-0.98214286
9,323,332,0.6484375,-0.94578313
7,330,337,0.65820312,-0.95845697
7,333,340,0.6640625,-0.95882353
5,317,322,0.62890625,-0.9689441
25,311,336,0.65625,-0.85119048
35,287,322,0.62890625,-0.7826087
32,299,331,0.64648438,-0.80664653
23,313,336,0.65625,-0.86309524
13,327,340,0.6640625,-0.92352941
14,314,328,0.640625,-0.91463415
13,321,334,0.65234375,-0.92215569
30,310,340,0.6640625,-0.82352941
13,321,334,0.65234375,-0.92215569
10,319,329,0.64257812,-0.93920973
2,334,336,0.65625,-0.98809524
2,325,327,0.63867188,-0.98776758
7,326,333,0.65039062,-0.95795796
58,264,322,0.62890625,-0.63975155
24,305,329,0.64257812,-0.85410334
67,265,332,0.6484375,-0.59638554
72,254,326,0.63671875,-0.55828221
58,262,320,0.625,-0.6375
39,302,341,0.66601562,-0.771261
58,286,344,0.671875,-0.6627907
34,298,332,0.6484375,-0.79518072
3,329,332,0.6484375,-0.98192771
0,336,336,0.65625,-1
42,287,329,0.64257812,-0.74468085
34,293,327,0.63867188,-0.79204893
11,331,342,0.66796875,-0.93567251
10,325,335,0.65429688,-0.94029851
1,333,334,0.65234375,-0.99401198
6,335,341,0.66601562,-0.96480938
6,340,346,0.67578125,-0.96531792
1,333,334,0.65234375,-0.99401198
43,289,332,0.6484375,-0.74096386
10,331,341,0.66601562,-0.94134897
0,331,331,0.64648438,-1
8,314,322,0.62890625,-0.95031056
8,317,325,0.63476562,-0.95076923
13,317,330,0.64453125,-0.92121212
6,331,337,0.65820312,-0.96439169
16,330,346,0.67578125,-0.90751445
12,329,341,0.66601562,-0.92961877
23,311,334,0.65234375,-0.86227545
21,315,336,0.65625,-0.875
15,319,334,0.65234375,-0.91017964
26,308,334,0.65234375,-0.84431138
0,344,344,0.671875,-1
15,319,334,0.65234375,-0.91017964
12,325,337,0.65820312,-0.92878338
7,332,339,0.66210938,-0.95870206
17,315,332,0.6484375,-0.89759036
24,316,340,0.6640625,-0.85882353
8,315,323,0.63085938,-0.9504644
14,321,335,0.65429688,-0.91641791
0,342,342,0.66796875,-1
4,332,336,0.65625,-0.97619048
23,299,322,0.62890625,-0.85714286
20,304,324,0.6328125,-0.87654321
10,329,339,0.66210938,-0.94100295
14,307,321,0.62695312,-0.91277259
0,351,351,0.68554688,-1
1,328,329,0.64257812,-0.99392097
15,316,331,0.64648438,-0.90936556
19,319,338,0.66015625,-0.88757396
49,282,331,0.64648438,-0.70392749
59,279,338,0.66015625,-0.65088757
60,269,329,0.64257812,-0.63525836
56,281,337,0.65820312,-0.66765579
62,275,337,0.65820312,-0.63204748
78,241,319,0.62304688,-0.51097179
104,222,326,0.63671875,-0.36196319
82,241,323,0.63085938,-0.49226006
69,260,329,0.64257812,-0.58054711
59,277,336,0.65625,-0.64880952
41,287,328,0.640625,-0.75
44,288,332,0.6484375,-0.73493976
29,296,325,0.63476562,-0.82153846
36,287,323,0.63085938,-0.77708978
41,274,315,0.61523438,-0.73968254
58,261,319,0.62304688,-0.63636364
72,253,325,0.63476562,-0.55692308
63,267,330,0.64453125,-0.61818182
46,283,329,0.64257812,-0.72036474
37,291,328,0.640625,-0.77439024
32,300,332,0.6484375,-0.80722892
15,315,330,0.64453125,-0.90909091
0,336,336,0.65625,-1
27,300,327,0.63867188,-0.83486239
16,327,343,0.66992188,-0.90670554
40,293,333,0.65039062,-0.75975976
16,305,321,0.62695312,-0.90031153
5,320,325,0.63476562,-0.96923077
12,312,324,0.6328125,-0.92592593
16,316,332,0.6484375,-0.90361446
2,333,335,0.65429688,-0.9880597
0,340,340,0.6640625,-1
2,336,338,0.66015625,-0.98816568
3,342,345,0.67382812,-0.9826087
1,341,342,0.66796875,-0.99415205
1,327,328,0.640625,-0.99390244
7,334,341,0.66601562,-0.95894428
9,321,330,0.64453125,-0.94545455
2,316,318,0.62109375,-0.98742138
3,329,332,0.6484375,-0.98192771
26,297,323,0.63085938,-0.83900929
37,298,335,0.65429688,-0.77910448
14,318,332,0.6484375,-0.91566265
48,279,327,0.63867188,-0.70642202
5,328,333,0.65039062,-0.96996997
4,334,338,0.66015625,-0.97633136
5,328,333,0.65039062,-0.96996997
7,323,330,0.64453125,-0.95757576
26,303,329,0.64257812,-0.84194529
21,304,325,0.63476562,-0.87076923
3,328,331,0.64648438,-0.98187311
1,332,333,0.65039062,-0.99399399
12,326,338,0.66015625,-0.92899408
18,310,328,0.640625,-0.8902439
31,291,322,0.62890625,-0.80745342
32,300,332,0.6484375,-0.80722892
39,300,339,0.66210938,-0.7699115
19,306,325,0.63476562,-0.88307692
29,299,328,0.640625,-0.82317073
16,312,328,0.640625,-0.90243902
1,346,347,0.67773438,-0.99423631
54,265,319,0.62304688,-0.66144201
71,250,321,0.62695312,-0.5576324
37,300,337,0.65820312,-0.78041543
60,262,322,0.62890625,-0.62732919
21,316,337,0.65820312,-0.87537092
18,323,341,0.66601562,-0.89442815
31,301,332,0.6484375,-0.81325301
15,314,329,0.64257812,-0.90881459
8,321,329,0.64257812,-0.95136778
21,308,329,0.64257812,-0.87234043
51,270,321,0.62695312,-0.68224299
43,289,332,0.6484375,-0.74096386
40,290,330,0.64453125,-0.75757576
20,296,316,0.6171875,-0.87341772
16,308,324,0.6328125,-0.90123457
7,326,333,0.65039062,-0.95795796
0,343,343,0.66992188,-1
3,335,338,0.66015625,-0.98224852
5,318,323,0.63085938,-0.96904025
45,283,328,0.640625,-0.72560976
30,297,327,0.63867188,-0.81651376
16,313,329,0.64257812,-0.90273556
26,288,314,0.61328125,-0.8343949
13,329,342,0.66796875,-0.92397661
11,325,336,0.65625,-0.93452381
35,292,327,0.63867188,-0.78593272
45,287,332,0.6484375,-0.72891566
35,313,348,0.6796875,-0.79885057
20,317,337,0.65820312,-0.88130564
17,302,319,0.62304688,-0.89341693
8,331,339,0.66210938,-0.95280236
20,312,332,0.6484375,-0.87951807
10,319,329,0.64257812,-0.93920973
22,305,327,0.63867188,-0.86544343
23,305,328,0.640625,-0.8597561
12,326,338,0.66015625,-0.92899408
8,324,332,0.6484375,-0.95180723
1,334,335,0.65429688,-0.99402985
18,318,336,0.65625,-0.89285714
23,320,343,0.66992188,-0.86588921
2,347,349,0.68164062,-0.98853868
47,286,333,0.65039062,-0.71771772
23,301,324,0.6328125,-0.85802469
4,336,340,0.6640625,-0.97647059
3,336,339,0.66210938,-0.98230088
13,324,337,0.65820312,-0.92284866
18,310,328,0.640625,-0.8902439
2,338,340,0.6640625,-0.98823529
9,333,342,0.66796875,-0.94736842
10,324,334,0.65234375,-0.94011976
36,282,318,0.62109375,-0.77358491
17,323,340,0.6640625,-0.9
5,327,332,0.6484375,-0.96987952
22,294,316,0.6171875,-0.86075949
10,324,334,0.65234375,-0.94011976
0,331,331,0.64648438,-1
13,319,332,0.6484375,-0.92168675
6,325,331,0.64648438,-0.96374622
47,291,338,0.66015625,-0.72189349
61,277,338,0.66015625,-0.63905325
41,272,313,0.61132812,-0.73801917
25,312,337,0.65820312,-0.85163205
16,313,329,0.64257812,-0.90273556
13,310,323,0.63085938,-0.91950464
0,330,330,0.64453125,-1
22,309,331,0.64648438,-0.86706949
13,322,335,0.65429688,-0.92238806
3,332,335,0.65429688,-0.98208955
22,306,328,0.640625,-0.86585366
13,319,332,0.6484375,-0.92168675
15,304,319,0.62304688,-0.90595611
29,302,331,0.64648438,-0.82477341
11,316,327,0.63867188,-0.93272171
9,318,327,0.63867188,-0.94495413
18,327,345,0.67382812,-0.89565217
10,320,330,0.64453125,-0.93939394
25,293,318,0.62109375,-0.8427673
16,308,324,0.6328125,-0.90123457
5,323,328,0.640625,-0.9695122
16,316,332,0.6484375,-0.90361446
18,315,333,0.65039062,-0.89189189
87,229,316,0.6171875,-0.44936709
55,275,330,0.64453125,-0.66666667
32,306,338,0.66015625,-0.81065089
10,341,351,0.68554688,-0.94301994
2,326,328,0.640625,-0.98780488
11,328,339,0.66210938,-0.93510324
8,337,345,0.67382812,-0.95362319
7,330,337,0.65820312,-0.95845697
16,319,335,0.65429688,-0.90447761
14,323,337,0.65820312,-0.91691395
13,328,341,0.66601562,-0.92375367
2,337,339,0.66210938,-0.98820059
0,340,340,0.6640625,-1
13,310,323,0.63085938,-0.91950464
12,318,330,0.64453125,-0.92727273
27,298,325,0.63476562,-0.83384615
14,325,339,0.66210938,-0.91740413
1,335,336,0.65625,-0.99404762
10,322,332,0.6484375,-0.93975904
33,291,324,0.6328125,-0.7962963
51,281,332,0.6484375,-0.69277108
23,302,325,0.63476562,-0.85846154
15,314,329,0.64257812,-0.90881459
4,339,343,0.66992188,-0.97667638
14,320,334,0.65234375,-0.91616766
35,296,331,0.64648438,-0.78851964
21,309,330,0.64453125,-0.87272727
46,291,337,0.65820312,-0.72700297
33,293,326,0.63671875,-0.79754601
33,303,336,0.65625,-0.80357143
47,278,325,0.63476562,-0.71076923
12,324,336,0.65625,-0.92857143
5,332,337,0.65820312,-0.97032641
1,341,342,0.66796875,-0.99415205
27,314,341,0.66601562,-0.84164223
21,305,326,0.63671875,-0.87116564
19,312,331,0.64648438,-0.88519637
26,316,342,0.66796875,-0.84795322
8,324,332,0.6484375,-0.95180723
10,327,337,0.65820312,-0.94065282
2,317,319,0.62304688,-0.98746082
4,341,345,0.67382812,-0.97681159
1,332,333,0.65039062,-0.99399399
5,322,327,0.63867188,-0.96941896
13,330,343,0.66992188,-0.92419825
23,307,330,0.64453125,-0.86060606
7,325,332,0.6484375,-0.95783133
10,321,331,0.64648438,-0.93957704
12,326,338,0.66015625,-0.92899408
0,338,338,0.66015625,-1
29,309,338,0.66015625,-0.82840237
7,332,339,0.66210938,-0.95870206
5,334,339,0.66210938,-0.97050147
29,308,337,0.65820312,-0.82789318
29,304,333,0.65039062,-0.82582583
26,296,322,0.62890625,-0.83850932
28,315,343,0.66992188,-0.83673469
22,313,335,0.65429688,-0.86865672
31,298,329,0.64257812,-0.81155015
39,297,336,0.65625,-0.76785714
6,338,344,0.671875,-0.96511628
15,317,332,0.6484375,-0.90963855
17,317,334,0.65234375,-0.89820359
2,334,336,0.65625,-0.98809524
17,319,336,0.65625,-0.89880952
10,324,334,0.65234375,-0.94011976
8,326,334,0.65234375,-0.95209581
17,313,330,0.64453125,-0.8969697
15,320,335,0.65429688,-0.91044776
5,323,328,0.640625,-0.9695122
28,315,343,0.66992188,-0.83673469
36,283,319,0.62304688,-0.77429467
36,294,330,0.64453125,-0.78181818
52,285,337,0.65820312,-0.69139466
27,302,329,0.64257812,-0.83586626
21,326,347,0.67773438,-0.87896254
9,320,329,0.64257812,-0.94528875
2,333,335,0.65429688,-0.9880597
11,329,340,0.6640625,-0.93529412
9,322,331,0.64648438,-0.94561934
1,333,334,0.65234375,-0.99401198
23,304,327,0.63867188,-0.85932722
41,284,325,0.63476562,-0.74769231
21,311,332,0.6484375,-0.87349398
31,298,329,0.64257812,-0.81155015
10,332,342,0.66796875,-0.94152047
15,318,333,0.65039062,-0.90990991
5,344,349,0.68164062,-0.9713467
9,330,339,0.66210938,-0.94690265
0,336,336,0.65625,-1
5,317,322,0.62890625,-0.9689441
21,306,327,0.63867188,-0.87155963
9,314,323,0.63085938,-0.94427245
16,317,333,0.65039062,-0.9039039
29,294,323,0.63085938,-0.82043344
43,297,340,0.6640625,-0.74705882
30,301,331,0.64648438,-0.81873112
17,304,321,0.62695312,-0.894081
9,311,320,0.625,-0.94375
20,305,325,0.63476562,-0.87692308
22,317,339,0.66210938,-0.87020649
23,304,327,0.63867188,-0.85932722
28,315,343,0.66992188,-0.83673469
8,332,340,0.6640625,-0.95294118
8,321,329,0.64257812,-0.95136778
12,319,331,0.64648438,-0.92749245
8,333,341,0.66601562,-0.95307918
12,314,326,0.63671875,-0.92638037
4,327,331,0.64648438,-0.97583082
3,334,337,0.65820312,-0.98219585
2,337,339,0.66210938,-0.98820059
28,295,323,0.63085938,-0.82662539
5,343,348,0.6796875,-0.97126437
11,331,342,0.66796875,-0.93567251
27,302,329,0.64257812,-0.83586626
21,306,327,0.63867188,-0.87155963
57,264,321,0.62695312,-0.64485981
77,251,328,0.640625,-0.5304878
74,254,328,0.640625,-0.54878049
25,303,328,0.640625,-0.84756098
58,279,337,0.65820312,-0.65578635
64,268,332,0.6484375,-0.61445783
23,308,331,0.64648438,-0.86102719
4,324,328,0.640625,-0.97560976
24,326,350,0.68359375,-0.86285714
30,304,334,0.65234375,-0.82035928
26,308,334,0.65234375,-0.84431138
17,318,335,0.65429688,-0.89850746
17,316,333,0.65039062,-0.8978979
5,329,334,0.65234375,-0.97005988
17,319,336,0.65625,-0.89880952
23,324,347,0.67773438,-0.86743516
9,333,342,0.66796875,-0.94736842
9,319,328,0.640625,-0.94512195
15,324,339,0.66210938,-0.91150442
19,318,337,0.65820312,-0.88724036
16,314,330,0.64453125,-0.9030303
32,307,339,0.66210938,-0.81120944
18,317,335,0.65429688,-0.89253731
5,331,336,0.65625,-0.9702381
19,322,341,0.66601562,-0.88856305
3,338,341,0.66601562,-0.98240469
8,317,325,0.63476562,-0.95076923
16,339,355,0.69335938,-0.90985915
0,350,350,0.68359375,-1
7,328,335,0.65429688,-0.95820896
5,335,340,0.6640625,-0.97058824
23,311,334,0.65234375,-0.86227545
14,328,342,0.66796875,-0.91812865
10,321,331,0.64648438,-0.93957704
13,332,345,0.67382812,-0.92463768
31,295,326,0.63671875,-0.80981595
36,278,314,0.61328125,-0.77070064
25,302,327,0.63867188,-0.8470948
11,315,326,0.63671875,-0.93251534
19,316,335,0.65429688,-0.88656716
9,323,332,0.6484375,-0.94578313
71,253,324,0.6328125,-0.5617284
86,248,334,0.65234375,-0.48502994
46,291,337,0.65820312,-0.72700297
22,305,327,0.63867188,-0.86544343
49,260,309,0.60351562,-0.6828479
90,233,323,0.63085938,-0.44272446
71,253,324,0.6328125,-0.5617284
75,248,323,0.63085938,-0.53560372
61,267,328,0.640625,-0.62804878
24,298,322,0.62890625,-0.85093168
28,310,338,0.66015625,-0.83431953
24,314,338,0.66015625,-0.85798817
5,335,340,0.6640625,-0.97058824
33,303,336,0.65625,-0.80357143
11,309,320,0.625,-0.93125
8,333,341,0.66601562,-0.95307918
12,328,340,0.6640625,-0.92941176
9,330,339,0.66210938,-0.94690265
28,292,320,0.625,-0.825
21,316,337,0.65820312,-0.87537092
18,319,337,0.65820312,-0.89317507
13,314,327,0.63867188,-0.9204893
32,302,334,0.65234375,-0.80838323
23,302,325,0.63476562,-0.85846154
40,298,338,0.66015625,-0.76331361
34,303,337,0.65820312,-0.79821958
33,294,327,0.63867188,-0.79816514
55,267,322,0.62890625,-0.65838509
27,310,337,0.65820312,-0.83976261
42,284,326,0.63671875,-0.74233129
14,310,324,0.6328125,-0.91358025
0,329,329,0.64257812,-1
0,327,327,0.63867188,-1
3,330,333,0.65039062,-0.98198198
30,299,329,0.64257812,-0.81762918
18,326,344,0.671875,-0.89534884
3,337,340,0.6640625,-0.98235294
16,305,321,0.62695312,-0.90031153
17,314,331,0.64648438,-0.89728097
21,308,329,0.64257812,-0.87234043
56,271,327,0.63867188,-0.65749235
35,292,327,0.63867188,-0.78593272
53,279,332,0.6484375,-0.68072289
41,294,335,0.65429688,-0.75522388
24,306,330,0.64453125,-0.85454545
7,328,335,0.65429688,-0.95820896
21,315,336,0.65625,-0.875
3,340,343,0.66992188,-0.98250729
18,306,324,0.6328125,-0.88888889
10,323,333,0.65039062,-0.93993994
18,326,344,0.671875,-0.89534884
0,345,345,0.67382812,-1
0,334,334,0.65234375,-1
40,302,342,0.66796875,-0.76608187
69,258,327,0.63867188,-0.57798165
117,214,331,0.64648438,-0.29305136
64,263,327,0.63867188,-0.60856269
61,272,333,0.65039062,-0.63363363
35,301,336,0.65625,-0.79166667
84,241,325,0.63476562,-0.48307692
71,253,324,0.6328125,-0.5617284
54,271,325,0.63476562,-0.66769231
79,257,336,0.65625,-0.5297619
100,234,334,0.65234375,-0.4011976
36,287,323,0.63085938,-0.77708978
55,276,331,0.64648438,-0.66767372
58,272,330,0.64453125,-0.64848485
35,287,322,0.62890625,-0.7826087
31,291,322,0.62890625,-0.80745342
0,333,333,0.65039062,-1
0,335,335,0.65429688,-1
8,329,337,0.65820312,-0.95252226
6,327,333,0.65039062,-0.96396396
8,339,347,0.67773438,-0.95389049
15,334,349,0.68164062,-0.91404011
20,308,328,0.640625,-0.87804878
66,253,319,0.62304688,-0.5862069
23,301,324,0.6328125,-0.85802469
20,316,336,0.65625,-0.88095238
5,331,336,0.65625,-0.9702381
13,321,334,0.65234375,-0.92215569
9,318,327,0.63867188,-0.94495413
22,304,326,0.63671875,-0.86503067
17,320,337,0.65820312,-0.89910979
9,328,337,0.65820312,-0.94658754
16,325,341,0.66601562,-0.90615836
19,323,342,0.66796875,-0.88888889
25,309,334,0.65234375,-0.8502994
17,312,329,0.64257812,-0.89665653
17,318,335,0.65429688,-0.89850746
32,301,333,0.65039062,-0.80780781
24,308,332,0.6484375,-0.85542169
37,291,328,0.640625,-0.77439024
49,283,332,0.6484375,-0.70481928
81,244,325,0.63476562,-0.50153846
42,288,330,0.64453125,-0.74545455
81,243,324,0.6328125,-0.5
22,309,331,0.64648438,-0.86706949
19,321,340,0.6640625,-0.88823529
13,315,328,0.640625,-0.92073171
6,331,337,0.65820312,-0.96439169
9,327,336,0.65625,-0.94642857
49,280,329,0.64257812,-0.70212766
41,297,338,0.66015625,-0.75739645
62,274,336,0.65625,-0.63095238
44,275,319,0.62304688,-0.72413793
40,287,327,0.63867188,-0.75535168
25,299,324,0.6328125,-0.84567901
4,335,339,0.66210938,-0.97640118
19,321,340,0.6640625,-0.88823529
27,305,332,0.6484375,-0.8373494
1,330,331,0.64648438,-0.9939577
56,264,320,0.625,-0.65
69,264,333,0.65039062,-0.58558559
45,277,322,0.62890625,-0.72049689
26,317,343,0.66992188,-0.8483965
12,320,332,0.6484375,-0.92771084
37,295,332,0.6484375,-0.77710843
24,303,327,0.63867188,-0.85321101
20,307,327,0.63867188,-0.87767584
15,319,334,0.65234375,-0.91017964
29,299,328,0.640625,-0.82317073
24,301,325,0.63476562,-0.85230769
8,323,331,0.64648438,-0.95166163
21,310,331,0.64648438,-0.87311178
4,329,333,0.65039062,-0.97597598
12,323,335,0.65429688,-0.92835821
16,317,333,0.65039062,-0.9039039
30,304,334,0.65234375,-0.82035928
24,307,331,0.64648438,-0.85498489
25,286,311,0.60742188,-0.8392283
51,275,326,0.63671875,-0.68711656
62,251,313,0.61132812,-0.60383387
58,287,345,0.67382812,-0.66376812
32,290,322,0.62890625,-0.80124224
44,293,337,0.65820312,-0.7388724
40,291,331,0.64648438,-0.75830816
51,269,320,0.625,-0.68125
94,235,329,0.64257812,-0.42857143
41,274,315,0.61523438,-0.73968254
29,303,332,0.6484375,-0.8253012
33,306,339,0.66210938,-0.80530973
24,304,328,0.640625,-0.85365854
30,298,328,0.640625,-0.81707317
48,283,331,0.64648438,-0.70996979
40,302,342,0.66796875,-0.76608187
24,288,312,0.609375,-0.84615385
46,299,345,0.67382812,-0.73333333
19,309,328,0.640625,-0.88414634
6,328,334,0.65234375,-0.96407186
5,341,346,0.67578125,-0.97109827
5,334,339,0.66210938,-0.97050147
28,301,329,0.64257812,-0.82978723
22,316,338,0.66015625,-0.86982249
0,343,343,0.66992188,-1
17,331,348,0.6796875,-0.90229885
15,315,330,0.64453125,-0.90909091
22,312,334,0.65234375,-0.86826347
2,327,329,0.64257812,-0.98784195
48,285,333,0.65039062,-0.71171171
57,274,331,0.64648438,-0.65558912
43,292,335,0.65429688,-0.74328358
22,312,334,0.65234375,-0.86826347
36,301,337,0.65820312,-0.78635015
16,318,334,0.65234375,-0.90419162
52,268,320,0.625,-0.675
43,287,330,0.64453125,-0.73939394
41,296,337,0.65820312,-0.75667656
5,337,342,0.66796875,-0.97076023
7,323,330,0.64453125,-0.95757576
2,336,338,0.66015625,-0.98816568
5,311,316,0.6171875,-0.96835443
7,331,338,0.66015625,-0.95857988
3,330,333,0.65039062,-0.98198198
1,319,320,0.625,-0.99375
1,334,335,0.65429688,-0.99402985
8,321,329,0.64257812,-0.95136778
12,322,334,0.65234375,-0.92814371
9,325,334,0.65234375,-0.94610778
5,329,334,0.65234375,-0.97005988
4,334,338,0.66015625,-0.97633136
5,326,331,0.64648438,-0.96978852
4,327,331,0.64648438,-0.97583082
14,319,333,0.65039062,-0.91591592
8,326,334,0.65234375,-0.95209581
0,335,335,0.65429688,-1
10,314,324,0.6328125,-0.9382716
3,329,332,0.6484375,-0.98192771
41,282,323,0.63085938,-0.74613003
25,308,333,0.65039062,-0.84984985
8,328,336,0.65625,-0.95238095
38,283,321,0.62695312,-0.76323988
72,267,339,0.66210938,-0.57522124
79,254,333,0.65039062,-0.52552553
43,281,324,0.6328125,-0.7345679
68,264,332,0.6484375,-0.59036145
67,253,320,0.625,-0.58125
86,241,327,0.63867188,-0.47400612
39,300,339,0.66210938,-0.7699115
23,302,325,0.63476562,-0.85846154
28,309,337,0.65820312,-0.83382789
18,311,329,0.64257812,-0.89057751
36,294,330,0.64453125,-0.78181818
21,310,331,0.64648438,-0.87311178
16,312,328,0.640625,-0.90243902
4,326,330,0.64453125,-0.97575758
8,321,329,0.64257812,-0.95136778
24,306,330,0.64453125,-0.85454545
51,286,337,0.65820312,-0.69732938
28,303,331,0.64648438,-0.83081571
23,309,332,0.6484375,-0.86144578
18,311,329,0.64257812,-0.89057751
14,323,337,0.65820312,-0.91691395
21,317,338,0.66015625,-0.87573964
12,332,344,0.671875,-0.93023256
17,317,334,0.65234375,-0.89820359
38,289,327,0.63867188,-0.7675841
41,281,322,0.62890625,-0.74534161
47,277,324,0.6328125,-0.70987654
23,312,335,0.65429688,-0.86268657
1,343,344,0.671875,-0.99418605
24,313,337,0.65820312,-0.85756677
40,293,333,0.65039062,-0.75975976
8,323,331,0.64648438,-0.95166163
22,305,327,0.63867188,-0.86544343
12,326,338,0.66015625,-0.92899408
18,309,327,0.63867188,-0.88990826
13,313,326,0.63671875,-0.9202454
2,333,335,0.65429688,-0.9880597
34,306,340,0.6640625,-0.8
19,305,324,0.6328125,-0.88271605
10,323,333,0.65039062,-0.93993994
45,297,342,0.66796875,-0.73684211
35,289,324,0.6328125,-0.78395062
42,287,329,0.64257812,-0.74468085
40,275,315,0.61523438,-0.74603175
21,301,322,0.62890625,-0.86956522
5,338,343,0.66992188,-0.97084548
5,331,336,0.65625,-0.9702381
18,306,324,0.6328125,-0.88888889
32,291,323,0.63085938,-0.80185759
8,332,340,0.6640625,-0.95294118
1,337,338,0.66015625,-0.99408284
2,328,330,0.64453125,-0.98787879
12,321,333,0.65039062,-0.92792793
7,331,338,0.66015625,-0.95857988
15,318,333,0.65039062,-0.90990991
25,299,324,0.6328125,-0.84567901
8,321,329,0.64257812,-0.95136778
28,316,344,0.671875,-0.8372093
1,342,343,0.66992188,-0.9941691
8,316,324,0.6328125,-0.95061728
18,310,328,0.640625,-0.8902439
26,304,330,0.64453125,-0.84242424
24,325,349,0.68164062,-0.86246418
7,335,342,0.66796875,-0.95906433
28,299,327,0.63867188,-0.82874618
11,317,328,0.640625,-0.93292683
25,309,334,0.65234375,-0.8502994
14,312,326,0.63671875,-0.91411043
14,327,341,0.66601562,-0.91788856
10,325,335,0.65429688,-0.94029851
10,309,319,0.62304688,-0.93730408
25,311,336,0.65625,-0.85119048
2,332,334,0.65234375,-0.98802395
48,276,324,0.6328125,-0.7037037
10,325,335,0.65429688,-0.94029851
6,332,338,0.66015625,-0.96449704
2,336,338,0.66015625,-0.98816568
2,325,327,0.63867188,-0.98776758
0,330,330,0.64453125,-1
2,338,340,0.6640625,-0.98823529
7,320,327,0.63867188,-0.95718654
19,309,328,0.640625,-0.88414634
34,289,323,0.63085938,-0.78947368
30,315,345,0.67382812,-0.82608696
14,309,323,0.63085938,-0.91331269
13,323,336,0.65625,-0.92261905
15,326,341,0.66601562,-0.91202346
6,325,331,0.64648438,-0.96374622
0,328,328,0.640625,-1
7,327,334,0.65234375,-0.95808383
15,313,328,0.640625,-0.90853659
29,307,336,0.65625,-0.82738095
5,327,332,0.6484375,-0.96987952
12,324,336,0.65625,-0.92857143
16,317,333,0.65039062,-0.9039039
37,293,330,0.64453125,-0.77575758
11,319,330,0.64453125,-0.93333333
1,339,340,0.6640625,-0.99411765
19,319,338,0.66015625,-0.88757396
25,320,345,0.67382812,-0.85507246
9,332,341,0.66601562,-0.94721408
13,311,324,0.6328125,-0.91975309
6,324,330,0.64453125,-0.96363636
9,330,339,0.66210938,-0.94690265
10,327,337,0.65820312,-0.94065282
1,342,343,0.66992188,-0.9941691
17,331,348,0.6796875,-0.90229885
20,306,326,0.63671875,-0.87730061
11,325,336,0.65625,-0.93452381
15,321,336,0.65625,-0.91071429
9,317,326,0.63671875,-0.94478528
2,344,346,0.67578125,-0.98843931
16,320,336,0.65625,-0.9047619
13,321,334,0.65234375,-0.92215569
5,334,339,0.66210938,-0.97050147
20,311,331,0.64648438,-0.87915408
35,292,327,0.63867188,-0.78593272
10,322,332,0.6484375,-0.93975904
16,311,327,0.63867188,-0.90214067
13,319,332,0.6484375,-0.92168675
2,343,345,0.67382812,-0.9884058
32,307,339,0.66210938,-0.81120944
6,343,349,0.68164062,-0.96561605
10,320,330,0.64453125,-0.93939394
0,336,336,0.65625,-1
1,338,339,0.66210938,-0.99410029
13,311,324,0.6328125,-0.91975309
38,295,333,0.65039062,-0.77177177
40,297,337,0.65820312,-0.76261128
13,331,344,0.671875,-0.9244186
31,304,335,0.65429688,-0.81492537
86,234,320,0.625,-0.4625
93,232,325,0.63476562,-0.42769231
50,281,331,0.64648438,-0.6978852
89,236,325,0.63476562,-0.45230769
65,265,330,0.64453125,-0.60606061
55,269,324,0.6328125,-0.66049383
55,274,329,0.64257812,-0.6656535
15,331,346,0.67578125,-0.9132948
13,319,332,0.6484375,-0.92168675
4,329,333,0.65039062,-0.97597598
1,333,334,0.65234375,-0.99401198
9,315,324,0.6328125,-0.94444444
11,328,339,0.66210938,-0.93510324
10,336,346,0.67578125,-0.94219653
11,344,355,0.69335938,-0.93802817
20,305,325,0.63476562,-0.87692308
7,324,331,0.64648438,-0.95770393
0,343,343,0.66992188,-1
4,344,348,0.6796875,-0.97701149
16,317,333,0.65039062,-0.9039039
52,291,343,0.66992188,-0.696793
60,259,319,0.62304688,-0.62382445
40,289,329,0.64257812,-0.75683891
44,291,335,0.65429688,-0.73731343
39,291,330,0.64453125,-0.76363636
29,301,330,0.64453125,-0.82424242
28,301,329,0.64257812,-0.82978723
38,298,336,0.65625,-0.77380952
59,285,344,0.671875,-0.65697674
52,285,337,0.65820312,-0.69139466
47,273,320,0.625,-0.70625
41,281,322,0.62890625,-0.74534161
75,251,326,0.63671875,-0.5398773
115,210,325,0.63476562,-0.29230769
126,218,344,0.671875,-0.26744186
128,202,330,0.64453125,-0.22424242
88,242,330,0.64453125,-0.46666667
46,277,323,0.63085938,-0.71517028
33,302,335,0.65429688,-0.80298507
62,250,312,0.609375,-0.6025641
95,235,330,0.64453125,-0.42424242
72,253,325,0.63476562,-0.55692308
60,272,332,0.6484375,-0.63855422
62,275,337,0.65820312,-0.63204748
53,274,327,0.63867188,-0.67584098
41,287,328,0.640625,-0.75
12,323,335,0.65429688,-0.92835821
15,331,346,0.67578125,-0.9132948
13,328,341,0.66601562,-0.92375367
11,312,323,0.63085938,-0.93188854
28,301,329,0.64257812,-0.82978723
25,302,327,0.63867188,-0.8470948
39,284,323,0.63085938,-0.75851393
8,340,348,0.6796875,-0.95402299
30,294,324,0.6328125,-0.81481481
18,329,347,0.67773438,-0.8962536
5,333,338,0.66015625,-0.9704142
13,331,344,0.671875,-0.9244186
14,323,337,0.65820312,-0.91691395
19,320,339,0.66210938,-0.8879056
3,329,332,0.6484375,-0.98192771
8,330,338,0.66015625,-0.95266272
9,317,326,0.63671875,-0.94478528
14,322,336,0.65625,-0.91666667
18,310,328,0.640625,-0.8902439
23,307,330,0.64453125,-0.86060606
19,321,340,0.6640625,-0.88823529
10,325,335,0.65429688,-0.94029851
21,312,333,0.65039062,-0.87387387
22,315,337,0.65820312,-0.8694362
43,284,327,0.63867188,-0.73700306
29,295,324,0.6328125,-0.82098765
31,301,332,0.6484375,-0.81325301
29,301,330,0.64453125,-0.82424242
34,294,328,0.640625,-0.79268293
30,293,323,0.63085938,-0.81424149
19,325,344,0.671875,-0.88953488
27,305,332,0.6484375,-0.8373494
32,298,330,0.64453125,-0.80606061
39,286,325,0.63476562,-0.76
41,283,324,0.6328125,-0.74691358
43,297,340,0.6640625,-0.74705882
53,272,325,0.63476562,-0.67384615
47,291,338,0.66015625,-0.72189349
33,290,323,0.63085938,-0.79566563
39,298,337,0.65820312,-0.76854599
48,269,317,0.61914062,-0.69716088
37,282,319,0.62304688,-0.76802508
26,318,344,0.671875,-0.84883721
27,308,335,0.65429688,-0.83880597
33,309,342,0.66796875,-0.80701754
47,279,326,0.63671875,-0.71165644
14,327,341,0.66601562,-0.91788856
3,334,337,0.65820312,-0.98219585
11,323,334,0.65234375,-0.93413174
13,337,350,0.68359375,-0.92571429
33,299,332,0.6484375,-0.80120482
46,280,326,0.63671875,-0.71779141
28,295,323,0.63085938,-0.82662539
29,297,326,0.63671875,-0.82208589
9,337,346,0.67578125,-0.94797688
30,296,326,0.63671875,-0.81595092
9,339,348,0.6796875,-0.94827586
28,300,328,0.640625,-0.82926829
31,294,325,0.63476562,-0.80923077
46,277,323,0.63085938,-0.71517028
46,278,324,0.6328125,-0.71604938
38,280,318,0.62109375,-0.76100629
79,246,325,0.63476562,-0.51384615
75,245,320,0.625,-0.53125
35,300,335,0.65429688,-0.79104478
31,300,331,0.64648438,-0.81268882
18,311,329,0.64257812,-0.89057751
32,303,335,0.65429688,-0.80895522
31,301,332,0.6484375,-0.81325301
14,326,340,0.6640625,-0.91764706
16,316,332,0.6484375,-0.90361446
30,304,334,0.65234375,-0.82035928
10,329,339,0.66210938,-0.94100295
2,336,338,0.66015625,-0.98816568
6,334,340,0.6640625,-0.96470588
8,341,349,0.68164062,-0.95415473
11,327,338,0.66015625,-0.93491124
1,334,335,0.65429688,-0.99402985
23,314,337,0.65820312,-0.86350148
33,300,333,0.65039062,-0.8018018
36,291,327,0.63867188,-0.77981651
13,322,335,0.65429688,-0.92238806
17,307,324,0.6328125,-0.89506173
27,300,327,0.63867188,-0.83486239
8,319,327,0.63867188,-0.95107034
17,323,340,0.6640625,-0.9
36,302,338,0.66015625,-0.78698225
11,327,338,0.66015625,-0.93491124
0,332,332,0.6484375,-1
33,292,325,0.63476562,-0.79692308
24,308,332,0.6484375,-0.85542169
10,326,336,0.65625,-0.94047619
12,327,339,0.66210938,-0.92920354
21,305,326,0.63671875,-0.87116564
11,318,329,0.64257812,-0.9331307
23,306,329,0.64257812,-0.86018237
24,286,310,0.60546875,-0.84516129
6,333,339,0.66210938,-0.96460177
0,325,325,0.63476562,-1
5,336,341,0.66601562,-0.97067449
7,334,341,0.66601562,-0.95894428
9,320,329,0.64257812,-0.94528875
4,330,334,0.65234375,-0.9760479
10,325,335,0.65429688,-0.94029851
6,330,336,0.65625,-0.96428571
29,296,325,0.63476562,-0.82153846
20,314,334,0.65234375,-0.88023952
11,328,339,0.66210938,-0.93510324
2,331,333,0.65039062,-0.98798799
21,310,331,0.64648438,-0.87311178
7,319,326,0.63671875,-0.95705521
6,337,343,0.66992188,-0.96501458
4,325,329,0.64257812,-0.97568389
17,316,333,0.65039062,-0.8978979
15,322,337,0.65820312,-0.91097923
21,320,341,0.66601562,-0.87683284
33,296,329,0.64257812,-0.7993921
16,321,337,0.65820312,-0.90504451
11,315,326,0.63671875,-0.93251534
13,322,335,0.65429688,-0.92238806
9,324,333,0.65039062,-0.94594595
36,304,340,0.6640625,-0.78823529
64,260,324,0.6328125,-0.60493827
76,243,319,0.62304688,-0.52351097
45,301,346,0.67578125,-0.73988439
29,323,352,0.6875,-0.83522727
32,301,333,0.65039062,-0.80780781
46,286,332,0.6484375,-0.72289157
48,269,317,0.61914062,-0.69716088
69,255,324,0.6328125,-0.57407407
124,215,339,0.66210938,-0.26843658
160,180,340,0.6640625,-0.058823529
143,173,316,0.6171875,-0.094936709
165,166,331,0.64648438,-0.003021148
147,186,333,0.65039062,-0.11711712
109,211,320,0.625,-0.31875
88,239,327,0.63867188,-0.4617737
77,250,327,0.63867188,-0.52905199
84,248,332,0.6484375,-0.4939759
96,242,338,0.66015625,-0.43195266
74,256,330,0.64453125,-0.55151515
59,265,324,0.6328125,-0.63580247
32,304,336,0.65625,-0.80952381
58,273,331,0.64648438,-0.64954683
76,253,329,0.64257812,-0.53799392
51,266,317,0.61914062,-0.67823344
75,253,328,0.640625,-0.54268293
75,245,320,0.625,-0.53125
77,266,343,0.66992188,-0.55102041
52,281,333,0.65039062,-0.68768769
11,331,342,0.66796875,-0.93567251
14,325,339,0.66210938,-0.91740413
11,322,333,0.65039062,-0.93393393
18,296,314,0.61328125,-0.88535032
18,324,342,0.66796875,-0.89473684
22,307,329,0.64257812,-0.8662614
20,308,328,0.640625,-0.87804878
10,326,336,0.65625,-0.94047619
9,337,346,0.67578125,-0.94797688
31,300,331,0.64648438,-0.81268882
38,298,336,0.65625,-0.77380952
62,257,319,0.62304688,-0.61128527
47,289,336,0.65625,-0.7202381
53,286,339,0.66210938,-0.68731563
100,217,317,0.61914062,-0.36908517
102,222,324,0.6328125,-0.37037037
91,232,323,0.63085938,-0.43653251
95,240,335,0.65429688,-0.43283582
116,222,338,0.66015625,-0.31360947
76,252,328,0.640625,-0.53658537
86,239,325,0.63476562,-0.47076923
92,225,317,0.61914062,-0.41955836
48,279,327,0.63867188,-0.70642202
67,261,328,0.640625,-0.59146341
41,291,332,0.6484375,-0.75301205
26,303,329,0.64257812,-0.84194529
51,290,341,0.66601562,-0.70087977
20,305,325,0.63476562,-0.87692308
39,292,331,0.64648438,-0.76435045
14,317,331,0.64648438,-0.91540785
10,324,334,0.65234375,-0.94011976
8,310,318,0.62109375,-0.94968553
24,303,327,0.63867188,-0.85321101
31,298,329,0.64257812,-0.81155015
10,326,336,0.65625,-0.94047619
14,313,327,0.63867188,-0.91437309
29,304,333,0.65039062,-0.82582583
43,286,329,0.64257812,-0.73860182
10,331,341,0.66601562,-0.94134897
0,336,336,0.65625,-1
4,334,338,0.66015625,-0.97633136
29,299,328,0.640625,-0.82317073
31,311,342,0.66796875,-0.81871345
48,296,344,0.671875,-0.72093023
21,310,331,0.64648438,-0.87311178
33,300,333,0.65039062,-0.8018018
3,341,344,0.671875,-0.98255814
19,321,340,0.6640625,-0.88823529
15,319,334,0.65234375,-0.91017964
8,333,341,0.66601562,-0.95307918
20,309,329,0.64257812,-0.87841945
0,343,343,0.66992188,-1
3,326,329,0.64257812,-0.98176292
3,336,339,0.66210938,-0.98230088
15,336,351,0.68554688,-0.91452991
22,315,337,0.65820312,-0.8694362
7,337,344,0.671875,-0.95930233
48,278,326,0.63671875,-0.70552147
47,276,323,0.63085938,-0.70897833
44,287,331,0.64648438,-0.73413897
43,291,334,0.65234375,-0.74251497
42,290,332,0.6484375,-0.74698795
46,281,327,0.63867188,-0.71865443
42,294,336,0.65625,-0.75
13,321,334,0.65234375,-0.92215569
1,339,340,0.6640625,-0.99411765
9,310,319,0.62304688,-0.94357367
10,318,328,0.640625,-0.93902439
16,312,328,0.640625,-0.90243902
31,293,324,0.6328125,-0.80864198
43,273,316,0.6171875,-0.7278481
43,295,338,0.66015625,-0.74556213
7,341,348,0.6796875,-0.95977011
14,329,343,0.66992188,-0.91836735
10,315,325,0.63476562,-0.93846154
0,340,340,0.6640625,-1
10,318,328,0.640625,-0.93902439
25,309,334,0.65234375,-0.8502994
19,312,331,0.64648438,-0.88519637
5,336,341,0.66601562,-0.97067449
12,326,338,0.66015625,-0.92899408
12,306,318,0.62109375,-0.9245283
9,319,328,0.640625,-0.94512195
9,335,344,0.671875,-0.94767442
2,329,331,0.64648438,-0.98791541
20,308,328,0.640625,-0.87804878
27,304,331,0.64648438,-0.83685801
20,307,327,0.63867188,-0.87767584
6,337,343,0.66992188,-0.96501458
1,335,336,0.65625,-0.99404762
25,320,345,0.67382812,-0.85507246
34,297,331,0.64648438,-0.79456193
27,313,340,0.6640625,-0.84117647
37,303,340,0.6640625,-0.78235294
45,286,331,0.64648438,-0.72809668
68,256,324,0.6328125,-0.58024691
39,297,336,0.65625,-0.76785714
15,310,325,0.63476562,-0.90769231
12,318,330,0.64453125,-0.92727273
1,333,334,0.65234375,-0.99401198
1,343,344,0.671875,-0.99418605
1,333,334,0.65234375,-0.99401198
17,309,326,0.63671875,-0.89570552
0,337,337,0.65820312,-1
9,316,325,0.63476562,-0.94461538
13,323,336,0.65625,-0.92261905
28,312,340,0.6640625,-0.83529412
20,305,325,0.63476562,-0.87692308
18,303,321,0.62695312,-0.88785047
53,276,329,0.64257812,-0.67781155
20,308,328,0.640625,-0.87804878
16,311,327,0.63867188,-0.90214067
29,313,342,0.66796875,-0.83040936
36,305,341,0.66601562,-0.7888563
20,317,337,0.65820312,-0.88130564
0,336,336,0.65625,-1
1,331,332,0.6484375,-0.9939759
6,327,333,0.65039062,-0.96396396
24,294,318,0.62109375,-0.8490566
26,295,321,0.62695312,-0.83800623
20,326,346,0.67578125,-0.88439306
22,310,332,0.6484375,-0.86746988
33,316,349,0.68164062,-0.81088825
20,321,341,0.66601562,-0.88269795
22,313,335,0.65429688,-0.86865672
34,293,327,0.63867188,-0.79204893
23,316,339,0.66210938,-0.86430678
11,321,332,0.6484375,-0.93373494
19,304,323,0.63085938,-0.88235294
25,311,336,0.65625,-0.85119048
22,310,332,0.6484375,-0.86746988
40,299,339,0.66210938,-0.7640118
40,291,331,0.64648438,-0.75830816
21,301,322,0.62890625,-0.86956522
20,311,331,0.64648438,-0.87915408
3,349,352,0.6875,-0.98295455
0,327,327,0.63867188,-1
3,338,341,0.66601562,-0.98240469
12,329,341,0.66601562,-0.92961877
8,325,333,0.65039062,-0.95195195
14,318,332,0.6484375,-0.91566265
10,326,336,0.65625,-0.94047619
11,312,323,0.63085938,-0.93188854
12,328,340,0.6640625,-0.92941176
17,320,337,0.65820312,-0.89910979
19,318,337,0.65820312,-0.88724036
21,308,329,0.64257812,-0.87234043
9,325,334,0.65234375,-0.94610778
15,323,338,0.66015625,-0.9112426
20,306,326,0.63671875,-0.87730061
16,318,334,0.65234375,-0.90419162
10,312,322,0.62890625,-0.9378882
23,322,345,0.67382812,-0.86666667
42,299,341,0.66601562,-0.75366569
29,301,330,0.64453125,-0.82424242
13,313,326,0.63671875,-0.9202454
15,314,329,0.64257812,-0.90881459
7,330,337,0.65820312,-0.95845697
18,332,350,0.68359375,-0.89714286
0,347,347,0.67773438,-1
8,339,347,0.67773438,-0.95389049
1,339,340,0.6640625,-0.99411765
5,334,339,0.66210938,-0.97050147
0,346,346,0.67578125,-1
5,339,344,0.671875,-0.97093023
13,321,334,0.65234375,-0.92215569
19,311,330,0.64453125,-0.88484848
0,341,341,0.66601562,-1
17,314,331,0.64648438,-0.89728097
6,325,331,0.64648438,-0.96374622
10,326,336,0.65625,-0.94047619
26,311,337,0.65820312,-0.84569733
29,306,335,0.65429688,-0.82686567
19,299,318,0.62109375,-0.88050314
17,325,342,0.66796875,-0.9005848
0,333,333,0.65039062,-1
3,320,323,0.63085938,-0.98142415
2,331,333,0.65039062,-0.98798799
26,300,326,0.63671875,-0.8404908
24,299,323,0.63085938,-0.85139319
15,310,325,0.63476562,-0.90769231
18,305,323,0.63085938,-0.88854489
8,336,344,0.671875,-0.95348837
1,345,346,0.67578125,-0.99421965
1,328,329,0.64257812,-0.99392097
2,344,346,0.67578125,-0.98843931
22,298,320,0.625,-0.8625
21,320,341,0.66601562,-0.87683284
15,310,325,0.63476562,-0.90769231
15,323,338,0.66015625,-0.9112426
14,325,339,0.66210938,-0.91740413
14,305,319,0.62304688,-0.91222571
32,316,348,0.6796875,-0.81609195
28,293,321,0.62695312,-0.82554517
9,330,339,0.66210938,-0.94690265
16,332,348,0.6796875,-0.90804598
30,306,336,0.65625,-0.82142857
11,312,323,0.63085938,-0.93188854
15,316,331,0.64648438,-0.90936556
9,312,321,0.62695312,-0.94392523
22,307,329,0.64257812,-0.8662614
39,295,334,0.65234375,-0.76646707
20,321,341,0.66601562,-0.88269795
15,323,338,0.66015625,-0.9112426
43,279,322,0.62890625,-0.73291925
18,315,333,0.65039062,-0.89189189
5,335,340,0.6640625,-0.97058824
12,303,315,0.61523438,-0.92380952
23,305,328,0.640625,-0.8597561
37,283,320,0.625,-0.76875
29,305,334,0.65234375,-0.82634731
15,320,335,0.65429688,-0.91044776
17,318,335,0.65429688,-0.89850746
19,319,338,0.66015625,-0.88757396
6,330,336,0.65625,-0.96428571
32,301,333,0.65039062,-0.80780781
60,265,325,0.63476562,-0.63076923
36,299,335,0.65429688,-0.78507463
9,314,323,0.63085938,-0.94427245
10,319,329,0.64257812,-0.93920973
10,320,330,0.64453125,-0.93939394
5,327,332,0.6484375,-0.96987952
40,286,326,0.63671875,-0.75460123
39,298,337,0.65820312,-0.76854599
2,331,333,0.65039062,-0.98798799
7,330,337,0.65820312,-0.95845697
11,325,336,0.65625,-0.93452381
12,316,328,0.640625,-0.92682927
14,320,334,0.65234375,-0.91616766
27,301,328,0.640625,-0.83536585
26,317,343,0.66992188,-0.8483965
10,321,331,0.64648438,-0.93957704
7,316,323,0.63085938,-0.95665635
29,310,339,0.66210938,-0.82890855
11,316,327,0.63867188,-0.93272171
44,284,328,0.640625,-0.73170732
63,254,317,0.61914062,-0.60252366
77,253,330,0.64453125,-0.53333333
50,277,327,0.63867188,-0.6941896
17,338,355,0.69335938,-0.90422535
9,337,346,0.67578125,-0.94797688
23,314,337,0.65820312,-0.86350148
0,339,339,0.66210938,-1
3,320,323,0.63085938,-0.98142415
25,308,333,0.65039062,-0.84984985
40,287,327,0.63867188,-0.75535168
59,259,318,0.62109375,-0.62893082
49,282,331,0.64648438,-0.70392749
12,332,344,0.671875,-0.93023256
25,312,337,0.65820312,-0.85163205
30,311,341,0.66601562,-0.82404692
17,328,345,0.67382812,-0.90144928
21,305,326,0.63671875,-0.87116564
29,294,323,0.63085938,-0.82043344
0,346,346,0.67578125,-1
6,339,345,0.67382812,-0.96521739
4,337,341,0.66601562,-0.97653959
23,299,322,0.62890625,-0.85714286
4,336,340,0.6640625,-0.97647059
1,335,336,0.65625,-0.99404762
4,328,332,0.6484375,-0.97590361
30,299,329,0.64257812,-0.81762918
36,280,316,0.6171875,-0.7721519
32,292,324,0.6328125,-0.80246914
24,307,331,0.64648438,-0.85498489
1,323,324,0.6328125,-0.99382716
10,331,341,0.66601562,-0.94134897
9,326,335,0.65429688,-0.94626866
3,333,336,0.65625,-0.98214286
11,334,345,0.67382812,-0.93623188
0,334,334,0.65234375,-1
3,320,323,0.63085938,-0.98142415
6,326,332,0.6484375,-0.96385542
15,306,321,0.62695312,-0.90654206
20,305,325,0.63476562,-0.87692308
4,339,343,0.66992188,-0.97667638
42,282,324,0.6328125,-0.74074074
57,268,325,0.63476562,-0.64923077
81,248,329,0.64257812,-0.50759878
47,292,339,0.66210938,-0.72271386
2,329,331,0.64648438,-0.98791541
3,330,333,0.65039062,-0.98198198
4,337,341,0.66601562,-0.97653959
0,321,321,0.62695312,-1
10,324,334,0.65234375,-0.94011976
13,329,342,0.66796875,-0.92397661
17,331,348,0.6796875,-0.90229885
20,323,343,0.66992188,-0.88338192
37,298,335,0.65429688,-0.77910448
27,299,326,0.63671875,-0.83435583
37,287,324,0.6328125,-0.77160494
13,310,323,0.63085938,-0.91950464
13,325,338,0.66015625,-0.92307692
12,320,332,0.6484375,-0.92771084
31,284,315,0.61523438,-0.8031746
70,261,331,0.64648438,-0.57703927
31,293,324,0.6328125,-0.80864198
21,312,333,0.65039062,-0.87387387
10,325,335,0.65429688,-0.94029851
13,323,336,0.65625,-0.92261905
4,348,352,0.6875,-0.97727273
14,327,341,0.66601562,-0.91788856
14,314,328,0.640625,-0.91463415
15,319,334,0.65234375,-0.91017964
35,296,331,0.64648438,-0.78851964
31,302,333,0.65039062,-0.81381381
28,317,345,0.67382812,-0.83768116
1,332,333,0.65039062,-0.99399399
0,328,328,0.640625,-1
3,320,323,0.63085938,-0.98142415
26,305,331,0.64648438,-0.8429003
10,326,336,0.65625,-0.94047619
13,311,324,0.6328125,-0.91975309
12,334,346,0.67578125,-0.93063584
19,321,340,0.6640625,-0.88823529
25,308,333,0.65039062,-0.84984985
28,307,335,0.65429688,-0.83283582
36,298,334,0.65234375,-0.78443114
15,312,327,0.63867188,-0.90825688
10,335,345,0.67382812,-0.94202899
21,314,335,0.65429688,-0.87462687
12,319,331,0.64648438,-0.92749245
1,350,351,0.68554688,-0.99430199
15,305,320,0.625,-0.90625
9,325,334,0.65234375,-0.94610778
13,320,333,0.65039062,-0.92192192
2,328,330,0.64453125,-0.98787879
6,329,335,0.65429688,-0.9641791
16,315,331,0.64648438,-0.90332326
6,320,326,0.63671875,-0.96319018
10,338,348,0.6796875,-0.94252874
17,325,342,0.66796875,-0.9005848
7,336,343,0.66992188,-0.95918367
6,340,346,0.67578125,-0.96531792
39,284,323,0.63085938,-0.75851393
25,311,336,0.65625,-0.85119048
21,316,337,0.65820312,-0.87537092
5,329,334,0.65234375,-0.97005988
9,323,332,0.6484375,-0.94578313
6,327,333,0.65039062,-0.96396396
46,298,344,0.671875,-0.73255814
69,252,321,0.62695312,-0.57009346
42,287,329,0.64257812,-0.74468085
11,324,335,0.65429688,-0.93432836
19,302,321,0.62695312,-0.88161994
11,327,338,0.66015625,-0.93491124
12,325,337,0.65820312,-0.92878338
4,332,336,0.65625,-0.97619048
17,326,343,0.66992188,-0.90087464
49,294,343,0.66992188,-0.71428571
23,302,325,0.63476562,-0.85846154
93,238,331,0.64648438,-0.43806647
57,282,339,0.66210938,-0.66371681
62,271,333,0.65039062,-0.62762763
48,287,335,0.65429688,-0.71343284
36,288,324,0.6328125,-0.77777778
35,301,336,0.65625,-0.79166667
13,331,344,0.671875,-0.9244186
30,295,325,0.63476562,-0.81538462
63,259,322,0.62890625,-0.60869565
83,251,334,0.65234375,-0.50299401
89,234,323,0.63085938,-0.44891641
47,289,336,0.65625,-0.7202381
52,278,330,0.64453125,-0.68484848
24,292,316,0.6171875,-0.84810127
13,320,333,0.65039062,-0.92192192
40,296,336,0.65625,-0.76190476
25,310,335,0.65429688,-0.85074627
34,282,316,0.6171875,-0.78481013
26,313,339,0.66210938,-0.84660767
11,318,329,0.64257812,-0.9331307
4,330,334,0.65234375,-0.9760479
1,329,330,0.64453125,-0.99393939
10,328,338,0.66015625,-0.9408284
20,314,334,0.65234375,-0.88023952
29,300,329,0.64257812,-0.82370821
35,276,311,0.60742188,-0.77491961
44,292,336,0.65625,-0.73809524
36,290,326,0.63671875,-0.7791411
16,319,335,0.65429688,-0.90447761
2,351,353,0.68945312,-0.98866856
16,314,330,0.64453125,-0.9030303
8,325,333,0.65039062,-0.95195195
34,302,336,0.65625,-0.79761905
21,303,324,0.6328125,-0.87037037
15,302,317,0.61914062,-0.90536278
18,308,326,0.63671875,-0.88957055
16,321,337,0.65820312,-0.90504451
16,323,339,0.66210938,-0.90560472
13,315,328,0.640625,-0.92073171
11,320,331,0.64648438,-0.93353474
5,323,328,0.640625,-0.9695122
1,353,354,0.69140625,-0.99435028
13,320,333,0.65039062,-0.92192192
39,296,335,0.65429688,-0.76716418
24,310,334,0.65234375,-0.85628743
13,322,335,0.65429688,-0.92238806
8,339,347,0.67773438,-0.95389049
23,299,322,0.62890625,-0.85714286
12,305,317,0.61914062,-0.92429022
26,305,331,0.64648438,-0.8429003
10,333,343,0.66992188,-0.94169096
19,316,335,0.65429688,-0.88656716
6,339,345,0.67382812,-0.96521739
9,333,342,0.66796875,-0.94736842
58,268,326,0.63671875,-0.64417178
42,289,331,0.64648438,-0.74622356
49,275,324,0.6328125,-0.69753086
44,284,328,0.640625,-0.73170732
55,271,326,0.63671875,-0.66257669
48,276,324,0.6328125,-0.7037037
59,273,332,0.6484375,-0.64457831
36,289,325,0.63476562,-0.77846154
38,279,317,0.61914062,-0.76025237
31,291,322,0.62890625,-0.80745342
32,292,324,0.6328125,-0.80246914
26,284,310,0.60546875,-0.83225806
19,318,337,0.65820312,-0.88724036
27,311,338,0.66015625,-0.84023669
23,312,335,0.65429688,-0.86268657
14,319,333,0.65039062,-0.91591592
38,299,337,0.65820312,-0.77448071
57,264,321,0.62695312,-0.64485981
69,261,330,0.64453125,-0.58181818
70,249,319,0.62304688,-0.56112853
25,310,335,0.65429688,-0.85074627
28,300,328,0.640625,-0.82926829
40,293,333,0.65039062,-0.75975976
17,322,339,0.66210938,-0.89970501
19,303,322,0.62890625,-0.88198758
23,312,335,0.65429688,-0.86268657
17,320,337,0.65820312,-0.89910979
14,325,339,0.66210938,-0.91740413
14,318,332,0.6484375,-0.91566265
0,336,336,0.65625,-1
23,308,331,0.64648438,-0.86102719
33,293,326,0.63671875,-0.79754601
58,264,322,0.62890625,-0.63975155
100,229,329,0.64257812,-0.39209726
55,277,332,0.6484375,-0.6686747
43,288,331,0.64648438,-0.74018127
17,314,331,0.64648438,-0.89728097
7,340,347,0.67773438,-0.95965418
12,321,333,0.65039062,-0.92792793
25,311,336,0.65625,-0.85119048
12,324,336,0.65625,-0.92857143
12,305,317,0.61914062,-0.92429022
26,302,328,0.640625,-0.84146341
22,311,333,0.65039062,-0.86786787
20,311,331,0.64648438,-0.87915408
52,276,328,0.640625,-0.68292683
45,288,333,0.65039062,-0.72972973
44,278,322,0.62890625,-0.72670807
72,246,318,0.62109375,-0.54716981
58,262,320,0.625,-0.6375
51,277,328,0.640625,-0.68902439
1,331,332,0.6484375,-0.9939759
5,334,339,0.66210938,-0.97050147
8,328,336,0.65625,-0.95238095
6,327,333,0.65039062,-0.96396396
24,312,336,0.65625,-0.85714286
41,290,331,0.64648438,-0.75226586
40,288,328,0.640625,-0.75609756
34,291,325,0.63476562,-0.79076923
25,320,345,0.67382812,-0.85507246
16,313,329,0.64257812,-0.90273556
13,309,322,0.62890625,-0.91925466
40,285,325,0.63476562,-0.75384615
43,280,323,0.63085938,-0.73374613
18,302,320,0.625,-0.8875
21,313,334,0.65234375,-0.8742515
12,320,332,0.6484375,-0.92771084
47,280,327,0.63867188,-0.71253823
35,275,310,0.60546875,-0.77419355
48,278,326,0.63671875,-0.70552147
39,288,327,0.63867188,-0.76146789
53,270,323,0.63085938,-0.67182663
61,276,337,0.65820312,-0.6379822
1,346,347,0.67773438,-0.99423631
12,313,325,0.63476562,-0.92615385
4,324,328,0.640625,-0.97560976
29,319,348,0.6796875,-0.83333333
35,285,320,0.625,-0.78125
28,306,334,0.65234375,-0.83233533
18,306,324,0.6328125,-0.88888889
13,322,335,0.65429688,-0.92238806
4,325,329,0.64257812,-0.97568389
1,319,320,0.625,-0.99375
8,321,329,0.64257812,-0.95136778
31,303,334,0.65234375,-0.81437126
17,324,341,0.66601562,-0.90029326
47,294,341,0.66601562,-0.72434018
15,311,326,0.63671875,-0.90797546
16,311,327,0.63867188,-0.90214067
18,311,329,0.64257812,-0.89057751
9,328,337,0.65820312,-0.94658754
3,323,326,0.63671875,-0.98159509
4,343,347,0.67773438,-0.97694524
6,339,345,0.67382812,-0.96521739
20,317,337,0.65820312,-0.88130564
13,326,339,0.66210938,-0.92330383
3,324,327,0.63867188,-0.98165138
13,317,330,0.64453125,-0.92121212
0,359,359,0.70117188,-1
3,345,348,0.6796875,-0.98275862
28,308,336,0.65625,-0.83333333
51,274,325,0.63476562,-0.68615385
54,278,332,0.6484375,-0.6746988
49,284,333,0.65039062,-0.70570571
71,253,324,0.6328125,-0.5617284
25,301,326,0.63671875,-0.84662577
38,294,332,0.6484375,-0.77108434
41,280,321,0.62695312,-0.74454829
25,308,333,0.65039062,-0.84984985
26,300,326,0.63671875,-0.8404908
43,298,341,0.66601562,-0.74780059
47,287,334,0.65234375,-0.71856287
27,311,338,0.66015625,-0.84023669
7,330,337,0.65820312,-0.95845697
14,317,331,0.64648438,-0.91540785
12,328,340,0.6640625,-0.92941176
20,315,335,0.65429688,-0.88059701
12,327,339,0.66210938,-0.92920354
5,315,320,0.625,-0.96875
5,322,327,0.63867188,-0.96941896
3,338,341,0.66601562,-0.98240469
33,296,329,0.64257812,-0.7993921
48,277,325,0.63476562,-0.70461538
14,327,341,0.66601562,-0.91788856
15,305,320,0.625,-0.90625
4,329,333,0.65039062,-0.97597598
31,280,311,0.60742188,-0.80064309
56,270,326,0.63671875,-0.65644172
52,278,330,0.64453125,-0.68484848
32,297,329,0.64257812,-0.80547112
26,299,325,0.63476562,-0.84
38,292,330,0.64453125,-0.76969697
56,251,307,0.59960938,-0.63517915
27,307,334,0.65234375,-0.83832335
23,298,321,0.62695312,-0.85669782
8,331,339,0.66210938,-0.95280236
16,308,324,0.6328125,-0.90123457
19,304,323,0.63085938,-0.88235294
24,317,341,0.66601562,-0.85923754
13,320,333,0.65039062,-0.92192192
20,319,339,0.66210938,-0.8820059
13,326,339,0.66210938,-0.92330383
17,312,329,0.64257812,-0.89665653
11,322,333,0.65039062,-0.93393393
0,331,331,0.64648438,-1
15,332,347,0.67773438,-0.91354467
16,322,338,0.66015625,-0.90532544
6,317,323,0.63085938,-0.9628483
18,313,331,0.64648438,-0.89123867
6,324,330,0.64453125,-0.96363636
20,328,348,0.6796875,-0.88505747
19,308,327,0.63867188,-0.88379205
19,299,318,0.62109375,-0.88050314
7,333,340,0.6640625,-0.95882353
24,306,330,0.64453125,-0.85454545
7,326,333,0.65039062,-0.95795796
27,308,335,0.65429688,-0.83880597
32,302,334,0.65234375,-0.80838323
42,285,327,0.63867188,-0.74311927
30,309,339,0.66210938,-0.82300885
6,325,331,0.64648438,-0.96374622
4,330,334,0.65234375,-0.9760479
14,305,319,0.62304688,-0.91222571
22,320,342,0.66796875,-0.87134503
79,256,335,0.65429688,-0.52835821
52,285,337,0.65820312,-0.69139466
42,286,328,0.640625,-0.74390244
69,254,323,0.63085938,-0.57275542
28,304,332,0.6484375,-0.8313253
39,276,315,0.61523438,-0.75238095
2,339,341,0.66601562,-0.98826979
5,331,336,0.65625,-0.9702381
20,307,327,0.63867188,-0.87767584
12,312,324,0.6328125,-0.92592593
20,304,324,0.6328125,-0.87654321
11,329,340,0.6640625,-0.93529412
31,289,320,0.625,-0.80625
25,305,330,0.64453125,-0.84848485
4,333,337,0.65820312,-0.97626113
0,327,327,0.63867188,-1
14,328,342,0.66796875,-0.91812865
38,288,326,0.63671875,-0.76687117
36,303,339,0.66210938,-0.78761062
22,309,331,0.64648438,-0.86706949
13,322,335,0.65429688,-0.92238806
31,300,331,0.64648438,-0.81268882
58,287,345,0.67382812,-0.66376812
24,295,319,0.62304688,-0.84952978
23,301,324,0.6328125,-0.85802469
12,313,325,0.63476562,-0.92615385
0,336,336,0.65625,-1
4,329,333,0.65039062,-0.97597598
7,306,313,0.61132812,-0.95527157
30,306,336,0.65625,-0.82142857
23,306,329,0.64257812,-0.86018237
13,315,328,0.640625,-0.92073171
1,328,329,0.64257812,-0.99392097
11,312,323,0.63085938,-0.93188854
8,323,331,0.64648438,-0.95166163
32,295,327,0.63867188,-0.80428135
23,311,334,0.65234375,-0.86227545
25,311,336,0.65625,-0.85119048
45,286,331,0.64648438,-0.72809668
10,325,335,0.65429688,-0.94029851
9,311,320,0.625,-0.94375
15,310,325,0.63476562,-0.90769231
18,323,341,0.66601562,-0.89442815
0,342,342,0.66796875,-1
11,334,345,0.67382812,-0.93623188
36,302,338,0.66015625,-0.78698225
53,280,333,0.65039062,-0.68168168
37,289,326,0.63671875,-0.77300613
53,285,338,0.66015625,-0.68639053
35,300,335,0.65429688,-0.79104478
10,320,330,0.64453125,-0.93939394
5,331,336,0.65625,-0.9702381
10,329,339,0.66210938,-0.94100295
26,304,330,0.64453125,-0.84242424
15,308,323,0.63085938,-0.90712074
40,292,332,0.6484375,-0.75903614
43,289,332,0.6484375,-0.74096386
29,317,346,0.67578125,-0.83236994
26,302,328,0.640625,-0.84146341
16,318,334,0.65234375,-0.90419162
9,338,347,0.67773438,-0.9481268
4,331,335,0.65429688,-0.9761194
38,280,318,0.62109375,-0.76100629
21,312,333,0.65039062,-0.87387387
11,323,334,0.65234375,-0.93413174
36,280,316,0.6171875,-0.7721519
25,313,338,0.66015625,-0.85207101
31,307,338,0.66015625,-0.81656805
27,305,332,0.6484375,-0.8373494
26,312,338,0.66015625,-0.84615385
29,308,337,0.65820312,-0.82789318
21,319,340,0.6640625,-0.87647059
12,311,323,0.63085938,-0.92569659
35,287,322,0.62890625,-0.7826087
14,319,333,0.65039062,-0.91591592
7,321,328,0.640625,-0.95731707
16,316,332,0.6484375,-0.90361446
14,326,340,0.6640625,-0.91764706
12,321,333,0.65039062,-0.92792793
12,327,339,0.66210938,-0.92920354
0,344,344,0.671875,-1
4,325,329,0.64257812,-0.97568389
5,320,325,0.63476562,-0.96923077
13,317,330,0.64453125,-0.92121212
1,336,337,0.65820312,-0.99406528
0,341,341,0.66601562,-1
7,342,349,0.68164062,-0.95988539
23,306,329,0.64257812,-0.86018237
11,315,326,0.63671875,-0.93251534
20,311,331,0.64648438,-0.87915408
10,315,325,0.63476562,-0.93846154
5,334,339,0.66210938,-0.97050147
63,278,341,0.66601562,-0.63049853
42,287,329,0.64257812,-0.74468085
19,314,333,0.65039062,-0.88588589
43,294,337,0.65820312,-0.74480712
25,295,320,0.625,-0.84375
20,313,333,0.65039062,-0.87987988
13,334,347,0.67773438,-0.92507205
14,326,340,0.6640625,-0.91764706
15,323,338,0.66015625,-0.9112426
10,326,336,0.65625,-0.94047619
46,280,326,0.63671875,-0.71779141
24,306,330,0.64453125,-0.85454545
2,343,345,0.67382812,-0.9884058
16,325,341,0.66601562,-0.90615836
25,302,327,0.63867188,-0.8470948
12,327,339,0.66210938,-0.92920354
6,315,321,0.62695312,-0.96261682
8,322,330,0.64453125,-0.95151515
23,305,328,0.640625,-0.8597561
18,315,333,0.65039062,-0.89189189
24,316,340,0.6640625,-0.85882353
30,300,330,0.64453125,-0.81818182
26,311,337,0.65820312,-0.84569733
23,302,325,0.63476562,-0.85846154
10,327,337,0.65820312,-0.94065282
51,272,323,0.63085938,-0.68421053
64,270,334,0.65234375,-0.61676647
43,282,325,0.63476562,-0.73538462
40,291,331,0.64648438,-0.75830816
24,304,328,0.640625,-0.85365854
12,335,347,0.67773438,-0.93083573
8,332,340,0.6640625,-0.95294118
4,310,314,0.61328125,-0.97452229
14,317,331,0.64648438,-0.91540785
16,315,331,0.64648438,-0.90332326
38,284,322,0.62890625,-0.76397516
25,296,321,0.62695312,-0.84423676
30,295,325,0.63476562,-0.81538462
24,316,340,0.6640625,-0.85882353
30,291,321,0.62695312,-0.81308411
11,313,324,0.6328125,-0.93209877
39,286,325,0.63476562,-0.76
36,286,322,0.62890625,-0.77639752
51,298,349,0.68164062,-0.70773639
37,304,341,0.66601562,-0.7829912
12,319,331,0.64648438,-0.92749245
37,296,333,0.65039062,-0.77777778
30,292,322,0.62890625,-0.8136646
31,306,337,0.65820312,-0.81602374
29,295,324,0.6328125,-0.82098765
44,284,328,0.640625,-0.73170732
33,305,338,0.66015625,-0.80473373
58,283,341,0.66601562,-0.65982405
15,323,338,0.66015625,-0.9112426
30,294,324,0.6328125,-0.81481481
34,292,326,0.63671875,-0.79141104
33,301,334,0.65234375,-0.80239521
10,325,335,0.65429688,-0.94029851
14,321,335,0.65429688,-0.91641791
17,317,334,0.65234375,-0.89820359
5,312,317,0.61914062,-0.96845426
23,313,336,0.65625,-0.86309524
12,313,325,0.63476562,-0.92615385
6,328,334,0.65234375,-0.96407186
16,331,347,0.67773438,-0.90778098
20,323,343,0.66992188,-0.88338192
6,332,338,0.66015625,-0.96449704
9,331,340,0.6640625,-0.94705882
22,294,316,0.6171875,-0.86075949
7,331,338,0.66015625,-0.95857988
6,328,334,0.65234375,-0.96407186
18,310,328,0.640625,-0.8902439
31,311,342,0.66796875,-0.81871345
14,318,332,0.6484375,-0.91566265
21,315,336,0.65625,-0.875
48,277,325,0.63476562,-0.70461538
52,270,322,0.62890625,-0.67701863
39,291,330,0.64453125,-0.76363636
30,297,327,0.63867188,-0.81651376
32,315,347,0.67773438,-0.81556196
38,287,325,0.63476562,-0.76615385
15,310,325,0.63476562,-0.90769231
1,332,333,0.65039062,-0.99399399
23,313,336,0.65625,-0.86309524
4,336,340,0.6640625,-0.97647059
0,333,333,0.65039062,-1
4,332,336,0.65625,-0.97619048
1,331,332,0.6484375,-0.9939759
7,324,331,0.64648438,-0.95770393
20,326,346,0.67578125,-0.88439306
51,279,330,0.64453125,-0.69090909
14,317,331,0.64648438,-0.91540785
17,322,339,0.66210938,-0.89970501
6,343,349,0.68164062,-0.96561605
25,307,332,0.6484375,-0.84939759
51,272,323,0.63085938,-0.68421053
46,279,325,0.63476562,-0.71692308
35,282,317,0.61914062,-0.77917981
40,282,322,0.62890625,-0.7515528
7,330,337,0.65820312,-0.95845697
33,300,333,0.65039062,-0.8018018
24,312,336,0.65625,-0.85714286
17,325,342,0.66796875,-0.9005848
37,271,308,0.6015625,-0.75974026
9,329,338,0.66015625,-0.94674556
12,330,342,0.66796875,-0.92982456
23,316,339,0.66210938,-0.86430678
8,334,342,0.66796875,-0.95321637
17,323,340,0.6640625,-0.9
18,314,332,0.6484375,-0.89156627
27,312,339,0.66210938,-0.84070796
14,332,346,0.67578125,-0.91907514
6,333,339,0.66210938,-0.96460177
19,299,318,0.62109375,-0.88050314
18,315,333,0.65039062,-0.89189189
34,289,323,0.63085938,-0.78947368
62,271,333,0.65039062,-0.62762763
37,301,338,0.66015625,-0.78106509
15,309,324,0.6328125,-0.90740741
20,298,318,0.62109375,-0.87421384
25,313,338,0.66015625,-0.85207101
25,308,333,0.65039062,-0.84984985
14,305,319,0.62304688,-0.91222571
10,332,342,0.66796875,-0.94152047
17,325,342,0.66796875,-0.9005848
28,292,320,0.625,-0.825
21,304,325,0.63476562,-0.87076923
14,313,327,0.63867188,-0.91437309
11,323,334,0.65234375,-0.93413174
4,335,339,0.66210938,-0.97640118
16,316,332,0.6484375,-0.90361446
13,314,327,0.63867188,-0.9204893
4,338,342,0.66796875,-0.97660819
20,309,329,0.64257812,-0.87841945
29,304,333,0.65039062,-0.82582583
41,294,335,0.65429688,-0.75522388
12,326,338,0.66015625,-0.92899408
13,332,345,0.67382812,-0.92463768
16,318,334,0.65234375,-0.90419162
24,298,322,0.62890625,-0.85093168
23,305,328,0.640625,-0.8597561
33,297,330,0.64453125,-0.8
24,303,327,0.63867188,-0.85321101
55,264,319,0.62304688,-0.65517241
31,295,326,0.63671875,-0.80981595
59,269,328,0.640625,-0.6402439
33,296,329,0.64257812,-0.7993921
24,315,339,0.66210938,-0.85840708
14,322,336,0.65625,-0.91666667
18,315,333,0.65039062,-0.89189189
45,271,316,0.6171875,-0.71518987
73,252,325,0.63476562,-0.55076923
60,276,336,0.65625,-0.64285714
82,245,327,0.63867188,-0.49847095
104,233,337,0.65820312,-0.38278932
52,281,333,0.65039062,-0.68768769
52,281,333,0.65039062,-0.68768769
67,274,341,0.66601562,-0.60703812
63,262,325,0.63476562,-0.61230769
24,313,337,0.65820312,-0.85756677
12,317,329,0.64257812,-0.92705167
5,334,339,0.66210938,-0.97050147
6,334,340,0.6640625,-0.96470588
10,323,333,0.65039062,-0.93993994
19,312,331,0.64648438,-0.88519637
35,284,319,0.62304688,-0.78056426
24,308,332,0.6484375,-0.85542169
31,303,334,0.65234375,-0.81437126
41,285,326,0.63671875,-0.74846626
53,279,332,0.6484375,-0.68072289
44,293,337,0.65820312,-0.7388724
44,283,327,0.63867188,-0.73088685
20,306,326,0.63671875,-0.87730061
25,306,331,0.64648438,-0.8489426
2,324,326,0.63671875,-0.98773006
5,326,331,0.64648438,-0.96978852
12,330,342,0.66796875,-0.92982456
3,335,338,0.66015625,-0.98224852
10,315,325,0.63476562,-0.93846154
18,306,324,0.6328125,-0.88888889
51,281,332,0.6484375,-0.69277108
21,313,334,0.65234375,-0.8742515
4,343,347,0.67773438,-0.97694524
36,294,330,0.64453125,-0.78181818
36,303,339,0.66210938,-0.78761062
15,299,314,0.61328125,-0.9044586
19,328,347,0.67773438,-0.89048991
40,301,341,0.66601562,-0.76539589
52,266,318,0.62109375,-0.67295597
10,332,342,0.66796875,-0.94152047
21,322,343,0.66992188,-0.87755102
1,325,326,0.63671875,-0.99386503
17,318,335,0.65429688,-0.89850746
28,298,326,0.63671875,-0.82822086
33,293,326,0.63671875,-0.79754601
26,307,333,0.65039062,-0.84384384
12,321,333,0.65039062,-0.92792793
1,348,349,0.68164062,-0.99426934
8,333,341,0.66601562,-0.95307918
18,316,334,0.65234375,-0.89221557
19,324,343,0.66992188,-0.88921283
16,308,324,0.6328125,-0.90123457
11,321,332,0.6484375,-0.93373494
14,320,334,0.65234375,-0.91616766
40,291,331,0.64648438,-0.75830816
76,249,325,0.63476562,-0.53230769
89,234,323,0.63085938,-0.44891641
67,257,324,0.6328125,-0.58641975
30,301,331,0.64648438,-0.81873112
8,313,321,0.62695312,-0.95015576
31,291,322,0.62890625,-0.80745342
10,331,341,0.66601562,-0.94134897
3,326,329,0.64257812,-0.98176292
12,325,337,0.65820312,-0.92878338
18,312,330,0.64453125,-0.89090909
6,332,338,0.66015625,-0.96449704
23,306,329,0.64257812,-0.86018237
4,332,336,0.65625,-0.97619048
8,327,335,0.65429688,-0.95223881
10,331,341,0.66601562,-0.94134897
0,331,331,0.64648438,-1
8,340,348,0.6796875,-0.95402299
38,279,317,0.61914062,-0.76025237
14,311,325,0.63476562,-0.91384615
27,303,330,0.64453125,-0.83636364
27,301,328,0.640625,-0.83536585
25,319,344,0.671875,-0.85465116
24,299,323,0.63085938,-0.85139319
6,329,335,0.65429688,-0.9641791
0,337,337,0.65820312,-1
0,335,335,0.65429688,-1
5,333,338,0.66015625,-0.9704142
12,315,327,0.63867188,-0.9266055
15,326,341,0.66601562,-0.91202346
3,341,344,0.671875,-0.98255814
5,334,339,0.66210938,-0.97050147
3,328,331,0.64648438,-0.98187311
19,314,333,0.65039062,-0.88588589
31,310,341,0.66601562,-0.81818182
39,304,343,0.66992188,-0.77259475
57,259,316,0.6171875,-0.63924051
46,279,325,0.63476562,-0.71692308
52,285,337,0.65820312,-0.69139466
63,261,324,0.6328125,-0.61111111
63,249,312,0.609375,-0.59615385
7,330,337,0.65820312,-0.95845697
0,331,331,0.64648438,-1
7,330,337,0.65820312,-0.95845697
1,345,346,0.67578125,-0.99421965
8,324,332,0.6484375,-0.95180723
5,319,324,0.6328125,-0.9691358
10,333,343,0.66992188,-0.94169096
12,326,338,0.66015625,-0.92899408
10,331,341,0.66601562,-0.94134897
12,327,339,0.66210938,-0.92920354
27,303,330,0.64453125,-0.83636364
31,304,335,0.65429688,-0.81492537
48,279,327,0.63867188,-0.70642202
41,291,332,0.6484375,-0.75301205
24,322,346,0.67578125,-0.86127168
7,318,325,0.63476562,-0.95692308
9,333,342,0.66796875,-0.94736842
2,338,340,0.6640625,-0.98823529
0,342,342,0.66796875,-1
1,318,319,0.62304688,-0.99373041
20,308,328,0.640625,-0.87804878
7,337,344,0.671875,-0.95930233
3,338,341,0.66601562,-0.98240469
30,301,331,0.64648438,-0.81873112
30,301,331,0.64648438,-0.81873112
42,281,323,0.63085938,-0.73993808
1,319,320,0.625,-0.99375
5,322,327,0.63867188,-0.96941896
25,299,324,0.6328125,-0.84567901
19,316,335,0.65429688,-0.88656716
22,305,327,0.63867188,-0.86544343
17,319,336,0.65625,-0.89880952
15,326,341,0.66601562,-0.91202346
24,294,318,0.62109375,-0.8490566
22,302,324,0.6328125,-0.86419753
2,325,327,0.63867188,-0.98776758
0,336,336,0.65625,-1
4,326,330,0.64453125,-0.97575758
38,298,336,0.65625,-0.77380952
16,316,332,0.6484375,-0.90361446
12,313,325,0.63476562,-0.92615385
16,327,343,0.66992188,-0.90670554
3,330,333,0.65039062,-0.98198198
37,289,326,0.63671875,-0.77300613
27,295,322,0.62890625,-0.83229814
39,306,345,0.67382812,-0.77391304
24,311,335,0.65429688,-0.85671642
1,329,330,0.64453125,-0.99393939
19,310,329,0.64257812,-0.88449848
57,265,322,0.62890625,-0.64596273
31,312,343,0.66992188,-0.81924198
20,309,329,0.64257812,-0.87841945
5,321,326,0.63671875,-0.96932515
1,350,351,0.68554688,-0.99430199
23,304,327,0.63867188,-0.85932722
28,310,338,0.66015625,-0.83431953
5,324,329,0.64257812,-0.96960486
25,309,334,0.65234375,-0.8502994
12,325,337,0.65820312,-0.92878338
5,329,334,0.65234375,-0.97005988
13,320,333,0.65039062,-0.92192192
21,310,331,0.64648438,-0.87311178
33,298,331,0.64648438,-0.80060423
34,294,328,0.640625,-0.79268293
24,304,328,0.640625,-0.85365854
40,290,330,0.64453125,-0.75757576
18,316,334,0.65234375,-0.89221557
11,330,341,0.66601562,-0.93548387
6,330,336,0.65625,-0.96428571
17,321,338,0.66015625,-0.89940828
24,311,335,0.65429688,-0.85671642
13,315,328,0.640625,-0.92073171
40,280,320,0.625,-0.75
23,300,323,0.63085938,-0.85758514
25,310,335,0.65429688,-0.85074627
53,273,326,0.63671875,-0.67484663
88,239,327,0.63867188,-0.4617737
79,259,338,0.66015625,-0.53254438
50,287,337,0.65820312,-0.70326409
50,287,337,0.65820312,-0.70326409
64,275,339,0.66210938,-0.62241888
58,269,327,0.63867188,-0.64525994
35,293,328,0.640625,-0.78658537
34,289,323,0.63085938,-0.78947368
9,327,336,0.65625,-0.94642857
39,291,330,0.64453125,-0.76363636
28,297,325,0.63476562,-0.82769231
1,336,337,0.65820312,-0.99406528
8,329,337,0.65820312,-0.95252226
21,310,331,0.64648438,-0.87311178
18,311,329,0.64257812,-0.89057751
24,301,325,0.63476562,-0.85230769
18,315,333,0.65039062,-0.89189189
39,288,327,0.63867188,-0.76146789
37,276,313,0.61132812,-0.76357827
24,311,335,0.65429688,-0.85671642
18,304,322,0.62890625,-0.88819876
46,278,324,0.6328125,-0.71604938
90,240,330,0.64453125,-0.45454545
89,235,324,0.6328125,-0.45061728
70,247,317,0.61914062,-0.55835962
62,277,339,0.66210938,-0.63421829
56,266,322,0.62890625,-0.65217391
69,259,328,0.640625,-0.57926829
37,299,336,0.65625,-0.7797619
64,260,324,0.6328125,-0.60493827
64,253,317,0.61914062,-0.59621451
50,291,341,0.66601562,-0.70674487
27,302,329,0.64257812,-0.83586626
7,328,335,0.65429688,-0.95820896
5,329,334,0.65234375,-0.97005988
15,321,336,0.65625,-0.91071429
0,339,339,0.66210938,-1
7,331,338,0.66015625,-0.95857988
15,313,328,0.640625,-0.90853659
42,292,334,0.65234375,-0.74850299
24,304,328,0.640625,-0.85365854
19,302,321,0.62695312,-0.88161994
29,308,337,0.65820312,-0.82789318
31,295,326,0.63671875,-0.80981595
14,312,326,0.63671875,-0.91411043
16,326,342,0.66796875,-0.90643275
32,308,340,0.6640625,-0.81176471
15,323,338,0.66015625,-0.9112426
27,296,323,0.63085938,-0.83281734
25,292,317,0.61914062,-0.84227129
24,311,335,0.65429688,-0.85671642
39,287,326,0.63671875,-0.7607362
21,311,332,0.6484375,-0.87349398
20,305,325,0.63476562,-0.87692308
28,314,342,0.66796875,-0.83625731
1,336,337,0.65820312,-0.99406528
21,308,329,0.64257812,-0.87234043
14,324,338,0.66015625,-0.91715976
9,323,332,0.6484375,-0.94578313
30,309,339,0.66210938,-0.82300885
14,322,336,0.65625,-0.91666667
4,323,327,0.63867188,-0.97553517
15,319,334,0.65234375,-0.91017964
14,316,330,0.64453125,-0.91515152
13,315,328,0.640625,-0.92073171
10,309,319,0.62304688,-0.93730408
13,333,346,0.67578125,-0.92485549
31,305,336,0.65625,-0.81547619
27,286,313,0.61132812,-0.82747604
18,315,333,0.65039062,-0.89189189
41,289,330,0.64453125,-0.75151515
43,291,334,0.65234375,-0.74251497
69,268,337,0.65820312,-0.59050445
49,269,318,0.62109375,-0.6918239
35,295,330,0.64453125,-0.78787879
21,316,337,0.65820312,-0.87537092
3,339,342,0.66796875,-0.98245614
8,332,340,0.6640625,-0.95294118
30,303,333,0.65039062,-0.81981982
10,323,333,0.65039062,-0.93993994
7,322,329,0.64257812,-0.95744681
1,333,334,0.65234375,-0.99401198
27,308,335,0.65429688,-0.83880597
39,298,337,0.65820312,-0.76854599
15,312,327,0.63867188,-0.90825688
7,328,335,0.65429688,-0.95820896
42,283,325,0.63476562,-0.74153846
33,302,335,0.65429688,-0.80298507
38,294,332,0.6484375,-0.77108434
39,298,337,0.65820312,-0.76854599
41,296,337,0.65820312,-0.75667656
45,295,340,0.6640625,-0.73529412
22,302,324,0.6328125,-0.86419753
36,296,332,0.6484375,-0.78313253
11,325,336,0.65625,-0.93452381
15,333,348,0.6796875,-0.9137931
16,313,329,0.64257812,-0.90273556
28,319,347,0.67773438,-0.83861671
29,303,332,0.6484375,-0.8253012
34,299,333,0.65039062,-0.7957958
16,323,339,0.66210938,-0.90560472
16,320,336,0.65625,-0.9047619
5,326,331,0.64648438,-0.96978852
12,317,329,0.64257812,-0.92705167
51,281,332,0.6484375,-0.69277108
25,300,325,0.63476562,-0.84615385
0,341,341,0.66601562,-1
11,314,325,0.63476562,-0.93230769
1,330,331,0.64648438,-0.9939577
0,340,340,0.6640625,-1
4,324,328,0.640625,-0.97560976
11,322,333,0.65039062,-0.93393393
26,310,336,0.65625,-0.8452381
29,310,339,0.66210938,-0.82890855
41,286,327,0.63867188,-0.74923547
16,322,338,0.66015625,-0.90532544
4,342,346,0.67578125,-0.97687861
11,330,341,0.66601562,-0.93548387
2,324,326,0.63671875,-0.98773006
0,332,332,0.6484375,-1
20,295,315,0.61523438,-0.87301587
8,325,333,0.65039062,-0.95195195
9,329,338,0.66015625,-0.94674556
21,309,330,0.64453125,-0.87272727
7,331,338,0.66015625,-0.95857988
0,332,332,0.6484375,-1
19,309,328,0.640625,-0.88414634
16,322,338,0.66015625,-0.90532544
0,337,337,0.65820312,-1
25,302,327,0.63867188,-0.8470948
30,301,331,0.64648438,-0.81873112
9,332,341,0.66601562,-0.94721408
4,329,333,0.65039062,-0.97597598
7,336,343,0.66992188,-0.95918367
14,314,328,0.640625,-0.91463415
0,346,346,0.67578125,-1
3,345,348,0.6796875,-0.98275862
15,319,334,0.65234375,-0.91017964
19,317,336,0.65625,-0.88690476
1,332,333,0.65039062,-0.99399399
1,340,341,0.66601562,-0.9941349
14,318,332,0.6484375,-0.91566265
11,314,325,0.63476562,-0.93230769
5,328,333,0.65039062,-0.96996997
13,314,327,0.63867188,-0.9204893
31,296,327,0.63867188,-0.81039755
37,283,320,0.625,-0.76875
46,283,329,0.64257812,-0.72036474
41,286,327,0.63867188,-0.74923547
69,253,322,0.62890625,-0.57142857
52,280,332,0.6484375,-0.68674699
28,305,333,0.65039062,-0.83183183
47,292,339,0.66210938,-0.72271386
16,321,337,0.65820312,-0.90504451
9,328,337,0.65820312,-0.94658754
8,325,333,0.65039062,-0.95195195
13,323,336,0.65625,-0.92261905
11,332,343,0.66992188,-0.93586006
8,336,344,0.671875,-0.95348837
17,325,342,0.66796875,-0.9005848
11,315,326,0.63671875,-0.93251534
15,312,327,0.63867188,-0.90825688
19,306,325,0.63476562,-0.88307692
10,323,333,0.65039062,-0.93993994
0,336,336,0.65625,-1
3,331,334,0.65234375,-0.98203593
15,322,337,0.65820312,-0.91097923
15,312,327,0.63867188,-0.90825688
60,277,337,0.65820312,-0.64391691
29,294,323,0.63085938,-0.82043344
14,320,334,0.65234375,-0.91616766
3,338,341,0.66601562,-0.98240469
0,336,336,0.65625,-1
26,307,333,0.65039062,-0.84384384
5,335,340,0.6640625,-0.97058824
7,332,339,0.66210938,-0.95870206
4,342,346,0.67578125,-0.97687861
18,318,336,0.65625,-0.89285714
1,333,334,0.65234375,-0.99401198
46,289,335,0.65429688,-0.72537313
24,300,324,0.6328125,-0.85185185
21,306,327,0.63867188,-0.87155963
4,329,333,0.65039062,-0.97597598
22,309,331,0.64648438,-0.86706949
9,334,343,0.66992188,-0.94752187
22,318,340,0.6640625,-0.87058824
19,326,345,0.67382812,-0.88985507
0,331,331,0.64648438,-1
9,318,327,0.63867188,-0.94495413
2,339,341,0.66601562,-0.98826979
1,330,331,0.64648438,-0.9939577
6,341,347,0.67773438,-0.96541787
19,322,341,0.66601562,-0.88856305
3,327,330,0.64453125,-0.98181818
3,334,337,0.65820312,-0.98219585
9,317,326,0.63671875,-0.94478528
16,314,330,0.64453125,-0.9030303
13,312,325,0.63476562,-0.92
34,293,327,0.63867188,-0.79204893
27,298,325,0.63476562,-0.83384615
14,315,329,0.64257812,-0.91489362
15,321,336,0.65625,-0.91071429
12,326,338,0.66015625,-0.92899408
12,325,337,0.65820312,-0.92878338
9,333,342,0.66796875,-0.94736842
13,323,336,0.65625,-0.92261905
1,343,344,0.671875,-0.99418605
4,333,337,0.65820312,-0.97626113
8,318,326,0.63671875,-0.95092025
7,327,334,0.65234375,-0.95808383
20,306,326,0.63671875,-0.87730061
2,328,330,0.64453125,-0.98787879
0,338,338,0.66015625,-1
24,305,329,0.64257812,-0.85410334
15,324,339,0.66210938,-0.91150442
22,296,318,0.62109375,-0.86163522
5,332,337,0.65820312,-0.97032641
16,307,323,0.63085938,-0.90092879
62,256,318,0.62109375,-0.61006289
32,283,315,0.61523438,-0.7968254
53,275,328,0.640625,-0.67682927
68,250,318,0.62109375,-0.57232704
71,266,337,0.65820312,-0.57863501
51,278,329,0.64257812,-0.6899696
51,272,323,0.63085938,-0.68421053
10,320,330,0.64453125,-0.93939394
15,317,332,0.6484375,-0.90963855
2,337,339,0.66210938,-0.98820059
32,288,320,0.625,-0.8
20,301,321,0.62695312,-0.87538941
22,311,333,0.65039062,-0.86786787
14,340,354,0.69140625,-0.92090395
25,308,333,0.65039062,-0.84984985
32,286,318,0.62109375,-0.79874214
32,296,328,0.640625,-0.80487805
33,295,328,0.640625,-0.79878049
24,311,335,0.65429688,-0.85671642
22,293,315,0.61523438,-0.86031746
8,324,332,0.6484375,-0.95180723
4,329,333,0.65039062,-0.97597598
19,308,327,0.63867188,-0.88379205
82,236,318,0.62109375,-0.48427673
57,263,320,0.625,-0.64375
22,308,330,0.64453125,-0.86666667
15,318,333,0.65039062,-0.90990991
10,327,337,0.65820312,-0.94065282
6,326,332,0.6484375,-0.96385542
8,333,341,0.66601562,-0.95307918
21,327,348,0.6796875,-0.87931034
8,323,331,0.64648438,-0.95166163
19,303,322,0.62890625,-0.88198758
26,304,330,0.64453125,-0.84242424
53,288,341,0.66601562,-0.68914956
52,271,323,0.63085938,-0.67801858
39,295,334,0.65234375,-0.76646707
25,311,336,0.65625,-0.85119048
28,304,332,0.6484375,-0.8313253
42,287,329,0.64257812,-0.74468085
46,294,340,0.6640625,-0.72941176
24,309,333,0.65039062,-0.85585586
28,302,330,0.64453125,-0.83030303
12,326,338,0.66015625,-0.92899408
20,314,334,0.65234375,-0.88023952
33,306,339,0.66210938,-0.80530973
17,309,326,0.63671875,-0.89570552
9,329,338,0.66015625,-0.94674556
14,327,341,0.66601562,-0.91788856
29,308,337,0.65820312,-0.82789318
38,280,318,0.62109375,-0.76100629
23,310,333,0.65039062,-0.86186186
27,316,343,0.66992188,-0.8425656
7,331,338,0.66015625,-0.95857988
31,296,327,0.63867188,-0.81039755
9,313,322,0.62890625,-0.94409938
6,328,334,0.65234375,-0.96407186
49,293,342,0.66796875,-0.71345029
24,313,337,0.65820312,-0.85756677
27,316,343,0.66992188,-0.8425656
37,286,323,0.63085938,-0.77089783
21,319,340,0.6640625,-0.87647059
11,336,347,0.67773438,-0.93659942
12,309,321,0.62695312,-0.92523364
38,292,330,0.64453125,-0.76969697
19,311,330,0.64453125,-0.88484848
44,290,334,0.65234375,-0.73652695
40,283,323,0.63085938,-0.75232198
38,302,340,0.6640625,-0.77647059
43,280,323,0.63085938,-0.73374613
49,273,322,0.62890625,-0.69565217
55,276,331,0.64648438,-0.66767372
32,300,332,0.6484375,-0.80722892
25,306,331,0.64648438,-0.8489426
18,314,332,0.6484375,-0.89156627
21,307,328,0.640625,-0.87195122
25,299,324,0.6328125,-0.84567901
3,336,339,0.66210938,-0.98230088
2,322,324,0.6328125,-0.98765432
10,322,332,0.6484375,-0.93975904
32,296,328,0.640625,-0.80487805
9,315,324,0.6328125,-0.94444444
18,321,339,0.66210938,-0.89380531
7,337,344,0.671875,-0.95930233
10,346,356,0.6953125,-0.94382022
18,310,328,0.640625,-0.8902439
18,301,319,0.62304688,-0.88714734
59,282,341,0.66601562,-0.65395894
54,274,328,0.640625,-0.67073171
23,315,338,0.66015625,-0.86390533
42,298,340,0.6640625,-0.75294118
35,291,326,0.63671875,-0.78527607
33,295,328,0.640625,-0.79878049
56,275,331,0.64648438,-0.66163142
67,265,332,0.6484375,-0.59638554
66,245,311,0.60742188,-0.5755627
51,267,318,0.62109375,-0.67924528
40,285,325,0.63476562,-0.75384615
45,280,325,0.63476562,-0.72307692
44,282,326,0.63671875,-0.73006135
51,284,335,0.65429688,-0.69552239
61,269,330,0.64453125,-0.63030303
66,260,326,0.63671875,-0.59509202
55,283,338,0.66015625,-0.67455621
52,282,334,0.65234375,-0.68862275
87,234,321,0.62695312,-0.45794393
37,293,330,0.64453125,-0.77575758
63,260,323,0.63085938,-0.60990712
38,287,325,0.63476562,-0.76615385
8,336,344,0.671875,-0.95348837
11,336,347,0.67773438,-0.93659942
26,295,321,0.62695312,-0.83800623
27,303,330,0.64453125,-0.83636364
46,291,337,0.65820312,-0.72700297
53,270,323,0.63085938,-0.67182663
63,266,329,0.64257812,-0.61702128
42,299,341,0.66601562,-0.75366569
8,321,329,0.64257812,-0.95136778
21,308,329,0.64257812,-0.87234043
3,329,332,0.6484375,-0.98192771
24,305,329,0.64257812,-0.85410334
19,308,327,0.63867188,-0.88379205
22,311,333,0.65039062,-0.86786787
37,284,321,0.62695312,-0.7694704
26,302,328,0.640625,-0.84146341
42,287,329,0.64257812,-0.74468085
57,269,326,0.63671875,-0.65030675
46,300,346,0.67578125,-0.73410405
15,312,327,0.63867188,-0.90825688
24,305,329,0.64257812,-0.85410334
1,335,336,0.65625,-0.99404762
1,331,332,0.6484375,-0.9939759
44,294,338,0.66015625,-0.73964497
20,314,334,0.65234375,-0.88023952
56,273,329,0.64257812,-0.65957447
65,244,309,0.60351562,-0.57928803
65,247,312,0.609375,-0.58333333
46,278,324,0.6328125,-0.71604938
58,266,324,0.6328125,-0.64197531
54,269,323,0.63085938,-0.66563467
43,283,326,0.63671875,-0.73619632
20,321,341,0.66601562,-0.88269795
12,309,321,0.62695312,-0.92523364
0,328,328,0.640625,-1
5,334,339,0.66210938,-0.97050147
11,323,334,0.65234375,-0.93413174
4,333,337,0.65820312,-0.97626113
23,314,337,0.65820312,-0.86350148
27,304,331,0.64648438,-0.83685801
5,326,331,0.64648438,-0.96978852
0,339,339,0.66210938,-1
23,301,324,0.6328125,-0.85802469
18,318,336,0.65625,-0.89285714
12,344,356,0.6953125,-0.93258427
14,315,329,0.64257812,-0.91489362
34,305,339,0.66210938,-0.79941003
25,320,345,0.67382812,-0.85507246
22,315,337,0.65820312,-0.8694362
22,306,328,0.640625,-0.86585366
6,321,327,0.63867188,-0.96330275
0,334,334,0.65234375,-1
11,315,326,0.63671875,-0.93251534
52,291,343,0.66992188,-0.696793
19,310,329,0.64257812,-0.88449848
35,299,334,0.65234375,-0.79041916
16,309,325,0.63476562,-0.90153846
18,305,323,0.63085938,-0.88854489
1,337,338,0.66015625,-0.99408284
18,309,327,0.63867188,-0.88990826
2,329,331,0.64648438,-0.98791541
12,327,339,0.66210938,-0.92920354
20,301,321,0.62695312,-0.87538941
3,336,339,0.66210938,-0.98230088
2,336,338,0.66015625,-0.98816568
26,306,332,0.6484375,-0.84337349
17,317,334,0.65234375,-0.89820359
2,327,329,0.64257812,-0.98784195
15,328,343,0.66992188,-0.91253644
35,289,324,0.6328125,-0.78395062
26,301,327,0.63867188,-0.84097859
30,305,335,0.65429688,-0.82089552
37,289,326,0.63671875,-0.77300613
16,308,324,0.6328125,-0.90123457
19,319,338,0.66015625,-0.88757396
0,341,341,0.66601562,-1
15,321,336,0.65625,-0.91071429
25,304,329,0.64257812,-0.84802432
37,295,332,0.6484375,-0.77710843
52,280,332,0.6484375,-0.68674699
90,239,329,0.64257812,-0.45288754
48,290,338,0.66015625,-0.71597633
36,293,329,0.64257812,-0.78115502
20,311,331,0.64648438,-0.87915408
13,325,338,0.66015625,-0.92307692
18,304,322,0.62890625,-0.88819876
10,326,336,0.65625,-0.94047619
9,326,335,0.65429688,-0.94626866
30,293,323,0.63085938,-0.81424149
14,313,327,0.63867188,-0.91437309
42,276,318,0.62109375,-0.73584906
68,265,333,0.65039062,-0.59159159
58,276,334,0.65234375,-0.65269461
42,289,331,0.64648438,-0.74622356
46,290,336,0.65625,-0.72619048
6,317,323,0.63085938,-0.9628483
8,322,330,0.64453125,-0.95151515
21,313,334,0.65234375,-0.8742515
10,321,331,0.64648438,-0.93957704
24,313,337,0.65820312,-0.85756677
0,335,335,0.65429688,-1
17,314,331,0.64648438,-0.89728097
5,325,330,0.64453125,-0.96969697
18,310,328,0.640625,-0.8902439
22,311,333,0.65039062,-0.86786787
4,333,337,0.65820312,-0.97626113
2,332,334,0.65234375,-0.98802395
17,307,324,0.6328125,-0.89506173
2,338,340,0.6640625,-0.98823529
3,327,330,0.64453125,-0.98181818
25,308,333,0.65039062,-0.84984985
7,335,342,0.66796875,-0.95906433
38,284,322,0.62890625,-0.76397516
10,332,342,0.66796875,-0.94152047
15,296,311,0.60742188,-0.90353698
9,319,328,0.640625,-0.94512195
3,327,330,0.64453125,-0.98181818
7,332,339,0.66210938,-0.95870206
21,321,342,0.66796875,-0.87719298
10,323,333,0.65039062,-0.93993994
20,307,327,0.63867188,-0.87767584
32,287,319,0.62304688,-0.79937304
18,306,324,0.6328125,-0.88888889
12,335,347,0.67773438,-0.93083573
24,324,348,0.6796875,-0.86206897
33,303,336,0.65625,-0.80357143
7,329,336,0.65625,-0.95833333
8,314,322,0.62890625,-0.95031056
1,337,338,0.66015625,-0.99408284
35,301,336,0.65625,-0.79166667
39,281,320,0.625,-0.75625
8,327,335,0.65429688,-0.95223881
32,301,333,0.65039062,-0.80780781
17,322,339,0.66210938,-0.89970501
25,305,330,0.64453125,-0.84848485
3,335,338,0.66015625,-0.98224852
31,294,325,0.63476562,-0.80923077
39,286,325,0.63476562,-0.76
28,292,320,0.625,-0.825
35,292,327,0.63867188,-0.78593272
1,326,327,0.63867188,-0.99388379
9,330,339,0.66210938,-0.94690265
12,326,338,0.66015625,-0.92899408
4,313,317,0.61914062,-0.97476341
2,325,327,0.63867188,-0.98776758
10,338,348,0.6796875,-0.94252874
11,320,331,0.64648438,-0.93353474
17,324,341,0.66601562,-0.90029326
10,323,333,0.65039062,-0.93993994
2,324,326,0.63671875,-0.98773006
30,298,328,0.640625,-0.81707317
11,329,340,0.6640625,-0.93529412
12,332,344,0.671875,-0.93023256
11,324,335,0.65429688,-0.93432836
13,319,332,0.6484375,-0.92168675
34,285,319,0.62304688,-0.78683386
45,255,300,0.5859375,-0.7
62,263,325,0.63476562,-0.61846154
61,258,319,0.62304688,-0.61755486
49,279,328,0.640625,-0.70121951
78,236,314,0.61328125,-0.50318471
76,257,333,0.65039062,-0.54354354
73,261,334,0.65234375,-0.56287425
42,283,325,0.63476562,-0.74153846
40,293,333,0.65039062,-0.75975976
20,313,333,0.65039062,-0.87987988
29,303,332,0.6484375,-0.8253012
32,299,331,0.64648438,-0.80664653
6,326,332,0.6484375,-0.96385542
7,323,330,0.64453125,-0.95757576
33,308,341,0.66601562,-0.80645161
39,303,342,0.66796875,-0.77192982
45,278,323,0.63085938,-0.72136223
20,304,324,0.6328125,-0.87654321
32,293,325,0.63476562,-0.80307692
64,255,319,0.62304688,-0.59874608
64,254,318,0.62109375,-0.59748428
122,205,327,0.63867188,-0.25382263
130,199,329,0.64257812,-0.20972644
128,206,334,0.65234375,-0.23353293
147,189,336,0.65625,-0.125
80,250,330,0.64453125,-0.51515152
47,297,344,0.671875,-0.72674419
69,261,330,0.64453125,-0.58181818
6,344,350,0.68359375,-0.96571429
26,298,324,0.6328125,-0.83950617
20,303,323,0.63085938,-0.87616099
4,321,325,0.63476562,-0.97538462
4,337,341,0.66601562,-0.97653959
2,325,327,0.63867188,-0.98776758
17,326,343,0.66992188,-0.90087464
8,332,340,0.6640625,-0.95294118
30,293,323,0.63085938,-0.81424149
16,302,318,0.62109375,-0.89937107
48,270,318,0.62109375,-0.69811321
88,238,326,0.63671875,-0.4601227
49,278,327,0.63867188,-0.70030581
56,264,320,0.625,-0.65
55,269,324,0.6328125,-0.66049383
10,327,337,0.65820312,-0.94065282
17,312,329,0.64257812,-0.89665653
19,314,333,0.65039062,-0.88588589
1,338,339,0.66210938,-0.99410029
14,331,345,0.67382812,-0.91884058
5,336,341,0.66601562,-0.97067449
0,330,330,0.64453125,-1
3,328,331,0.64648438,-0.98187311
31,304,335,0.65429688,-0.81492537
24,314,338,0.66015625,-0.85798817
15,312,327,0.63867188,-0.90825688
20,310,330,0.64453125,-0.87878788
22,310,332,0.6484375,-0.86746988
89,237,326,0.63671875,-0.45398773
63,274,337,0.65820312,-0.62611276
91,235,326,0.63671875,-0.44171779
93,227,320,0.625,-0.41875
141,187,328,0.640625,-0.1402439
94,231,325,0.63476562,-0.42153846
85,230,315,0.61523438,-0.46031746
136,191,327,0.63867188,-0.16819572
113,203,316,0.6171875,-0.28481013
102,226,328,0.640625,-0.37804878
105,216,321,0.62695312,-0.34579439
101,230,331,0.64648438,-0.3897281
59,278,337,0.65820312,-0.64985163
39,287,326,0.63671875,-0.7607362
97,229,326,0.63671875,-0.40490798
51,275,326,0.63671875,-0.68711656
60,277,337,0.65820312,-0.64391691
30,302,332,0.6484375,-0.81927711
30,302,332,0.6484375,-0.81927711
10,325,335,0.65429688,-0.94029851
11,324,335,0.65429688,-0.93432836
29,308,337,0.65820312,-0.82789318
1,346,347,0.67773438,-0.99423631
4,324,328,0.640625,-0.97560976
6,331,337,0.65820312,-0.96439169
12,334,346,0.67578125,-0.93063584
13,324,337,0.65820312,-0.92284866
9,340,349,0.68164062,-0.94842407
1,339,340,0.6640625,-0.99411765
23,302,325,0.63476562,-0.85846154
47,285,332,0.6484375,-0.71686747
49,284,333,0.65039062,-0.70570571
31,295,326,0.63671875,-0.80981595
27,303,330,0.64453125,-0.83636364
6,333,339,0.66210938,-0.96460177
4,325,329,0.64257812,-0.97568389
0,345,345,0.67382812,-1
1,329,330,0.64453125,-0.99393939
23,322,345,0.67382812,-0.86666667
22,301,323,0.63085938,-0.86377709
28,304,332,0.6484375,-0.8313253
42,292,334,0.65234375,-0.74850299
20,322,342,0.66796875,-0.88304094
19,312,331,0.64648438,-0.88519637
38,292,330,0.64453125,-0.76969697
42,294,336,0.65625,-0.75
55,277,332,0.6484375,-0.6686747
23,312,335,0.65429688,-0.86268657
25,322,347,0.67773438,-0.85590778
32,291,323,0.63085938,-0.80185759
38,288,326,0.63671875,-0.76687117
29,313,342,0.66796875,-0.83040936
16,325,341,0.66601562,-0.90615836
35,291,326,0.63671875,-0.78527607
14,318,332,0.6484375,-0.91566265
12,324,336,0.65625,-0.92857143
6,315,321,0.62695312,-0.96261682
3,343,346,0.67578125,-0.98265896
0,333,333,0.65039062,-1
14,322,336,0.65625,-0.91666667
36,280,316,0.6171875,-0.7721519
28,296,324,0.6328125,-0.82716049
20,325,345,0.67382812,-0.88405797
26,302,328,0.640625,-0.84146341
33,297,330,0.64453125,-0.8
20,309,329,0.64257812,-0.87841945
15,320,335,0.65429688,-0.91044776
14,316,330,0.64453125,-0.91515152
12,313,325,0.63476562,-0.92615385
35,295,330,0.64453125,-0.78787879
53,282,335,0.65429688,-0.68358209
34,305,339,0.66210938,-0.79941003
32,295,327,0.63867188,-0.80428135
34,295,329,0.64257812,-0.79331307
27,295,322,0.62890625,-0.83229814
33,292,325,0.63476562,-0.79692308
46,286,332,0.6484375,-0.72289157
27,295,322,0.62890625,-0.83229814
37,306,343,0.66992188,-0.78425656
22,306,328,0.640625,-0.86585366
32,309,341,0.66601562,-0.81231672
25,295,320,0.625,-0.84375
29,317,346,0.67578125,-0.83236994
59,276,335,0.65429688,-0.64776119
123,209,332,0.6484375,-0.25903614
132,196,328,0.640625,-0.19512195
163,164,327,0.63867188,-0.003058104
167,163,330,0.64453125,0.012121212
141,178,319,0.62304688,-0.11598746
167,151,318,0.62109375,0.050314465
149,178,327,0.63867188,-0.088685015
131,200,331,0.64648438,-0.20845921
176,140,316,0.6171875,0.11392405
198,131,329,0.64257812,0.20364742
221,114,335,0.65429688,0.31940299
251,76,327,0.63867188,0.5351682
274,54,328,0.640625,0.67073171
294,33,327,0.63867188,0.79816514
321,20,341,0.66601562,0.88269795
321,1,322,0.62890625,0.99378882
334,11,345,0.67382812,0.93623188
315,27,342,0.66796875,0.84210526
321,18,339,0.66210938,0.89380531
296,27,323,0.63085938,0.83281734
276,42,318,0.62109375,0.73584906
298,47,345,0.67382812,0.72753623
281,49,330,0.64453125,0.7030303
311,5,316,0.6171875,0.96835443
298,29,327,0.63867188,0.82262997
278,53,331,0.64648438,0.67975831
317,17,334,0.65234375,0.89820359
315,17,332,0.6484375,0.89759036
275,38,313,0.61132812,0.7571885
274,60,334,0.65234375,0.64071856
279,60,339,0.66210938,0.6460177
275,54,329,0.64257812,0.67173252
298,34,332,0.6484375,0.79518072
279,53,332,0.6484375,0.68072289
274,47,321,0.62695312,0.70716511
271,62,333,0.65039062,0.62762763
249,88,337,0.65820312,0.47774481
322,22,344,0.671875,0.87209302
312,21,333,0.65039062,0.87387387
335,6,341,0.66601562,0.96480938
347,0,347,0.67773438,1
328,11,339,0.66210938,0.93510324
333,11,344,0.671875,0.93604651
317,14,331,0.64648438,0.91540785
302,32,334,0.65234375,0.80838323
334,5,339,0.66210938,0.97050147
319,14,333,0.65039062,0.91591592
331,2,333,0.65039062,0.98798799
276,53,329,0.64257812,0.67781155
241,76,317,0.61914062,0.52050473
296,24,320,0.625,0.85
319,14,333,0.65039062,0.91591592
333,3,336,0.65625,0.98214286
342,3,345,0.67382812,0.9826087
312,15,327,0.63867188,0.90825688
303,37,340,0.6640625,0.78235294
258,69,327,0.63867188,0.57798165
283,54,337,0.65820312,0.67952522
319,14,333,0.65039062,0.91591592
330,5,335,0.65429688,0.97014925
327,14,341,0.66601562,0.91788856
332,0,332,0.6484375,1
317,14,331,0.64648438,0.91540785
335,5,340,0.6640625,0.97058824
319,20,339,0.66210938,0.8820059
320,12,332,0.6484375,0.92771084
291,37,328,0.640625,0.77439024
312,31,343,0.66992188,0.81924198
302,23,325,0.63476562,0.85846154
344,0,344,0.671875,1
336,7,343,0.66992188,0.95918367
337,3,340,0.6640625,0.98235294
323,11,334,0.65234375,0.93413174
341,1,342,0.66796875,0.99415205
330,3,333,0.65039062,0.98198198
313,12,325,0.63476562,0.92615385
317,15,332,0.6484375,0.90963855
326,6,332,0.6484375,0.96385542
335,10,345,0.67382812,0.94202899
310,28,338,0.66015625,0.83431953
320,17,337,0.65820312,0.89910979
322,13,335,0.65429688,0.92238806
335,3,338,0.66015625,0.98224852
311,15,326,0.63671875,0.90797546
319,15,334,0.65234375,0.91017964
332,4,336,0.65625,0.97619048
330,6,336,0.65625,0.96428571
302,25,327,0.63867188,0.8470948
318,19,337,0.65820312,0.88724036
252,77,329,0.64257812,0.53191489
256,78,334,0.65234375,0.53293413
298,30,328,0.640625,0.81707317
301,31,332,0.6484375,0.81325301
293,40,333,0.65039062,0.75975976
293,37,330,0.64453125,0.77575758
334,7,341,0.66601562,0.95894428
335,11,346,0.67578125,0.93641618
326,1,327,0.63867188,0.99388379
320,9,329,0.64257812,0.94528875
333,8,341,0.66601562,0.95307918
313,9,322,0.62890625,0.94409938
281,42,323,0.63085938,0.73993808
276,57,333,0.65039062,0.65765766
272,58,330,0.64453125,0.64848485
283,54,337,0.65820312,0.67952522
250,78,328,0.640625,0.52439024
235,83,318,0.62109375,0.47798742
253,79,332,0.6484375,0.52409639
186,142,328,0.640625,0.13414634
206,124,330,0.64453125,0.24848485
233,108,341,0.66601562,0.36656891
236,89,325,0.63476562,0.45230769
287,52,339,0.66210938,0.69321534
243,82,325,0.63476562,0.49538462
243,81,324,0.6328125,0.5
299,27,326,0.63671875,0.83435583
307,17,324,0.6328125,0.89506173
314,18,332,0.6484375,0.89156627
321,19,340,0.6640625,0.88823529
314,17,331,0.64648438,0.89728097
310,22,332,0.6484375,0.86746988
287,41,328,0.640625,0.75
283,35,318,0.62109375,0.77987421
280,45,325,0.63476562,0.72307692
301,21,322,0.62890625,0.86956522
298,29,327,0.63867188,0.82262997
301,42,343,0.66992188,0.75510204
290,40,330,0.64453125,0.75757576
309,24,333,0.65039062,0.85585586
337,4,341,0.66601562,0.97653959
319,18,337,0.65820312,0.89317507
310,22,332,0.6484375,0.86746988
289,52,341,0.66601562,0.69501466
311,21,332,0.6484375,0.87349398
286,40,326,0.63671875,0.75460123
310,26,336,0.65625,0.8452381
287,35,322,0.62890625,0.7826087
322,15,337,0.65820312,0.91097923
275,48,323,0.63085938,0.70278638
277,55,332,0.6484375,0.6686747
299,46,345,0.67382812,0.73333333
251,78,329,0.64257812,0.52583587
284,43,327,0.63867188,0.73700306
256,70,326,0.63671875,0.57055215
234,94,328,0.640625,0.42682927
228,101,329,0.64257812,0.38601824
212,115,327,0.63867188,0.29663609
152,166,318,0.62109375,-0.044025157
206,119,325,0.63476562,0.26769231
215,107,322,0.62890625,0.33540373
189,118,307,0.59960938,0.23127036
199,122,321,0.62695312,0.23987539
179,150,329,0.64257812,0.088145897
205,117,322,0.62890625,0.27329193
220,106,326,0.63671875,0.34969325
254,73,327,0.63867188,0.55351682
273,58,331,0.64648438,0.64954683
290,30,320,0.625,0.8125
268,55,323,0.63085938,0.65944272
313,14,327,0.63867188,0.91437309
313,19,332,0.6484375,0.88554217
324,13,337,0.65820312,0.92284866
332,13,345,0.67382812,0.92463768
328,9,337,0.65820312,0.94658754
345,6,351,0.68554688,0.96581197
335,13,348,0.6796875,0.92528736
307,28,335,0.65429688,0.83283582
328,3,331,0.64648438,0.98187311
317,7,324,0.6328125,0.95679012
303,35,338,0.66015625,0.79289941
315,30,345,0.67382812,0.82608696
305,29,334,0.65234375,0.82634731
310,19,329,0.64257812,0.88449848
298,27,325,0.63476562,0.83384615
305,21,326,0.63671875,0.87116564
321,18,339,0.66210938,0.89380531
339,2,341,0.66601562,0.98826979
331,8,339,0.66210938,0.95280236
284,49,333,0.65039062,0.70570571
319,14,333,0.65039062,0.91591592
322,13,335,0.65429688,0.92238806
315,11,326,0.63671875,0.93251534
344,6,350,0.68359375,0.96571429
316,19,335,0.65429688,0.88656716
327,13,340,0.6640625,0.92352941
315,24,339,0.66210938,0.85840708
309,20,329,0.64257812,0.87841945
341,5,346,0.67578125,0.97109827
341,5,346,0.67578125,0.97109827
308,9,317,0.61914062,0.94321767
301,31,332,0.6484375,0.81325301
336,1,337,0.65820312,0.99406528
338,1,339,0.66210938,0.99410029
327,2,329,0.64257812,0.98784195
321,14,335,0.65429688,0.91641791
352,0,352,0.6875,1
314,11,325,0.63476562,0.93230769
323,14,337,0.65820312,0.91691395
340,2,342,0.66796875,0.98830409
309,16,325,0.63476562,0.90153846
309,28,337,0.65820312,0.83382789
305,14,319,0.62304688,0.91222571
305,12,317,0.61914062,0.92429022
294,45,339,0.66210938,0.73451327
303,24,327,0.63867188,0.85321101
298,31,329,0.64257812,0.81155015
312,21,333,0.65039062,0.87387387
309,28,337,0.65820312,0.83382789
324,12,336,0.65625,0.92857143
325,6,331,0.64648438,0.96374622
321,0,321,0.62695312,1
328,6,334,0.65234375,0.96407186
293,43,336,0.65625,0.74404762
316,16,332,0.6484375,0.90361446
302,24,326,0.63671875,0.85276074
331,3,334,0.65234375,0.98203593
313,20,333,0.65039062,0.87987988
334,5,339,0.66210938,0.97050147
325,19,344,0.671875,0.88953488
332,0,332,0.6484375,1
336,10,346,0.67578125,0.94219653
295,42,337,0.65820312,0.75074184
248,69,317,0.61914062,0.56466877
302,31,333,0.65039062,0.81381381
328,16,344,0.671875,0.90697674
304,17,321,0.62695312,0.894081
339,1,340,0.6640625,0.99411765
324,9,333,0.65039062,0.94594595
322,8,330,0.64453125,0.95151515
335,2,337,0.65820312,0.98813056
316,16,332,0.6484375,0.90361446
291,35,326,0.63671875,0.78527607
320,18,338,0.66015625,0.89349112
297,36,333,0.65039062,0.78378378
291,28,319,0.62304688,0.82445141
310,20,330,0.64453125,0.87878788
265,63,328,0.640625,0.61585366
290,37,327,0.63867188,0.77370031
297,37,334,0.65234375,0.77844311
287,38,325,0.63476562,0.76615385
265,61,326,0.63671875,0.62576687
290,36,326,0.63671875,0.7791411
290,37,327,0.63867188,0.77370031
264,64,328,0.640625,0.6097561
252,82,334,0.65234375,0.50898204
246,71,317,0.61914062,0.55205047
281,47,328,0.640625,0.71341463
283,45,328,0.640625,0.72560976
320,22,342,0.66796875,0.87134503
316,14,330,0.64453125,0.91515152
312,24,336,0.65625,0.85714286
318,12,330,0.64453125,0.92727273
322,11,333,0.65039062,0.93393393
293,41,334,0.65234375,0.75449102
269,50,319,0.62304688,0.68652038
321,10,331,0.64648438,0.93957704
319,11,330,0.64453125,0.93333333
305,24,329,0.64257812,0.85410334
319,13,332,0.6484375,0.92168675
322,7,329,0.64257812,0.95744681
324,18,342,0.66796875,0.89473684
292,40,332,0.6484375,0.75903614
271,49,320,0.625,0.69375
275,62,337,0.65820312,0.63204748
271,49,320,0.625,0.69375
285,30,315,0.61523438,0.80952381
314,27,341,0.66601562,0.84164223
333,8,341,0.66601562,0.95307918
316,7,323,0.63085938,0.95665635
329,20,349,0.68164062,0.88538682
312,17,329,0.64257812,0.89665653
288,40,328,0.640625,0.75609756
326,16,342,0.66796875,0.90643275
294,33,327,0.63867188,0.79816514
303,33,336,0.65625,0.80357143
316,20,336,0.65625,0.88095238
290,50,340,0.6640625,0.70588235
279,42,321,0.62695312,0.73831776
330,10,340,0.6640625,0.94117647
305,25,330,0.64453125,0.84848485
328,6,334,0.65234375,0.96407186
322,17,339,0.66210938,0.89970501
310,20,330,0.64453125,0.87878788
309,35,344,0.671875,0.79651163
310,22,332,0.6484375,0.86746988
322,13,335,0.65429688,0.92238806
331,0,331,0.64648438,1
317,12,329,0.64257812,0.92705167
323,20,343,0.66992188,0.88338192
322,25,347,0.67773438,0.85590778
315,9,324,0.6328125,0.94444444
321,18,339,0.66210938,0.89380531
317,14,331,0.64648438,0.91540785
324,4,328,0.640625,0.97560976
344,1,345,0.67382812,0.9942029
331,7,338,0.66015625,0.95857988
325,8,333,0.65039062,0.95195195
307,27,334,0.65234375,0.83832335
307,25,332,0.6484375,0.84939759
319,14,333,0.65039062,0.91591592
328,3,331,0.64648438,0.98187311
335,6,341,0.66601562,0.96480938
328,14,342,0.66796875,0.91812865
314,20,334,0.65234375,0.88023952
320,11,331,0.64648438,0.93353474
335,7,342,0.66796875,0.95906433
315,20,335,0.65429688,0.88059701
316,20,336,0.65625,0.88095238
305,32,337,0.65820312,0.81008902
284,47,331,0.64648438,0.71601208
287,53,340,0.6640625,0.68823529
261,62,323,0.63085938,0.61609907
273,68,341,0.66601562,0.60117302
261,68,329,0.64257812,0.58662614
274,56,330,0.64453125,0.66060606
305,15,320,0.625,0.90625
316,16,332,0.6484375,0.90361446
301,23,324,0.6328125,0.85802469
275,49,324,0.6328125,0.69753086
329,9,338,0.66015625,0.94674556
342,0,342,0.66796875,1
299,23,322,0.62890625,0.85714286
299,32,331,0.64648438,0.80664653
313,19,332,0.6484375,0.88554217
326,9,335,0.65429688,0.94626866
317,11,328,0.640625,0.93292683
322,19,341,0.66601562,0.88856305
300,28,328,0.640625,0.82926829
308,17,325,0.63476562,0.89538462
313,22,335,0.65429688,0.86865672
348,5,353,0.68945312,0.97167139
341,2,343,0.66992188,0.98833819
319,10,329,0.64257812,0.93920973
325,14,339,0.66210938,0.91740413
290,35,325,0.63476562,0.78461538
292,36,328,0.640625,0.7804878
287,53,340,0.6640625,0.68823529
268,56,324,0.6328125,0.65432099
310,29,339,0.66210938,0.82890855
310,17,327,0.63867188,0.89602446
332,9,341,0.66601562,0.94721408
277,61,338,0.66015625,0.63905325
241,82,323,0.63085938,0.49226006
257,65,322,0.62890625,0.59627329
272,54,326,0.63671875,0.66871166
221,90,311,0.60742188,0.42122186
261,62,323,0.63085938,0.61609907
310,16,326,0.63671875,0.90184049
337,0,337,0.65820312,1
321,18,339,0.66210938,0.89380531
315,15,330,0.64453125,0.90909091
299,15,314,0.61328125,0.9044586
336,2,338,0.66015625,0.98816568
326,9,335,0.65429688,0.94626866
335,5,340,0.6640625,0.97058824
333,3,336,0.65625,0.98214286
336,6,342,0.66796875,0.96491228
318,16,334,0.65234375,0.90419162
318,10,328,0.640625,0.93902439
320,4,324,0.6328125,0.97530864
331,11,342,0.66796875,0.93567251
321,7,328,0.640625,0.95731707
290,37,327,0.63867188,0.77370031
271,63,334,0.65234375,0.62275449
254,69,323,0.63085938,0.57275542
262,61,323,0.63085938,0.62229102
232,89,321,0.62695312,0.44548287
240,97,337,0.65820312,0.42433234
196,125,321,0.62695312,0.2211838
199,108,307,0.59960938,0.29641694
188,128,316,0.6171875,0.18987342
181,151,332,0.6484375,0.090361446
194,119,313,0.61132812,0.23961661
211,118,329,0.64257812,0.28267477
202,127,329,0.64257812,0.22796353
247,81,328,0.640625,0.50609756
289,41,330,0.64453125,0.75151515
319,12,331,0.64648438,0.92749245
295,21,316,0.6171875,0.86708861
296,39,335,0.65429688,0.76716418
285,53,338,0.66015625,0.68639053
273,42,315,0.61523438,0.73333333
288,40,328,0.640625,0.75609756
321,16,337,0.65820312,0.90504451
291,47,338,0.66015625,0.72189349
316,19,335,0.65429688,0.88656716
295,41,336,0.65625,0.75595238
295,31,326,0.63671875,0.80981595
323,18,341,0.66601562,0.89442815
297,29,326,0.63671875,0.82208589
317,15,332,0.6484375,0.90963855
328,7,335,0.65429688,0.95820896
314,38,352,0.6875,0.78409091
321,13,334,0.65234375,0.92215569
309,26,335,0.65429688,0.84477612
311,17,328,0.640625,0.89634146
320,11,331,0.64648438,0.93353474
320,8,328,0.640625,0.95121951
331,10,341,0.66601562,0.94134897
329,7,336,0.65625,0.95833333
309,20,329,0.64257812,0.87841945
316,7,323,0.63085938,0.95665635
306,26,332,0.6484375,0.84337349
305,21,326,0.63671875,0.87116564
286,49,335,0.65429688,0.70746269
320,22,342,0.66796875,0.87134503
286,51,337,0.65820312,0.69732938
305,20,325,0.63476562,0.87692308
337,9,346,0.67578125,0.94797688
330,11,341,0.66601562,0.93548387
328,0,328,0.640625,1
337,9,346,0.67578125,0.94797688
314,12,326,0.63671875,0.92638037
341,0,341,0.66601562,1
307,21,328,0.640625,0.87195122
319,3,322,0.62890625,0.98136646
319,8,327,0.63867188,0.95107034
307,26,333,0.65039062,0.84384384
328,8,336,0.65625,0.95238095
315,19,334,0.65234375,0.88622754
314,24,338,0.66015625,0.85798817
318,14,332,0.6484375,0.91566265
333,1,334,0.65234375,0.99401198
344,5,349,0.68164062,0.9713467
324,16,340,0.6640625,0.90588235
273,58,331,0.64648438,0.64954683
324,10,334,0.65234375,0.94011976
336,2,338,0.66015625,0.98816568
347,3,350,0.68359375,0.98285714
318,6,324,0.6328125,0.96296296
334,5,339,0.66210938,0.97050147
332,1,333,0.65039062,0.99399399
342,6,348,0.6796875,0.96551724
324,19,343,0.66992188,0.88921283
338,9,347,0.67773438,0.9481268
333,6,339,0.66210938,0.96460177
321,19,340,0.6640625,0.88823529
336,7,343,0.66992188,0.95918367
320,5,325,0.63476562,0.96923077
327,16,343,0.66992188,0.90670554
333,0,333,0.65039062,1
326,2,328,0.640625,0.98780488
310,16,326,0.63671875,0.90184049
314,18,332,0.6484375,0.89156627
308,18,326,0.63671875,0.88957055
289,31,320,0.625,0.80625
300,31,331,0.64648438,0.81268882
319,13,332,0.6484375,0.92168675
308,6,314,0.61328125,0.96178344
287,46,333,0.65039062,0.72372372
313,13,326,0.63671875,0.9202454
324,7,331,0.64648438,0.95770393
275,41,316,0.6171875,0.74050633
284,47,331,0.64648438,0.71601208
249,84,333,0.65039062,0.4954955
233,86,319,0.62304688,0.46081505
281,49,330,0.64453125,0.7030303
281,54,335,0.65429688,0.67761194
300,31,331,0.64648438,0.81268882
266,63,329,0.64257812,0.61702128
293,46,339,0.66210938,0.72861357
299,45,344,0.671875,0.73837209
272,58,330,0.64453125,0.64848485
305,16,321,0.62695312,0.90031153
318,27,345,0.67382812,0.84347826
311,22,333,0.65039062,0.86786787
305,9,314,0.61328125,0.94267516
324,10,334,0.65234375,0.94011976
331,0,331,0.64648438,1
321,16,337,0.65820312,0.90504451
311,24,335,0.65429688,0.85671642
289,39,328,0.640625,0.76219512
285,39,324,0.6328125,0.75925926
296,40,336,0.65625,0.76190476
244,96,340,0.6640625,0.43529412
294,34,328,0.640625,0.79268293
260,61,321,0.62695312,0.61993769
277,55,332,0.6484375,0.6686747
297,30,327,0.63867188,0.81651376
260,66,326,0.63671875,0.59509202
274,54,328,0.640625,0.67073171
296,37,333,0.65039062,0.77777778
309,22,331,0.64648438,0.86706949
318,27,345,0.67382812,0.84347826
331,14,345,0.67382812,0.91884058
309,23,332,0.6484375,0.86144578
304,31,335,0.65429688,0.81492537
315,8,323,0.63085938,0.9504644
348,4,352,0.6875,0.97727273
325,16,341,0.66601562,0.90615836
313,16,329,0.64257812,0.90273556
295,33,328,0.640625,0.79878049
287,41,328,0.640625,0.75
272,48,320,0.625,0.7
289,38,327,0.63867188,0.7675841
318,16,334,0.65234375,0.90419162
302,24,326,0.63671875,0.85276074
313,22,335,0.65429688,0.86865672
338,4,342,0.66796875,0.97660819
338,1,339,0.66210938,0.99410029
327,12,339,0.66210938,0.92920354
302,45,347,0.67773438,0.74063401
241,90,331,0.64648438,0.45619335
257,75,332,0.6484375,0.54819277
244,89,333,0.65039062,0.46546547
273,58,331,0.64648438,0.64954683
277,51,328,0.640625,0.68902439
300,30,330,0.64453125,0.81818182
322,10,332,0.6484375,0.93975904
340,8,348,0.6796875,0.95402299
328,9,337,0.65820312,0.94658754
336,4,340,0.6640625,0.97647059
321,8,329,0.64257812,0.95136778
300,23,323,0.63085938,0.85758514
323,12,335,0.65429688,0.92835821
335,0,335,0.65429688,1
312,25,337,0.65820312,0.85163205
347,3,350,0.68359375,0.98285714
308,28,336,0.65625,0.83333333
338,1,339,0.66210938,0.99410029
314,23,337,0.65820312,0.86350148
330,13,343,0.66992188,0.92419825
325,12,337,0.65820312,0.92878338
304,24,328,0.640625,0.85365854
352,1,353,0.68945312,0.99433428
332,5,337,0.65820312,0.97032641
313,24,337,0.65820312,0.85756677
319,21,340,0.6640625,0.87647059
303,27,330,0.64453125,0.83636364
323,10,333,0.65039062,0.93993994
319,22,341,0.66601562,0.87096774
316,17,333,0.65039062,0.8978979
321,15,336,0.65625,0.91071429
288,47,335,0.65429688,0.71940299
262,62,324,0.6328125,0.61728395
271,58,329,0.64257812,0.64741641
254,77,331,0.64648438,0.5347432
215,114,329,0.64257812,0.30699088
244,85,329,0.64257812,0.48328267
243,81,324,0.6328125,0.5
257,63,320,0.625,0.60625
263,64,327,0.63867188,0.60856269
261,65,326,0.63671875,0.60122699
260,60,320,0.625,0.625
264,60,324,0.6328125,0.62962963
235,88,323,0.63085938,0.45510836
248,81,329,0.64257812,0.50759878
240,84,324,0.6328125,0.48148148
237,81,318,0.62109375,0.49056604
249,75,324,0.6328125,0.53703704
264,63,327,0.63867188,0.6146789
289,31,320,0.625,0.80625
319,11,330,0.64453125,0.93333333
325,3,328,0.640625,0.98170732
328,8,336,0.65625,0.95238095
327,2,329,0.64257812,0.98784195
319,7,326,0.63671875,0.95705521
317,23,340,0.6640625,0.86470588
326,6,332,0.6484375,0.96385542
297,27,324,0.6328125,0.83333333
312,16,328,0.640625,0.90243902
272,59,331,0.64648438,0.64350453
297,35,332,0.6484375,0.78915663
310,10,320,0.625,0.9375
335,10,345,0.67382812,0.94202899
331,4,335,0.65429688,0.9761194
307,30,337,0.65820312,0.82195846
288,37,325,0.63476562,0.77230769
323,9,332,0.6484375,0.94578313
334,5,339,0.66210938,0.97050147
332,0,332,0.6484375,1
324,8,332,0.6484375,0.95180723
323,1,324,0.6328125,0.99382716
321,3,324,0.6328125,0.98148148
329,10,339,0.66210938,0.94100295
309,14,323,0.63085938,0.91331269
330,3,333,0.65039062,0.98198198
313,17,330,0.64453125,0.8969697
337,2,339,0.66210938,0.98820059
327,9,336,0.65625,0.94642857
341,0,341,0.66601562,1
326,11,337,0.65820312,0.9347181
341,4,345,0.67382812,0.97681159
326,7,333,0.65039062,0.95795796
312,11,323,0.63085938,0.93188854
321,12,333,0.65039062,0.92792793
320,4,324,0.6328125,0.97530864
313,16,329,0.64257812,0.90273556
289,36,325,0.63476562,0.77846154
276,68,344,0.671875,0.60465116
249,73,322,0.62890625,0.54658385
258,68,326,0.63671875,0.58282209
246,76,322,0.62890625,0.52795031
233,98,331,0.64648438,0.40785498
277,47,324,0.6328125,0.70987654
341,12,353,0.68945312,0.93201133
327,10,337,0.65820312,0.94065282
336,0,336,0.65625,1
341,4,345,0.67382812,0.97681159
333,7,340,0.6640625,0.95882353
302,17,319,0.62304688,0.89341693
328,10,338,0.66015625,0.9408284
343,0,343,0.66992188,1
319,1,320,0.625,0.99375
322,5,327,0.63867188,0.96941896
321,18,339,0.66210938,0.89380531
338,4,342,0.66796875,0.97660819
342,2,344,0.671875,0.98837209
342,0,342,0.66796875,1
311,17,328,0.640625,0.89634146
292,32,324,0.6328125,0.80246914
272,49,321,0.62695312,0.69470405
318,8,326,0.63671875,0.95092025
340,3,343,0.66992188,0.98250729
335,4,339,0.66210938,0.97640118
317,7,324,0.6328125,0.95679012
321,20,341,0.66601562,0.88269795
323,7,330,0.64453125,0.95757576
334,3,337,0.65820312,0.98219585
325,7,332,0.6484375,0.95783133
303,29,332,0.6484375,0.8253012
298,27,325,0.63476562,0.83384615
322,10,332,0.6484375,0.93975904
312,12,324,0.6328125,0.92592593
327,6,333,0.65039062,0.96396396
334,1,335,0.65429688,0.99402985
321,18,339,0.66210938,0.89380531
339,4,343,0.66992188,0.97667638
312,30,342,0.66796875,0.8245614
294,25,319,0.62304688,0.84326019
289,33,322,0.62890625,0.79503106
324,9,333,0.65039062,0.94594595
305,24,329,0.64257812,0.85410334
316,19,335,0.65429688,0.88656716
304,28,332,0.6484375,0.8313253
294,36,330,0.64453125,0.78181818
334,11,345,0.67382812,0.93623188
309,23,332,0.6484375,0.86144578
299,26,325,0.63476562,0.84
336,5,341,0.66601562,0.97067449
343,1,344,0.671875,0.99418605
303,28,331,0.64648438,0.83081571
329,13,342,0.66796875,0.92397661
313,16,329,0.64257812,0.90273556
302,30,332,0.6484375,0.81927711
317,27,344,0.671875,0.84302326
314,11,325,0.63476562,0.93230769
309,20,329,0.64257812,0.87841945
309,21,330,0.64453125,0.87272727
326,7,333,0.65039062,0.95795796
319,6,325,0.63476562,0.96307692
321,8,329,0.64257812,0.95136778
332,11,343,0.66992188,0.93586006
314,17,331,0.64648438,0.89728097
320,15,335,0.65429688,0.91044776
346,0,346,0.67578125,1
320,11,331,0.64648438,0.93353474
310,16,326,0.63671875,0.90184049
295,45,340,0.6640625,0.73529412
323,8,331,0.64648438,0.95166163
341,0,341,0.66601562,1
348,3,351,0.68554688,0.98290598
315,8,323,0.63085938,0.9504644
280,45,325,0.63476562,0.72307692
272,64,336,0.65625,0.61904762
304,15,319,0.62304688,0.90595611
348,0,348,0.6796875,1
315,10,325,0.63476562,0.93846154
351,1,352,0.6875,0.99431818
316,10,326,0.63671875,0.93865031
326,12,338,0.66015625,0.92899408
335,4,339,0.66210938,0.97640118
330,8,338,0.66015625,0.95266272
320,14,334,0.65234375,0.91616766
316,3,319,0.62304688,0.98119122
290,36,326,0.63671875,0.7791411
320,10,330,0.64453125,0.93939394
320,12,332,0.6484375,0.92771084
324,12,336,0.65625,0.92857143
326,1,327,0.63867188,0.99388379
336,6,342,0.66796875,0.96491228
319,3,322,0.62890625,0.98136646
330,5,335,0.65429688,0.97014925
329,7,336,0.65625,0.95833333
316,16,332,0.6484375,0.90361446
323,14,337,0.65820312,0.91691395
307,33,340,0.6640625,0.80588235
246,72,318,0.62109375,0.54716981
271,62,333,0.65039062,0.62762763
307,31,338,0.66015625,0.81656805
295,29,324,0.6328125,0.82098765
288,42,330,0.64453125,0.74545455
254,76,330,0.64453125,0.53939394
293,40,333,0.65039062,0.75975976
281,37,318,0.62109375,0.7672956
279,50,329,0.64257812,0.69604863
304,31,335,0.65429688,0.81492537
281,41,322,0.62890625,0.74534161
314,17,331,0.64648438,0.89728097
337,5,342,0.66796875,0.97076023
310,16,326,0.63671875,0.90184049
342,1,343,0.66992188,0.9941691
340,0,340,0.6640625,1
332,7,339,0.66210938,0.95870206
308,21,329,0.64257812,0.87234043
298,32,330,0.64453125,0.80606061
344,1,345,0.67382812,0.9942029
331,5,336,0.65625,0.9702381
300,26,326,0.63671875,0.8404908
329,16,345,0.67382812,0.90724638
300,25,325,0.63476562,0.84615385
303,34,337,0.65820312,0.79821958
242,87,329,0.64257812,0.47112462
282,44,326,0.63671875,0.73006135
301,32,333,0.65039062,0.80780781
309,14,323,0.63085938,0.91331269
309,15,324,0.6328125,0.90740741
313,23,336,0.65625,0.86309524
327,13,340,0.6640625,0.92352941
321,8,329,0.64257812,0.95136778
340,2,342,0.66796875,0.98830409
305,27,332,0.6484375,0.8373494
315,17,332,0.6484375,0.89759036
301,25,326,0.63671875,0.84662577
331,12,343,0.66992188,0.93002915
321,13,334,0.65234375,0.92215569
328,6,334,0.65234375,0.96407186
320,14,334,0.65234375,0.91616766
323,9,332,0.6484375,0.94578313
305,21,326,0.63671875,0.87116564
299,31,330,0.64453125,0.81212121
330,8,338,0.66015625,0.95266272
329,2,331,0.64648438,0.98791541
328,12,340,0.6640625,0.92941176
300,30,330,0.64453125,0.81818182
306,20,326,0.63671875,0.87730061
312,29,341,0.66601562,0.82991202
270,51,321,0.62695312,0.68224299
298,43,341,0.66601562,0.74780059
300,39,339,0.66210938,0.7699115
291,40,331,0.64648438,0.75830816
312,8,320,0.625,0.95
309,14,323,0.63085938,0.91331269
305,19,324,0.6328125,0.88271605
315,32,347,0.67773438,0.81556196
305,37,342,0.66796875,0.78362573
272,52,324,0.6328125,0.67901235
293,31,324,0.6328125,0.80864198
299,30,329,0.64257812,0.81762918
309,31,340,0.6640625,0.81764706
295,28,323,0.63085938,0.82662539
289,38,327,0.63867188,0.7675841
270,47,317,0.61914062,0.70347003
285,41,326,0.63671875,0.74846626
280,57,337,0.65820312,0.66172107
313,37,350,0.68359375,0.78857143
287,26,313,0.61132812,0.83386581
311,22,333,0.65039062,0.86786787
310,27,337,0.65820312,0.83976261
316,17,333,0.65039062,0.8978979
330,4,334,0.65234375,0.9760479
317,24,341,0.66601562,0.85923754
298,35,333,0.65039062,0.78978979
297,24,321,0.62695312,0.85046729
311,19,330,0.64453125,0.88484848
301,23,324,0.6328125,0.85802469
317,10,327,0.63867188,0.93883792
315,21,336,0.65625,0.875
340,6,346,0.67578125,0.96531792
341,2,343,0.66992188,0.98833819
282,42,324,0.6328125,0.74074074
303,21,324,0.6328125,0.87037037
286,49,335,0.65429688,0.70746269
310,25,335,0.65429688,0.85074627
335,5,340,0.6640625,0.97058824
315,22,337,0.65820312,0.8694362
310,12,322,0.62890625,0.92546584
325,11,336,0.65625,0.93452381
304,32,336,0.65625,0.80952381
332,6,338,0.66015625,0.96449704
344,1,345,0.67382812,0.9942029
318,10,328,0.640625,0.93902439
318,22,340,0.6640625,0.87058824
316,9,325,0.63476562,0.94461538
306,20,326,0.63671875,0.87730061
277,52,329,0.64257812,0.68389058
277,53,330,0.64453125,0.67878788
258,79,337,0.65820312,0.53115727
225,107,332,0.6484375,0.35542169
261,76,337,0.65820312,0.54896142
255,79,334,0.65234375,0.52694611
205,115,320,0.625,0.28125
254,76,330,0.64453125,0.53939394
242,89,331,0.64648438,0.46223565
238,90,328,0.640625,0.45121951
233,101,334,0.65234375,0.39520958
188,133,321,0.62695312,0.17133956
165,159,324,0.6328125,0.018518519
146,172,318,0.62109375,-0.081761006
116,215,331,0.64648438,-0.29909366
79,250,329,0.64257812,-0.51975684
97,224,321,0.62695312,-0.39563863
85,239,324,0.6328125,-0.47530864
88,237,325,0.63476562,-0.45846154
36,297,333,0.65039062,-0.78378378
16,320,336,0.65625,-0.9047619
27,297,324,0.6328125,-0.83333333
21,303,324,0.6328125,-0.87037037
4,333,337,0.65820312,-0.97626113
3,328,331,0.64648438,-0.98187311
15,321,336,0.65625,-0.91071429
45,275,320,0.625,-0.71875
68,263,331,0.64648438,-0.58912387
73,250,323,0.63085938,-0.54798762
66,259,325,0.63476562,-0.59384615
55,268,323,0.63085938,-0.65944272
29,298,327,0.63867188,-0.82262997
25,315,340,0.6640625,-0.85294118
0,340,340,0.6640625,-1
15,305,320,0.625,-0.90625
16,317,333,0.65039062,-0.9039039
14,314,328,0.640625,-0.91463415
9,329,338,0.66015625,-0.94674556
16,331,347,0.67773438,-0.90778098
23,306,329,0.64257812,-0.86018237
3,325,328,0.640625,-0.98170732
1,327,328,0.640625,-0.99390244
13,312,325,0.63476562,-0.92
2,333,335,0.65429688,-0.9880597
2,321,323,0.63085938,-0.9876161
24,292,316,0.6171875,-0.84810127
12,336,348,0.6796875,-0.93103448
24,309,333,0.65039062,-0.85585586
33,301,334,0.65234375,-0.80239521
1,333,334,0.65234375,-0.99401198
0,341,341,0.66601562,-1
14,315,329,0.64257812,-0.91489362
1,337,338,0.66015625,-0.99408284
5,327,332,0.6484375,-0.96987952
7,321,328,0.640625,-0.95731707
17,307,324,0.6328125,-0.89506173
30,303,333,0.65039062,-0.81981982
11,317,328,0.640625,-0.93292683
0,329,329,0.64257812,-1
10,315,325,0.63476562,-0.93846154
16,304,320,0.625,-0.9
7,330,337,0.65820312,-0.95845697
8,333,341,0.66601562,-0.95307918
2,332,334,0.65234375,-0.98802395
7,328,335,0.65429688,-0.95820896
63,275,338,0.66015625,-0.62721893
15,333,348,0.6796875,-0.9137931
0,350,350,0.68359375,-1
0,337,337,0.65820312,-1
5,330,335,0.65429688,-0.97014925
2,334,336,0.65625,-0.98809524
14,312,326,0.63671875,-0.91411043
11,324,335,0.65429688,-0.93432836
1,332,333,0.65039062,-0.99399399
35,288,323,0.63085938,-0.78328173
11,315,326,0.63671875,-0.93251534
2,343,345,0.67382812,-0.9884058
6,339,345,0.67382812,-0.96521739
25,292,317,0.61914062,-0.84227129
53,288,341,0.66601562,-0.68914956
88,238,326,0.63671875,-0.4601227
97,228,325,0.63476562,-0.40307692
103,217,320,0.625,-0.35625
86,247,333,0.65039062,-0.48348348
90,231,321,0.62695312,-0.43925234
89,233,322,0.62890625,-0.44720497
82,251,333,0.65039062,-0.50750751
40,283,323,0.63085938,-0.75232198
56,281,337,0.65820312,-0.66765579
34,307,341,0.66601562,-0.80058651
45,278,323,0.63085938,-0.72136223
65,269,334,0.65234375,-0.61077844
58,252,310,0.60546875,-0.62580645
35,295,330,0.64453125,-0.78787879
36,295,331,0.64648438,-0.78247734
51,280,331,0.64648438,-0.6918429
32,291,323,0.63085938,-0.80185759
18,316,334,0.65234375,-0.89221557
35,297,332,0.6484375,-0.78915663
52,288,340,0.6640625,-0.69411765
24,301,325,0.63476562,-0.85230769
12,325,337,0.65820312,-0.92878338
6,318,324,0.6328125,-0.96296296
20,313,333,0.65039062,-0.87987988
27,308,335,0.65429688,-0.83880597
40,292,332,0.6484375,-0.75903614
22,304,326,0.63671875,-0.86503067
8,328,336,0.65625,-0.95238095
8,315,323,0.63085938,-0.9504644
18,316,334,0.65234375,-0.89221557
12,316,328,0.640625,-0.92682927
5,336,341,0.66601562,-0.97067449
1,325,326,0.63671875,-0.99386503
24,295,319,0.62304688,-0.84952978
31,300,331,0.64648438,-0.81268882
6,329,335,0.65429688,-0.9641791
22,304,326,0.63671875,-0.86503067
0,337,337,0.65820312,-1
10,325,335,0.65429688,-0.94029851
13,313,326,0.63671875,-0.9202454
11,322,333,0.65039062,-0.93393393
13,318,331,0.64648438,-0.92145015
9,325,334,0.65234375,-0.94610778
16,328,344,0.671875,-0.90697674
10,316,326,0.63671875,-0.93865031
29,296,325,0.63476562,-0.82153846
17,318,335,0.65429688,-0.89850746
1,332,333,0.65039062,-0.99399399
12,331,343,0.66992188,-0.93002915
14,314,328,0.640625,-0.91463415
1,315,316,0.6171875,-0.99367089
11,323,334,0.65234375,-0.93413174
12,314,326,0.63671875,-0.92638037
9,321,330,0.64453125,-0.94545455
9,344,353,0.68945312,-0.9490085
7,332,339,0.66210938,-0.95870206
16,329,345,0.67382812,-0.90724638
0,344,344,0.671875,-1
3,347,350,0.68359375,-0.98285714
7,337,344,0.671875,-0.95930233
19,321,340,0.6640625,-0.88823529
8,319,327,0.63867188,-0.95107034
14,330,344,0.671875,-0.91860465
5,329,334,0.65234375,-0.97005988
7,331,338,0.66015625,-0.95857988
13,330,343,0.66992188,-0.92419825
48,284,332,0.6484375,-0.71084337
46,286,332,0.6484375,-0.72289157
38,291,329,0.64257812,-0.76899696
42,275,317,0.61914062,-0.73501577
41,285,326,0.63671875,-0.74846626
24,312,336,0.65625,-0.85714286
32,308,340,0.6640625,-0.81176471
27,296,323,0.63085938,-0.83281734
32,307,339,0.66210938,-0.81120944
22,316,338,0.66015625,-0.86982249
4,328,332,0.6484375,-0.97590361
29,304,333,0.65039062,-0.82582583
18,306,324,0.6328125,-0.88888889
4,340,344,0.671875,-0.97674419
7,324,331,0.64648438,-0.95770393
10,329,339,0.66210938,-0.94100295
8,332,340,0.6640625,-0.95294118
13,323,336,0.65625,-0.92261905
7,341,348,0.6796875,-0.95977011
9,313,322,0.62890625,-0.94409938
24,294,318,0.62109375,-0.8490566
26,304,330,0.64453125,-0.84242424
46,282,328,0.640625,-0.7195122
72,257,329,0.64257812,-0.56231003
52,275,327,0.63867188,-0.68195719
52,272,324,0.6328125,-0.67901235
87,248,335,0.65429688,-0.48059701
64,268,332,0.6484375,-0.61445783
17,313,330,0.64453125,-0.8969697
22,307,329,0.64257812,-0.8662614
41,296,337,0.65820312,-0.75667656
52,276,328,0.640625,-0.68292683
72,257,329,0.64257812,-0.56231003
78,249,327,0.63867188,-0.52293578
113,218,331,0.64648438,-0.31722054
159,163,322,0.62890625,-0.01242236
130,171,301,0.58789062,-0.13621262
149,176,325,0.63476562,-0.083076923
124,191,315,0.61523438,-0.21269841
173,154,327,0.63867188,0.058103976
254,75,329,0.64257812,0.54407295
253,83,336,0.65625,0.50595238
278,53,331,0.64648438,0.67975831
259,65,324,0.6328125,0.59876543
235,94,329,0.64257812,0.42857143
231,102,333,0.65039062,0.38738739
241,82,323,0.63085938,0.49226006
307,29,336,0.65625,0.82738095
294,33,327,0.63867188,0.79816514
309,21,330,0.64453125,0.87272727
327,14,341,0.66601562,0.91788856
317,8,325,0.63476562,0.95076923
319,20,339,0.66210938,0.8820059
320,16,336,0.65625,0.9047619
333,1,334,0.65234375,0.99401198
325,6,331,0.64648438,0.96374622
323,6,329,0.64257812,0.96352584
297,29,326,0.63671875,0.82208589
304,29,333,0.65039062,0.82582583
302,20,322,0.62890625,0.8757764
325,9,334,0.65234375,0.94610778
280,50,330,0.64453125,0.6969697
257,76,333,0.65039062,0.54354354
280,49,329,0.64257812,0.70212766
295,39,334,0.65234375,0.76646707
316,17,333,0.65039062,0.8978979
307,22,329,0.64257812,0.8662614
325,7,332,0.6484375,0.95783133
313,28,341,0.66601562,0.83577713
326,0,326,0.63671875,1
313,24,337,0.65820312,0.85756677
307,32,339,0.66210938,0.81120944
321,10,331,0.64648438,0.93957704
337,6,343,0.66992188,0.96501458
324,7,331,0.64648438,0.95770393
322,17,339,0.66210938,0.89970501
312,26,338,0.66015625,0.84615385
279,56,335,0.65429688,0.66567164
260,71,331,0.64648438,0.57099698
210,111,321,0.62695312,0.30841121
258,62,320,0.625,0.6125
285,44,329,0.64257812,0.7325228
296,31,327,0.63867188,0.81039755
304,33,337,0.65820312,0.8041543
317,15,332,0.6484375,0.90963855
281,41,322,0.62890625,0.74534161
313,20,333,0.65039062,0.87987988
317,10,327,0.63867188,0.93883792
333,4,337,0.65820312,0.97626113
300,28,328,0.640625,0.82926829
306,31,337,0.65820312,0.81602374
328,7,335,0.65429688,0.95820896
307,18,325,0.63476562,0.88923077
307,13,320,0.625,0.91875
324,4,328,0.640625,0.97560976
307,23,330,0.64453125,0.86060606
333,12,345,0.67382812,0.93043478
324,11,335,0.65429688,0.93432836
312,16,328,0.640625,0.90243902
319,18,337,0.65820312,0.89317507
302,27,329,0.64257812,0.83586626
328,6,334,0.65234375,0.96407186
332,4,336,0.65625,0.97619048
322,11,333,0.65039062,0.93393393
335,5,340,0.6640625,0.97058824
303,31,334,0.65234375,0.81437126
319,17,336,0.65625,0.89880952
324,10,334,0.65234375,0.94011976
312,18,330,0.64453125,0.89090909
326,5,331,0.64648438,0.96978852
318,11,329,0.64257812,0.9331307
320,5,325,0.63476562,0.96923077
319,11,330,0.64453125,0.93333333
311,18,329,0.64257812,0.89057751
311,22,333,0.65039062,0.86786787
324,2,326,0.63671875,0.98773006
320,18,338,0.66015625,0.89349112
303,28,331,0.64648438,0.83081571
306,25,331,0.64648438,0.8489426
318,25,343,0.66992188,0.85422741
317,15,332,0.6484375,0.90963855
315,23,338,0.66015625,0.86390533
287,37,324,0.6328125,0.77160494
330,1,331,0.64648438,0.9939577
333,4,337,0.65820312,0.97626113
326,3,329,0.64257812,0.98176292
333,0,333,0.65039062,1
334,7,341,0.66601562,0.95894428
333,15,348,0.6796875,0.9137931
309,20,329,0.64257812,0.87841945
300,29,329,0.64257812,0.82370821
313,21,334,0.65234375,0.8742515
329,9,338,0.66015625,0.94674556
317,14,331,0.64648438,0.91540785
328,3,331,0.64648438,0.98187311
331,10,341,0.66601562,0.94134897
304,33,337,0.65820312,0.8041543
293,29,322,0.62890625,0.81987578
313,9,322,0.62890625,0.94409938
306,22,328,0.640625,0.86585366
309,18,327,0.63867188,0.88990826
326,2,328,0.640625,0.98780488
331,1,332,0.6484375,0.9939759
317,15,332,0.6484375,0.90963855
316,13,329,0.64257812,0.92097264
295,39,334,0.65234375,0.76646707
327,9,336,0.65625,0.94642857
325,16,341,0.66601562,0.90615836
332,4,336,0.65625,0.97619048
332,3,335,0.65429688,0.98208955
341,2,343,0.66992188,0.98833819
338,6,344,0.671875,0.96511628
310,24,334,0.65234375,0.85628743
302,28,330,0.64453125,0.83030303
296,48,344,0.671875,0.72093023
270,64,334,0.65234375,0.61676647
255,65,320,0.625,0.59375
300,39,339,0.66210938,0.7699115
293,42,335,0.65429688,0.74925373
309,31,340,0.6640625,0.81764706
306,17,323,0.63085938,0.89473684
298,26,324,0.6328125,0.83950617
303,23,326,0.63671875,0.85889571
312,22,334,0.65234375,0.86826347
306,26,332,0.6484375,0.84337349
326,13,339,0.66210938,0.92330383
305,25,330,0.64453125,0.84848485
318,27,345,0.67382812,0.84347826
297,34,331,0.64648438,0.79456193
308,18,326,0.63671875,0.88957055
328,8,336,0.65625,0.95238095
326,10,336,0.65625,0.94047619
345,0,345,0.67382812,1
313,12,325,0.63476562,0.92615385
299,32,331,0.64648438,0.80664653
287,30,317,0.61914062,0.81072555
294,34,328,0.640625,0.79268293
298,36,334,0.65234375,0.78443114
282,43,325,0.63476562,0.73538462
319,18,337,0.65820312,0.89317507
332,4,336,0.65625,0.97619048
323,5,328,0.640625,0.9695122
320,9,329,0.64257812,0.94528875
310,19,329,0.64257812,0.88449848
322,16,338,0.66015625,0.90532544
321,5,326,0.63671875,0.96932515
316,16,332,0.6484375,0.90361446
324,6,330,0.64453125,0.96363636
328,12,340,0.6640625,0.92941176
319,16,335,0.65429688,0.90447761
317,10,327,0.63867188,0.93883792
331,2,333,0.65039062,0.98798799
309,21,330,0.64453125,0.87272727
317,14,331,0.64648438,0.91540785
324,14,338,0.66015625,0.91715976
292,33,325,0.63476562,0.79692308
285,39,324,0.6328125,0.75925926
314,16,330,0.64453125,0.9030303
307,25,332,0.6484375,0.84939759
311,22,333,0.65039062,0.86786787
285,43,328,0.640625,0.73780488
308,23,331,0.64648438,0.86102719
330,15,345,0.67382812,0.91304348
313,17,330,0.64453125,0.8969697
324,15,339,0.66210938,0.91150442
285,46,331,0.64648438,0.72205438
300,38,338,0.66015625,0.77514793
261,55,316,0.6171875,0.65189873
310,18,328,0.640625,0.8902439
307,28,335,0.65429688,0.83283582
322,4,326,0.63671875,0.97546012
331,12,343,0.66992188,0.93002915
303,27,330,0.64453125,0.83636364
315,16,331,0.64648438,0.90332326
298,37,335,0.65429688,0.77910448
311,27,338,0.66015625,0.84023669
331,9,340,0.6640625,0.94705882
304,29,333,0.65039062,0.82582583
340,7,347,0.67773438,0.95965418
344,0,344,0.671875,1
322,10,332,0.6484375,0.93975904
325,2,327,0.63867188,0.98776758
324,4,328,0.640625,0.97560976
312,21,333,0.65039062,0.87387387
340,8,348,0.6796875,0.95402299
321,4,325,0.63476562,0.97538462
346,5,351,0.68554688,0.97150997
284,42,326,0.63671875,0.74233129
301,24,325,0.63476562,0.85230769
297,39,336,0.65625,0.76785714
294,44,338,0.66015625,0.73964497
291,36,327,0.63867188,0.77981651
230,87,317,0.61914062,0.4511041
305,15,320,0.625,0.90625
304,25,329,0.64257812,0.84802432
335,8,343,0.66992188,0.95335277
314,14,328,0.640625,0.91463415
324,6,330,0.64453125,0.96363636
329,3,332,0.6484375,0.98192771
326,4,330,0.64453125,0.97575758
338,1,339,0.66210938,0.99410029
306,30,336,0.65625,0.82142857
279,42,321,0.62695312,0.73831776
314,21,335,0.65429688,0.87462687
328,4,332,0.6484375,0.97590361
323,5,328,0.640625,0.9695122
314,17,331,0.64648438,0.89728097
291,34,325,0.63476562,0.79076923
333,2,335,0.65429688,0.9880597
310,15,325,0.63476562,0.90769231
303,35,338,0.66015625,0.79289941
332,16,348,0.6796875,0.90804598
308,17,325,0.63476562,0.89538462
295,26,321,0.62695312,0.83800623
289,48,337,0.65820312,0.71513353
327,17,344,0.671875,0.90116279
319,7,326,0.63671875,0.95705521
324,12,336,0.65625,0.92857143
311,25,336,0.65625,0.85119048
318,20,338,0.66015625,0.8816568
324,13,337,0.65820312,0.92284866
327,2,329,0.64257812,0.98784195
330,0,330,0.64453125,1
339,1,340,0.6640625,0.99411765
331,1,332,0.6484375,0.9939759
302,38,340,0.6640625,0.77647059
315,15,330,0.64453125,0.90909091
317,17,334,0.65234375,0.89820359
275,53,328,0.640625,0.67682927
300,31,331,0.64648438,0.81268882
305,22,327,0.63867188,0.86544343
313,21,334,0.65234375,0.8742515
299,28,327,0.63867188,0.82874618
308,21,329,0.64257812,0.87234043
283,44,327,0.63867188,0.73088685
285,36,321,0.62695312,0.77570093
294,36,330,0.64453125,0.78181818
232,94,326,0.63671875,0.42331288
243,83,326,0.63671875,0.49079755
206,116,322,0.62890625,0.27950311
277,45,322,0.62890625,0.72049689
243,87,330,0.64453125,0.47272727
248,80,328,0.640625,0.51219512
292,35,327,0.63867188,0.78593272
330,6,336,0.65625,0.96428571
326,11,337,0.65820312,0.9347181
335,0,335,0.65429688,1
340,1,341,0.66601562,0.9941349
336,12,348,0.6796875,0.93103448
298,28,326,0.63671875,0.82822086
299,32,331,0.64648438,0.80664653
291,25,316,0.6171875,0.84177215
297,30,327,0.63867188,0.81651376
294,38,332,0.6484375,0.77108434
265,47,312,0.609375,0.69871795
288,35,323,0.63085938,0.78328173
319,18,337,0.65820312,0.89317507
292,40,332,0.6484375,0.75903614
289,46,335,0.65429688,0.72537313
336,4,340,0.6640625,0.97647059
315,16,331,0.64648438,0.90332326
342,3,345,0.67382812,0.9826087
302,19,321,0.62695312,0.88161994
324,7,331,0.64648438,0.95770393
328,12,340,0.6640625,0.92941176
318,8,326,0.63671875,0.95092025
325,15,340,0.6640625,0.91176471
348,6,354,0.69140625,0.96610169
327,3,330,0.64453125,0.98181818
328,7,335,0.65429688,0.95820896
325,5,330,0.64453125,0.96969697
329,5,334,0.65234375,0.97005988
335,0,335,0.65429688,1
338,4,342,0.66796875,0.97660819
346,1,347,0.67773438,0.99423631
319,12,331,0.64648438,0.92749245
293,30,323,0.63085938,0.81424149
288,37,325,0.63476562,0.77230769
326,14,340,0.6640625,0.91764706
337,0,337,0.65820312,1
327,6,333,0.65039062,0.96396396
317,13,330,0.64453125,0.92121212
286,32,318,0.62109375,0.79874214
329,14,343,0.66992188,0.91836735
314,25,339,0.66210938,0.85250737
326,12,338,0.66015625,0.92899408
330,4,334,0.65234375,0.9760479
330,8,338,0.66015625,0.95266272
326,10,336,0.65625,0.94047619
309,8,317,0.61914062,0.94952681
323,10,333,0.65039062,0.93993994
327,0,327,0.63867188,1
308,23,331,0.64648438,0.86102719
325,2,327,0.63867188,0.98776758
340,0,340,0.6640625,1
316,18,334,0.65234375,0.89221557
315,10,325,0.63476562,0.93846154
335,6,341,0.66601562,0.96480938
311,19,330,0.64453125,0.88484848
282,36,318,0.62109375,0.77358491
320,13,333,0.65039062,0.92192192
326,11,337,0.65820312,0.9347181
311,28,339,0.66210938,0.83480826
284,46,330,0.64453125,0.72121212
281,49,330,0.64453125,0.7030303
284,36,320,0.625,0.775
310,13,323,0.63085938,0.91950464
337,1,338,0.66015625,0.99408284
324,1,325,0.63476562,0.99384615
304,14,318,0.62109375,0.91194969
317,9,326,0.63671875,0.94478528
297,34,331,0.64648438,0.79456193
286,39,325,0.63476562,0.76
297,40,337,0.65820312,0.76261128
291,36,327,0.63867188,0.77981651
314,32,346,0.67578125,0.8150289
293,38,331,0.64648438,0.77039275
329,15,344,0.671875,0.9127907
330,8,338,0.66015625,0.95266272
329,6,335,0.65429688,0.9641791
288,34,322,0.62890625,0.78881988
331,2,333,0.65039062,0.98798799
319,9,328,0.640625,0.94512195
320,12,332,0.6484375,0.92771084
286,38,324,0.6328125,0.7654321
308,21,329,0.64257812,0.87234043
311,16,327,0.63867188,0.90214067
318,23,341,0.66601562,0.86510264
287,45,332,0.6484375,0.72891566
278,41,319,0.62304688,0.74294671
297,25,322,0.62890625,0.8447205
309,28,337,0.65820312,0.83382789
326,9,335,0.65429688,0.94626866
308,13,321,0.62695312,0.91900312
346,2,348,0.6796875,0.98850575
332,1,333,0.65039062,0.99399399
302,26,328,0.640625,0.84146341
322,9,331,0.64648438,0.94561934
345,0,345,0.67382812,1
333,3,336,0.65625,0.98214286
322,3,325,0.63476562,0.98153846
302,24,326,0.63671875,0.85276074
315,21,336,0.65625,0.875
315,27,342,0.66796875,0.84210526
317,9,326,0.63671875,0.94478528
326,9,335,0.65429688,0.94626866
322,4,326,0.63671875,0.97546012
308,23,331,0.64648438,0.86102719
312,22,334,0.65234375,0.86826347
284,44,328,0.640625,0.73170732
281,47,328,0.640625,0.71341463
314,26,340,0.6640625,0.84705882
294,37,331,0.64648438,0.77643505
309,33,342,0.66796875,0.80701754
325,18,343,0.66992188,0.89504373
312,6,318,0.62109375,0.96226415
304,25,329,0.64257812,0.84802432
273,57,330,0.64453125,0.65454545
289,35,324,0.6328125,0.78395062
291,36,327,0.63867188,0.77981651
317,16,333,0.65039062,0.9039039
333,9,342,0.66796875,0.94736842
293,40,333,0.65039062,0.75975976
280,46,326,0.63671875,0.71779141
276,41,317,0.61914062,0.74132492
271,54,325,0.63476562,0.66769231
263,50,313,0.61132812,0.68051118
288,35,323,0.63085938,0.78328173
293,34,327,0.63867188,0.79204893
316,13,329,0.64257812,0.92097264
328,4,332,0.6484375,0.97590361
305,28,333,0.65039062,0.83183183
315,15,330,0.64453125,0.90909091
318,16,334,0.65234375,0.90419162
292,27,319,0.62304688,0.830721
319,21,340,0.6640625,0.87647059
318,23,341,0.66601562,0.86510264
321,5,326,0.63671875,0.96932515
336,7,343,0.66992188,0.95918367
326,10,336,0.65625,0.94047619
325,4,329,0.64257812,0.97568389
310,9,319,0.62304688,0.94357367
268,48,316,0.6171875,0.69620253
291,38,329,0.64257812,0.76899696
260,64,324,0.6328125,0.60493827
287,45,332,0.6484375,0.72891566
302,22,324,0.6328125,0.86419753
308,29,337,0.65820312,0.82789318
285,40,325,0.63476562,0.75384615
278,57,335,0.65429688,0.65970149
256,75,331,0.64648438,0.54682779
278,53,331,0.64648438,0.67975831
285,47,332,0.6484375,0.71686747
302,33,335,0.65429688,0.80298507
270,41,311,0.60742188,0.73633441
298,32,330,0.64453125,0.80606061
301,29,330,0.64453125,0.82424242
322,8,330,0.64453125,0.95151515
324,17,341,0.66601562,0.90029326
337,6,343,0.66992188,0.96501458
337,5,342,0.66796875,0.97076023
296,27,323,0.63085938,0.83281734
259,69,328,0.640625,0.57926829
306,24,330,0.64453125,0.85454545
311,9,320,0.625,0.94375
332,10,342,0.66796875,0.94152047
326,12,338,0.66015625,0.92899408
337,1,338,0.66015625,0.99408284
316,10,326,0.63671875,0.93865031
301,32,333,0.65039062,0.80780781
302,29,331,0.64648438,0.82477341
318,23,341,0.66601562,0.86510264
297,33,330,0.64453125,0.8
281,51,332,0.6484375,0.69277108
281,48,329,0.64257812,0.70820669
281,52,333,0.65039062,0.68768769
273,58,331,0.64648438,0.64954683
284,34,318,0.62109375,0.78616352
300,21,321,0.62695312,0.86915888
265,61,326,0.63671875,0.62576687
260,79,339,0.66210938,0.5339233
284,52,336,0.65625,0.69047619
300,27,327,0.63867188,0.83486239
295,37,332,0.6484375,0.77710843
316,24,340,0.6640625,0.85882353
314,27,341,0.66601562,0.84164223
320,11,331,0.64648438,0.93353474
318,6,324,0.6328125,0.96296296
321,28,349,0.68164062,0.83954155
262,45,307,0.59960938,0.70684039
325,11,336,0.65625,0.93452381
326,12,338,0.66015625,0.92899408
331,9,340,0.6640625,0.94705882
310,14,324,0.6328125,0.91358025
267,49,316,0.6171875,0.68987342
261,79,340,0.6640625,0.53529412
274,63,337,0.65820312,0.62611276
309,32,341,0.66601562,0.81231672
266,70,336,0.65625,0.58333333
260,61,321,0.62695312,0.61993769
289,55,344,0.671875,0.68023256
285,39,324,0.6328125,0.75925926
301,23,324,0.6328125,0.85802469
299,25,324,0.6328125,0.84567901
279,51,330,0.64453125,0.69090909
294,26,320,0.625,0.8375
316,22,338,0.66015625,0.86982249
335,6,341,0.66601562,0.96480938
330,3,333,0.65039062,0.98198198
328,13,341,0.66601562,0.92375367
335,3,338,0.66015625,0.98224852
324,10,334,0.65234375,0.94011976
311,18,329,0.64257812,0.89057751
312,18,330,0.64453125,0.89090909
320,8,328,0.640625,0.95121951
301,18,319,0.62304688,0.88714734
305,24,329,0.64257812,0.85410334
298,36,334,0.65234375,0.78443114
316,22,338,0.66015625,0.86982249
309,23,332,0.6484375,0.86144578
331,13,344,0.671875,0.9244186
334,1,335,0.65429688,0.99402985
341,3,344,0.671875,0.98255814
317,13,330,0.64453125,0.92121212
306,16,322,0.62890625,0.90062112
311,22,333,0.65039062,0.86786787
290,39,329,0.64257812,0.76291793
288,49,337,0.65820312,0.70919881
312,28,340,0.6640625,0.83529412
316,7,323,0.63085938,0.95665635
314,24,338,0.66015625,0.85798817
345,2,347,0.67773438,0.98847262
333,3,336,0.65625,0.98214286
299,26,325,0.63476562,0.84
340,2,342,0.66796875,0.98830409
320,15,335,0.65429688,0.91044776
323,8,331,0.64648438,0.95166163
344,4,348,0.6796875,0.97701149
326,5,331,0.64648438,0.96978852
332,0,332,0.6484375,1
318,16,334,0.65234375,0.90419162
298,17,315,0.61523438,0.89206349
322,13,335,0.65429688,0.92238806
304,21,325,0.63476562,0.87076923
337,6,343,0.66992188,0.96501458
337,5,342,0.66796875,0.97076023
305,20,325,0.63476562,0.87692308
321,8,329,0.64257812,0.95136778
308,9,317,0.61914062,0.94321767
292,37,329,0.64257812,0.77507599
325,20,345,0.67382812,0.88405797
297,29,326,0.63671875,0.82208589
316,13,329,0.64257812,0.92097264
333,2,335,0.65429688,0.9880597
301,44,345,0.67382812,0.74492754
300,28,328,0.640625,0.82926829
310,8,318,0.62109375,0.94968553
335,2,337,0.65820312,0.98813056
314,11,325,0.63476562,0.93230769
311,16,327,0.63867188,0.90214067
301,26,327,0.63867188,0.84097859
330,8,338,0.66015625,0.95266272
332,2,334,0.65234375,0.98802395
336,2,338,0.66015625,0.98816568
318,13,331,0.64648438,0.92145015
316,24,340,0.6640625,0.85882353
334,2,336,0.65625,0.98809524
296,29,325,0.63476562,0.82153846
273,63,336,0.65625,0.625
280,54,334,0.65234375,0.67664671
300,33,333,0.65039062,0.8018018
291,31,322,0.62890625,0.80745342
316,18,334,0.65234375,0.89221557
324,16,340,0.6640625,0.90588235
308,21,329,0.64257812,0.87234043
311,23,334,0.65234375,0.86227545
296,36,332,0.6484375,0.78313253
299,27,326,0.63671875,0.83435583
339,2,341,0.66601562,0.98826979
325,7,332,0.6484375,0.95783133
329,2,331,0.64648438,0.98791541
306,32,338,0.66015625,0.81065089
283,54,337,0.65820312,0.67952522
308,23,331,0.64648438,0.86102719
332,5,337,0.65820312,0.97032641
296,34,330,0.64453125,0.79393939
271,52,323,0.63085938,0.67801858
267,58,325,0.63476562,0.64307692
276,47,323,0.63085938,0.70897833
271,52,323,0.63085938,0.67801858
341,4,345,0.67382812,0.97681159
323,10,333,0.65039062,0.93993994
315,18,333,0.65039062,0.89189189
329,3,332,0.6484375,0.98192771
323,11,334,0.65234375,0.93413174
285,45,330,0.64453125,0.72727273
330,10,340,0.6640625,0.94117647
340,3,343,0.66992188,0.98250729
330,11,341,0.66601562,0.93548387
324,21,345,0.67382812,0.87826087
329,5,334,0.65234375,0.97005988
297,25,322,0.62890625,0.8447205
293,33,326,0.63671875,0.79754601
288,33,321,0.62695312,0.79439252
325,9,334,0.65234375,0.94610778
320,14,334,0.65234375,0.91616766
319,4,323,0.63085938,0.9752322
321,9,330,0.64453125,0.94545455
336,8,344,0.671875,0.95348837
321,11,332,0.6484375,0.93373494
327,10,337,0.65820312,0.94065282
334,6,340,0.6640625,0.96470588
324,14,338,0.66015625,0.91715976
306,28,334,0.65234375,0.83233533
331,7,338,0.66015625,0.95857988
313,27,340,0.6640625,0.84117647
302,33,335,0.65429688,0.80298507
298,33,331,0.64648438,0.80060423
278,60,338,0.66015625,0.64497041
265,66,331,0.64648438,0.60120846
304,25,329,0.64257812,0.84802432
304,22,326,0.63671875,0.86503067
306,13,319,0.62304688,0.9184953
328,8,336,0.65625,0.95238095
322,6,328,0.640625,0.96341463
323,10,333,0.65039062,0.93993994
328,0,328,0.640625,1
323,14,337,0.65820312,0.91691395
341,0,341,0.66601562,1
312,18,330,0.64453125,0.89090909
294,23,317,0.61914062,0.85488959
332,6,338,0.66015625,0.96449704
332,10,342,0.66796875,0.94152047
329,9,338,0.66015625,0.94674556
301,27,328,0.640625,0.83536585
298,20,318,0.62109375,0.87421384
277,61,338,0.66015625,0.63905325
275,53,328,0.640625,0.67682927
255,80,335,0.65429688,0.52238806
246,84,330,0.64453125,0.49090909
258,63,321,0.62695312,0.60747664
336,7,343,0.66992188,0.95918367
321,15,336,0.65625,0.91071429
316,18,334,0.65234375,0.89221557
325,11,336,0.65625,0.93452381
334,1,335,0.65429688,0.99402985
336,6,342,0.66796875,0.96491228
329,6,335,0.65429688,0.9641791
331,7,338,0.66015625,0.95857988
331,4,335,0.65429688,0.9761194
330,6,336,0.65625,0.96428571
330,7,337,0.65820312,0.95845697
319,4,323,0.63085938,0.9752322
335,0,335,0.65429688,1
314,18,332,0.6484375,0.89156627
345,7,352,0.6875,0.96022727
335,6,341,0.66601562,0.96480938
323,12,335,0.65429688,0.92835821
317,11,328,0.640625,0.93292683
334,0,334,0.65234375,1
300,24,324,0.6328125,0.85185185
286,44,330,0.64453125,0.73333333
237,88,325,0.63476562,0.45846154
262,69,331,0.64648438,0.58308157
229,96,325,0.63476562,0.40923077
256,76,332,0.6484375,0.54216867
260,81,341,0.66601562,0.52492669
272,62,334,0.65234375,0.62874251
234,89,323,0.63085938,0.44891641
252,83,335,0.65429688,0.50447761
224,107,331,0.64648438,0.35347432
174,141,315,0.61523438,0.1047619
177,140,317,0.61914062,0.11671924
160,155,315,0.61523438,0.015873016
127,190,317,0.61914062,-0.19873817
157,170,327,0.63867188,-0.039755352
192,137,329,0.64257812,0.16717325
211,106,317,0.61914062,0.33123028
252,75,327,0.63867188,0.5412844
250,72,322,0.62890625,0.55279503
231,104,335,0.65429688,0.37910448
193,123,316,0.6171875,0.22151899
172,155,327,0.63867188,0.051987768
144,181,325,0.63476562,-0.11384615
148,183,331,0.64648438,-0.10574018
115,199,314,0.61328125,-0.26751592
131,201,332,0.6484375,-0.21084337
106,236,342,0.66796875,-0.38011696
74,257,331,0.64648438,-0.55287009
90,242,332,0.6484375,-0.45783133
91,235,326,0.63671875,-0.44171779
84,244,328,0.640625,-0.48780488
76,246,322,0.62890625,-0.52795031
63,258,321,0.62695312,-0.60747664
41,290,331,0.64648438,-0.75226586
33,289,322,0.62890625,-0.79503106
23,308,331,0.64648438,-0.86102719
97,237,334,0.65234375,-0.41916168
94,231,325,0.63476562,-0.42153846
53,277,330,0.64453125,-0.67878788
27,304,331,0.64648438,-0.83685801
57,264,321,0.62695312,-0.64485981
63,266,329,0.64257812,-0.61702128
38,283,321,0.62695312,-0.76323988
27,309,336,0.65625,-0.83928571
32,292,324,0.6328125,-0.80246914
24,304,328,0.640625,-0.85365854
12,319,331,0.64648438,-0.92749245
29,308,337,0.65820312,-0.82789318
20,300,320,0.625,-0.875
29,309,338,0.66015625,-0.82840237
2,339,341,0.66601562,-0.98826979
7,329,336,0.65625,-0.95833333
1,345,346,0.67578125,-0.99421965
10,326,336,0.65625,-0.94047619
5,327,332,0.6484375,-0.96987952
6,332,338,0.66015625,-0.96449704
0,335,335,0.65429688,-1
9,334,343,0.66992188,-0.94752187
7,329,336,0.65625,-0.95833333
30,301,331,0.64648438,-0.81873112
35,299,334,0.65234375,-0.79041916
29,313,342,0.66796875,-0.83040936
27,305,332,0.6484375,-0.8373494
40,290,330,0.64453125,-0.75757576
38,284,322,0.62890625,-0.76397516
43,293,336,0.65625,-0.74404762
74,250,324,0.6328125,-0.54320988
108,214,322,0.62890625,-0.32919255
102,219,321,0.62695312,-0.36448598
82,264,346,0.67578125,-0.52601156
50,284,334,0.65234375,-0.7005988
31,297,328,0.640625,-0.81097561
12,326,338,0.66015625,-0.92899408
6,325,331,0.64648438,-0.96374622
10,332,342,0.66796875,-0.94152047
9,323,332,0.6484375,-0.94578313
15,318,333,0.65039062,-0.90990991
18,307,325,0.63476562,-0.88923077
1,339,340,0.6640625,-0.99411765
16,311,327,0.63867188,-0.90214067
9,326,335,0.65429688,-0.94626866
17,313,330,0.64453125,-0.8969697
32,293,325,0.63476562,-0.80307692
4,330,334,0.65234375,-0.9760479
8,333,341,0.66601562,-0.95307918
11,316,327,0.63867188,-0.93272171
27,303,330,0.64453125,-0.83636364
3,334,337,0.65820312,-0.98219585
11,324,335,0.65429688,-0.93432836
6,326,332,0.6484375,-0.96385542
10,326,336,0.65625,-0.94047619
15,307,322,0.62890625,-0.9068323
29,298,327,0.63867188,-0.82262997
24,303,327,0.63867188,-0.85321101
32,293,325,0.63476562,-0.80307692
23,307,330,0.64453125,-0.86060606
34,307,341,0.66601562,-0.80058651
34,287,321,0.62695312,-0.78816199
39,290,329,0.64257812,-0.76291793
26,321,347,0.67773438,-0.85014409
0,335,335,0.65429688,-1
8,318,326,0.63671875,-0.95092025
3,330,333,0.65039062,-0.98198198
4,326,330,0.64453125,-0.97575758
18,324,342,0.66796875,-0.89473684
14,333,347,0.67773438,-0.91930836
7,318,325,0.63476562,-0.95692308
4,333,337,0.65820312,-0.97626113
0,332,332,0.6484375,-1
45,280,325,0.63476562,-0.72307692
14,320,334,0.65234375,-0.91616766
25,298,323,0.63085938,-0.84520124
6,337,343,0.66992188,-0.96501458
1,338,339,0.66210938,-0.99410029
12,331,343,0.66992188,-0.93002915
14,309,323,0.63085938,-0.91331269
5,326,331,0.64648438,-0.96978852
15,315,330,0.64453125,-0.90909091
24,305,329,0.64257812,-0.85410334
9,330,339,0.66210938,-0.94690265
17,317,334,0.65234375,-0.89820359
14,319,333,0.65039062,-0.91591592
1,331,332,0.6484375,-0.9939759
16,321,337,0.65820312,-0.90504451
43,285,328,0.640625,-0.73780488
38,287,325,0.63476562,-0.76615385
43,281,324,0.6328125,-0.7345679
60,265,325,0.63476562,-0.63076923
42,292,334,0.65234375,-0.74850299
44,285,329,0.64257812,-0.7325228
16,323,339,0.66210938,-0.90560472
4,324,328,0.640625,-0.97560976
0,342,342,0.66796875,-1
16,305,321,0.62695312,-0.90031153
16,316,332,0.6484375,-0.90361446
19,311,330,0.64453125,-0.88484848
11,328,339,0.66210938,-0.93510324
9,322,331,0.64648438,-0.94561934
10,325,335,0.65429688,-0.94029851
12,314,326,0.63671875,-0.92638037
7,329,336,0.65625,-0.95833333
29,300,329,0.64257812,-0.82370821
45,286,331,0.64648438,-0.72809668
49,268,317,0.61914062,-0.69085174
85,242,327,0.63867188,-0.48012232
33,302,335,0.65429688,-0.80298507
63,272,335,0.65429688,-0.6238806
29,301,330,0.64453125,-0.82424242
30,295,325,0.63476562,-0.81538462
52,268,320,0.625,-0.675
62,261,323,0.63085938,-0.61609907
80,247,327,0.63867188,-0.51070336
25,296,321,0.62695312,-0.84423676
52,284,336,0.65625,-0.69047619
7,333,340,0.6640625,-0.95882353
18,312,330,0.64453125,-0.89090909
1,331,332,0.6484375,-0.9939759
6,319,325,0.63476562,-0.96307692
9,322,331,0.64648438,-0.94561934
11,322,333,0.65039062,-0.93393393
3,337,340,0.6640625,-0.98235294
12,326,338,0.66015625,-0.92899408
18,324,342,0.66796875,-0.89473684
6,329,335,0.65429688,-0.9641791
2,342,344,0.671875,-0.98837209
39,281,320,0.625,-0.75625
39,303,342,0.66796875,-0.77192982
47,278,325,0.63476562,-0.71076923
28,306,334,0.65234375,-0.83233533
10,320,330,0.64453125,-0.93939394
15,318,333,0.65039062,-0.90990991
3,339,342,0.66796875,-0.98245614
2,329,331,0.64648438,-0.98791541
4,328,332,0.6484375,-0.97590361
3,323,326,0.63671875,-0.98159509
3,337,340,0.6640625,-0.98235294
38,301,339,0.66210938,-0.77581121
27,300,327,0.63867188,-0.83486239
28,297,325,0.63476562,-0.82769231
19,312,331,0.64648438,-0.88519637
28,304,332,0.6484375,-0.8313253
2,343,345,0.67382812,-0.9884058
1,325,326,0.63671875,-0.99386503
10,333,343,0.66992188,-0.94169096
17,314,331,0.64648438,-0.89728097
58,276,334,0.65234375,-0.65269461
47,283,330,0.64453125,-0.71515152
52,280,332,0.6484375,-0.68674699
17,305,322,0.62890625,-0.89440994
9,320,329,0.64257812,-0.94528875
10,328,338,0.66015625,-0.9408284
27,300,327,0.63867188,-0.83486239
39,285,324,0.6328125,-0.75925926
11,326,337,0.65820312,-0.9347181
4,319,323,0.63085938,-0.9752322
14,309,323,0.63085938,-0.91331269
8,307,315,0.61523438,-0.94920635
13,313,326,0.63671875,-0.9202454
23,309,332,0.6484375,-0.86144578
14,328,342,0.66796875,-0.91812865
3,335,338,0.66015625,-0.98224852
12,330,342,0.66796875,-0.92982456
10,333,343,0.66992188,-0.94169096
17,328,345,0.67382812,-0.90144928
30,278,308,0.6015625,-0.80519481
63,273,336,0.65625,-0.625
30,310,340,0.6640625,-0.82352941
9,323,332,0.6484375,-0.94578313
11,323,334,0.65234375,-0.93413174
65,257,322,0.62890625,-0.59627329
73,258,331,0.64648438,-0.55891239
51,277,328,0.640625,-0.68902439
72,257,329,0.64257812,-0.56231003
24,313,337,0.65820312,-0.85756677
20,312,332,0.6484375,-0.87951807
1,338,339,0.66210938,-0.99410029
10,333,343,0.66992188,-0.94169096
4,328,332,0.6484375,-0.97590361
9,323,332,0.6484375,-0.94578313
13,335,348,0.6796875,-0.92528736
0,336,336,0.65625,-1
29,318,347,0.67773438,-0.83285303
29,300,329,0.64257812,-0.82370821
2,318,320,0.625,-0.9875
0,345,345,0.67382812,-1
5,329,334,0.65234375,-0.97005988
5,329,334,0.65234375,-0.97005988
14,316,330,0.64453125,-0.91515152
5,328,333,0.65039062,-0.96996997
23,306,329,0.64257812,-0.86018237
36,284,320,0.625,-0.775
37,288,325,0.63476562,-0.77230769
21,325,346,0.67578125,-0.87861272
41,308,349,0.68164062,-0.76504298
27,300,327,0.63867188,-0.83486239
20,328,348,0.6796875,-0.88505747
17,326,343,0.66992188,-0.90087464
7,343,350,0.68359375,-0.96
5,340,345,0.67382812,-0.97101449
7,317,324,0.6328125,-0.95679012
16,308,324,0.6328125,-0.90123457
26,303,329,0.64257812,-0.84194529
8,319,327,0.63867188,-0.95107034
39,283,322,0.62890625,-0.75776398
42,286,328,0.640625,-0.74390244
23,315,338,0.66015625,-0.86390533
29,308,337,0.65820312,-0.82789318
47,277,324,0.6328125,-0.70987654
15,319,334,0.65234375,-0.91017964
21,313,334,0.65234375,-0.8742515
13,320,333,0.65039062,-0.92192192
11,320,331,0.64648438,-0.93353474
9,327,336,0.65625,-0.94642857
16,314,330,0.64453125,-0.9030303
3,343,346,0.67578125,-0.98265896
9,321,330,0.64453125,-0.94545455
0,329,329,0.64257812,-1
11,326,337,0.65820312,-0.9347181
13,322,335,0.65429688,-0.92238806
33,294,327,0.63867188,-0.79816514
38,281,319,0.62304688,-0.76175549
8,333,341,0.66601562,-0.95307918
3,331,334,0.65234375,-0.98203593
8,317,325,0.63476562,-0.95076923
38,300,338,0.66015625,-0.77514793
15,319,334,0.65234375,-0.91017964
1,327,328,0.640625,-0.99390244
16,320,336,0.65625,-0.9047619
35,292,327,0.63867188,-0.78593272
19,316,335,0.65429688,-0.88656716
18,315,333,0.65039062,-0.89189189
2,324,326,0.63671875,-0.98773006
5,331,336,0.65625,-0.9702381
14,319,333,0.65039062,-0.91591592
10,323,333,0.65039062,-0.93993994
13,311,324,0.6328125,-0.91975309
7,317,324,0.6328125,-0.95679012
22,314,336,0.65625,-0.86904762
11,316,327,0.63867188,-0.93272171
13,320,333,0.65039062,-0.92192192
12,323,335,0.65429688,-0.92835821
0,324,324,0.6328125,-1
2,340,342,0.66796875,-0.98830409
6,324,330,0.64453125,-0.96363636
5,329,334,0.65234375,-0.97005988
30,301,331,0.64648438,-0.81873112
24,315,339,0.66210938,-0.85840708
16,320,336,0.65625,-0.9047619
29,300,329,0.64257812,-0.82370821
0,331,331,0.64648438,-1
24,311,335,0.65429688,-0.85671642
15,317,332,0.6484375,-0.90963855
6,334,340,0.6640625,-0.96470588
2,328,330,0.64453125,-0.98787879
19,320,339,0.66210938,-0.8879056
28,297,325,0.63476562,-0.82769231
47,291,338,0.66015625,-0.72189349
56,271,327,0.63867188,-0.65749235
60,274,334,0.65234375,-0.64071856
52,266,318,0.62109375,-0.67295597
46,279,325,0.63476562,-0.71692308
36,287,323,0.63085938,-0.77708978
5,336,341,0.66601562,-0.97067449
14,323,337,0.65820312,-0.91691395
2,341,343,0.66992188,-0.98833819
2,341,343,0.66992188,-0.98833819
9,336,345,0.67382812,-0.94782609
14,328,342,0.66796875,-0.91812865
40,287,327,0.63867188,-0.75535168
26,312,338,0.66015625,-0.84615385
2,335,337,0.65820312,-0.98813056
0,345,345,0.67382812,-1
5,327,332,0.6484375,-0.96987952
6,317,323,0.63085938,-0.9628483
48,291,339,0.66210938,-0.71681416
40,285,325,0.63476562,-0.75384615
19,298,317,0.61914062,-0.88012618
20,304,324,0.6328125,-0.87654321
7,335,342,0.66796875,-0.95906433
3,326,329,0.64257812,-0.98176292
3,335,338,0.66015625,-0.98224852
4,332,336,0.65625,-0.97619048
0,345,345,0.67382812,-1
19,317,336,0.65625,-0.88690476
6,327,333,0.65039062,-0.96396396
1,343,344,0.671875,-0.99418605
14,324,338,0.66015625,-0.91715976
22,317,339,0.66210938,-0.87020649
36,293,329,0.64257812,-0.78115502
20,324,344,0.671875,-0.88372093
43,282,325,0.63476562,-0.73538462
56,270,326,0.63671875,-0.65644172
80,241,321,0.62695312,-0.50155763
60,268,328,0.640625,-0.63414634
72,259,331,0.64648438,-0.56495468
64,262,326,0.63671875,-0.60736196
22,308,330,0.64453125,-0.86666667
7,340,347,0.67773438,-0.95965418
2,336,338,0.66015625,-0.98816568
3,329,332,0.6484375,-0.98192771
11,316,327,0.63867188,-0.93272171
24,317,341,0.66601562,-0.85923754
15,310,325,0.63476562,-0.90769231
3,325,328,0.640625,-0.98170732
1,344,345,0.67382812,-0.9942029
10,326,336,0.65625,-0.94047619
4,328,332,0.6484375,-0.97590361
21,313,334,0.65234375,-0.8742515
65,268,333,0.65039062,-0.60960961
80,243,323,0.63085938,-0.50464396
80,247,327,0.63867188,-0.51070336
83,238,321,0.62695312,-0.48286604
82,241,323,0.63085938,-0.49226006
219,103,322,0.62890625,0.36024845
206,108,314,0.61328125,0.31210191
223,100,323,0.63085938,0.38080495
191,125,316,0.6171875,0.20886076
240,86,326,0.63671875,0.47239264
283,70,353,0.68945312,0.60339943
304,30,334,0.65234375,0.82035928
340,1,341,0.66601562,0.9941349
315,14,329,0.64257812,0.91489362
303,25,328,0.640625,0.84756098
301,29,330,0.64453125,0.82424242
304,31,335,0.65429688,0.81492537
313,16,329,0.64257812,0.90273556
315,18,333,0.65039062,0.89189189
328,14,342,0.66796875,0.91812865
329,1,330,0.64453125,0.99393939
316,14,330,0.64453125,0.91515152
335,2,337,0.65820312,0.98813056
318,7,325,0.63476562,0.95692308
338,2,340,0.6640625,0.98823529
336,6,342,0.66796875,0.96491228
310,23,333,0.65039062,0.86186186
283,43,326,0.63671875,0.73619632
305,30,335,0.65429688,0.82089552
292,33,325,0.63476562,0.79692308
292,41,333,0.65039062,0.75375375
258,61,319,0.62304688,0.61755486
271,53,324,0.6328125,0.67283951
307,26,333,0.65039062,0.84384384
338,4,342,0.66796875,0.97660819
305,16,321,0.62695312,0.90031153
322,9,331,0.64648438,0.94561934
314,7,321,0.62695312,0.95638629
320,4,324,0.6328125,0.97530864
299,21,320,0.625,0.86875
278,42,320,0.625,0.7375
284,44,328,0.640625,0.73170732
286,38,324,0.6328125,0.7654321
300,32,332,0.6484375,0.80722892
297,31,328,0.640625,0.81097561
295,22,317,0.61914062,0.86119874
312,14,326,0.63671875,0.91411043
291,31,322,0.62890625,0.80745342
334,4,338,0.66015625,0.97633136
325,1,326,0.63671875,0.99386503
315,12,327,0.63867188,0.9266055
322,6,328,0.640625,0.96341463
333,0,333,0.65039062,1
323,16,339,0.66210938,0.90560472
323,6,329,0.64257812,0.96352584
336,6,342,0.66796875,0.96491228
298,31,329,0.64257812,0.81155015
316,13,329,0.64257812,0.92097264
311,26,337,0.65820312,0.84569733
289,39,328,0.640625,0.76219512
277,51,328,0.640625,0.68902439
311,22,333,0.65039062,0.86786787
305,23,328,0.640625,0.8597561
300,36,336,0.65625,0.78571429
314,26,340,0.6640625,0.84705882
274,48,322,0.62890625,0.70186335
305,36,341,0.66601562,0.7888563
292,41,333,0.65039062,0.75375375
301,33,334,0.65234375,0.80239521
311,12,323,0.63085938,0.92569659
312,19,331,0.64648438,0.88519637
320,6,326,0.63671875,0.96319018
335,10,345,0.67382812,0.94202899
310,12,322,0.62890625,0.92546584
324,7,331,0.64648438,0.95770393
322,10,332,0.6484375,0.93975904
313,7,320,0.625,0.95625
327,4,331,0.64648438,0.97583082
323,10,333,0.65039062,0.93993994
313,33,346,0.67578125,0.80924855
322,17,339,0.66210938,0.89970501
313,20,333,0.65039062,0.87987988
329,10,339,0.66210938,0.94100295
318,19,337,0.65820312,0.88724036
288,39,327,0.63867188,0.76146789
310,11,321,0.62695312,0.93146417
318,5,323,0.63085938,0.96904025
310,13,323,0.63085938,0.91950464
315,12,327,0.63867188,0.9266055
321,11,332,0.6484375,0.93373494
310,12,322,0.62890625,0.92546584
315,23,338,0.66015625,0.86390533
308,32,340,0.6640625,0.81176471
277,52,329,0.64257812,0.68389058
278,57,335,0.65429688,0.65970149
244,80,324,0.6328125,0.50617284
259,66,325,0.63476562,0.59384615
290,50,340,0.6640625,0.70588235
293,33,326,0.63671875,0.79754601
287,38,325,0.63476562,0.76615385
296,40,336,0.65625,0.76190476
313,17,330,0.64453125,0.8969697
332,3,335,0.65429688,0.98208955
337,7,344,0.671875,0.95930233
325,16,341,0.66601562,0.90615836
335,4,339,0.66210938,0.97640118
314,21,335,0.65429688,0.87462687
306,23,329,0.64257812,0.86018237
346,0,346,0.67578125,1
310,13,323,0.63085938,0.91950464
337,2,339,0.66210938,0.98820059
310,12,322,0.62890625,0.92546584
296,37,333,0.65039062,0.77777778
305,25,330,0.64453125,0.84848485
328,6,334,0.65234375,0.96407186
303,27,330,0.64453125,0.83636364
330,12,342,0.66796875,0.92982456
311,25,336,0.65625,0.85119048
321,18,339,0.66210938,0.89380531
309,24,333,0.65039062,0.85585586
324,7,331,0.64648438,0.95770393
330,16,346,0.67578125,0.90751445
304,25,329,0.64257812,0.84802432
298,29,327,0.63867188,0.82262997
288,38,326,0.63671875,0.76687117
301,24,325,0.63476562,0.85230769
320,14,334,0.65234375,0.91616766
330,13,343,0.66992188,0.92419825
334,5,339,0.66210938,0.97050147
342,1,343,0.66992188,0.9941691
317,15,332,0.6484375,0.90963855
313,16,329,0.64257812,0.90273556
329,3,332,0.6484375,0.98192771
327,5,332,0.6484375,0.96987952
331,7,338,0.66015625,0.95857988
320,14,334,0.65234375,0.91616766
330,3,333,0.65039062,0.98198198
321,9,330,0.64453125,0.94545455
315,22,337,0.65820312,0.8694362
304,28,332,0.6484375,0.8313253
278,50,328,0.640625,0.69512195
279,38,317,0.61914062,0.76025237
254,70,324,0.6328125,0.56790123
295,32,327,0.63867188,0.80428135
321,21,342,0.66796875,0.87719298
347,1,348,0.6796875,0.99425287
325,15,340,0.6640625,0.91176471
327,9,336,0.65625,0.94642857
271,55,326,0.63671875,0.66257669
221,86,307,0.59960938,0.43973941
269,55,324,0.6328125,0.66049383
304,28,332,0.6484375,0.8313253
328,6,334,0.65234375,0.96407186
333,2,335,0.65429688,0.9880597
316,20,336,0.65625,0.88095238
287,30,317,0.61914062,0.81072555
286,50,336,0.65625,0.70238095
276,53,329,0.64257812,0.67781155
320,18,338,0.66015625,0.89349112
325,11,336,0.65625,0.93452381
317,13,330,0.64453125,0.92121212
323,16,339,0.66210938,0.90560472
331,0,331,0.64648438,1
295,28,323,0.63085938,0.82662539
314,14,328,0.640625,0.91463415
270,58,328,0.640625,0.64634146
299,22,321,0.62695312,0.86292835
327,8,335,0.65429688,0.95223881
323,10,333,0.65039062,0.93993994
325,2,327,0.63867188,0.98776758
312,18,330,0.64453125,0.89090909
295,36,331,0.64648438,0.78247734
301,24,325,0.63476562,0.85230769
301,38,339,0.66210938,0.77581121
308,20,328,0.640625,0.87804878
298,23,321,0.62695312,0.85669782
333,3,336,0.65625,0.98214286
327,4,331,0.64648438,0.97583082
334,4,338,0.66015625,0.97633136
319,3,322,0.62890625,0.98136646
304,23,327,0.63867188,0.85932722
293,38,331,0.64648438,0.77039275
277,53,330,0.64453125,0.67878788
287,43,330,0.64453125,0.73939394
312,35,347,0.67773438,0.79827089
289,48,337,0.65820312,0.71513353
315,22,337,0.65820312,0.8694362
298,27,325,0.63476562,0.83384615
313,17,330,0.64453125,0.8969697
336,2,338,0.66015625,0.98816568
343,2,345,0.67382812,0.9884058
322,9,331,0.64648438,0.94561934
333,7,340,0.6640625,0.95882353
303,19,322,0.62890625,0.88198758
333,4,337,0.65820312,0.97626113
340,1,341,0.66601562,0.9941349
328,8,336,0.65625,0.95238095
304,36,340,0.6640625,0.78823529
312,13,325,0.63476562,0.92
326,19,345,0.67382812,0.88985507
324,12,336,0.65625,0.92857143
294,37,331,0.64648438,0.77643505
302,39,341,0.66601562,0.771261
277,59,336,0.65625,0.64880952
295,29,324,0.6328125,0.82098765
313,20,333,0.65039062,0.87987988
317,18,335,0.65429688,0.89253731
286,39,325,0.63476562,0.76
296,33,329,0.64257812,0.7993921
332,17,349,0.68164062,0.9025788
326,3,329,0.64257812,0.98176292
341,1,342,0.66796875,0.99415205
318,14,332,0.6484375,0.91566265
302,17,319,0.62304688,0.89341693
326,20,346,0.67578125,0.88439306
303,15,318,0.62109375,0.90566038
338,5,343,0.66992188,0.97084548
272,49,321,0.62695312,0.69470405
315,22,337,0.65820312,0.8694362
331,10,341,0.66601562,0.94134897
315,15,330,0.64453125,0.90909091
337,0,337,0.65820312,1
294,33,327,0.63867188,0.79816514
301,28,329,0.64257812,0.82978723
313,20,333,0.65039062,0.87987988
319,13,332,0.6484375,0.92168675
344,1,345,0.67382812,0.9942029
333,10,343,0.66992188,0.94169096
322,11,333,0.65039062,0.93393393
318,3,321,0.62695312,0.98130841
313,16,329,0.64257812,0.90273556
320,20,340,0.6640625,0.88235294
284,26,310,0.60546875,0.83225806
289,33,322,0.62890625,0.79503106
320,17,337,0.65820312,0.89910979
303,31,334,0.65234375,0.81437126
302,27,329,0.64257812,0.83586626
321,16,337,0.65820312,0.90504451
302,32,334,0.65234375,0.80838323
257,72,329,0.64257812,0.56231003
308,32,340,0.6640625,0.81176471
280,41,321,0.62695312,0.74454829
316,7,323,0.63085938,0.95665635
338,3,341,0.66601562,0.98240469
335,0,335,0.65429688,1
288,41,329,0.64257812,0.75075988
310,26,336,0.65625,0.8452381
325,15,340,0.6640625,0.91176471
316,18,334,0.65234375,0.89221557
292,38,330,0.64453125,0.76969697
313,18,331,0.64648438,0.89123867
319,10,329,0.64257812,0.93920973
298,22,320,0.625,0.8625
304,31,335,0.65429688,0.81492537
278,59,337,0.65820312,0.64985163
307,29,336,0.65625,0.82738095
311,18,329,0.64257812,0.89057751
293,34,327,0.63867188,0.79204893
293,32,325,0.63476562,0.80307692
309,27,336,0.65625,0.83928571
322,12,334,0.65234375,0.92814371
331,0,331,0.64648438,1
325,10,335,0.65429688,0.94029851
301,28,329,0.64257812,0.82978723
298,22,320,0.625,0.8625
306,24,330,0.64453125,0.85454545
295,24,319,0.62304688,0.84952978
292,32,324,0.6328125,0.80246914
318,27,345,0.67382812,0.84347826
286,40,326,0.63671875,0.75460123
293,37,330,0.64453125,0.77575758
330,9,339,0.66210938,0.94690265
331,7,338,0.66015625,0.95857988
326,8,334,0.65234375,0.95209581
311,20,331,0.64648438,0.87915408
310,14,324,0.6328125,0.91358025
329,5,334,0.65234375,0.97005988
302,14,316,0.6171875,0.91139241
333,5,338,0.66015625,0.9704142
331,6,337,0.65820312,0.96439169
313,18,331,0.64648438,0.89123867
345,2,347,0.67773438,0.98847262
319,6,325,0.63476562,0.96307692
293,29,322,0.62890625,0.81987578
320,14,334,0.65234375,0.91616766
328,7,335,0.65429688,0.95820896
322,4,326,0.63671875,0.97546012
326,8,334,0.65234375,0.95209581
331,8,339,0.66210938,0.95280236
317,13,330,0.64453125,0.92121212
333,9,342,0.66796875,0.94736842
296,31,327,0.63867188,0.81039755
324,18,342,0.66796875,0.89473684
324,14,338,0.66015625,0.91715976
318,16,334,0.65234375,0.90419162
343,7,350,0.68359375,0.96
326,3,329,0.64257812,0.98176292
323,12,335,0.65429688,0.92835821
320,14,334,0.65234375,0.91616766
350,0,350,0.68359375,1
328,16,344,0.671875,0.90697674
331,10,341,0.66601562,0.94134897
347,1,348,0.6796875,0.99425287
332,10,342,0.66796875,0.94152047
307,32,339,0.66210938,0.81120944
295,35,330,0.64453125,0.78787879
318,15,333,0.65039062,0.90990991
336,1,337,0.65820312,0.99406528
335,5,340,0.6640625,0.97058824
305,28,333,0.65039062,0.83183183
288,37,325,0.63476562,0.77230769
337,0,337,0.65820312,1
312,13,325,0.63476562,0.92
321,7,328,0.640625,0.95731707
314,23,337,0.65820312,0.86350148
335,14,349,0.68164062,0.91977077
332,9,341,0.66601562,0.94721408
342,5,347,0.67773438,0.97118156
325,8,333,0.65039062,0.95195195
337,3,340,0.6640625,0.98235294
339,2,341,0.66601562,0.98826979
337,5,342,0.66796875,0.97076023
305,34,339,0.66210938,0.79941003
318,23,341,0.66601562,0.86510264
256,65,321,0.62695312,0.59501558
276,52,328,0.640625,0.68292683
286,41,327,0.63867188,0.74923547
290,41,331,0.64648438,0.75226586
275,58,333,0.65039062,0.65165165
252,75,327,0.63867188,0.5412844
265,72,337,0.65820312,0.5727003
287,47,334,0.65234375,0.71856287
307,17,324,0.6328125,0.89506173
279,46,325,0.63476562,0.71692308
314,28,342,0.66796875,0.83625731
304,9,313,0.61132812,0.94249201
321,11,332,0.6484375,0.93373494
321,9,330,0.64453125,0.94545455
337,4,341,0.66601562,0.97653959
328,7,335,0.65429688,0.95820896
329,8,337,0.65820312,0.95252226
330,3,333,0.65039062,0.98198198
322,16,338,0.66015625,0.90532544
297,26,323,0.63085938,0.83900929
325,4,329,0.64257812,0.97568389
338,0,338,0.66015625,1
344,2,346,0.67578125,0.98843931
328,4,332,0.6484375,0.97590361
315,4,319,0.62304688,0.97492163
327,3,330,0.64453125,0.98181818
324,5,329,0.64257812,0.96960486
316,13,329,0.64257812,0.92097264
293,29,322,0.62890625,0.81987578
312,25,337,0.65820312,0.85163205
276,46,322,0.62890625,0.71428571
272,44,316,0.6171875,0.72151899
201,123,324,0.6328125,0.24074074
222,106,328,0.640625,0.35365854
238,100,338,0.66015625,0.40828402
273,55,328,0.640625,0.66463415
302,20,322,0.62890625,0.8757764
293,33,326,0.63671875,0.79754601
289,41,330,0.64453125,0.75151515
312,25,337,0.65820312,0.85163205
305,29,334,0.65234375,0.82634731
306,21,327,0.63867188,0.87155963
321,16,337,0.65820312,0.90504451
317,12,329,0.64257812,0.92705167
330,14,344,0.671875,0.91860465
321,6,327,0.63867188,0.96330275
321,17,338,0.66015625,0.89940828
324,11,335,0.65429688,0.93432836
295,39,334,0.65234375,0.76646707
286,41,327,0.63867188,0.74923547
323,4,327,0.63867188,0.97553517
312,9,321,0.62695312,0.94392523
328,10,338,0.66015625,0.9408284
327,14,341,0.66601562,0.91788856
325,6,331,0.64648438,0.96374622
311,16,327,0.63867188,0.90214067
296,24,320,0.625,0.85
340,0,340,0.6640625,1
290,44,334,0.65234375,0.73652695
277,44,321,0.62695312,0.7258567
247,80,327,0.63867188,0.51070336
196,125,321,0.62695312,0.2211838
190,140,330,0.64453125,0.15151515
224,97,321,0.62695312,0.39563863
234,81,315,0.61523438,0.48571429
223,102,325,0.63476562,0.37230769
203,131,334,0.65234375,0.21556886
208,103,311,0.60742188,0.33762058
239,89,328,0.640625,0.45731707
252,66,318,0.62109375,0.58490566
245,74,319,0.62304688,0.53605016
274,57,331,0.64648438,0.65558912
289,35,324,0.6328125,0.78395062
290,40,330,0.64453125,0.75757576
295,25,320,0.625,0.84375
317,9,326,0.63671875,0.94478528
330,7,337,0.65820312,0.95845697
341,4,345,0.67382812,0.97681159
310,17,327,0.63867188,0.89602446
307,23,330,0.64453125,0.86060606
307,17,324,0.6328125,0.89506173
323,16,339,0.66210938,0.90560472
322,15,337,0.65820312,0.91097923
324,16,340,0.6640625,0.90588235
321,23,344,0.671875,0.86627907
306,20,326,0.63671875,0.87730061
305,14,319,0.62304688,0.91222571
317,9,326,0.63671875,0.94478528
329,1,330,0.64453125,0.99393939
316,16,332,0.6484375,0.90361446
336,1,337,0.65820312,0.99406528
316,4,320,0.625,0.975
336,0,336,0.65625,1
322,1,323,0.63085938,0.99380805
295,39,334,0.65234375,0.76646707
330,11,341,0.66601562,0.93548387
331,7,338,0.66015625,0.95857988
319,8,327,0.63867188,0.95107034
331,0,331,0.64648438,1
338,2,340,0.6640625,0.98823529
332,5,337,0.65820312,0.97032641
330,13,343,0.66992188,0.92419825
311,19,330,0.64453125,0.88484848
342,3,345,0.67382812,0.9826087
293,32,325,0.63476562,0.80307692
309,17,326,0.63671875,0.89570552
324,10,334,0.65234375,0.94011976
300,31,331,0.64648438,0.81268882
316,13,329,0.64257812,0.92097264
297,26,323,0.63085938,0.83900929
288,45,333,0.65039062,0.72972973
316,20,336,0.65625,0.88095238
306,33,339,0.66210938,0.80530973
318,14,332,0.6484375,0.91566265
329,11,340,0.6640625,0.93529412
322,19,341,0.66601562,0.88856305
338,2,340,0.6640625,0.98823529
344,2,346,0.67578125,0.98843931
331,9,340,0.6640625,0.94705882
318,10,328,0.640625,0.93902439
315,12,327,0.63867188,0.9266055
311,26,337,0.65820312,0.84569733
298,26,324,0.6328125,0.83950617
331,0,331,0.64648438,1
309,21,330,0.64453125,0.87272727
317,32,349,0.68164062,0.81661891
327,5,332,0.6484375,0.96987952
313,15,328,0.640625,0.90853659
320,16,336,0.65625,0.9047619
317,13,330,0.64453125,0.92121212
320,10,330,0.64453125,0.93939394
331,4,335,0.65429688,0.9761194
307,19,326,0.63671875,0.88343558
314,18,332,0.6484375,0.89156627
294,42,336,0.65625,0.75
283,40,323,0.63085938,0.75232198
341,5,346,0.67578125,0.97109827
337,2,339,0.66210938,0.98820059
326,0,326,0.63671875,1
328,5,333,0.65039062,0.96996997
331,8,339,0.66210938,0.95280236
341,0,341,0.66601562,1
338,10,348,0.6796875,0.94252874
328,14,342,0.66796875,0.91812865
303,22,325,0.63476562,0.86461538
291,44,335,0.65429688,0.73731343
314,17,331,0.64648438,0.89728097
292,36,328,0.640625,0.7804878
341,5,346,0.67578125,0.97109827
314,18,332,0.6484375,0.89156627
341,0,341,0.66601562,1
314,27,341,0.66601562,0.84164223
339,3,342,0.66796875,0.98245614
309,16,325,0.63476562,0.90153846
339,4,343,0.66992188,0.97667638
324,5,329,0.64257812,0.96960486
333,4,337,0.65820312,0.97626113
320,7,327,0.63867188,0.95718654
325,4,329,0.64257812,0.97568389
325,14,339,0.66210938,0.91740413
305,28,333,0.65039062,0.83183183
326,13,339,0.66210938,0.92330383
323,9,332,0.6484375,0.94578313
351,0,351,0.68554688,1
327,10,337,0.65820312,0.94065282
324,13,337,0.65820312,0.92284866
317,11,328,0.640625,0.93292683
290,34,324,0.6328125,0.79012346
291,17,308,0.6015625,0.88961039
318,21,339,0.66210938,0.87610619
316,14,330,0.64453125,0.91515152
333,12,345,0.67382812,0.93043478
316,18,334,0.65234375,0.89221557
334,3,337,0.65820312,0.98219585
314,14,328,0.640625,0.91463415
340,3,343,0.66992188,0.98250729
315,17,332,0.6484375,0.89759036
325,9,334,0.65234375,0.94610778
315,20,335,0.65429688,0.88059701
345,1,346,0.67578125,0.99421965
332,4,336,0.65625,0.97619048
325,6,331,0.64648438,0.96374622
318,9,327,0.63867188,0.94495413
331,11,342,0.66796875,0.93567251
316,18,334,0.65234375,0.89221557
324,6,330,0.64453125,0.96363636
321,11,332,0.6484375,0.93373494
320,17,337,0.65820312,0.89910979
288,39,327,0.63867188,0.76146789
294,39,333,0.65039062,0.76576577
328,8,336,0.65625,0.95238095
312,9,321,0.62695312,0.94392523
339,0,339,0.66210938,1
331,12,343,0.66992188,0.93002915
306,23,329,0.64257812,0.86018237
282,48,330,0.64453125,0.70909091
309,20,329,0.64257812,0.87841945
341,3,344,0.671875,0.98255814
309,22,331,0.64648438,0.86706949
336,4,340,0.6640625,0.97647059
302,25,327,0.63867188,0.8470948
334,2,336,0.65625,0.98809524
311,27,338,0.66015625,0.84023669
308,19,327,0.63867188,0.88379205
335,11,346,0.67578125,0.93641618
294,32,326,0.63671875,0.80368098
334,5,339,0.66210938,0.97050147
340,2,342,0.66796875,0.98830409
328,7,335,0.65429688,0.95820896
329,8,337,0.65820312,0.95252226
322,9,331,0.64648438,0.94561934
324,9,333,0.65039062,0.94594595
322,18,340,0.6640625,0.89411765
328,10,338,0.66015625,0.9408284
315,20,335,0.65429688,0.88059701
299,34,333,0.65039062,0.7957958
288,34,322,0.62890625,0.78881988
294,39,333,0.65039062,0.76576577
301,23,324,0.6328125,0.85802469
306,30,336,0.65625,0.82142857
275,48,323,0.63085938,0.70278638
319,15,334,0.65234375,0.91017964
306,18,324,0.6328125,0.88888889
331,3,334,0.65234375,0.98203593
331,7,338,0.66015625,0.95857988
281,30,311,0.60742188,0.80707395
269,52,321,0.62695312,0.67601246
288,49,337,0.65820312,0.70919881
282,54,336,0.65625,0.67857143
324,14,338,0.66015625,0.91715976
291,36,327,0.63867188,0.77981651
335,15,350,0.68359375,0.91428571
328,10,338,0.66015625,0.9408284
319,8,327,0.63867188,0.95107034
326,13,339,0.66210938,0.92330383
317,11,328,0.640625,0.93292683
309,26,335,0.65429688,0.84477612
323,11,334,0.65234375,0.93413174
329,5,334,0.65234375,0.97005988
341,0,341,0.66601562,1
322,9,331,0.64648438,0.94561934
323,9,332,0.6484375,0.94578313
312,27,339,0.66210938,0.84070796
312,8,320,0.625,0.95
338,3,341,0.66601562,0.98240469
316,12,328,0.640625,0.92682927
319,17,336,0.65625,0.89880952
327,11,338,0.66015625,0.93491124
319,14,333,0.65039062,0.91591592
318,8,326,0.63671875,0.95092025
328,5,333,0.65039062,0.96996997
301,16,317,0.61914062,0.89905363
330,7,337,0.65820312,0.95845697
320,16,336,0.65625,0.9047619
330,12,342,0.66796875,0.92982456
278,49,327,0.63867188,0.70030581
265,68,333,0.65039062,0.59159159
227,95,322,0.62890625,0.40993789
237,81,318,0.62109375,0.49056604
234,83,317,0.61914062,0.47634069
271,51,322,0.62890625,0.68322981
246,83,329,0.64257812,0.49544073
209,113,322,0.62890625,0.29813665
273,58,331,0.64648438,0.64954683
292,42,334,0.65234375,0.74850299
269,76,345,0.67382812,0.55942029
274,51,325,0.63476562,0.68615385
302,29,331,0.64648438,0.82477341
311,20,331,0.64648438,0.87915408
335,12,347,0.67773438,0.93083573
315,25,340,0.6640625,0.85294118
316,20,336,0.65625,0.88095238
291,32,323,0.63085938,0.80185759
299,36,335,0.65429688,0.78507463
279,38,317,0.61914062,0.76025237
304,27,331,0.64648438,0.83685801
299,36,335,0.65429688,0.78507463
299,35,334,0.65234375,0.79041916
296,29,325,0.63476562,0.82153846
323,19,342,0.66796875,0.88888889
322,10,332,0.6484375,0.93975904
281,42,323,0.63085938,0.73993808
316,22,338,0.66015625,0.86982249
273,41,314,0.61328125,0.7388535
329,3,332,0.6484375,0.98192771
340,6,346,0.67578125,0.96531792
340,6,346,0.67578125,0.96531792
323,16,339,0.66210938,0.90560472
311,13,324,0.6328125,0.91975309
319,22,341,0.66601562,0.87096774
301,26,327,0.63867188,0.84097859
309,11,320,0.625,0.93125
303,20,323,0.63085938,0.87616099
326,12,338,0.66015625,0.92899408
318,8,326,0.63671875,0.95092025
326,2,328,0.640625,0.98780488
313,6,319,0.62304688,0.96238245
308,15,323,0.63085938,0.90712074
320,10,330,0.64453125,0.93939394
312,21,333,0.65039062,0.87387387
317,13,330,0.64453125,0.92121212
323,3,326,0.63671875,0.98159509
309,25,334,0.65234375,0.8502994
276,59,335,0.65429688,0.64776119
213,107,320,0.625,0.33125
248,76,324,0.6328125,0.5308642
246,82,328,0.640625,0.5
268,58,326,0.63671875,0.64417178
313,27,340,0.6640625,0.84117647
295,27,322,0.62890625,0.83229814
317,11,328,0.640625,0.93292683
305,18,323,0.63085938,0.88854489
304,26,330,0.64453125,0.84242424
325,12,337,0.65820312,0.92878338
329,12,341,0.66601562,0.92961877
349,1,350,0.68359375,0.99428571
321,12,333,0.65039062,0.92792793
315,11,326,0.63671875,0.93251534
323,13,336,0.65625,0.92261905
309,18,327,0.63867188,0.88990826
300,38,338,0.66015625,0.77514793
307,21,328,0.640625,0.87195122
296,34,330,0.64453125,0.79393939
280,56,336,0.65625,0.66666667
307,46,353,0.68945312,0.73937677
271,61,332,0.6484375,0.63253012
299,28,327,0.63867188,0.82874618
311,23,334,0.65234375,0.86227545
318,15,333,0.65039062,0.90990991
295,32,327,0.63867188,0.80428135
316,16,332,0.6484375,0.90361446
314,28,342,0.66796875,0.83625731
325,13,338,0.66015625,0.92307692
308,6,314,0.61328125,0.96178344
307,12,319,0.62304688,0.92476489
307,22,329,0.64257812,0.8662614
322,7,329,0.64257812,0.95744681
308,28,336,0.65625,0.83333333
318,17,335,0.65429688,0.89850746
323,1,324,0.6328125,0.99382716
321,19,340,0.6640625,0.88823529
322,10,332,0.6484375,0.93975904
333,3,336,0.65625,0.98214286
312,18,330,0.64453125,0.89090909
332,17,349,0.68164062,0.9025788
335,11,346,0.67578125,0.93641618
321,11,332,0.6484375,0.93373494
333,10,343,0.66992188,0.94169096
342,2,344,0.671875,0.98837209
325,5,330,0.64453125,0.96969697
283,41,324,0.6328125,0.74691358
303,19,322,0.62890625,0.88198758
322,23,345,0.67382812,0.86666667
293,47,340,0.6640625,0.72352941
286,49,335,0.65429688,0.70746269
314,30,344,0.671875,0.8255814
293,46,339,0.66210938,0.72861357
297,41,338,0.66015625,0.75739645
321,10,331,0.64648438,0.93957704
333,6,339,0.66210938,0.96460177
323,14,337,0.65820312,0.91691395
332,10,342,0.66796875,0.94152047
324,12,336,0.65625,0.92857143
300,27,327,0.63867188,0.83486239
323,9,332,0.6484375,0.94578313
317,19,336,0.65625,0.88690476
306,26,332,0.6484375,0.84337349
270,51,321,0.62695312,0.68224299
315,18,333,0.65039062,0.89189189
312,21,333,0.65039062,0.87387387
334,3,337,0.65820312,0.98219585
329,2,331,0.64648438,0.98791541
329,13,342,0.66796875,0.92397661
327,6,333,0.65039062,0.96396396
313,19,332,0.6484375,0.88554217
293,27,320,0.625,0.83125
304,29,333,0.65039062,0.82582583
328,8,336,0.65625,0.95238095
306,20,326,0.63671875,0.87730061
331,8,339,0.66210938,0.95280236
317,9,326,0.63671875,0.94478528
324,9,333,0.65039062,0.94594595
334,3,337,0.65820312,0.98219585
338,3,341,0.66601562,0.98240469
343,0,343,0.66992188,1
317,12,329,0.64257812,0.92705167
316,14,330,0.64453125,0.91515152
324,21,345,0.67382812,0.87826087
311,26,337,0.65820312,0.84569733
318,18,336,0.65625,0.89285714
300,29,329,0.64257812,0.82370821
317,15,332,0.6484375,0.90963855
282,44,326,0.63671875,0.73006135
285,45,330,0.64453125,0.72727273
259,67,326,0.63671875,0.58895706
259,62,321,0.62695312,0.61370717
208,105,313,0.61132812,0.32907348
208,101,309,0.60351562,0.34627832
244,86,330,0.64453125,0.47878788
274,65,339,0.66210938,0.61651917
272,62,334,0.65234375,0.62874251
282,39,321,0.62695312,0.75700935
310,22,332,0.6484375,0.86746988
327,6,333,0.65039062,0.96396396
342,3,345,0.67382812,0.9826087
322,11,333,0.65039062,0.93393393
320,11,331,0.64648438,0.93353474
328,13,341,0.66601562,0.92375367
301,21,322,0.62890625,0.86956522
306,31,337,0.65820312,0.81602374
291,34,325,0.63476562,0.79076923
266,61,327,0.63867188,0.62691131
323,19,342,0.66796875,0.88888889
302,15,317,0.61914062,0.90536278
302,23,325,0.63476562,0.85846154
301,27,328,0.640625,0.83536585
302,24,326,0.63671875,0.85276074
320,6,326,0.63671875,0.96319018
309,12,321,0.62695312,0.92523364
332,9,341,0.66601562,0.94721408
315,10,325,0.63476562,0.93846154
310,11,321,0.62695312,0.93146417
298,11,309,0.60351562,0.92880259
312,16,328,0.640625,0.90243902
331,9,340,0.6640625,0.94705882
265,62,327,0.63867188,0.62079511
297,28,325,0.63476562,0.82769231
314,30,344,0.671875,0.8255814
327,16,343,0.66992188,0.90670554
297,35,332,0.6484375,0.78915663
340,9,349,0.68164062,0.94842407
312,17,329,0.64257812,0.89665653
326,6,332,0.6484375,0.96385542
321,4,325,0.63476562,0.97538462
332,9,341,0.66601562,0.94721408
308,25,333,0.65039062,0.84984985
327,5,332,0.6484375,0.96987952
331,7,338,0.66015625,0.95857988
324,4,328,0.640625,0.97560976
297,34,331,0.64648438,0.79456193
327,9,336,0.65625,0.94642857
339,6,345,0.67382812,0.96521739
332,4,336,0.65625,0.97619048
299,27,326,0.63671875,0.83435583
295,37,332,0.6484375,0.77710843
283,51,334,0.65234375,0.69461078
305,27,332,0.6484375,0.8373494
291,35,326,0.63671875,0.78527607
308,20,328,0.640625,0.87804878
279,36,315,0.61523438,0.77142857
291,35,326,0.63671875,0.78527607
241,70,311,0.60742188,0.54983923
267,63,330,0.64453125,0.61818182
226,105,331,0.64648438,0.36555891
279,38,317,0.61914062,0.76025237
306,28,334,0.65234375,0.83233533
313,28,341,0.66601562,0.83577713
312,26,338,0.66015625,0.84615385
318,11,329,0.64257812,0.9331307
300,34,334,0.65234375,0.79640719
287,44,331,0.64648438,0.73413897
273,59,332,0.6484375,0.64457831
300,33,333,0.65039062,0.8018018
307,23,330,0.64453125,0.86060606
318,13,331,0.64648438,0.92145015
270,50,320,0.625,0.6875
330,0,330,0.64453125,1
325,14,339,0.66210938,0.91740413
300,25,325,0.63476562,0.84615385
297,38,335,0.65429688,0.77313433
302,35,337,0.65820312,0.79228487
276,57,333,0.65039062,0.65765766
271,58,329,0.64257812,0.64741641
282,43,325,0.63476562,0.73538462
276,71,347,0.67773438,0.5907781
254,79,333,0.65039062,0.52552553
309,46,355,0.69335938,0.74084507
294,43,337,0.65820312,0.74480712
225,90,315,0.61523438,0.42857143
276,47,323,0.63085938,0.70897833
293,43,336,0.65625,0.74404762
336,3,339,0.66210938,0.98230088
331,16,347,0.67773438,0.90778098
304,20,324,0.6328125,0.87654321
331,4,335,0.65429688,0.9761194
306,21,327,0.63867188,0.87155963
307,18,325,0.63476562,0.88923077
313,28,341,0.66601562,0.83577713
293,44,337,0.65820312,0.7388724
272,58,330,0.64453125,0.64848485
268,63,331,0.64648438,0.61933535
243,81,324,0.6328125,0.5
274,44,318,0.62109375,0.72327044
261,65,326,0.63671875,0.60122699
246,83,329,0.64257812,0.49544073
279,52,331,0.64648438,0.6858006
257,69,326,0.63671875,0.57668712
318,8,326,0.63671875,0.95092025
322,18,340,0.6640625,0.89411765
336,6,342,0.66796875,0.96491228
324,10,334,0.65234375,0.94011976
309,25,334,0.65234375,0.8502994
311,26,337,0.65820312,0.84569733
332,10,342,0.66796875,0.94152047
293,36,329,0.64257812,0.78115502
295,48,343,0.66992188,0.72011662
307,23,330,0.64453125,0.86060606
322,10,332,0.6484375,0.93975904
334,6,340,0.6640625,0.96470588
313,17,330,0.64453125,0.8969697
337,5,342,0.66796875,0.97076023
325,10,335,0.65429688,0.94029851
338,5,343,0.66992188,0.97084548
303,32,335,0.65429688,0.80895522
328,7,335,0.65429688,0.95820896
284,40,324,0.6328125,0.75308642
287,42,329,0.64257812,0.74468085
297,36,333,0.65039062,0.78378378
295,30,325,0.63476562,0.81538462
337,0,337,0.65820312,1
333,12,345,0.67382812,0.93043478
299,34,333,0.65039062,0.7957958
281,48,329,0.64257812,0.70820669
302,25,327,0.63867188,0.8470948
299,22,321,0.62695312,0.86292835
312,24,336,0.65625,0.85714286
292,34,326,0.63671875,0.79141104
252,73,325,0.63476562,0.55076923
249,85,334,0.65234375,0.49101796
285,51,336,0.65625,0.69642857
245,79,324,0.6328125,0.51234568
228,75,303,0.59179688,0.5049505
266,67,333,0.65039062,0.5975976
271,49,320,0.625,0.69375
326,1,327,0.63867188,0.99388379
294,44,338,0.66015625,0.73964497
290,48,338,0.66015625,0.71597633
305,33,338,0.66015625,0.80473373
299,36,335,0.65429688,0.78507463
256,66,322,0.62890625,0.59006211
245,79,324,0.6328125,0.51234568
233,95,328,0.640625,0.42073171
237,94,331,0.64648438,0.43202417
196,124,320,0.625,0.225
243,71,314,0.61328125,0.5477707
290,32,322,0.62890625,0.80124224
320,12,332,0.6484375,0.92771084
312,22,334,0.65234375,0.86826347
297,40,337,0.65820312,0.76261128
274,47,321,0.62695312,0.70716511
247,83,330,0.64453125,0.4969697
244,79,323,0.63085938,0.51083591
242,82,324,0.6328125,0.49382716
235,91,326,0.63671875,0.44171779
300,33,333,0.65039062,0.8018018
282,48,330,0.64453125,0.70909091
270,48,318,0.62109375,0.69811321
241,84,325,0.63476562,0.48307692
249,67,316,0.6171875,0.57594937
269,72,341,0.66601562,0.57771261
274,63,337,0.65820312,0.62611276
277,55,332,0.6484375,0.6686747
308,24,332,0.6484375,0.85542169
293,33,326,0.63671875,0.79754601
302,36,338,0.66015625,0.78698225
264,64,328,0.640625,0.6097561
271,46,317,0.61914062,0.70977918
286,45,331,0.64648438,0.72809668
307,14,321,0.62695312,0.91277259
316,19,335,0.65429688,0.88656716
274,54,328,0.640625,0.67073171
264,60,324,0.6328125,0.62962963
248,73,321,0.62695312,0.54517134
310,28,338,0.66015625,0.83431953
280,44,324,0.6328125,0.72839506
303,28,331,0.64648438,0.83081571
280,48,328,0.640625,0.70731707
261,63,324,0.6328125,0.61111111
255,78,333,0.65039062,0.53153153
265,50,315,0.61523438,0.68253968
272,62,334,0.65234375,0.62874251
219,102,321,0.62695312,0.36448598
210,117,327,0.63867188,0.28440367
188,137,325,0.63476562,0.15692308
184,138,322,0.62890625,0.14285714
197,136,333,0.65039062,0.18318318
231,92,323,0.63085938,0.43034056
265,56,321,0.62695312,0.65109034
255,77,332,0.6484375,0.53614458
253,75,328,0.640625,0.54268293
269,62,331,0.64648438,0.62537764
278,55,333,0.65039062,0.66966967
282,47,329,0.64257812,0.71428571
268,58,326,0.63671875,0.64417178
274,63,337,0.65820312,0.62611276
225,100,325,0.63476562,0.38461538
249,74,323,0.63085938,0.54179567
229,84,313,0.61132812,0.46325879
256,77,333,0.65039062,0.53753754
201,141,342,0.66796875,0.1754386
205,111,316,0.6171875,0.29746835
200,125,325,0.63476562,0.23076923
167,154,321,0.62695312,0.040498442
227,114,341,0.66601562,0.3313783
255,76,331,0.64648438,0.5407855
242,85,327,0.63867188,0.48012232
251,83,334,0.65234375,0.50299401
230,91,321,0.62695312,0.43302181
279,53,332,0.6484375,0.68072289
300,39,339,0.66210938,0.7699115
299,29,328,0.640625,0.82317073
312,18,330,0.64453125,0.89090909
288,39,327,0.63867188,0.76146789
328,15,343,0.66992188,0.91253644
322,14,336,0.65625,0.91666667
323,19,342,0.66796875,0.88888889
319,12,331,0.64648438,0.92749245
323,16,339,0.66210938,0.90560472
329,5,334,0.65234375,0.97005988
319,12,331,0.64648438,0.92749245
328,3,331,0.64648438,0.98187311
327,11,338,0.66015625,0.93491124
317,18,335,0.65429688,0.89253731
351,7,358,0.69921875,0.96089385
316,19,335,0.65429688,0.88656716
325,2,327,0.63867188,0.98776758
340,0,340,0.6640625,1
320,6,326,0.63671875,0.96319018
318,7,325,0.63476562,0.95692308
330,8,338,0.66015625,0.95266272
312,15,327,0.63867188,0.90825688
291,37,328,0.640625,0.77439024
286,51,337,0.65820312,0.69732938
305,19,324,0.6328125,0.88271605
334,18,352,0.6875,0.89772727
324,5,329,0.64257812,0.96960486
304,28,332,0.6484375,0.8313253
319,29,348,0.6796875,0.83333333
287,47,334,0.65234375,0.71856287
271,45,316,0.6171875,0.71518987
294,31,325,0.63476562,0.80923077
298,22,320,0.625,0.8625
302,23,325,0.63476562,0.85846154
270,56,326,0.63671875,0.65644172
321,25,346,0.67578125,0.85549133
280,43,323,0.63085938,0.73374613
309,30,339,0.66210938,0.82300885
267,50,317,0.61914062,0.68454259
290,43,333,0.65039062,0.74174174
304,26,330,0.64453125,0.84242424
277,45,322,0.62890625,0.72049689
265,65,330,0.64453125,0.60606061
261,68,329,0.64257812,0.58662614
283,44,327,0.63867188,0.73088685
266,60,326,0.63671875,0.63190184
298,29,327,0.63867188,0.82262997
338,1,339,0.66210938,0.99410029
287,37,324,0.6328125,0.77160494
328,12,340,0.6640625,0.92941176
317,16,333,0.65039062,0.9039039
319,5,324,0.6328125,0.9691358
333,7,340,0.6640625,0.95882353
327,9,336,0.65625,0.94642857
316,17,333,0.65039062,0.8978979
319,9,328,0.640625,0.94512195
322,7,329,0.64257812,0.95744681
334,0,334,0.65234375,1
307,24,331,0.64648438,0.85498489
296,28,324,0.6328125,0.82716049
307,24,331,0.64648438,0.85498489
292,35,327,0.63867188,0.78593272
305,26,331,0.64648438,0.8429003
308,21,329,0.64257812,0.87234043
309,27,336,0.65625,0.83928571
331,10,341,0.66601562,0.94134897
307,9,316,0.6171875,0.94303797
339,0,339,0.66210938,1
330,2,332,0.6484375,0.98795181
318,11,329,0.64257812,0.9331307
327,10,337,0.65820312,0.94065282
318,13,331,0.64648438,0.92145015
280,49,329,0.64257812,0.70212766
271,65,336,0.65625,0.61309524
287,42,329,0.64257812,0.74468085
323,5,328,0.640625,0.9695122
289,40,329,0.64257812,0.75683891
322,10,332,0.6484375,0.93975904
313,19,332,0.6484375,0.88554217
311,23,334,0.65234375,0.86227545
310,18,328,0.640625,0.8902439
329,12,341,0.66601562,0.92961877
293,30,323,0.63085938,0.81424149
296,34,330,0.64453125,0.79393939
308,26,334,0.65234375,0.84431138
322,9,331,0.64648438,0.94561934
335,3,338,0.66015625,0.98224852
302,23,325,0.63476562,0.85846154
312,18,330,0.64453125,0.89090909
335,1,336,0.65625,0.99404762
324,3,327,0.63867188,0.98165138
339,0,339,0.66210938,1
309,12,321,0.62695312,0.92523364
323,13,336,0.65625,0.92261905
333,6,339,0.66210938,0.96460177
312,14,326,0.63671875,0.91411043
344,2,346,0.67578125,0.98843931
328,5,333,0.65039062,0.96996997
319,11,330,0.64453125,0.93333333
328,5,333,0.65039062,0.96996997
325,9,334,0.65234375,0.94610778
337,9,346,0.67578125,0.94797688
324,7,331,0.64648438,0.95770393
316,23,339,0.66210938,0.86430678
319,1,320,0.625,0.99375
322,20,342,0.66796875,0.88304094
291,38,329,0.64257812,0.76899696
264,65,329,0.64257812,0.60486322
263,68,331,0.64648438,0.58912387
264,67,331,0.64648438,0.59516616
265,70,335,0.65429688,0.58208955
302,27,329,0.64257812,0.83586626
309,22,331,0.64648438,0.86706949
350,0,350,0.68359375,1
344,1,345,0.67382812,0.9942029
302,31,333,0.65039062,0.81381381
331,9,340,0.6640625,0.94705882
334,0,334,0.65234375,1
309,18,327,0.63867188,0.88990826
327,6,333,0.65039062,0.96396396
300,10,310,0.60546875,0.93548387
304,19,323,0.63085938,0.88235294
309,26,335,0.65429688,0.84477612
330,4,334,0.65234375,0.9760479
323,19,342,0.66796875,0.88888889
306,21,327,0.63867188,0.87155963
322,20,342,0.66796875,0.88304094
308,24,332,0.6484375,0.85542169
297,40,337,0.65820312,0.76261128
304,27,331,0.64648438,0.83685801
276,60,336,0.65625,0.64285714
283,34,317,0.61914062,0.78548896
312,21,333,0.65039062,0.87387387
327,11,338,0.66015625,0.93491124
323,9,332,0.6484375,0.94578313
304,22,326,0.63671875,0.86503067
314,20,334,0.65234375,0.88023952
325,9,334,0.65234375,0.94610778
300,17,317,0.61914062,0.89274448
293,34,327,0.63867188,0.79204893
318,18,336,0.65625,0.89285714
321,10,331,0.64648438,0.93957704
308,15,323,0.63085938,0.90712074
320,6,326,0.63671875,0.96319018
318,22,340,0.6640625,0.87058824
309,14,323,0.63085938,0.91331269
310,26,336,0.65625,0.8452381
288,41,329,0.64257812,0.75075988
323,15,338,0.66015625,0.9112426
331,12,343,0.66992188,0.93002915
265,62,327,0.63867188,0.62079511
266,55,321,0.62695312,0.65732087
309,21,330,0.64453125,0.87272727
341,2,343,0.66992188,0.98833819
332,2,334,0.65234375,0.98802395
301,35,336,0.65625,0.79166667
277,44,321,0.62695312,0.7258567
287,47,334,0.65234375,0.71856287
263,67,330,0.64453125,0.59393939
277,57,334,0.65234375,0.65868263
277,45,322,0.62890625,0.72049689
282,48,330,0.64453125,0.70909091
275,58,333,0.65039062,0.65165165
266,57,323,0.63085938,0.64705882
276,52,328,0.640625,0.68292683
302,23,325,0.63476562,0.85846154
271,43,314,0.61328125,0.72611465
303,25,328,0.640625,0.84756098
309,16,325,0.63476562,0.90153846
316,26,342,0.66796875,0.84795322
321,12,333,0.65039062,0.92792793
314,12,326,0.63671875,0.92638037
320,24,344,0.671875,0.86046512
290,33,323,0.63085938,0.79566563
307,40,347,0.67773438,0.76945245
299,37,336,0.65625,0.7797619
321,20,341,0.66601562,0.88269795
309,32,341,0.66601562,0.81231672
295,31,326,0.63671875,0.80981595
295,40,335,0.65429688,0.76119403
311,22,333,0.65039062,0.86786787
316,14,330,0.64453125,0.91515152
311,26,337,0.65820312,0.84569733
309,22,331,0.64648438,0.86706949
270,59,329,0.64257812,0.64133739
303,23,326,0.63671875,0.85889571
334,10,344,0.671875,0.94186047
333,9,342,0.66796875,0.94736842
334,15,349,0.68164062,0.91404011
318,18,336,0.65625,0.89285714
334,4,338,0.66015625,0.97633136
334,0,334,0.65234375,1
298,21,319,0.62304688,0.86833856
331,10,341,0.66601562,0.94134897
314,10,324,0.6328125,0.9382716
332,3,335,0.65429688,0.98208955
324,6,330,0.64453125,0.96363636
343,11,354,0.69140625,0.93785311
314,13,327,0.63867188,0.9204893
293,30,323,0.63085938,0.81424149
271,57,328,0.640625,0.65243902
258,59,317,0.61914062,0.62776025
252,65,317,0.61914062,0.58990536
285,43,328,0.640625,0.73780488
227,99,326,0.63671875,0.39263804
290,42,332,0.6484375,0.74698795
297,36,333,0.65039062,0.78378378
332,9,341,0.66601562,0.94721408
299,32,331,0.64648438,0.80664653
322,13,335,0.65429688,0.92238806
322,5,327,0.63867188,0.96941896
320,12,332,0.6484375,0.92771084
322,8,330,0.64453125,0.95151515
316,26,342,0.66796875,0.84795322
319,18,337,0.65820312,0.89317507
301,30,331,0.64648438,0.81873112
311,17,328,0.640625,0.89634146
340,2,342,0.66796875,0.98830409
310,18,328,0.640625,0.8902439
294,32,326,0.63671875,0.80368098
310,19,329,0.64257812,0.88449848
321,6,327,0.63867188,0.96330275
343,4,347,0.67773438,0.97694524
327,8,335,0.65429688,0.95223881
259,56,315,0.61523438,0.64444444
227,90,317,0.61914062,0.43217666
242,90,332,0.6484375,0.45783133
257,60,317,0.61914062,0.6214511
249,81,330,0.64453125,0.50909091
286,45,331,0.64648438,0.72809668
312,21,333,0.65039062,0.87387387
322,14,336,0.65625,0.91666667
329,7,336,0.65625,0.95833333
300,33,333,0.65039062,0.8018018
324,18,342,0.66796875,0.89473684
324,5,329,0.64257812,0.96960486
336,7,343,0.66992188,0.95918367
283,36,319,0.62304688,0.77429467
296,33,329,0.64257812,0.7993921
302,32,334,0.65234375,0.80838323
282,31,313,0.61132812,0.80191693
332,13,345,0.67382812,0.92463768
336,10,346,0.67578125,0.94219653
323,8,331,0.64648438,0.95166163
324,10,334,0.65234375,0.94011976
324,8,332,0.6484375,0.95180723
333,10,343,0.66992188,0.94169096
337,7,344,0.671875,0.95930233
320,13,333,0.65039062,0.92192192
316,18,334,0.65234375,0.89221557
304,17,321,0.62695312,0.894081
324,9,333,0.65039062,0.94594595
292,28,320,0.625,0.825
348,6,354,0.69140625,0.96610169
299,19,318,0.62109375,0.88050314
327,9,336,0.65625,0.94642857
315,8,323,0.63085938,0.9504644
327,18,345,0.67382812,0.89565217
319,18,337,0.65820312,0.89317507
275,52,327,0.63867188,0.68195719
290,34,324,0.6328125,0.79012346
261,63,324,0.6328125,0.61111111
268,58,326,0.63671875,0.64417178
251,72,323,0.63085938,0.55417957
194,119,313,0.61132812,0.23961661
202,117,319,0.62304688,0.26645768
177,149,326,0.63671875,0.085889571
176,153,329,0.64257812,0.069908815
206,121,327,0.63867188,0.25993884
143,182,325,0.63476562,-0.12
118,218,336,0.65625,-0.29761905
131,189,320,0.625,-0.18125
164,162,326,0.63671875,0.0061349693
212,114,326,0.63671875,0.3006135
236,89,325,0.63476562,0.45230769
199,116,315,0.61523438,0.26349206
166,169,335,0.65429688,-0.0089552239
156,160,316,0.6171875,-0.012658228
100,221,321,0.62695312,-0.37694704
84,241,325,0.63476562,-0.48307692
47,289,336,0.65625,-0.7202381
55,278,333,0.65039062,-0.66966967
38,289,327,0.63867188,-0.7675841
22,319,341,0.66601562,-0.87096774
5,330,335,0.65429688,-0.97014925
28,295,323,0.63085938,-0.82662539
31,302,333,0.65039062,-0.81381381
18,332,350,0.68359375,-0.89714286
0,353,353,0.68945312,-1
2,333,335,0.65429688,-0.9880597
19,307,326,0.63671875,-0.88343558
0,342,342,0.66796875,-1
18,314,332,0.6484375,-0.89156627
33,284,317,0.61914062,-0.79179811
48,280,328,0.640625,-0.70731707
34,298,332,0.6484375,-0.79518072
41,288,329,0.64257812,-0.75075988
36,296,332,0.6484375,-0.78313253
8,331,339,0.66210938,-0.95280236
5,339,344,0.671875,-0.97093023
8,333,341,0.66601562,-0.95307918
10,319,329,0.64257812,-0.93920973
3,330,333,0.65039062,-0.98198198
15,334,349,0.68164062,-0.91404011
21,308,329,0.64257812,-0.87234043
47,278,325,0.63476562,-0.71076923
28,297,325,0.63476562,-0.82769231
6,324,330,0.64453125,-0.96363636
13,317,330,0.64453125,-0.92121212
21,311,332,0.6484375,-0.87349398
20,310,330,0.64453125,-0.87878788
32,305,337,0.65820312,-0.81008902
25,294,319,0.62304688,-0.84326019
15,325,340,0.6640625,-0.91176471
18,312,330,0.64453125,-0.89090909
25,290,315,0.61523438,-0.84126984
45,279,324,0.6328125,-0.72222222
25,294,319,0.62304688,-0.84326019
7,339,346,0.67578125,-0.95953757
9,314,323,0.63085938,-0.94427245
12,333,345,0.67382812,-0.93043478
35,302,337,0.65820312,-0.79228487
49,269,318,0.62109375,-0.6918239
33,291,324,0.6328125,-0.7962963
30,304,334,0.65234375,-0.82035928
6,330,336,0.65625,-0.96428571
21,302,323,0.63085938,-0.86996904
28,309,337,0.65820312,-0.83382789
31,300,331,0.64648438,-0.81268882
19,315,334,0.65234375,-0.88622754
40,296,336,0.65625,-0.76190476
41,280,321,0.62695312,-0.74454829
30,320,350,0.68359375,-0.82857143
11,315,326,0.63671875,-0.93251534
10,303,313,0.61132812,-0.93610224
25,301,326,0.63671875,-0.84662577
12,325,337,0.65820312,-0.92878338
12,323,335,0.65429688,-0.92835821
3,334,337,0.65820312,-0.98219585
36,291,327,0.63867188,-0.77981651
9,344,353,0.68945312,-0.9490085
2,345,347,0.67773438,-0.98847262
6,328,334,0.65234375,-0.96407186
3,324,327,0.63867188,-0.98165138
13,327,340,0.6640625,-0.92352941
17,316,333,0.65039062,-0.8978979
23,308,331,0.64648438,-0.86102719
22,312,334,0.65234375,-0.86826347
23,314,337,0.65820312,-0.86350148
2,330,332,0.6484375,-0.98795181
8,327,335,0.65429688,-0.95223881
11,319,330,0.64453125,-0.93333333
7,321,328,0.640625,-0.95731707
28,303,331,0.64648438,-0.83081571
18,322,340,0.6640625,-0.89411765
54,275,329,0.64257812,-0.67173252
20,317,337,0.65820312,-0.88130564
6,335,341,0.66601562,-0.96480938
5,327,332,0.6484375,-0.96987952
27,310,337,0.65820312,-0.83976261
42,289,331,0.64648438,-0.74622356
26,315,341,0.66601562,-0.84750733
41,271,312,0.609375,-0.73717949
12,324,336,0.65625,-0.92857143
16,304,320,0.625,-0.9
17,309,326,0.63671875,-0.89570552
12,325,337,0.65820312,-0.92878338
9,327,336,0.65625,-0.94642857
24,303,327,0.63867188,-0.85321101
34,290,324,0.6328125,-0.79012346
33,300,333,0.65039062,-0.8018018
69,259,328,0.640625,-0.57926829
23,315,338,0.66015625,-0.86390533
32,294,326,0.63671875,-0.80368098
41,296,337,0.65820312,-0.75667656
40,313,353,0.68945312,-0.7733711
37,292,329,0.64257812,-0.77507599
48,277,325,0.63476562,-0.70461538
104,215,319,0.62304688,-0.34796238
72,265,337,0.65820312,-0.5727003
65,237,302,0.58984375,-0.56953642
99,227,326,0.63671875,-0.39263804
144,180,324,0.6328125,-0.11111111
177,143,320,0.625,0.10625
192,146,338,0.66015625,0.13609467
204,112,316,0.6171875,0.29113924
217,115,332,0.6484375,0.30722892
256,77,333,0.65039062,0.53753754
218,104,322,0.62890625,0.35403727
270,70,340,0.6640625,0.58823529
278,42,320,0.625,0.7375
294,45,339,0.66210938,0.73451327
342,8,350,0.68359375,0.95428571
299,28,327,0.63867188,0.82874618
309,26,335,0.65429688,0.84477612
311,15,326,0.63671875,0.90797546
336,2,338,0.66015625,0.98816568
333,3,336,0.65625,0.98214286
312,14,326,0.63671875,0.91411043
325,9,334,0.65234375,0.94610778
337,4,341,0.66601562,0.97653959
345,1,346,0.67578125,0.99421965
329,7,336,0.65625,0.95833333
330,10,340,0.6640625,0.94117647
312,8,320,0.625,0.95
334,0,334,0.65234375,1
340,0,340,0.6640625,1
312,30,342,0.66796875,0.8245614
307,17,324,0.6328125,0.89506173
335,7,342,0.66796875,0.95906433
328,10,338,0.66015625,0.9408284
298,31,329,0.64257812,0.81155015
332,12,344,0.671875,0.93023256
324,8,332,0.6484375,0.95180723
324,12,336,0.65625,0.92857143
337,0,337,0.65820312,1
326,8,334,0.65234375,0.95209581
328,11,339,0.66210938,0.93510324
337,10,347,0.67773438,0.94236311
328,3,331,0.64648438,0.98187311
304,22,326,0.63671875,0.86503067
332,7,339,0.66210938,0.95870206
326,1,327,0.63867188,0.99388379
336,0,336,0.65625,1
325,0,325,0.63476562,1
318,9,327,0.63867188,0.94495413
287,43,330,0.64453125,0.73939394
289,44,333,0.65039062,0.73573574
285,50,335,0.65429688,0.70149254
274,37,311,0.60742188,0.76205788
308,20,328,0.640625,0.87804878
332,5,337,0.65820312,0.97032641
310,21,331,0.64648438,0.87311178
333,3,336,0.65625,0.98214286
324,20,344,0.671875,0.88372093
314,20,334,0.65234375,0.88023952
283,44,327,0.63867188,0.73088685
273,52,325,0.63476562,0.68
249,67,316,0.6171875,0.57594937
288,53,341,0.66601562,0.68914956
285,39,324,0.6328125,0.75925926
281,43,324,0.6328125,0.7345679
321,23,344,0.671875,0.86627907
317,20,337,0.65820312,0.88130564
310,11,321,0.62695312,0.93146417
344,7,351,0.68554688,0.96011396
305,22,327,0.63867188,0.86544343
300,26,326,0.63671875,0.8404908
309,16,325,0.63476562,0.90153846
286,27,313,0.61132812,0.82747604
271,46,317,0.61914062,0.70977918
282,52,334,0.65234375,0.68862275
278,56,334,0.65234375,0.66467066
296,30,326,0.63671875,0.81595092
331,1,332,0.6484375,0.9939759
298,29,327,0.63867188,0.82262997
306,29,335,0.65429688,0.82686567
311,18,329,0.64257812,0.89057751
312,11,323,0.63085938,0.93188854
332,15,347,0.67773438,0.91354467
274,43,317,0.61914062,0.72870662
318,9,327,0.63867188,0.94495413
309,17,326,0.63671875,0.89570552
312,10,322,0.62890625,0.9378882
301,29,330,0.64453125,0.82424242
305,36,341,0.66601562,0.7888563
298,44,342,0.66796875,0.74269006
299,38,337,0.65820312,0.77448071
312,12,324,0.6328125,0.92592593
329,2,331,0.64648438,0.98791541
332,1,333,0.65039062,0.99399399
335,14,349,0.68164062,0.91977077
337,2,339,0.66210938,0.98820059
333,13,346,0.67578125,0.92485549
267,52,319,0.62304688,0.67398119
260,72,332,0.6484375,0.56626506
268,59,327,0.63867188,0.63914373
248,83,331,0.64648438,0.49848943
260,57,317,0.61914062,0.64037855
231,89,320,0.625,0.44375
248,77,325,0.63476562,0.52615385
243,81,324,0.6328125,0.5
249,78,327,0.63867188,0.52293578
264,86,350,0.68359375,0.50857143
270,57,327,0.63867188,0.65137615
311,12,323,0.63085938,0.92569659
320,18,338,0.66015625,0.89349112
317,13,330,0.64453125,0.92121212
321,20,341,0.66601562,0.88269795
332,17,349,0.68164062,0.9025788
285,53,338,0.66015625,0.68639053
279,46,325,0.63476562,0.71692308
309,19,328,0.640625,0.88414634
335,13,348,0.6796875,0.92528736
324,2,326,0.63671875,0.98773006
323,16,339,0.66210938,0.90560472
298,35,333,0.65039062,0.78978979
289,38,327,0.63867188,0.7675841
305,23,328,0.640625,0.8597561
282,51,333,0.65039062,0.69369369
296,15,311,0.60742188,0.90353698
323,4,327,0.63867188,0.97553517
332,7,339,0.66210938,0.95870206
340,3,343,0.66992188,0.98250729
313,19,332,0.6484375,0.88554217
331,5,336,0.65625,0.9702381
334,8,342,0.66796875,0.95321637
303,22,325,0.63476562,0.86461538
290,42,332,0.6484375,0.74698795
295,26,321,0.62695312,0.83800623
321,8,329,0.64257812,0.95136778
313,24,337,0.65820312,0.85756677
332,2,334,0.65234375,0.98802395
327,15,342,0.66796875,0.9122807
324,16,340,0.6640625,0.90588235
342,0,342,0.66796875,1
334,3,337,0.65820312,0.98219585
323,9,332,0.6484375,0.94578313
322,16,338,0.66015625,0.90532544
308,20,328,0.640625,0.87804878
319,13,332,0.6484375,0.92168675
314,20,334,0.65234375,0.88023952
289,34,323,0.63085938,0.78947368
325,9,334,0.65234375,0.94610778
319,18,337,0.65820312,0.89317507
306,16,322,0.62890625,0.90062112
321,10,331,0.64648438,0.93957704
343,2,345,0.67382812,0.9884058
330,6,336,0.65625,0.96428571
326,13,339,0.66210938,0.92330383
314,16,330,0.64453125,0.9030303
297,34,331,0.64648438,0.79456193
312,15,327,0.63867188,0.90825688
269,52,321,0.62695312,0.67601246
326,8,334,0.65234375,0.95209581
337,9,346,0.67578125,0.94797688
324,10,334,0.65234375,0.94011976
323,15,338,0.66015625,0.9112426
305,24,329,0.64257812,0.85410334
330,6,336,0.65625,0.96428571
306,15,321,0.62695312,0.90654206
304,24,328,0.640625,0.85365854
287,35,322,0.62890625,0.7826087
326,13,339,0.66210938,0.92330383
338,0,338,0.66015625,1
309,30,339,0.66210938,0.82300885
289,47,336,0.65625,0.7202381
288,45,333,0.65039062,0.72972973
299,32,331,0.64648438,0.80664653
315,19,334,0.65234375,0.88622754
309,23,332,0.6484375,0.86144578
308,28,336,0.65625,0.83333333
308,27,335,0.65429688,0.83880597
334,10,344,0.671875,0.94186047
320,9,329,0.64257812,0.94528875
326,19,345,0.67382812,0.88985507
293,42,335,0.65429688,0.74925373
333,3,336,0.65625,0.98214286
338,0,338,0.66015625,1
324,17,341,0.66601562,0.90029326
322,14,336,0.65625,0.91666667
297,33,330,0.64453125,0.8
305,24,329,0.64257812,0.85410334
333,9,342,0.66796875,0.94736842
301,26,327,0.63867188,0.84097859
301,31,332,0.6484375,0.81325301
306,33,339,0.66210938,0.80530973
280,49,329,0.64257812,0.70212766
291,49,340,0.6640625,0.71176471
295,34,329,0.64257812,0.79331307
290,37,327,0.63867188,0.77370031
257,65,322,0.62890625,0.59627329
270,45,315,0.61523438,0.71428571
333,9,342,0.66796875,0.94736842
340,4,344,0.671875,0.97674419
330,3,333,0.65039062,0.98198198
312,5,317,0.61914062,0.96845426
316,13,329,0.64257812,0.92097264
338,2,340,0.6640625,0.98823529
304,21,325,0.63476562,0.87076923
325,2,327,0.63867188,0.98776758
325,12,337,0.65820312,0.92878338
339,8,347,0.67773438,0.95389049
340,4,344,0.671875,0.97674419
300,27,327,0.63867188,0.83486239
313,27,340,0.6640625,0.84117647
334,10,344,0.671875,0.94186047
293,36,329,0.64257812,0.78115502
320,14,334,0.65234375,0.91616766
311,21,332,0.6484375,0.87349398
329,14,343,0.66992188,0.91836735
295,39,334,0.65234375,0.76646707
280,52,332,0.6484375,0.68674699
316,22,338,0.66015625,0.86982249
331,8,339,0.66210938,0.95280236
306,19,325,0.63476562,0.88307692
332,3,335,0.65429688,0.98208955
342,3,345,0.67382812,0.9826087
333,13,346,0.67578125,0.92485549
300,29,329,0.64257812,0.82370821
318,16,334,0.65234375,0.90419162
314,21,335,0.65429688,0.87462687
327,8,335,0.65429688,0.95223881
322,14,336,0.65625,0.91666667
328,14,342,0.66796875,0.91812865
343,3,346,0.67578125,0.98265896
336,7,343,0.66992188,0.95918367
306,20,326,0.63671875,0.87730061
333,2,335,0.65429688,0.9880597
320,14,334,0.65234375,0.91616766
320,13,333,0.65039062,0.92192192
291,37,328,0.640625,0.77439024
189,133,322,0.62890625,0.17391304
114,211,325,0.63476562,-0.29846154
96,233,329,0.64257812,-0.41641337
76,249,325,0.63476562,-0.53230769
60,276,336,0.65625,-0.64285714
65,262,327,0.63867188,-0.60244648
11,329,340,0.6640625,-0.93529412
8,318,326,0.63671875,-0.95092025
25,307,332,0.6484375,-0.84939759
12,322,334,0.65234375,-0.92814371
5,337,342,0.66796875,-0.97076023
5,337,342,0.66796875,-0.97076023
4,344,348,0.6796875,-0.97701149
16,319,335,0.65429688,-0.90447761
33,276,309,0.60351562,-0.78640777
11,319,330,0.64453125,-0.93333333
22,309,331,0.64648438,-0.86706949
13,328,341,0.66601562,-0.92375367
22,310,332,0.6484375,-0.86746988
16,310,326,0.63671875,-0.90184049
14,330,344,0.671875,-0.91860465
50,288,338,0.66015625,-0.70414201
19,310,329,0.64257812,-0.88449848
36,302,338,0.66015625,-0.78698225
19,309,328,0.640625,-0.88414634
41,292,333,0.65039062,-0.75375375
25,307,332,0.6484375,-0.84939759
0,348,348,0.6796875,-1
19,303,322,0.62890625,-0.88198758
11,326,337,0.65820312,-0.9347181
42,292,334,0.65234375,-0.74850299
155,171,326,0.63671875,-0.049079755
173,148,321,0.62695312,0.07788162
185,148,333,0.65039062,0.11111111
190,133,323,0.63085938,0.17647059
153,182,335,0.65429688,-0.086567164
182,145,327,0.63867188,0.11314985
158,163,321,0.62695312,-0.015576324
137,191,328,0.640625,-0.16463415
123,195,318,0.62109375,-0.22641509
107,212,319,0.62304688,-0.32915361
64,268,332,0.6484375,-0.61445783
79,255,334,0.65234375,-0.52694611
131,200,331,0.64648438,-0.20845921
120,213,333,0.65039062,-0.27927928
129,206,335,0.65429688,-0.22985075
131,198,329,0.64257812,-0.20364742
146,184,330,0.64453125,-0.11515152
117,219,336,0.65625,-0.30357143
152,174,326,0.63671875,-0.067484663
97,225,322,0.62890625,-0.39751553
94,239,333,0.65039062,-0.43543544
84,255,339,0.66210938,-0.50442478
98,225,323,0.63085938,-0.39318885
120,206,326,0.63671875,-0.26380368
118,218,336,0.65625,-0.29761905
51,289,340,0.6640625,-0.7
43,295,338,0.66015625,-0.74556213
36,295,331,0.64648438,-0.78247734
28,300,328,0.640625,-0.82926829
1,344,345,0.67382812,-0.9942029
8,330,338,0.66015625,-0.95266272
10,316,326,0.63671875,-0.93865031
0,344,344,0.671875,-1
6,328,334,0.65234375,-0.96407186
20,302,322,0.62890625,-0.8757764
27,305,332,0.6484375,-0.8373494
10,327,337,0.65820312,-0.94065282
11,317,328,0.640625,-0.93292683
26,305,331,0.64648438,-0.8429003
34,307,341,0.66601562,-0.80058651
12,317,329,0.64257812,-0.92705167
18,316,334,0.65234375,-0.89221557
53,271,324,0.6328125,-0.67283951
69,254,323,0.63085938,-0.57275542
59,272,331,0.64648438,-0.64350453
54,285,339,0.66210938,-0.68141593
107,208,315,0.61523438,-0.32063492
52,264,316,0.6171875,-0.67088608
79,255,334,0.65234375,-0.52694611
25,298,323,0.63085938,-0.84520124
40,284,324,0.6328125,-0.75308642
32,296,328,0.640625,-0.80487805
52,275,327,0.63867188,-0.68195719
38,282,320,0.625,-0.7625
12,328,340,0.6640625,-0.92941176
1,342,343,0.66992188,-0.9941691
2,345,347,0.67773438,-0.98847262
3,333,336,0.65625,-0.98214286
22,308,330,0.64453125,-0.86666667
23,302,325,0.63476562,-0.85846154
20,311,331,0.64648438,-0.87915408
23,307,330,0.64453125,-0.86060606
23,320,343,0.66992188,-0.86588921
18,315,333,0.65039062,-0.89189189
0,342,342,0.66796875,-1
0,342,342,0.66796875,-1
2,340,342,0.66796875,-0.98830409
3,348,351,0.68554688,-0.98290598
2,339,341,0.66601562,-0.98826979
21,312,333,0.65039062,-0.87387387
30,303,333,0.65039062,-0.81981982
17,312,329,0.64257812,-0.89665653
23,311,334,0.65234375,-0.86227545
43,281,324,0.6328125,-0.7345679
83,254,337,0.65820312,-0.5074184
72,241,313,0.61132812,-0.5399361
19,313,332,0.6484375,-0.88554217
3,327,330,0.64453125,-0.98181818
1,345,346,0.67578125,-0.99421965
2,333,335,0.65429688,-0.9880597
3,322,325,0.63476562,-0.98153846
9,325,334,0.65234375,-0.94610778
0,340,340,0.6640625,-1
17,322,339,0.66210938,-0.89970501
0,335,335,0.65429688,-1
12,320,332,0.6484375,-0.92771084
5,316,321,0.62695312,-0.96884735
13,314,327,0.63867188,-0.9204893
41,291,332,0.6484375,-0.75301205
46,287,333,0.65039062,-0.72372372
49,277,326,0.63671875,-0.6993865
28,316,344,0.671875,-0.8372093
3,331,334,0.65234375,-0.98203593
6,331,337,0.65820312,-0.96439169
21,318,339,0.66210938,-0.87610619
9,318,327,0.63867188,-0.94495413
4,336,340,0.6640625,-0.97647059
27,299,326,0.63671875,-0.83435583
16,303,319,0.62304688,-0.89968652
34,291,325,0.63476562,-0.79076923
26,304,330,0.64453125,-0.84242424
17,311,328,0.640625,-0.89634146
30,301,331,0.64648438,-0.81873112
28,314,342,0.66796875,-0.83625731
2,333,335,0.65429688,-0.9880597
19,313,332,0.6484375,-0.88554217
15,323,338,0.66015625,-0.9112426
9,312,321,0.62695312,-0.94392523
4,331,335,0.65429688,-0.9761194
7,328,335,0.65429688,-0.95820896
33,292,325,0.63476562,-0.79692308
72,261,333,0.65039062,-0.56756757
100,230,330,0.64453125,-0.39393939
138,186,324,0.6328125,-0.14814815
145,188,333,0.65039062,-0.12912913
189,147,336,0.65625,0.125
185,149,334,0.65234375,0.10778443
216,103,319,0.62304688,0.35423197
229,95,324,0.6328125,0.41358025
251,88,339,0.66210938,0.48082596
262,65,327,0.63867188,0.60244648
268,60,328,0.640625,0.63414634
311,23,334,0.65234375,0.86227545
323,12,335,0.65429688,0.92835821
316,17,333,0.65039062,0.8978979
332,1,333,0.65039062,0.99399399
331,12,343,0.66992188,0.93002915
309,27,336,0.65625,0.83928571
328,8,336,0.65625,0.95238095
317,16,333,0.65039062,0.9039039
316,9,325,0.63476562,0.94461538
322,4,326,0.63671875,0.97546012
328,6,334,0.65234375,0.96407186
322,14,336,0.65625,0.91666667
325,4,329,0.64257812,0.97568389
320,5,325,0.63476562,0.96923077
328,2,330,0.64453125,0.98787879
313,21,334,0.65234375,0.8742515
300,33,333,0.65039062,0.8018018
281,36,317,0.61914062,0.77287066
326,7,333,0.65039062,0.95795796
323,14,337,0.65820312,0.91691395
312,25,337,0.65820312,0.85163205
293,35,328,0.640625,0.78658537
317,20,337,0.65820312,0.88130564
305,22,327,0.63867188,0.86544343
328,1,329,0.64257812,0.99392097
334,4,338,0.66015625,0.97633136
321,11,332,0.6484375,0.93373494
325,10,335,0.65429688,0.94029851
342,2,344,0.671875,0.98837209
331,5,336,0.65625,0.9702381
335,13,348,0.6796875,0.92528736
312,14,326,0.63671875,0.91411043
333,4,337,0.65820312,0.97626113
318,2,320,0.625,0.9875
328,12,340,0.6640625,0.92941176
317,14,331,0.64648438,0.91540785
302,20,322,0.62890625,0.8757764
316,15,331,0.64648438,0.90936556
318,12,330,0.64453125,0.92727273
271,44,315,0.61523438,0.72063492
298,32,330,0.64453125,0.80606061
304,29,333,0.65039062,0.82582583
294,41,335,0.65429688,0.75522388
281,39,320,0.625,0.75625
301,41,342,0.66796875,0.76023392
245,70,315,0.61523438,0.55555556
250,64,314,0.61328125,0.59235669
296,45,341,0.66601562,0.73607038
278,51,329,0.64257812,0.6899696
316,18,334,0.65234375,0.89221557
329,3,332,0.6484375,0.98192771
323,12,335,0.65429688,0.92835821
318,16,334,0.65234375,0.90419162
320,21,341,0.66601562,0.87683284
285,48,333,0.65039062,0.71171171
301,33,334,0.65234375,0.80239521
322,13,335,0.65429688,0.92238806
315,4,319,0.62304688,0.97492163
335,4,339,0.66210938,0.97640118
319,10,329,0.64257812,0.93920973
317,20,337,0.65820312,0.88130564
325,9,334,0.65234375,0.94610778
300,20,320,0.625,0.875
309,25,334,0.65234375,0.8502994
274,54,328,0.640625,0.67073171
317,23,340,0.6640625,0.86470588
287,45,332,0.6484375,0.72891566
245,83,328,0.640625,0.49390244
248,91,339,0.66210938,0.46312684
225,104,329,0.64257812,0.36778116
245,75,320,0.625,0.53125
215,107,322,0.62890625,0.33540373
217,108,325,0.63476562,0.33538462
210,108,318,0.62109375,0.32075472
250,73,323,0.63085938,0.54798762
240,89,329,0.64257812,0.45896657
215,104,319,0.62304688,0.34796238
188,139,327,0.63867188,0.14984709
232,102,334,0.65234375,0.38922156
176,151,327,0.63867188,0.076452599
178,145,323,0.63085938,0.10216718
216,108,324,0.6328125,0.33333333
236,96,332,0.6484375,0.42168675
270,54,324,0.6328125,0.66666667
257,68,325,0.63476562,0.58153846
274,61,335,0.65429688,0.6358209
257,52,309,0.60351562,0.66343042
302,29,331,0.64648438,0.82477341
338,1,339,0.66210938,0.99410029
320,6,326,0.63671875,0.96319018
319,12,331,0.64648438,0.92749245
325,12,337,0.65820312,0.92878338
307,22,329,0.64257812,0.8662614
319,8,327,0.63867188,0.95107034
340,3,343,0.66992188,0.98250729
340,6,346,0.67578125,0.96531792
334,2,336,0.65625,0.98809524
329,8,337,0.65820312,0.95252226
327,4,331,0.64648438,0.97583082
313,12,325,0.63476562,0.92615385
332,13,345,0.67382812,0.92463768
328,5,333,0.65039062,0.96996997
346,0,346,0.67578125,1
294,31,325,0.63476562,0.80923077
312,23,335,0.65429688,0.86268657
303,22,325,0.63476562,0.86461538
325,5,330,0.64453125,0.96969697
325,11,336,0.65625,0.93452381
347,0,347,0.67773438,1
321,22,343,0.66992188,0.87172012
306,16,322,0.62890625,0.90062112
315,23,338,0.66015625,0.86390533
320,24,344,0.671875,0.86046512
304,16,320,0.625,0.9
331,14,345,0.67382812,0.91884058
340,8,348,0.6796875,0.95402299
332,4,336,0.65625,0.97619048
331,4,335,0.65429688,0.9761194
312,16,328,0.640625,0.90243902
318,17,335,0.65429688,0.89850746
290,38,328,0.640625,0.76829268
302,27,329,0.64257812,0.83586626
281,42,323,0.63085938,0.73993808
325,14,339,0.66210938,0.91740413
287,24,311,0.60742188,0.84565916
291,34,325,0.63476562,0.79076923
289,32,321,0.62695312,0.80062305
264,57,321,0.62695312,0.64485981
280,45,325,0.63476562,0.72307692
299,27,326,0.63671875,0.83435583
331,9,340,0.6640625,0.94705882
322,9,331,0.64648438,0.94561934
331,4,335,0.65429688,0.9761194
317,10,327,0.63867188,0.93883792
311,14,325,0.63476562,0.91384615
301,22,323,0.63085938,0.86377709
255,76,331,0.64648438,0.5407855
295,56,351,0.68554688,0.68091168
317,22,339,0.66210938,0.87020649
314,21,335,0.65429688,0.87462687
331,14,345,0.67382812,0.91884058
333,6,339,0.66210938,0.96460177
295,23,318,0.62109375,0.85534591
327,4,331,0.64648438,0.97583082
326,16,342,0.66796875,0.90643275
325,5,330,0.64453125,0.96969697
320,10,330,0.64453125,0.93939394
338,6,344,0.671875,0.96511628
329,0,329,0.64257812,1
304,29,333,0.65039062,0.82582583
280,51,331,0.64648438,0.6918429
303,38,341,0.66601562,0.7771261
292,32,324,0.6328125,0.80246914
328,10,338,0.66015625,0.9408284
321,8,329,0.64257812,0.95136778
329,8,337,0.65820312,0.95252226
323,20,343,0.66992188,0.88338192
264,62,326,0.63671875,0.6196319
281,56,337,0.65820312,0.66765579
310,21,331,0.64648438,0.87311178
296,36,332,0.6484375,0.78313253
301,23,324,0.6328125,0.85802469
295,37,332,0.6484375,0.77710843
320,11,331,0.64648438,0.93353474
305,26,331,0.64648438,0.8429003
307,27,334,0.65234375,0.83832335
314,22,336,0.65625,0.86904762
317,15,332,0.6484375,0.90963855
318,11,329,0.64257812,0.9331307
316,23,339,0.66210938,0.86430678
326,13,339,0.66210938,0.92330383
320,9,329,0.64257812,0.94528875
332,13,345,0.67382812,0.92463768
323,9,332,0.6484375,0.94578313
328,11,339,0.66210938,0.93510324
347,0,347,0.67773438,1
322,12,334,0.65234375,0.92814371
340,5,345,0.67382812,0.97101449
332,3,335,0.65429688,0.98208955
320,21,341,0.66601562,0.87683284
323,14,337,0.65820312,0.91691395
295,25,320,0.625,0.84375
329,5,334,0.65234375,0.97005988
342,1,343,0.66992188,0.9941691
331,3,334,0.65234375,0.98203593
323,10,333,0.65039062,0.93993994
322,15,337,0.65820312,0.91097923
328,3,331,0.64648438,0.98187311
335,3,338,0.66015625,0.98224852
325,11,336,0.65625,0.93452381
321,20,341,0.66601562,0.88269795
307,19,326,0.63671875,0.88343558
321,14,335,0.65429688,0.91641791
271,55,326,0.63671875,0.66257669
317,11,328,0.640625,0.93292683
269,49,318,0.62109375,0.6918239
270,73,343,0.66992188,0.57434402
260,67,327,0.63867188,0.59021407
258,61,319,0.62304688,0.61755486
253,79,332,0.6484375,0.52409639
259,65,324,0.6328125,0.59876543
276,51,327,0.63867188,0.68807339
281,58,339,0.66210938,0.65781711
271,48,319,0.62304688,0.69905956
305,33,338,0.66015625,0.80473373
318,29,347,0.67773438,0.83285303
314,13,327,0.63867188,0.9204893
343,0,343,0.66992188,1
340,2,342,0.66796875,0.98830409
339,6,345,0.67382812,0.96521739
333,5,338,0.66015625,0.9704142
308,19,327,0.63867188,0.88379205
323,19,342,0.66796875,0.88888889
313,15,328,0.640625,0.90853659
325,10,335,0.65429688,0.94029851
336,0,336,0.65625,1
320,8,328,0.640625,0.95121951
313,25,338,0.66015625,0.85207101
296,25,321,0.62695312,0.84423676
326,10,336,0.65625,0.94047619
320,15,335,0.65429688,0.91044776
299,33,332,0.6484375,0.80120482
327,7,334,0.65234375,0.95808383
314,15,329,0.64257812,0.90881459
307,21,328,0.640625,0.87195122
321,12,333,0.65039062,0.92792793
339,6,345,0.67382812,0.96521739
319,16,335,0.65429688,0.90447761
328,3,331,0.64648438,0.98187311
319,9,328,0.640625,0.94512195
318,17,335,0.65429688,0.89850746
323,4,327,0.63867188,0.97553517
329,14,343,0.66992188,0.91836735
313,22,335,0.65429688,0.86865672
281,34,315,0.61523438,0.78412698
261,58,319,0.62304688,0.63636364
318,8,326,0.63671875,0.95092025
333,1,334,0.65234375,0.99401198
325,9,334,0.65234375,0.94610778
315,12,327,0.63867188,0.9266055
329,7,336,0.65625,0.95833333
322,12,334,0.65234375,0.92814371
311,17,328,0.640625,0.89634146
334,8,342,0.66796875,0.95321637
313,12,325,0.63476562,0.92615385
319,10,329,0.64257812,0.93920973
328,8,336,0.65625,0.95238095
310,21,331,0.64648438,0.87311178
333,12,345,0.67382812,0.93043478
327,3,330,0.64453125,0.98181818
316,10,326,0.63671875,0.93865031
308,25,333,0.65039062,0.84984985
320,6,326,0.63671875,0.96319018
306,12,318,0.62109375,0.9245283
299,18,317,0.61914062,0.88643533
290,32,322,0.62890625,0.80124224
305,33,338,0.66015625,0.80473373
339,1,340,0.6640625,0.99411765
328,6,334,0.65234375,0.96407186
339,3,342,0.66796875,0.98245614
314,25,339,0.66210938,0.85250737
324,7,331,0.64648438,0.95770393
317,14,331,0.64648438,0.91540785
335,0,335,0.65429688,1
334,2,336,0.65625,0.98809524
325,8,333,0.65039062,0.95195195
329,15,344,0.671875,0.9127907
278,44,322,0.62890625,0.72670807
335,11,346,0.67578125,0.93641618
316,11,327,0.63867188,0.93272171
332,12,344,0.671875,0.93023256
323,15,338,0.66015625,0.9112426
315,13,328,0.640625,0.92073171
334,7,341,0.66601562,0.95894428
326,8,334,0.65234375,0.95209581
300,34,334,0.65234375,0.79640719
328,14,342,0.66796875,0.91812865
332,5,337,0.65820312,0.97032641
339,7,346,0.67578125,0.95953757
316,24,340,0.6640625,0.85882353
317,15,332,0.6484375,0.90963855
311,12,323,0.63085938,0.92569659
332,9,341,0.66601562,0.94721408
321,7,328,0.640625,0.95731707
318,11,329,0.64257812,0.9331307
336,2,338,0.66015625,0.98816568
298,33,331,0.64648438,0.80060423
306,24,330,0.64453125,0.85454545
297,30,327,0.63867188,0.81651376
309,30,339,0.66210938,0.82300885
321,11,332,0.6484375,0.93373494
326,7,333,0.65039062,0.95795796
346,8,354,0.69140625,0.95480226
323,16,339,0.66210938,0.90560472
313,10,323,0.63085938,0.9380805
333,0,333,0.65039062,1
325,8,333,0.65039062,0.95195195
330,3,333,0.65039062,0.98198198
301,16,317,0.61914062,0.89905363
329,3,332,0.6484375,0.98192771
334,8,342,0.66796875,0.95321637
330,6,336,0.65625,0.96428571
305,16,321,0.62695312,0.90031153
306,18,324,0.6328125,0.88888889
313,19,332,0.6484375,0.88554217
295,30,325,0.63476562,0.81538462
291,44,335,0.65429688,0.73731343
296,46,342,0.66796875,0.73099415
297,33,330,0.64453125,0.8
308,22,330,0.64453125,0.86666667
312,17,329,0.64257812,0.89665653
288,37,325,0.63476562,0.77230769
315,20,335,0.65429688,0.88059701
283,46,329,0.64257812,0.72036474
304,22,326,0.63671875,0.86503067
293,40,333,0.65039062,0.75975976
321,17,338,0.66015625,0.89940828
304,30,334,0.65234375,0.82035928
303,27,330,0.64453125,0.83636364
304,22,326,0.63671875,0.86503067
325,0,325,0.63476562,1
343,2,345,0.67382812,0.9884058
271,44,315,0.61523438,0.72063492
313,22,335,0.65429688,0.86865672
333,2,335,0.65429688,0.9880597
311,22,333,0.65039062,0.86786787
334,13,347,0.67773438,0.92507205
326,5,331,0.64648438,0.96978852
312,12,324,0.6328125,0.92592593
313,14,327,0.63867188,0.91437309
303,30,333,0.65039062,0.81981982
301,31,332,0.6484375,0.81325301
324,17,341,0.66601562,0.90029326
319,14,333,0.65039062,0.91591592
308,27,335,0.65429688,0.83880597
297,48,345,0.67382812,0.72173913
297,31,328,0.640625,0.81097561
295,40,335,0.65429688,0.76119403
322,14,336,0.65625,0.91666667
287,29,316,0.6171875,0.8164557
238,101,339,0.66210938,0.40412979
249,84,333,0.65039062,0.4954955
258,76,334,0.65234375,0.54491018
281,55,336,0.65625,0.67261905
292,39,331,0.64648438,0.76435045
265,61,326,0.63671875,0.62576687
288,36,324,0.6328125,0.77777778
306,43,349,0.68164062,0.75358166
311,34,345,0.67382812,0.80289855
331,3,334,0.65234375,0.98203593
314,27,341,0.66601562,0.84164223
320,17,337,0.65820312,0.89910979
320,14,334,0.65234375,0.91616766
296,40,336,0.65625,0.76190476
340,8,348,0.6796875,0.95402299
303,31,334,0.65234375,0.81437126
287,39,326,0.63671875,0.7607362
310,20,330,0.64453125,0.87878788
303,16,319,0.62304688,0.89968652
306,29,335,0.65429688,0.82686567
283,45,328,0.640625,0.72560976
296,28,324,0.6328125,0.82716049
310,20,330,0.64453125,0.87878788
317,21,338,0.66015625,0.87573964
313,24,337,0.65820312,0.85756677
327,12,339,0.66210938,0.92920354
337,0,337,0.65820312,1
330,5,335,0.65429688,0.97014925
333,6,339,0.66210938,0.96460177
308,24,332,0.6484375,0.85542169
330,6,336,0.65625,0.96428571
311,31,342,0.66796875,0.81871345
315,23,338,0.66015625,0.86390533
311,21,332,0.6484375,0.87349398
273,59,332,0.6484375,0.64457831
263,64,327,0.63867188,0.60856269
262,69,331,0.64648438,0.58308157
281,51,332,0.6484375,0.69277108
258,62,320,0.625,0.6125
285,44,329,0.64257812,0.7325228
272,52,324,0.6328125,0.67901235
330,9,339,0.66210938,0.94690265
315,12,327,0.63867188,0.9266055
335,10,345,0.67382812,0.94202899
322,8,330,0.64453125,0.95151515
306,17,323,0.63085938,0.89473684
330,6,336,0.65625,0.96428571
322,5,327,0.63867188,0.96941896
326,8,334,0.65234375,0.95209581
312,18,330,0.64453125,0.89090909
317,14,331,0.64648438,0.91540785
304,27,331,0.64648438,0.83685801
296,28,324,0.6328125,0.82716049
321,24,345,0.67382812,0.86086957
326,9,335,0.65429688,0.94626866
312,21,333,0.65039062,0.87387387
299,20,319,0.62304688,0.87460815
332,3,335,0.65429688,0.98208955
332,9,341,0.66601562,0.94721408
328,8,336,0.65625,0.95238095
293,24,317,0.61914062,0.84858044
306,25,331,0.64648438,0.8489426
315,17,332,0.6484375,0.89759036
306,18,324,0.6328125,0.88888889
304,31,335,0.65429688,0.81492537
323,5,328,0.640625,0.9695122
334,8,342,0.66796875,0.95321637
330,8,338,0.66015625,0.95266272
325,14,339,0.66210938,0.91740413
335,1,336,0.65625,0.99404762
338,10,348,0.6796875,0.94252874
312,24,336,0.65625,0.85714286
299,24,323,0.63085938,0.85139319
270,56,326,0.63671875,0.65644172
298,34,332,0.6484375,0.79518072
275,48,323,0.63085938,0.70278638
311,14,325,0.63476562,0.91384615
318,19,337,0.65820312,0.88724036
320,12,332,0.6484375,0.92771084
330,11,341,0.66601562,0.93548387
289,41,330,0.64453125,0.75151515
300,31,331,0.64648438,0.81268882
283,44,327,0.63867188,0.73088685
324,17,341,0.66601562,0.90029326
304,21,325,0.63476562,0.87076923
327,7,334,0.65234375,0.95808383
313,19,332,0.6484375,0.88554217
323,10,333,0.65039062,0.93993994
324,1,325,0.63476562,0.99384615
301,32,333,0.65039062,0.80780781
284,37,321,0.62695312,0.7694704
296,34,330,0.64453125,0.79393939
328,13,341,0.66601562,0.92375367
330,5,335,0.65429688,0.97014925
320,14,334,0.65234375,0.91616766
359,1,360,0.703125,0.99444444
325,20,345,0.67382812,0.88405797
326,12,338,0.66015625,0.92899408
339,2,341,0.66601562,0.98826979
338,3,341,0.66601562,0.98240469
316,29,345,0.67382812,0.83188406
311,22,333,0.65039062,0.86786787
303,32,335,0.65429688,0.80895522
322,11,333,0.65039062,0.93393393
324,8,332,0.6484375,0.95180723
317,8,325,0.63476562,0.95076923
340,2,342,0.66796875,0.98830409
330,9,339,0.66210938,0.94690265
323,7,330,0.64453125,0.95757576
305,37,342,0.66796875,0.78362573
317,17,334,0.65234375,0.89820359
329,1,330,0.64453125,0.99393939
320,9,329,0.64257812,0.94528875
302,23,325,0.63476562,0.85846154
321,13,334,0.65234375,0.92215569
336,2,338,0.66015625,0.98816568
308,25,333,0.65039062,0.84984985
292,46,338,0.66015625,0.72781065
308,26,334,0.65234375,0.84431138
329,12,341,0.66601562,0.92961877
305,23,328,0.640625,0.8597561
320,12,332,0.6484375,0.92771084
335,10,345,0.67382812,0.94202899
335,1,336,0.65625,0.99404762
283,53,336,0.65625,0.68452381
299,36,335,0.65429688,0.78507463
302,26,328,0.640625,0.84146341
319,17,336,0.65625,0.89880952
300,29,329,0.64257812,0.82370821
310,17,327,0.63867188,0.89602446
300,17,317,0.61914062,0.89274448
310,16,326,0.63671875,0.90184049
332,5,337,0.65820312,0.97032641
312,21,333,0.65039062,0.87387387
296,41,337,0.65820312,0.75667656
283,46,329,0.64257812,0.72036474
307,31,338,0.66015625,0.81656805
277,55,332,0.6484375,0.6686747
281,40,321,0.62695312,0.75077882
262,62,324,0.6328125,0.61728395
283,43,326,0.63671875,0.73619632
284,44,328,0.640625,0.73170732
294,37,331,0.64648438,0.77643505
293,45,338,0.66015625,0.73372781
322,10,332,0.6484375,0.93975904
336,9,345,0.67382812,0.94782609
285,33,318,0.62109375,0.79245283
320,8,328,0.640625,0.95121951
332,7,339,0.66210938,0.95870206
334,3,337,0.65820312,0.98219585
332,12,344,0.671875,0.93023256
297,31,328,0.640625,0.81097561
279,48,327,0.63867188,0.70642202
248,85,333,0.65039062,0.48948949
266,67,333,0.65039062,0.5975976
324,14,338,0.66015625,0.91715976
306,22,328,0.640625,0.86585366
309,23,332,0.6484375,0.86144578
341,1,342,0.66796875,0.99415205
314,14,328,0.640625,0.91463415
321,12,333,0.65039062,0.92792793
317,10,327,0.63867188,0.93883792
325,18,343,0.66992188,0.89504373
311,13,324,0.6328125,0.91975309
322,25,347,0.67773438,0.85590778
303,16,319,0.62304688,0.89968652
303,27,330,0.64453125,0.83636364
298,40,338,0.66015625,0.76331361
331,2,333,0.65039062,0.98798799
340,3,343,0.66992188,0.98250729
342,15,357,0.69726562,0.91596639
315,15,330,0.64453125,0.90909091
331,9,340,0.6640625,0.94705882
312,17,329,0.64257812,0.89665653
326,14,340,0.6640625,0.91764706
310,20,330,0.64453125,0.87878788
279,47,326,0.63671875,0.71165644
244,86,330,0.64453125,0.47878788
233,95,328,0.640625,0.42073171
197,124,321,0.62695312,0.22741433
222,90,312,0.609375,0.42307692
185,148,333,0.65039062,0.11111111
214,110,324,0.6328125,0.32098765
215,100,315,0.61523438,0.36507937
219,107,326,0.63671875,0.34355828
222,109,331,0.64648438,0.34138973
240,91,331,0.64648438,0.45015106
248,77,325,0.63476562,0.52615385
264,61,325,0.63476562,0.62461538
252,65,317,0.61914062,0.58990536
255,70,325,0.63476562,0.56923077
261,69,330,0.64453125,0.58181818
262,59,321,0.62695312,0.63239875
281,44,325,0.63476562,0.72923077
246,88,334,0.65234375,0.47305389
267,73,340,0.6640625,0.57058824
248,85,333,0.65039062,0.48948949
219,114,333,0.65039062,0.31531532
184,138,322,0.62890625,0.14285714
181,144,325,0.63476562,0.11384615
212,106,318,0.62109375,0.33333333
218,99,317,0.61914062,0.37539432
204,122,326,0.63671875,0.25153374
231,96,327,0.63867188,0.41284404
279,46,325,0.63476562,0.71692308
323,8,331,0.64648438,0.95166163
330,3,333,0.65039062,0.98198198
322,11,333,0.65039062,0.93393393
337,0,337,0.65820312,1
338,2,340,0.6640625,0.98823529
335,5,340,0.6640625,0.97058824
292,44,336,0.65625,0.73809524
304,34,338,0.66015625,0.79881657
262,61,323,0.63085938,0.62229102
295,33,328,0.640625,0.79878049
302,34,336,0.65625,0.79761905
290,40,330,0.64453125,0.75757576
311,35,346,0.67578125,0.79768786
281,52,333,0.65039062,0.68768769
271,62,333,0.65039062,0.62762763
305,28,333,0.65039062,0.83183183
315,17,332,0.6484375,0.89759036
295,29,324,0.6328125,0.82098765
304,26,330,0.64453125,0.84242424
311,30,341,0.66601562,0.82404692
297,43,340,0.6640625,0.74705882
306,30,336,0.65625,0.82142857
316,21,337,0.65820312,0.87537092
298,21,319,0.62304688,0.86833856
310,34,344,0.671875,0.80232558
291,36,327,0.63867188,0.77981651
293,33,326,0.63671875,0.79754601
300,37,337,0.65820312,0.78041543
263,64,327,0.63867188,0.60856269
299,39,338,0.66015625,0.76923077
314,18,332,0.6484375,0.89156627
310,11,321,0.62695312,0.93146417
324,13,337,0.65820312,0.92284866
309,23,332,0.6484375,0.86144578
345,6,351,0.68554688,0.96581197
321,10,331,0.64648438,0.93957704
317,16,333,0.65039062,0.9039039
313,27,340,0.6640625,0.84117647
311,22,333,0.65039062,0.86786787
305,18,323,0.63085938,0.88854489
346,2,348,0.6796875,0.98850575
332,1,333,0.65039062,0.99399399
307,24,331,0.64648438,0.85498489
290,32,322,0.62890625,0.80124224
320,23,343,0.66992188,0.86588921
307,27,334,0.65234375,0.83832335
279,41,320,0.625,0.74375
285,44,329,0.64257812,0.7325228
307,25,332,0.6484375,0.84939759
308,27,335,0.65429688,0.83880597
286,39,325,0.63476562,0.76
297,38,335,0.65429688,0.77313433
314,21,335,0.65429688,0.87462687
306,18,324,0.6328125,0.88888889
312,24,336,0.65625,0.85714286
309,25,334,0.65234375,0.8502994
315,13,328,0.640625,0.92073171
325,3,328,0.640625,0.98170732
326,9,335,0.65429688,0.94626866
327,7,334,0.65234375,0.95808383
302,30,332,0.6484375,0.81927711
328,18,346,0.67578125,0.89595376
310,26,336,0.65625,0.8452381
326,9,335,0.65429688,0.94626866
308,12,320,0.625,0.925
334,0,334,0.65234375,1
306,21,327,0.63867188,0.87155963
269,53,322,0.62890625,0.67080745
266,69,335,0.65429688,0.5880597
291,24,315,0.61523438,0.84761905
345,1,346,0.67578125,0.99421965
343,2,345,0.67382812,0.9884058
337,13,350,0.68359375,0.92571429
316,16,332,0.6484375,0.90361446
322,11,333,0.65039062,0.93393393
304,18,322,0.62890625,0.88819876
292,48,340,0.6640625,0.71764706
330,6,336,0.65625,0.96428571
309,17,326,0.63671875,0.89570552
293,36,329,0.64257812,0.78115502
327,6,333,0.65039062,0.96396396
326,4,330,0.64453125,0.97575758
326,11,337,0.65820312,0.9347181
321,17,338,0.66015625,0.89940828
347,1,348,0.6796875,0.99425287
308,21,329,0.64257812,0.87234043
306,24,330,0.64453125,0.85454545
280,46,326,0.63671875,0.71779141
302,29,331,0.64648438,0.82477341
306,31,337,0.65820312,0.81602374
270,56,326,0.63671875,0.65644172
292,44,336,0.65625,0.73809524
311,24,335,0.65429688,0.85671642
330,14,344,0.671875,0.91860465
322,8,330,0.64453125,0.95151515
313,17,330,0.64453125,0.8969697
329,7,336,0.65625,0.95833333
328,8,336,0.65625,0.95238095
339,1,340,0.6640625,0.99411765
340,5,345,0.67382812,0.97101449
316,6,322,0.62890625,0.96273292
321,8,329,0.64257812,0.95136778
327,4,331,0.64648438,0.97583082
318,16,334,0.65234375,0.90419162
303,13,316,0.6171875,0.91772152
315,22,337,0.65820312,0.8694362
331,13,344,0.671875,0.9244186
308,16,324,0.6328125,0.90123457
299,37,336,0.65625,0.7797619
318,19,337,0.65820312,0.88724036
329,8,337,0.65820312,0.95252226
309,22,331,0.64648438,0.86706949
331,3,334,0.65234375,0.98203593
317,21,338,0.66015625,0.87573964
334,3,337,0.65820312,0.98219585
310,23,333,0.65039062,0.86186186
334,7,341,0.66601562,0.95894428
323,7,330,0.64453125,0.95757576
281,45,326,0.63671875,0.72392638
333,4,337,0.65820312,0.97626113
329,7,336,0.65625,0.95833333
302,36,338,0.66015625,0.78698225
302,38,340,0.6640625,0.77647059
282,47,329,0.64257812,0.71428571
248,69,317,0.61914062,0.56466877
286,39,325,0.63476562,0.76
290,47,337,0.65820312,0.72106825
310,19,329,0.64257812,0.88449848
291,34,325,0.63476562,0.79076923
283,51,334,0.65234375,0.69461078
261,63,324,0.6328125,0.61111111
307,32,339,0.66210938,0.81120944
303,21,324,0.6328125,0.87037037
323,18,341,0.66601562,0.89442815
311,8,319,0.62304688,0.94984326
318,9,327,0.63867188,0.94495413
322,11,333,0.65039062,0.93393393
330,10,340,0.6640625,0.94117647
302,15,317,0.61914062,0.90536278
313,24,337,0.65820312,0.85756677
308,31,339,0.66210938,0.81710914
321,11,332,0.6484375,0.93373494
322,7,329,0.64257812,0.95744681
330,4,334,0.65234375,0.9760479
310,14,324,0.6328125,0.91358025
287,36,323,0.63085938,0.77708978
275,46,321,0.62695312,0.71339564
318,5,323,0.63085938,0.96904025
329,0,329,0.64257812,1
334,7,341,0.66601562,0.95894428
325,14,339,0.66210938,0.91740413
323,5,328,0.640625,0.9695122
322,7,329,0.64257812,0.95744681
303,31,334,0.65234375,0.81437126
298,26,324,0.6328125,0.83950617
320,23,343,0.66992188,0.86588921
305,32,337,0.65820312,0.81008902
332,2,334,0.65234375,0.98802395
320,19,339,0.66210938,0.8879056
330,10,340,0.6640625,0.94117647
313,23,336,0.65625,0.86309524
316,15,331,0.64648438,0.90936556
337,2,339,0.66210938,0.98820059
332,13,345,0.67382812,0.92463768
320,17,337,0.65820312,0.89910979
338,2,340,0.6640625,0.98823529
338,10,348,0.6796875,0.94252874
332,12,344,0.671875,0.93023256
335,9,344,0.671875,0.94767442
339,1,340,0.6640625,0.99411765
335,6,341,0.66601562,0.96480938
325,3,328,0.640625,0.98170732
341,6,347,0.67773438,0.96541787
324,16,340,0.6640625,0.90588235
309,20,329,0.64257812,0.87841945
304,23,327,0.63867188,0.85932722
274,40,314,0.61328125,0.74522293
329,5,334,0.65234375,0.97005988
328,6,334,0.65234375,0.96407186
316,8,324,0.6328125,0.95061728
329,9,338,0.66015625,0.94674556
325,1,326,0.63671875,0.99386503
325,4,329,0.64257812,0.97568389
341,2,343,0.66992188,0.98833819
306,22,328,0.640625,0.86585366
309,26,335,0.65429688,0.84477612
313,18,331,0.64648438,0.89123867
333,9,342,0.66796875,0.94736842
320,13,333,0.65039062,0.92192192
317,10,327,0.63867188,0.93883792
325,3,328,0.640625,0.98170732
344,0,344,0.671875,1
314,12,326,0.63671875,0.92638037
302,22,324,0.6328125,0.86419753
287,38,325,0.63476562,0.76615385
308,30,338,0.66015625,0.82248521
301,17,318,0.62109375,0.89308176
333,1,334,0.65234375,0.99401198
305,22,327,0.63867188,0.86544343
301,31,332,0.6484375,0.81325301
293,40,333,0.65039062,0.75975976
237,90,327,0.63867188,0.44954128
242,78,320,0.625,0.5125
278,47,325,0.63476562,0.71076923
292,29,321,0.62695312,0.81931464
300,16,316,0.6171875,0.89873418
325,8,333,0.65039062,0.95195195
311,19,330,0.64453125,0.88484848
301,28,329,0.64257812,0.82978723
264,61,325,0.63476562,0.62461538
280,45,325,0.63476562,0.72307692
287,40,327,0.63867188,0.75535168
286,40,326,0.63671875,0.75460123
322,9,331,0.64648438,0.94561934
299,32,331,0.64648438,0.80664653
267,60,327,0.63867188,0.63302752
274,45,319,0.62304688,0.71786834
283,35,318,0.62109375,0.77987421
318,20,338,0.66015625,0.8816568
319,3,322,0.62890625,0.98136646
337,5,342,0.66796875,0.97076023
318,3,321,0.62695312,0.98130841
331,10,341,0.66601562,0.94134897
298,21,319,0.62304688,0.86833856
327,2,329,0.64257812,0.98784195
311,23,334,0.65234375,0.86227545
288,30,318,0.62109375,0.81132075
331,6,337,0.65820312,0.96439169
318,13,331,0.64648438,0.92145015
326,13,339,0.66210938,0.92330383
300,38,338,0.66015625,0.77514793
302,30,332,0.6484375,0.81927711
337,1,338,0.66015625,0.99408284
338,7,345,0.67382812,0.95942029
320,10,330,0.64453125,0.93939394
327,17,344,0.671875,0.90116279
321,15,336,0.65625,0.91071429
326,1,327,0.63867188,0.99388379
352,5,357,0.69726562,0.9719888
329,8,337,0.65820312,0.95252226
322,19,341,0.66601562,0.88856305
319,8,327,0.63867188,0.95107034
324,8,332,0.6484375,0.95180723
291,42,333,0.65039062,0.74774775
312,23,335,0.65429688,0.86268657
305,27,332,0.6484375,0.8373494
297,29,326,0.63671875,0.82208589
319,15,334,0.65234375,0.91017964
312,22,334,0.65234375,0.86826347
324,14,338,0.66015625,0.91715976
324,4,328,0.640625,0.97560976
304,24,328,0.640625,0.85365854
318,17,335,0.65429688,0.89850746
315,13,328,0.640625,0.92073171
304,23,327,0.63867188,0.85932722
302,25,327,0.63867188,0.8470948
310,17,327,0.63867188,0.89602446
289,40,329,0.64257812,0.75683891
296,34,330,0.64453125,0.79393939
298,40,338,0.66015625,0.76331361
290,32,322,0.62890625,0.80124224
317,21,338,0.66015625,0.87573964
320,10,330,0.64453125,0.93939394
331,6,337,0.65820312,0.96439169
320,14,334,0.65234375,0.91616766
320,13,333,0.65039062,0.92192192
291,24,315,0.61523438,0.84761905
329,17,346,0.67578125,0.9017341
325,7,332,0.6484375,0.95783133
322,4,326,0.63671875,0.97546012
334,7,341,0.66601562,0.95894428
323,8,331,0.64648438,0.95166163
300,32,332,0.6484375,0.80722892
305,30,335,0.65429688,0.82089552
322,14,336,0.65625,0.91666667
338,8,346,0.67578125,0.95375723
314,28,342,0.66796875,0.83625731
274,47,321,0.62695312,0.70716511
281,47,328,0.640625,0.71341463
276,58,334,0.65234375,0.65269461
285,53,338,0.66015625,0.68639053
282,49,331,0.64648438,0.70392749
297,30,327,0.63867188,0.81651376
300,29,329,0.64257812,0.82370821
246,79,325,0.63476562,0.51384615
303,25,328,0.640625,0.84756098
321,13,334,0.65234375,0.92215569
340,0,340,0.6640625,1
329,3,332,0.6484375,0.98192771
354,0,354,0.69140625,1
309,27,336,0.65625,0.83928571
324,10,334,0.65234375,0.94011976
305,33,338,0.66015625,0.80473373
330,4,334,0.65234375,0.9760479
332,0,332,0.6484375,1
329,6,335,0.65429688,0.9641791
295,30,325,0.63476562,0.81538462
300,30,330,0.64453125,0.81818182
315,15,330,0.64453125,0.90909091
318,12,330,0.64453125,0.92727273
306,23,329,0.64257812,0.86018237
332,10,342,0.66796875,0.94152047
327,8,335,0.65429688,0.95223881
304,21,325,0.63476562,0.87076923
339,0,339,0.66210938,1
327,6,333,0.65039062,0.96396396
320,11,331,0.64648438,0.93353474
306,24,330,0.64453125,0.85454545
317,15,332,0.6484375,0.90963855
315,11,326,0.63671875,0.93251534
323,11,334,0.65234375,0.93413174
285,30,315,0.61523438,0.80952381
307,19,326,0.63671875,0.88343558
295,36,331,0.64648438,0.78247734
288,40,328,0.640625,0.75609756
294,35,329,0.64257812,0.78723404
289,54,343,0.66992188,0.6851312
248,79,327,0.63867188,0.51681957
286,48,334,0.65234375,0.71257485
300,33,333,0.65039062,0.8018018
264,64,328,0.640625,0.6097561
286,37,323,0.63085938,0.77089783
317,12,329,0.64257812,0.92705167
341,1,342,0.66796875,0.99415205
331,4,335,0.65429688,0.9761194
318,7,325,0.63476562,0.95692308
323,4,327,0.63867188,0.97553517
332,5,337,0.65820312,0.97032641
295,34,329,0.64257812,0.79331307
292,35,327,0.63867188,0.78593272
283,51,334,0.65234375,0.69461078
254,73,327,0.63867188,0.55351682
262,62,324,0.6328125,0.61728395
240,85,325,0.63476562,0.47692308
219,110,329,0.64257812,0.33130699
255,85,340,0.6640625,0.5
261,70,331,0.64648438,0.57703927
237,82,319,0.62304688,0.48589342
271,47,318,0.62109375,0.70440252
275,63,338,0.66015625,0.62721893
313,34,347,0.67773438,0.80403458
282,44,326,0.63671875,0.73006135
274,46,320,0.625,0.7125
257,64,321,0.62695312,0.60124611
292,32,324,0.6328125,0.80246914
312,24,336,0.65625,0.85714286
328,5,333,0.65039062,0.96996997
317,20,337,0.65820312,0.88130564
330,2,332,0.6484375,0.98795181
307,11,318,0.62109375,0.93081761
329,8,337,0.65820312,0.95252226
330,0,330,0.64453125,1
332,4,336,0.65625,0.97619048
335,6,341,0.66601562,0.96480938
324,8,332,0.6484375,0.95180723
311,26,337,0.65820312,0.84569733
339,0,339,0.66210938,1
295,33,328,0.640625,0.79878049
292,50,342,0.66796875,0.70760234
305,19,324,0.6328125,0.88271605
342,1,343,0.66992188,0.9941691
330,2,332,0.6484375,0.98795181
346,1,347,0.67773438,0.99423631
339,4,343,0.66992188,0.97667638
336,5,341,0.66601562,0.97067449
335,5,340,0.6640625,0.97058824
290,42,332,0.6484375,0.74698795
296,32,328,0.640625,0.80487805
298,32,330,0.64453125,0.80606061
323,14,337,0.65820312,0.91691395
329,13,342,0.66796875,0.92397661
309,22,331,0.64648438,0.86706949
304,19,323,0.63085938,0.88235294
320,22,342,0.66796875,0.87134503
320,8,328,0.640625,0.95121951
310,24,334,0.65234375,0.85628743
330,3,333,0.65039062,0.98198198
326,9,335,0.65429688,0.94626866
333,5,338,0.66015625,0.9704142
309,23,332,0.6484375,0.86144578
337,6,343,0.66992188,0.96501458
313,29,342,0.66796875,0.83040936
286,26,312,0.609375,0.83333333
303,33,336,0.65625,0.80357143
298,34,332,0.6484375,0.79518072
327,16,343,0.66992188,0.90670554
340,5,345,0.67382812,0.97101449
343,2,345,0.67382812,0.9884058
345,2,347,0.67773438,0.98847262
338,0,338,0.66015625,1
326,14,340,0.6640625,0.91764706
296,26,322,0.62890625,0.83850932
313,22,335,0.65429688,0.86865672
329,10,339,0.66210938,0.94100295
318,14,332,0.6484375,0.91566265
333,2,335,0.65429688,0.9880597
332,2,334,0.65234375,0.98802395
346,0,346,0.67578125,1
330,1,331,0.64648438,0.9939577
331,7,338,0.66015625,0.95857988
323,14,337,0.65820312,0.91691395
333,5,338,0.66015625,0.9704142
307,16,323,0.63085938,0.90092879
290,37,327,0.63867188,0.77370031
324,6,330,0.64453125,0.96363636
326,7,333,0.65039062,0.95795796
327,15,342,0.66796875,0.9122807
319,8,327,0.63867188,0.95107034
334,8,342,0.66796875,0.95321637
324,9,333,0.65039062,0.94594595
324,10,334,0.65234375,0.94011976
295,36,331,0.64648438,0.78247734
297,32,329,0.64257812,0.80547112
325,12,337,0.65820312,0.92878338
302,33,335,0.65429688,0.80298507
280,35,315,0.61523438,0.77777778
303,27,330,0.64453125,0.83636364
307,21,328,0.640625,0.87195122
328,9,337,0.65820312,0.94658754
325,9,334,0.65234375,0.94610778
319,16,335,0.65429688,0.90447761
321,9,330,0.64453125,0.94545455
328,10,338,0.66015625,0.9408284
323,8,331,0.64648438,0.95166163
309,24,333,0.65039062,0.85585586
315,25,340,0.6640625,0.85294118
336,2,338,0.66015625,0.98816568
323,13,336,0.65625,0.92261905
323,7,330,0.64453125,0.95757576
335,5,340,0.6640625,0.97058824
319,13,332,0.6484375,0.92168675
337,14,351,0.68554688,0.92022792
323,15,338,0.66015625,0.9112426
328,1,329,0.64257812,0.99392097
339,2,341,0.66601562,0.98826979
319,16,335,0.65429688,0.90447761
290,27,317,0.61914062,0.829653
257,56,313,0.61132812,0.64217252
257,63,320,0.625,0.60625
267,59,326,0.63671875,0.63803681
292,31,323,0.63085938,0.80804954
300,31,331,0.64648438,0.81268882
299,30,329,0.64257812,0.81762918
332,2,334,0.65234375,0.98802395
315,17,332,0.6484375,0.89759036
309,14,323,0.63085938,0.91331269
328,0,328,0.640625,1
328,9,337,0.65820312,0.94658754
331,12,343,0.66992188,0.93002915
335,8,343,0.66992188,0.95335277
310,23,333,0.65039062,0.86186186
319,18,337,0.65820312,0.89317507
316,13,329,0.64257812,0.92097264
339,0,339,0.66210938,1
311,10,321,0.62695312,0.9376947
289,30,319,0.62304688,0.81191223
318,10,328,0.640625,0.93902439
324,23,347,0.67773438,0.86743516
326,9,335,0.65429688,0.94626866
326,9,335,0.65429688,0.94626866
336,3,339,0.66210938,0.98230088
332,0,332,0.6484375,1
342,2,344,0.671875,0.98837209
320,19,339,0.66210938,0.8879056
329,5,334,0.65234375,0.97005988
337,4,341,0.66601562,0.97653959
313,21,334,0.65234375,0.8742515
309,27,336,0.65625,0.83928571
304,24,328,0.640625,0.85365854
265,68,333,0.65039062,0.59159159
237,83,320,0.625,0.48125
230,89,319,0.62304688,0.44200627
302,26,328,0.640625,0.84146341
293,34,327,0.63867188,0.79204893
305,23,328,0.640625,0.8597561
321,5,326,0.63671875,0.96932515
311,21,332,0.6484375,0.87349398
327,19,346,0.67578125,0.89017341
330,11,341,0.66601562,0.93548387
337,8,345,0.67382812,0.95362319
321,4,325,0.63476562,0.97538462
295,34,329,0.64257812,0.79331307
320,15,335,0.65429688,0.91044776
303,18,321,0.62695312,0.88785047
305,16,321,0.62695312,0.90031153
315,2,317,0.61914062,0.9873817
318,12,330,0.64453125,0.92727273
331,9,340,0.6640625,0.94705882
321,7,328,0.640625,0.95731707
318,24,342,0.66796875,0.85964912
322,7,329,0.64257812,0.95744681
297,35,332,0.6484375,0.78915663
303,34,337,0.65820312,0.79821958
272,51,323,0.63085938,0.68421053
268,58,326,0.63671875,0.64417178
311,35,346,0.67578125,0.79768786
342,5,347,0.67773438,0.97118156
341,2,343,0.66992188,0.98833819
314,10,324,0.6328125,0.9382716
324,6,330,0.64453125,0.96363636
335,4,339,0.66210938,0.97640118
292,42,334,0.65234375,0.74850299
330,7,337,0.65820312,0.95845697
332,14,346,0.67578125,0.91907514
319,10,329,0.64257812,0.93920973
326,4,330,0.64453125,0.97575758
269,64,333,0.65039062,0.61561562
247,76,323,0.63085938,0.52941176
242,75,317,0.61914062,0.52681388
275,52,327,0.63867188,0.68195719
276,50,326,0.63671875,0.69325153
320,18,338,0.66015625,0.89349112
280,41,321,0.62695312,0.74454829
260,68,328,0.640625,0.58536585
301,22,323,0.63085938,0.86377709
294,51,345,0.67382812,0.70434783
293,42,335,0.65429688,0.74925373
277,48,325,0.63476562,0.70461538
267,56,323,0.63085938,0.65325077
338,0,338,0.66015625,1
307,28,335,0.65429688,0.83283582
331,9,340,0.6640625,0.94705882
335,6,341,0.66601562,0.96480938
315,20,335,0.65429688,0.88059701
331,4,335,0.65429688,0.9761194
322,11,333,0.65039062,0.93393393
330,13,343,0.66992188,0.92419825
322,9,331,0.64648438,0.94561934
310,21,331,0.64648438,0.87311178
301,29,330,0.64453125,0.82424242
291,36,327,0.63867188,0.77981651
303,30,333,0.65039062,0.81981982
307,20,327,0.63867188,0.87767584
311,24,335,0.65429688,0.85671642
328,8,336,0.65625,0.95238095
325,1,326,0.63671875,0.99386503
331,10,341,0.66601562,0.94134897
299,16,315,0.61523438,0.8984127
329,11,340,0.6640625,0.93529412
316,12,328,0.640625,0.92682927
329,0,329,0.64257812,1
321,8,329,0.64257812,0.95136778
339,5,344,0.671875,0.97093023
291,37,328,0.640625,0.77439024
277,48,325,0.63476562,0.70461538
300,29,329,0.64257812,0.82370821
276,43,319,0.62304688,0.73040752
327,21,348,0.6796875,0.87931034
328,9,337,0.65820312,0.94658754
334,0,334,0.65234375,1
329,9,338,0.66015625,0.94674556
320,19,339,0.66210938,0.8879056
302,21,323,0.63085938,0.86996904
327,14,341,0.66601562,0.91788856
335,6,341,0.66601562,0.96480938
312,19,331,0.64648438,0.88519637
301,19,320,0.625,0.88125
333,8,341,0.66601562,0.95307918
323,5,328,0.640625,0.9695122
325,16,341,0.66601562,0.90615836
274,41,315,0.61523438,0.73968254
297,28,325,0.63476562,0.82769231
304,25,329,0.64257812,0.84802432
287,45,332,0.6484375,0.72891566
282,46,328,0.640625,0.7195122
342,2,344,0.671875,0.98837209
289,35,324,0.6328125,0.78395062
332,6,338,0.66015625,0.96449704
313,9,322,0.62890625,0.94409938
315,10,325,0.63476562,0.93846154
345,4,349,0.68164062,0.97707736
321,18,339,0.66210938,0.89380531
315,15,330,0.64453125,0.90909091
336,6,342,0.66796875,0.96491228
318,18,336,0.65625,0.89285714
288,39,327,0.63867188,0.76146789
280,52,332,0.6484375,0.68674699
237,99,336,0.65625,0.41071429
185,133,318,0.62109375,0.16352201
196,126,322,0.62890625,0.2173913
192,121,313,0.61132812,0.22683706
151,171,322,0.62890625,-0.062111801
181,159,340,0.6640625,0.064705882
181,145,326,0.63671875,0.11042945
114,204,318,0.62109375,-0.28301887
126,207,333,0.65039062,-0.24324324
71,251,322,0.62890625,-0.55900621
52,282,334,0.65234375,-0.68862275
33,283,316,0.6171875,-0.79113924
55,276,331,0.64648438,-0.66767372
49,286,335,0.65429688,-0.70746269
58,278,336,0.65625,-0.6547619
40,278,318,0.62109375,-0.74842767
66,252,318,0.62109375,-0.58490566
39,299,338,0.66015625,-0.76923077
41,286,327,0.63867188,-0.74923547
31,302,333,0.65039062,-0.81381381
41,285,326,0.63671875,-0.74846626
20,304,324,0.6328125,-0.87654321
41,279,320,0.625,-0.74375
21,313,334,0.65234375,-0.8742515
4,323,327,0.63867188,-0.97553517
8,317,325,0.63476562,-0.95076923
25,305,330,0.64453125,-0.84848485
8,325,333,0.65039062,-0.95195195
12,319,331,0.64648438,-0.92749245
24,311,335,0.65429688,-0.85671642
18,311,329,0.64257812,-0.89057751
64,275,339,0.66210938,-0.62241888
58,280,338,0.66015625,-0.65680473
60,283,343,0.66992188,-0.65014577
81,250,331,0.64648438,-0.51057402
63,264,327,0.63867188,-0.6146789
57,278,335,0.65429688,-0.65970149
96,228,324,0.6328125,-0.40740741
117,201,318,0.62109375,-0.26415094
101,222,323,0.63085938,-0.374613
70,258,328,0.640625,-0.57317073
146,183,329,0.64257812,-0.11246201
124,211,335,0.65429688,-0.25970149
95,225,320,0.625,-0.40625
110,223,333,0.65039062,-0.33933934
130,190,320,0.625,-0.1875
108,211,319,0.62304688,-0.32288401
82,255,337,0.65820312,-0.51335312
86,242,328,0.640625,-0.47560976
105,222,327,0.63867188,-0.35779817
84,242,326,0.63671875,-0.48466258
116,208,324,0.6328125,-0.28395062
97,236,333,0.65039062,-0.41741742
96,247,343,0.66992188,-0.44023324
84,232,316,0.6171875,-0.46835443
79,244,323,0.63085938,-0.51083591
97,239,336,0.65625,-0.42261905
106,214,320,0.625,-0.3375
66,255,321,0.62695312,-0.58878505
37,289,326,0.63671875,-0.77300613
24,309,333,0.65039062,-0.85585586
41,284,325,0.63476562,-0.74769231
47,265,312,0.609375,-0.69871795
14,313,327,0.63867188,-0.91437309
19,311,330,0.64453125,-0.88484848
15,325,340,0.6640625,-0.91176471
29,293,322,0.62890625,-0.81987578
11,324,335,0.65429688,-0.93432836
10,317,327,0.63867188,-0.93883792
42,291,333,0.65039062,-0.74774775
18,316,334,0.65234375,-0.89221557
4,332,336,0.65625,-0.97619048
11,311,322,0.62890625,-0.93167702
4,324,328,0.640625,-0.97560976
1,330,331,0.64648438,-0.9939577
19,317,336,0.65625,-0.88690476
14,319,333,0.65039062,-0.91591592
17,300,317,0.61914062,-0.89274448
40,280,320,0.625,-0.75
55,268,323,0.63085938,-0.65944272
67,270,337,0.65820312,-0.60237389
69,254,323,0.63085938,-0.57275542
95,241,336,0.65625,-0.43452381
115,210,325,0.63476562,-0.29230769
83,248,331,0.64648438,-0.49848943
88,234,322,0.62890625,-0.45341615
80,241,321,0.62695312,-0.50155763
55,282,337,0.65820312,-0.6735905
90,234,324,0.6328125,-0.44444444
103,230,333,0.65039062,-0.38138138
105,226,331,0.64648438,-0.36555891
82,239,321,0.62695312,-0.48909657
97,234,331,0.64648438,-0.41389728
83,245,328,0.640625,-0.49390244
53,271,324,0.6328125,-0.67283951
8,328,336,0.65625,-0.95238095
5,336,341,0.66601562,-0.97067449
29,315,344,0.671875,-0.83139535
30,305,335,0.65429688,-0.82089552
15,308,323,0.63085938,-0.90712074
5,333,338,0.66015625,-0.9704142
4,335,339,0.66210938,-0.97640118
0,331,331,0.64648438,-1
21,312,333,0.65039062,-0.87387387
4,319,323,0.63085938,-0.9752322
2,329,331,0.64648438,-0.98791541
20,316,336,0.65625,-0.88095238
4,333,337,0.65820312,-0.97626113
28,297,325,0.63476562,-0.82769231
3,341,344,0.671875,-0.98255814
4,326,330,0.64453125,-0.97575758
19,313,332,0.6484375,-0.88554217
16,319,335,0.65429688,-0.90447761
5,339,344,0.671875,-0.97093023
11,320,331,0.64648438,-0.93353474
6,322,328,0.640625,-0.96341463
19,316,335,0.65429688,-0.88656716
8,340,348,0.6796875,-0.95402299
17,321,338,0.66015625,-0.89940828
27,310,337,0.65820312,-0.83976261
16,315,331,0.64648438,-0.90332326
8,332,340,0.6640625,-0.95294118
2,325,327,0.63867188,-0.98776758
22,297,319,0.62304688,-0.86206897
20,315,335,0.65429688,-0.88059701
7,329,336,0.65625,-0.95833333
13,315,328,0.640625,-0.92073171
6,321,327,0.63867188,-0.96330275
26,303,329,0.64257812,-0.84194529
24,316,340,0.6640625,-0.85882353
24,312,336,0.65625,-0.85714286
41,294,335,0.65429688,-0.75522388
75,251,326,0.63671875,-0.5398773
64,265,329,0.64257812,-0.61094225
59,265,324,0.6328125,-0.63580247
74,246,320,0.625,-0.5375
68,257,325,0.63476562,-0.58153846
43,288,331,0.64648438,-0.74018127
44,300,344,0.671875,-0.74418605
43,279,322,0.62890625,-0.73291925
34,303,337,0.65820312,-0.79821958
16,311,327,0.63867188,-0.90214067
6,331,337,0.65820312,-0.96439169
9,328,337,0.65820312,-0.94658754
26,303,329,0.64257812,-0.84194529
29,297,326,0.63671875,-0.82208589
16,321,337,0.65820312,-0.90504451
3,335,338,0.66015625,-0.98224852
4,335,339,0.66210938,-0.97640118
3,331,334,0.65234375,-0.98203593
0,346,346,0.67578125,-1
6,321,327,0.63867188,-0.96330275
14,310,324,0.6328125,-0.91358025
18,307,325,0.63476562,-0.88923077
10,327,337,0.65820312,-0.94065282
13,319,332,0.6484375,-0.92168675
15,330,345,0.67382812,-0.91304348
18,317,335,0.65429688,-0.89253731
29,315,344,0.671875,-0.83139535
74,257,331,0.64648438,-0.55287009
56,270,326,0.63671875,-0.65644172
84,254,338,0.66015625,-0.50295858
14,319,333,0.65039062,-0.91591592
21,311,332,0.6484375,-0.87349398
36,286,322,0.62890625,-0.77639752
33,297,330,0.64453125,-0.8
12,327,339,0.66210938,-0.92920354
9,329,338,0.66015625,-0.94674556
2,322,324,0.6328125,-0.98765432
0,344,344,0.671875,-1
11,320,331,0.64648438,-0.93353474
1,338,339,0.66210938,-0.99410029
21,316,337,0.65820312,-0.87537092
11,312,323,0.63085938,-0.93188854
35,311,346,0.67578125,-0.79768786
24,299,323,0.63085938,-0.85139319
13,312,325,0.63476562,-0.92
22,308,330,0.64453125,-0.86666667
13,316,329,0.64257812,-0.92097264
1,327,328,0.640625,-0.99390244
16,314,330,0.64453125,-0.9030303
7,339,346,0.67578125,-0.95953757
13,322,335,0.65429688,-0.92238806
37,298,335,0.65429688,-0.77910448
30,304,334,0.65234375,-0.82035928
39,286,325,0.63476562,-0.76
30,303,333,0.65039062,-0.81981982
38,291,329,0.64257812,-0.76899696
14,322,336,0.65625,-0.91666667
3,325,328,0.640625,-0.98170732
2,334,336,0.65625,-0.98809524
15,301,316,0.6171875,-0.90506329
4,341,345,0.67382812,-0.97681159
7,334,341,0.66601562,-0.95894428
15,318,333,0.65039062,-0.90990991
1,324,325,0.63476562,-0.99384615
14,307,321,0.62695312,-0.91277259
18,320,338,0.66015625,-0.89349112
28,304,332,0.6484375,-0.8313253
2,338,340,0.6640625,-0.98823529
13,308,321,0.62695312,-0.91900312
14,314,328,0.640625,-0.91463415
28,301,329,0.64257812,-0.82978723
8,331,339,0.66210938,-0.95280236
6,310,316,0.6171875,-0.96202532
8,328,336,0.65625,-0.95238095
11,324,335,0.65429688,-0.93432836
4,327,331,0.64648438,-0.97583082
4,334,338,0.66015625,-0.97633136
14,322,336,0.65625,-0.91666667
8,340,348,0.6796875,-0.95402299
26,294,320,0.625,-0.8375
27,288,315,0.61523438,-0.82857143
37,300,337,0.65820312,-0.78041543
20,305,325,0.63476562,-0.87692308
1,328,329,0.64257812,-0.99392097
14,324,338,0.66015625,-0.91715976
3,337,340,0.6640625,-0.98235294
25,297,322,0.62890625,-0.8447205
2,326,328,0.640625,-0.98780488
22,294,316,0.6171875,-0.86075949
11,323,334,0.65234375,-0.93413174
25,305,330,0.64453125,-0.84848485
29,303,332,0.6484375,-0.8253012
38,301,339,0.66210938,-0.77581121
43,284,327,0.63867188,-0.73700306
55,271,326,0.63671875,-0.66257669
16,319,335,0.65429688,-0.90447761
6,324,330,0.64453125,-0.96363636
0,335,335,0.65429688,-1
14,308,322,0.62890625,-0.91304348
1,335,336,0.65625,-0.99404762
2,330,332,0.6484375,-0.98795181
32,298,330,0.64453125,-0.80606061
51,268,319,0.62304688,-0.68025078
42,287,329,0.64257812,-0.74468085
43,282,325,0.63476562,-0.73538462
27,299,326,0.63671875,-0.83435583
20,312,332,0.6484375,-0.87951807
8,325,333,0.65039062,-0.95195195
21,326,347,0.67773438,-0.87896254
2,331,333,0.65039062,-0.98798799
12,329,341,0.66601562,-0.92961877
8,334,342,0.66796875,-0.95321637
13,310,323,0.63085938,-0.91950464
15,312,327,0.63867188,-0.90825688
9,321,330,0.64453125,-0.94545455
23,317,340,0.6640625,-0.86470588
18,317,335,0.65429688,-0.89253731
20,318,338,0.66015625,-0.8816568
5,331,336,0.65625,-0.9702381
1,353,354,0.69140625,-0.99435028
17,306,323,0.63085938,-0.89473684
45,282,327,0.63867188,-0.72477064
122,203,325,0.63476562,-0.24923077
115,220,335,0.65429688,-0.31343284
86,245,331,0.64648438,-0.48036254
86,240,326,0.63671875,-0.47239264
108,218,326,0.63671875,-0.33742331
97,219,316,0.6171875,-0.38607595
88,232,320,0.625,-0.45
105,233,338,0.66015625,-0.37869822
109,214,323,0.63085938,-0.3250774
100,225,325,0.63476562,-0.38461538
98,230,328,0.640625,-0.40243902
105,217,322,0.62890625,-0.34782609
58,277,335,0.65429688,-0.65373134
36,300,336,0.65625,-0.78571429
2,334,336,0.65625,-0.98809524
2,331,333,0.65039062,-0.98798799
19,315,334,0.65234375,-0.88622754
46,285,331,0.64648438,-0.72205438
77,246,323,0.63085938,-0.52321981
42,288,330,0.64453125,-0.74545455
26,308,334,0.65234375,-0.84431138
51,275,326,0.63671875,-0.68711656
31,290,321,0.62695312,-0.80685358
48,280,328,0.640625,-0.70731707
22,297,319,0.62304688,-0.86206897
21,316,337,0.65820312,-0.87537092
8,325,333,0.65039062,-0.95195195
1,336,337,0.65820312,-0.99406528
0,339,339,0.66210938,-1
3,333,336,0.65625,-0.98214286
0,336,336,0.65625,-1
5,332,337,0.65820312,-0.97032641
3,334,337,0.65820312,-0.98219585
13,318,331,0.64648438,-0.92145015
39,301,340,0.6640625,-0.77058824
58,269,327,0.63867188,-0.64525994
48,285,333,0.65039062,-0.71171171
78,256,334,0.65234375,-0.53293413
67,257,324,0.6328125,-0.58641975
54,262,316,0.6171875,-0.65822785
19,310,329,0.64257812,-0.88449848
15,310,325,0.63476562,-0.90769231
8,341,349,0.68164062,-0.95415473
2,341,343,0.66992188,-0.98833819
66,254,320,0.625,-0.5875
19,314,333,0.65039062,-0.88588589
11,328,339,0.66210938,-0.93510324
22,310,332,0.6484375,-0.86746988
18,314,332,0.6484375,-0.89156627
43,287,330,0.64453125,-0.73939394
106,224,330,0.64453125,-0.35757576
114,205,319,0.62304688,-0.28526646
98,226,324,0.6328125,-0.39506173
94,229,323,0.63085938,-0.41795666
89,232,321,0.62695312,-0.44548287
123,208,331,0.64648438,-0.25679758
116,206,322,0.62890625,-0.27950311
62,267,329,0.64257812,-0.6231003
58,272,330,0.64453125,-0.64848485
15,327,342,0.66796875,-0.9122807
25,296,321,0.62695312,-0.84423676
2,328,330,0.64453125,-0.98787879
15,334,349,0.68164062,-0.91404011
5,324,329,0.64257812,-0.96960486
9,324,333,0.65039062,-0.94594595
3,338,341,0.66601562,-0.98240469
33,299,332,0.6484375,-0.80120482
6,326,332,0.6484375,-0.96385542
7,328,335,0.65429688,-0.95820896
25,304,329,0.64257812,-0.84802432
37,305,342,0.66796875,-0.78362573
28,309,337,0.65820312,-0.83382789
9,318,327,0.63867188,-0.94495413
15,322,337,0.65820312,-0.91097923
10,328,338,0.66015625,-0.9408284
20,308,328,0.640625,-0.87804878
17,310,327,0.63867188,-0.89602446
15,317,332,0.6484375,-0.90963855
14,329,343,0.66992188,-0.91836735
54,274,328,0.640625,-0.67073171
27,315,342,0.66796875,-0.84210526
19,324,343,0.66992188,-0.88921283
37,306,343,0.66992188,-0.78425656
37,310,347,0.67773438,-0.78674352
85,236,321,0.62695312,-0.47040498
36,293,329,0.64257812,-0.78115502
27,298,325,0.63476562,-0.83384615
18,313,331,0.64648438,-0.89123867
39,300,339,0.66210938,-0.7699115
26,304,330,0.64453125,-0.84242424
25,309,334,0.65234375,-0.8502994
23,311,334,0.65234375,-0.86227545
8,333,341,0.66601562,-0.95307918
7,332,339,0.66210938,-0.95870206
24,301,325,0.63476562,-0.85230769
17,315,332,0.6484375,-0.89759036
14,314,328,0.640625,-0.91463415
12,317,329,0.64257812,-0.92705167
13,336,349,0.68164062,-0.92550143
24,300,324,0.6328125,-0.85185185
7,327,334,0.65234375,-0.95808383
16,306,322,0.62890625,-0.90062112
37,283,320,0.625,-0.76875
22,324,346,0.67578125,-0.87283237
22,309,331,0.64648438,-0.86706949
16,326,342,0.66796875,-0.90643275
13,310,323,0.63085938,-0.91950464
28,304,332,0.6484375,-0.8313253
12,323,335,0.65429688,-0.92835821
22,308,330,0.64453125,-0.86666667
39,282,321,0.62695312,-0.75700935
12,321,333,0.65039062,-0.92792793
26,310,336,0.65625,-0.8452381
12,322,334,0.65234375,-0.92814371
25,321,346,0.67578125,-0.85549133
23,310,333,0.65039062,-0.86186186
27,296,323,0.63085938,-0.83281734
3,328,331,0.64648438,-0.98187311
14,324,338,0.66015625,-0.91715976
4,317,321,0.62695312,-0.97507788
20,297,317,0.61914062,-0.87381703
10,323,333,0.65039062,-0.93993994
17,335,352,0.6875,-0.90340909
10,324,334,0.65234375,-0.94011976
9,317,326,0.63671875,-0.94478528
32,290,322,0.62890625,-0.80124224
38,293,331,0.64648438,-0.77039275
45,284,329,0.64257812,-0.72644377
27,303,330,0.64453125,-0.83636364
26,288,314,0.61328125,-0.8343949
24,307,331,0.64648438,-0.85498489
5,330,335,0.65429688,-0.97014925
7,324,331,0.64648438,-0.95770393
1,332,333,0.65039062,-0.99399399
6,324,330,0.64453125,-0.96363636
27,303,330,0.64453125,-0.83636364
49,291,340,0.6640625,-0.71176471
67,258,325,0.63476562,-0.58769231
72,271,343,0.66992188,-0.58017493
63,255,318,0.62109375,-0.60377358
54,278,332,0.6484375,-0.6746988
62,264,326,0.63671875,-0.6196319
18,322,340,0.6640625,-0.89411765
35,301,336,0.65625,-0.79166667
91,244,335,0.65429688,-0.45671642
98,238,336,0.65625,-0.41666667
61,256,317,0.61914062,-0.61514196
61,269,330,0.64453125,-0.63030303
66,271,337,0.65820312,-0.60830861
43,298,341,0.66601562,-0.74780059
41,289,330,0.64453125,-0.75151515
35,287,322,0.62890625,-0.7826087
15,320,335,0.65429688,-0.91044776
29,306,335,0.65429688,-0.82686567
36,294,330,0.64453125,-0.78181818
20,309,329,0.64257812,-0.87841945
23,308,331,0.64648438,-0.86102719
32,296,328,0.640625,-0.80487805
44,284,328,0.640625,-0.73170732
43,292,335,0.65429688,-0.74328358
62,270,332,0.6484375,-0.62650602
38,287,325,0.63476562,-0.76615385
72,255,327,0.63867188,-0.55963303
44,282,326,0.63671875,-0.73006135
14,305,319,0.62304688,-0.91222571
14,328,342,0.66796875,-0.91812865
14,304,318,0.62109375,-0.91194969
34,300,334,0.65234375,-0.79640719
58,270,328,0.640625,-0.64634146
20,306,326,0.63671875,-0.87730061
24,316,340,0.6640625,-0.85882353
12,327,339,0.66210938,-0.92920354
4,329,333,0.65039062,-0.97597598
28,310,338,0.66015625,-0.83431953
24,316,340,0.6640625,-0.85882353
14,315,329,0.64257812,-0.91489362
6,334,340,0.6640625,-0.96470588
2,341,343,0.66992188,-0.98833819
8,322,330,0.64453125,-0.95151515
11,321,332,0.6484375,-0.93373494
0,336,336,0.65625,-1
3,331,334,0.65234375,-0.98203593
13,326,339,0.66210938,-0.92330383
4,342,346,0.67578125,-0.97687861
14,324,338,0.66015625,-0.91715976
10,332,342,0.66796875,-0.94152047
12,333,345,0.67382812,-0.93043478
0,349,349,0.68164062,-1
2,336,338,0.66015625,-0.98816568
15,323,338,0.66015625,-0.9112426
32,294,326,0.63671875,-0.80368098
16,335,351,0.68554688,-0.90883191
1,325,326,0.63671875,-0.99386503
12,319,331,0.64648438,-0.92749245
14,309,323,0.63085938,-0.91331269
6,335,341,0.66601562,-0.96480938
27,300,327,0.63867188,-0.83486239
12,322,334,0.65234375,-0.92814371
7,338,345,0.67382812,-0.95942029
30,301,331,0.64648438,-0.81873112
7,327,334,0.65234375,-0.95808383
12,321,333,0.65039062,-0.92792793
23,304,327,0.63867188,-0.85932722
11,322,333,0.65039062,-0.93393393
16,318,334,0.65234375,-0.90419162
3,333,336,0.65625,-0.98214286
18,315,333,0.65039062,-0.89189189
11,323,334,0.65234375,-0.93413174
10,326,336,0.65625,-0.94047619
3,337,340,0.6640625,-0.98235294
1,324,325,0.63476562,-0.99384615
6,320,326,0.63671875,-0.96319018
11,328,339,0.66210938,-0.93510324
37,292,329,0.64257812,-0.77507599
32,287,319,0.62304688,-0.79937304
2,341,343,0.66992188,-0.98833819
12,325,337,0.65820312,-0.92878338
3,340,343,0.66992188,-0.98250729
2,326,328,0.640625,-0.98780488
2,342,344,0.671875,-0.98837209
11,328,339,0.66210938,-0.93510324
16,318,334,0.65234375,-0.90419162
41,277,318,0.62109375,-0.74213836
35,286,321,0.62695312,-0.78193146
28,297,325,0.63476562,-0.82769231
37,286,323,0.63085938,-0.77089783
20,333,353,0.68945312,-0.88668555
2,344,346,0.67578125,-0.98843931
4,327,331,0.64648438,-0.97583082
3,333,336,0.65625,-0.98214286
2,323,325,0.63476562,-0.98769231
10,324,334,0.65234375,-0.94011976
3,330,333,0.65039062,-0.98198198
12,324,336,0.65625,-0.92857143
5,332,337,0.65820312,-0.97032641
15,317,332,0.6484375,-0.90963855
16,322,338,0.66015625,-0.90532544
19,301,320,0.625,-0.88125
16,313,329,0.64257812,-0.90273556
5,338,343,0.66992188,-0.97084548
3,328,331,0.64648438,-0.98187311
19,307,326,0.63671875,-0.88343558
9,326,335,0.65429688,-0.94626866
39,293,332,0.6484375,-0.76506024
37,285,322,0.62890625,-0.77018634
68,258,326,0.63671875,-0.58282209
22,318,340,0.6640625,-0.87058824
46,293,339,0.66210938,-0.72861357
23,306,329,0.64257812,-0.86018237
28,297,325,0.63476562,-0.82769231
17,324,341,0.66601562,-0.90029326
44,276,320,0.625,-0.725
38,290,328,0.640625,-0.76829268
27,298,325,0.63476562,-0.83384615
9,325,334,0.65234375,-0.94610778
10,330,340,0.6640625,-0.94117647
14,327,341,0.66601562,-0.91788856
10,337,347,0.67773438,-0.94236311
27,308,335,0.65429688,-0.83880597
32,301,333,0.65039062,-0.80780781
11,330,341,0.66601562,-0.93548387
13,327,340,0.6640625,-0.92352941
39,297,336,0.65625,-0.76785714
27,311,338,0.66015625,-0.84023669
36,298,334,0.65234375,-0.78443114
35,285,320,0.625,-0.78125
66,253,319,0.62304688,-0.5862069
47,283,330,0.64453125,-0.71515152
39,268,307,0.59960938,-0.74592834
7,332,339,0.66210938,-0.95870206
28,299,327,0.63867188,-0.82874618
34,291,325,0.63476562,-0.79076923
25,302,327,0.63867188,-0.8470948
1,347,348,0.6796875,-0.99425287
17,319,336,0.65625,-0.89880952
30,306,336,0.65625,-0.82142857
23,297,320,0.625,-0.85625
44,287,331,0.64648438,-0.73413897
20,315,335,0.65429688,-0.88059701
27,304,331,0.64648438,-0.83685801
15,327,342,0.66796875,-0.9122807
9,328,337,0.65820312,-0.94658754
31,304,335,0.65429688,-0.81492537
5,325,330,0.64453125,-0.96969697
41,289,330,0.64453125,-0.75151515
60,269,329,0.64257812,-0.63525836
112,228,340,0.6640625,-0.34117647
141,195,336,0.65625,-0.16071429
185,128,313,0.61132812,0.18210863
163,149,312,0.609375,0.044871795
127,195,322,0.62890625,-0.21118012
138,191,329,0.64257812,-0.16109422
106,224,330,0.64453125,-0.35757576
84,248,332,0.6484375,-0.4939759
97,221,318,0.62109375,-0.38993711
90,241,331,0.64648438,-0.45619335
60,259,319,0.62304688,-0.62382445
34,306,340,0.6640625,-0.8
35,276,311,0.60742188,-0.77491961
63,260,323,0.63085938,-0.60990712
87,234,321,0.62695312,-0.45794393
92,225,317,0.61914062,-0.41955836
85,231,316,0.6171875,-0.46202532
43,276,319,0.62304688,-0.73040752
46,273,319,0.62304688,-0.71159875
21,311,332,0.6484375,-0.87349398
13,322,335,0.65429688,-0.92238806
32,298,330,0.64453125,-0.80606061
44,279,323,0.63085938,-0.72755418
22,311,333,0.65039062,-0.86786787
14,322,336,0.65625,-0.91666667
32,304,336,0.65625,-0.80952381
39,287,326,0.63671875,-0.7607362
45,295,340,0.6640625,-0.73529412
36,302,338,0.66015625,-0.78698225
43,287,330,0.64453125,-0.73939394
31,299,330,0.64453125,-0.81212121
16,329,345,0.67382812,-0.90724638
8,334,342,0.66796875,-0.95321637
1,329,330,0.64453125,-0.99393939
1,325,326,0.63671875,-0.99386503
3,338,341,0.66601562,-0.98240469
11,329,340,0.6640625,-0.93529412
22,313,335,0.65429688,-0.86865672
18,305,323,0.63085938,-0.88854489
19,309,328,0.640625,-0.88414634
21,308,329,0.64257812,-0.87234043
31,297,328,0.640625,-0.81097561
16,311,327,0.63867188,-0.90214067
32,288,320,0.625,-0.8
13,322,335,0.65429688,-0.92238806
0,325,325,0.63476562,-1
6,333,339,0.66210938,-0.96460177
38,291,329,0.64257812,-0.76899696
33,288,321,0.62695312,-0.79439252
45,274,319,0.62304688,-0.71786834
49,274,323,0.63085938,-0.69659443
75,257,332,0.6484375,-0.54819277
89,240,329,0.64257812,-0.45896657
126,208,334,0.65234375,-0.24550898
110,218,328,0.640625,-0.32926829
85,235,320,0.625,-0.46875
126,200,326,0.63671875,-0.22699387
133,199,332,0.6484375,-0.19879518
188,138,326,0.63671875,0.15337423
174,139,313,0.61132812,0.11182109
176,153,329,0.64257812,0.069908815
176,137,313,0.61132812,0.12460064
202,120,322,0.62890625,0.25465839
249,80,329,0.64257812,0.51367781
272,54,326,0.63671875,0.66871166
301,30,331,0.64648438,0.81873112
301,26,327,0.63867188,0.84097859
293,23,316,0.6171875,0.85443038
294,29,323,0.63085938,0.82043344
292,37,329,0.64257812,0.77507599
321,14,335,0.65429688,0.91641791
331,3,334,0.65234375,0.98203593
324,6,330,0.64453125,0.96363636
333,7,340,0.6640625,0.95882353
315,24,339,0.66210938,0.85840708
287,35,322,0.62890625,0.7826087
324,8,332,0.6484375,0.95180723
337,4,341,0.66601562,0.97653959
325,11,336,0.65625,0.93452381
325,10,335,0.65429688,0.94029851
332,2,334,0.65234375,0.98802395
307,12,319,0.62304688,0.92476489
316,14,330,0.64453125,0.91515152
285,28,313,0.61132812,0.82108626
331,7,338,0.66015625,0.95857988
309,13,322,0.62890625,0.91925466
310,15,325,0.63476562,0.90769231
243,97,340,0.6640625,0.42941176
218,103,321,0.62695312,0.35825545
249,65,314,0.61328125,0.58598726
278,54,332,0.6484375,0.6746988
273,67,340,0.6640625,0.60588235
283,37,320,0.625,0.76875
288,44,332,0.6484375,0.73493976
307,31,338,0.66015625,0.81656805
294,36,330,0.64453125,0.78181818
270,51,321,0.62695312,0.68224299
263,70,333,0.65039062,0.57957958
305,30,335,0.65429688,0.82089552
348,0,348,0.6796875,1
338,0,338,0.66015625,1
325,10,335,0.65429688,0.94029851
333,1,334,0.65234375,0.99401198
322,12,334,0.65234375,0.92814371
318,18,336,0.65625,0.89285714
318,12,330,0.64453125,0.92727273
323,15,338,0.66015625,0.9112426
307,17,324,0.6328125,0.89506173
337,1,338,0.66015625,0.99408284
305,15,320,0.625,0.90625
335,1,336,0.65625,0.99404762
334,1,335,0.65429688,0.99402985
305,30,335,0.65429688,0.82089552
311,14,325,0.63476562,0.91384615
334,3,337,0.65820312,0.98219585
320,11,331,0.64648438,0.93353474
341,6,347,0.67773438,0.96541787
319,12,331,0.64648438,0.92749245
323,5,328,0.640625,0.9695122
316,6,322,0.62890625,0.96273292
304,28,332,0.6484375,0.8313253
320,10,330,0.64453125,0.93939394
323,9,332,0.6484375,0.94578313
327,3,330,0.64453125,0.98181818
295,32,327,0.63867188,0.80428135
291,45,336,0.65625,0.73214286
315,15,330,0.64453125,0.90909091
320,20,340,0.6640625,0.88235294
331,3,334,0.65234375,0.98203593
322,11,333,0.65039062,0.93393393
333,5,338,0.66015625,0.9704142
324,14,338,0.66015625,0.91715976
261,66,327,0.63867188,0.59633028
281,51,332,0.6484375,0.69277108
292,42,334,0.65234375,0.74850299
312,19,331,0.64648438,0.88519637
313,19,332,0.6484375,0.88554217
337,8,345,0.67382812,0.95362319
315,16,331,0.64648438,0.90332326
329,8,337,0.65820312,0.95252226
327,16,343,0.66992188,0.90670554
301,33,334,0.65234375,0.80239521
305,26,331,0.64648438,0.8429003
287,40,327,0.63867188,0.75535168
315,13,328,0.640625,0.92073171
330,8,338,0.66015625,0.95266272
309,21,330,0.64453125,0.87272727
321,16,337,0.65820312,0.90504451
285,47,332,0.6484375,0.71686747
278,45,323,0.63085938,0.72136223
255,64,319,0.62304688,0.59874608
276,51,327,0.63867188,0.68807339
310,25,335,0.65429688,0.85074627
285,32,317,0.61914062,0.79810726
272,45,317,0.61914062,0.71608833
328,8,336,0.65625,0.95238095
324,8,332,0.6484375,0.95180723
305,21,326,0.63671875,0.87116564
292,40,332,0.6484375,0.75903614
315,25,340,0.6640625,0.85294118
328,16,344,0.671875,0.90697674
292,36,328,0.640625,0.7804878
304,21,325,0.63476562,0.87076923
313,23,336,0.65625,0.86309524
334,12,346,0.67578125,0.93063584
335,3,338,0.66015625,0.98224852
321,11,332,0.6484375,0.93373494
318,19,337,0.65820312,0.88724036
307,25,332,0.6484375,0.84939759
346,6,352,0.6875,0.96590909
321,15,336,0.65625,0.91071429
328,6,334,0.65234375,0.96407186
328,10,338,0.66015625,0.9408284
327,11,338,0.66015625,0.93491124
308,22,330,0.64453125,0.86666667
318,12,330,0.64453125,0.92727273
347,2,349,0.68164062,0.98853868
314,13,327,0.63867188,0.9204893
341,3,344,0.671875,0.98255814
317,9,326,0.63671875,0.94478528
304,14,318,0.62109375,0.91194969
289,36,325,0.63476562,0.77846154
307,27,334,0.65234375,0.83832335
302,36,338,0.66015625,0.78698225
326,15,341,0.66601562,0.91202346
310,18,328,0.640625,0.8902439
302,33,335,0.65429688,0.80298507
312,26,338,0.66015625,0.84615385
348,2,350,0.68359375,0.98857143
303,27,330,0.64453125,0.83636364
313,16,329,0.64257812,0.90273556
286,45,331,0.64648438,0.72809668
306,23,329,0.64257812,0.86018237
289,45,334,0.65234375,0.73053892
311,27,338,0.66015625,0.84023669
239,78,317,0.61914062,0.50788644
337,6,343,0.66992188,0.96501458
323,9,332,0.6484375,0.94578313
305,33,338,0.66015625,0.80473373
298,35,333,0.65039062,0.78978979
314,19,333,0.65039062,0.88588589
315,20,335,0.65429688,0.88059701
332,1,333,0.65039062,0.99399399
330,15,345,0.67382812,0.91304348
317,2,319,0.62304688,0.98746082
315,15,330,0.64453125,0.90909091
338,2,340,0.6640625,0.98823529
336,2,338,0.66015625,0.98816568
329,4,333,0.65039062,0.97597598
329,9,338,0.66015625,0.94674556
333,8,341,0.66601562,0.95307918
324,4,328,0.640625,0.97560976
332,4,336,0.65625,0.97619048
334,8,342,0.66796875,0.95321637
332,12,344,0.671875,0.93023256
321,10,331,0.64648438,0.93957704
327,6,333,0.65039062,0.96396396
311,18,329,0.64257812,0.89057751
336,6,342,0.66796875,0.96491228
302,16,318,0.62109375,0.89937107
291,29,320,0.625,0.81875
305,28,333,0.65039062,0.83183183
314,24,338,0.66015625,0.85798817
284,33,317,0.61914062,0.79179811
296,35,331,0.64648438,0.78851964
297,38,335,0.65429688,0.77313433
285,47,332,0.6484375,0.71686747
297,38,335,0.65429688,0.77313433
325,8,333,0.65039062,0.95195195
316,15,331,0.64648438,0.90936556
309,8,317,0.61914062,0.94952681
323,9,332,0.6484375,0.94578313
331,5,336,0.65625,0.9702381
322,7,329,0.64257812,0.95744681
323,10,333,0.65039062,0.93993994
326,8,334,0.65234375,0.95209581
317,14,331,0.64648438,0.91540785
313,25,338,0.66015625,0.85207101
287,31,318,0.62109375,0.80503145
292,44,336,0.65625,0.73809524
294,30,324,0.6328125,0.81481481
310,21,331,0.64648438,0.87311178
235,79,314,0.61328125,0.49681529
255,73,328,0.640625,0.55487805
238,82,320,0.625,0.4875
254,70,324,0.6328125,0.56790123
275,51,326,0.63671875,0.68711656
286,56,342,0.66796875,0.67251462
309,22,331,0.64648438,0.86706949
281,41,322,0.62890625,0.74534161
293,38,331,0.64648438,0.77039275
292,30,322,0.62890625,0.8136646
319,8,327,0.63867188,0.95107034
316,10,326,0.63671875,0.93865031
314,13,327,0.63867188,0.9204893
314,27,341,0.66601562,0.84164223
274,48,322,0.62890625,0.70186335
257,69,326,0.63671875,0.57668712
277,41,318,0.62109375,0.74213836
300,29,329,0.64257812,0.82370821
309,25,334,0.65234375,0.8502994
315,18,333,0.65039062,0.89189189
319,11,330,0.64453125,0.93333333
316,20,336,0.65625,0.88095238
310,22,332,0.6484375,0.86746988
317,22,339,0.66210938,0.87020649
305,28,333,0.65039062,0.83183183
310,15,325,0.63476562,0.90769231
332,3,335,0.65429688,0.98208955
314,15,329,0.64257812,0.90881459
316,11,327,0.63867188,0.93272171
313,18,331,0.64648438,0.89123867
311,21,332,0.6484375,0.87349398
327,7,334,0.65234375,0.95808383
320,11,331,0.64648438,0.93353474
295,23,318,0.62109375,0.85534591
328,9,337,0.65820312,0.94658754
328,11,339,0.66210938,0.93510324
323,9,332,0.6484375,0.94578313
317,10,327,0.63867188,0.93883792
293,42,335,0.65429688,0.74925373
294,36,330,0.64453125,0.78181818
309,21,330,0.64453125,0.87272727
325,17,342,0.66796875,0.9005848
329,11,340,0.6640625,0.93529412
344,1,345,0.67382812,0.9942029
333,3,336,0.65625,0.98214286
323,4,327,0.63867188,0.97553517
333,9,342,0.66796875,0.94736842
315,18,333,0.65039062,0.89189189
289,41,330,0.64453125,0.75151515
312,18,330,0.64453125,0.89090909
321,21,342,0.66796875,0.87719298
311,11,322,0.62890625,0.93167702
336,7,343,0.66992188,0.95918367
326,15,341,0.66601562,0.91202346
294,19,313,0.61132812,0.87859425
313,11,324,0.6328125,0.93209877
314,18,332,0.6484375,0.89156627
328,2,330,0.64453125,0.98787879
327,10,337,0.65820312,0.94065282
307,30,337,0.65820312,0.82195846
330,12,342,0.66796875,0.92982456
345,1,346,0.67578125,0.99421965
350,5,355,0.69335938,0.97183099
305,22,327,0.63867188,0.86544343
315,21,336,0.65625,0.875
329,0,329,0.64257812,1
320,16,336,0.65625,0.9047619
334,5,339,0.66210938,0.97050147
320,20,340,0.6640625,0.88235294
335,11,346,0.67578125,0.93641618
313,24,337,0.65820312,0.85756677
323,16,339,0.66210938,0.90560472
328,3,331,0.64648438,0.98187311
333,5,338,0.66015625,0.9704142
279,48,327,0.63867188,0.70642202
288,39,327,0.63867188,0.76146789
279,47,326,0.63671875,0.71165644
313,34,347,0.67773438,0.80403458
292,45,337,0.65820312,0.73293769
299,25,324,0.6328125,0.84567901
289,33,322,0.62890625,0.79503106
313,16,329,0.64257812,0.90273556
318,9,327,0.63867188,0.94495413
313,18,331,0.64648438,0.89123867
320,11,331,0.64648438,0.93353474
322,8,330,0.64453125,0.95151515
323,1,324,0.6328125,0.99382716
309,13,322,0.62890625,0.91925466
301,25,326,0.63671875,0.84662577
309,23,332,0.6484375,0.86144578
309,14,323,0.63085938,0.91331269
328,7,335,0.65429688,0.95820896
337,0,337,0.65820312,1
330,2,332,0.6484375,0.98795181
340,2,342,0.66796875,0.98830409
333,7,340,0.6640625,0.95882353
309,11,320,0.625,0.93125
316,12,328,0.640625,0.92682927
316,16,332,0.6484375,0.90361446
301,28,329,0.64257812,0.82978723
311,16,327,0.63867188,0.90214067
290,40,330,0.64453125,0.75757576
262,57,319,0.62304688,0.64263323
275,52,327,0.63867188,0.68195719
268,71,339,0.66210938,0.58112094
278,51,329,0.64257812,0.6899696
303,27,330,0.64453125,0.83636364
298,32,330,0.64453125,0.80606061
304,19,323,0.63085938,0.88235294
319,7,326,0.63671875,0.95705521
316,5,321,0.62695312,0.96884735
341,6,347,0.67773438,0.96541787
316,27,343,0.66992188,0.8425656
328,7,335,0.65429688,0.95820896
298,25,323,0.63085938,0.84520124
332,5,337,0.65820312,0.97032641
313,5,318,0.62109375,0.96855346
309,14,323,0.63085938,0.91331269
329,14,343,0.66992188,0.91836735
325,9,334,0.65234375,0.94610778
308,25,333,0.65039062,0.84984985
319,18,337,0.65820312,0.89317507
319,13,332,0.6484375,0.92168675
325,24,349,0.68164062,0.86246418
315,15,330,0.64453125,0.90909091
309,11,320,0.625,0.93125
308,23,331,0.64648438,0.86102719
273,44,317,0.61914062,0.72239748
259,57,316,0.6171875,0.63924051
274,58,332,0.6484375,0.65060241
254,78,332,0.6484375,0.53012048
246,81,327,0.63867188,0.50458716
276,51,327,0.63867188,0.68807339
258,79,337,0.65820312,0.53115727
254,74,328,0.640625,0.54878049
294,38,332,0.6484375,0.77108434
314,24,338,0.66015625,0.85798817
268,52,320,0.625,0.675
277,53,330,0.64453125,0.67878788
319,18,337,0.65820312,0.89317507
313,24,337,0.65820312,0.85756677
303,34,337,0.65820312,0.79821958
