n_hor,n_ver,n_tot,eta,S
103,78,181,0.35351562,0.13812155
100,82,182,0.35546875,0.098901099
80,96,176,0.34375,-0.090909091
80,97,177,0.34570312,-0.096045198
98,77,175,0.34179688,0.12
74,103,177,0.34570312,-0.16384181
85,102,187,0.36523438,-0.090909091
85,92,177,0.34570312,-0.039548023
90,100,190,0.37109375,-0.052631579
84,102,186,0.36328125,-0.096774194
91,87,178,0.34765625,0.02247191
90,73,163,0.31835938,0.10429448
56,121,177,0.34570312,-0.36723164
84,92,176,0.34375,-0.045454545
78,105,183,0.35742188,-0.14754098
88,96,184,0.359375,-0.043478261
93,89,182,0.35546875,0.021978022
71,96,167,0.32617188,-0.1497006
116,71,187,0.36523438,0.24064171
90,96,186,0.36328125,-0.032258065
101,87,188,0.3671875,0.074468085
103,69,172,0.3359375,0.19767442
96,83,179,0.34960938,0.072625698
76,93,169,0.33007812,-0.10059172
57,119,176,0.34375,-0.35227273
97,84,181,0.35351562,0.071823204
96,94,190,0.37109375,0.010526316
99,86,185,0.36132812,0.07027027
90,104,194,0.37890625,-0.072164948
61,113,174,0.33984375,-0.29885057
81,107,188,0.3671875,-0.13829787
80,89,169,0.33007812,-0.053254438
81,94,175,0.34179688,-0.074285714
121,62,183,0.35742188,0.32240437
114,62,176,0.34375,0.29545455
90,82,172,0.3359375,0.046511628
71,105,176,0.34375,-0.19318182
103,73,176,0.34375,0.17045455
100,76,176,0.34375,0.13636364
114,57,171,0.33398438,0.33333333
104,69,173,0.33789062,0.20231214
91,85,176,0.34375,0.034090909
79,100,179,0.34960938,-0.11731844
72,98,170,0.33203125,-0.15294118
92,99,191,0.37304688,-0.036649215
69,109,178,0.34765625,-0.2247191
120,55,175,0.34179688,0.37142857
99,81,180,0.3515625,0.1
89,83,172,0.3359375,0.034883721
88,113,201,0.39257812,-0.12437811
54,127,181,0.35351562,-0.40331492
68,109,177,0.34570312,-0.23163842
98,73,171,0.33398438,0.14619883
72,116,188,0.3671875,-0.23404255
91,83,174,0.33984375,0.045977011
63,119,182,0.35546875,-0.30769231
98,81,179,0.34960938,0.094972067
68,113,181,0.35351562,-0.24861878
78,94,172,0.3359375,-0.093023256
79,90,169,0.33007812,-0.065088757
76,107,183,0.35742188,-0.16939891
109,58,167,0.32617188,0.30538922
69,110,179,0.34960938,-0.22905028
111,67,178,0.34765625,0.24719101
73,103,176,0.34375,-0.17045455
79,99,178,0.34765625,-0.11235955
112,72,184,0.359375,0.2173913
70,109,179,0.34960938,-0.21787709
82,94,176,0.34375,-0.068181818
110,83,193,0.37695312,0.13989637
80,107,187,0.36523438,-0.14438503
83,109,192,0.375,-0.13541667
73,99,172,0.3359375,-0.15116279
102,81,183,0.35742188,0.1147541
116,62,178,0.34765625,0.30337079
122,71,193,0.37695312,0.2642487
74,112,186,0.36328125,-0.20430108
75,103,178,0.34765625,-0.15730337
43,127,170,0.33203125,-0.49411765
99,68,167,0.32617188,0.18562874
110,72,182,0.35546875,0.20879121
98,77,175,0.34179688,0.12
92,90,182,0.35546875,0.010989011
88,100,188,0.3671875,-0.063829787
82,99,181,0.35351562,-0.093922652
129,63,192,0.375,0.34375
89,96,185,0.36132812,-0.037837838
105,76,181,0.35351562,0.16022099
116,69,185,0.36132812,0.25405405
71,105,176,0.34375,-0.19318182
80,86,166,0.32421875,-0.036144578
79,94,173,0.33789062,-0.086705202
61,128,189,0.36914062,-0.35449735
70,112,182,0.35546875,-0.23076923
88,82,170,0.33203125,0.035294118
111,65,176,0.34375,0.26136364
103,75,178,0.34765625,0.15730337
78,108,186,0.36328125,-0.16129032
89,93,182,0.35546875,-0.021978022
125,50,175,0.34179688,0.42857143
110,83,193,0.37695312,0.13989637
103,68,171,0.33398438,0.20467836
114,75,189,0.36914062,0.20634921
90,82,172,0.3359375,0.046511628
90,103,193,0.37695312,-0.067357513
98,75,173,0.33789062,0.13294798
91,95,186,0.36328125,-0.021505376
87,91,178,0.34765625,-0.02247191
99,91,190,0.37109375,0.042105263
96,74,170,0.33203125,0.12941176
93,91,184,0.359375,0.010869565
95,82,177,0.34570312,0.073446328
89,77,166,0.32421875,0.072289157
79,99,178,0.34765625,-0.11235955
73,105,178,0.34765625,-0.17977528
91,96,187,0.36523438,-0.026737968
92,90,182,0.35546875,0.010989011
87,82,169,0.33007812,0.029585799
75,115,190,0.37109375,-0.21052632
88,100,188,0.3671875,-0.063829787
68,106,174,0.33984375,-0.2183908
107,84,191,0.37304688,0.12041885
85,101,186,0.36328125,-0.086021505
91,98,189,0.36914062,-0.037037037
80,107,187,0.36523438,-0.14438503
68,110,178,0.34765625,-0.23595506
73,113,186,0.36328125,-0.21505376
99,72,171,0.33398438,0.15789474
113,68,181,0.35351562,0.24861878
124,67,191,0.37304688,0.29842932
107,73,180,0.3515625,0.18888889
86,92,178,0.34765625,-0.033707865
94,89,183,0.35742188,0.027322404
81,110,191,0.37304688,-0.15183246
73,106,179,0.34960938,-0.18435754
125,54,179,0.34960938,0.39664804
66,115,181,0.35351562,-0.27071823
106,67,173,0.33789062,0.22543353
80,115,195,0.38085938,-0.17948718
93,91,184,0.359375,0.010869565
83,96,179,0.34960938,-0.072625698
73,99,172,0.3359375,-0.15116279
101,83,184,0.359375,0.097826087
90,82,172,0.3359375,0.046511628
85,92,177,0.34570312,-0.039548023
79,99,178,0.34765625,-0.11235955
94,77,171,0.33398438,0.099415205
89,85,174,0.33984375,0.022988506
95,96,191,0.37304688,-0.0052356021
75,99,174,0.33984375,-0.13793103
112,72,184,0.359375,0.2173913
87,97,184,0.359375,-0.054347826
79,103,182,0.35546875,-0.13186813
63,110,173,0.33789062,-0.2716763
98,97,195,0.38085938,0.0051282051
76,95,171,0.33398438,-0.11111111
73,112,185,0.36132812,-0.21081081
112,69,181,0.35351562,0.23756906
100,73,173,0.33789062,0.15606936
112,70,182,0.35546875,0.23076923
79,98,177,0.34570312,-0.10734463
115,69,184,0.359375,0.25
112,75,187,0.36523438,0.19786096
95,85,180,0.3515625,0.055555556
111,76,187,0.36523438,0.18716578
94,86,180,0.3515625,0.044444444
97,76,173,0.33789062,0.12138728
109,80,189,0.36914062,0.15343915
87,93,180,0.3515625,-0.033333333
107,78,185,0.36132812,0.15675676
79,108,187,0.36523438,-0.15508021
66,110,176,0.34375,-0.25
86,101,187,0.36523438,-0.080213904
91,86,177,0.34570312,0.028248588
115,68,183,0.35742188,0.2568306
106,67,173,0.33789062,0.22543353
78,96,174,0.33984375,-0.10344828
86,108,194,0.37890625,-0.11340206
92,94,186,0.36328125,-0.010752688
85,108,193,0.37695312,-0.11917098
116,64,180,0.3515625,0.28888889
77,108,185,0.36132812,-0.16756757
67,119,186,0.36328125,-0.27956989
94,78,172,0.3359375,0.093023256
58,125,183,0.35742188,-0.36612022
93,76,169,0.33007812,0.10059172
87,81,168,0.328125,0.035714286
65,121,186,0.36328125,-0.30107527
71,108,179,0.34960938,-0.20670391
85,90,175,0.34179688,-0.028571429
82,91,173,0.33789062,-0.052023121
87,96,183,0.35742188,-0.049180328
72,88,160,0.3125,-0.1
79,103,182,0.35546875,-0.13186813
109,68,177,0.34570312,0.23163842
81,112,193,0.37695312,-0.16062176
61,135,196,0.3828125,-0.37755102
88,91,179,0.34960938,-0.016759777
77,88,165,0.32226562,-0.066666667
139,52,191,0.37304688,0.45549738
96,85,181,0.35351562,0.060773481
93,83,176,0.34375,0.056818182
114,75,189,0.36914062,0.20634921
92,85,177,0.34570312,0.039548023
86,99,185,0.36132812,-0.07027027
93,83,176,0.34375,0.056818182
100,75,175,0.34179688,0.14285714
96,76,172,0.3359375,0.11627907
106,66,172,0.3359375,0.23255814
100,86,186,0.36328125,0.075268817
107,86,193,0.37695312,0.10880829
93,78,171,0.33398438,0.087719298
95,91,186,0.36328125,0.021505376
66,127,193,0.37695312,-0.31606218
82,95,177,0.34570312,-0.073446328
118,71,189,0.36914062,0.24867725
61,127,188,0.3671875,-0.35106383
91,84,175,0.34179688,0.04
69,117,186,0.36328125,-0.25806452
113,65,178,0.34765625,0.26966292
95,88,183,0.35742188,0.038251366
124,51,175,0.34179688,0.41714286
84,103,187,0.36523438,-0.10160428
67,117,184,0.359375,-0.27173913
74,101,175,0.34179688,-0.15428571
113,68,181,0.35351562,0.24861878
74,105,179,0.34960938,-0.17318436
93,91,184,0.359375,0.010869565
53,113,166,0.32421875,-0.36144578
91,93,184,0.359375,-0.010869565
72,112,184,0.359375,-0.2173913
82,95,177,0.34570312,-0.073446328
95,78,173,0.33789062,0.098265896
114,65,179,0.34960938,0.27374302
89,95,184,0.359375,-0.032608696
75,105,180,0.3515625,-0.16666667
119,52,171,0.33398438,0.39181287
94,77,171,0.33398438,0.099415205
108,84,192,0.375,0.125
113,76,189,0.36914062,0.1957672
69,115,184,0.359375,-0.25
85,96,181,0.35351562,-0.060773481
84,102,186,0.36328125,-0.096774194
100,102,202,0.39453125,-0.0099009901
75,114,189,0.36914062,-0.20634921
82,93,175,0.34179688,-0.062857143
79,99,178,0.34765625,-0.11235955
84,100,184,0.359375,-0.086956522
71,116,187,0.36523438,-0.24064171
96,91,187,0.36523438,0.026737968
80,88,168,0.328125,-0.047619048
70,106,176,0.34375,-0.20454545
104,79,183,0.35742188,0.13661202
89,83,172,0.3359375,0.034883721
92,89,181,0.35351562,0.016574586
75,93,168,0.328125,-0.10714286
110,69,179,0.34960938,0.22905028
86,109,195,0.38085938,-0.11794872
66,114,180,0.3515625,-0.26666667
75,98,173,0.33789062,-0.13294798
116,66,182,0.35546875,0.27472527
69,96,165,0.32226562,-0.16363636
142,49,191,0.37304688,0.48691099
82,94,176,0.34375,-0.068181818
76,99,175,0.34179688,-0.13142857
77,92,169,0.33007812,-0.088757396
95,87,182,0.35546875,0.043956044
65,123,188,0.3671875,-0.30851064
117,60,177,0.34570312,0.3220339
109,74,183,0.35742188,0.19125683
78,113,191,0.37304688,-0.18324607
54,134,188,0.3671875,-0.42553191
77,102,179,0.34960938,-0.1396648
83,91,174,0.33984375,-0.045977011
99,93,192,0.375,0.03125
75,115,190,0.37109375,-0.21052632
63,117,180,0.3515625,-0.3
101,66,167,0.32617188,0.20958084
83,86,169,0.33007812,-0.017751479
96,84,180,0.3515625,0.066666667
132,58,190,0.37109375,0.38947368
68,108,176,0.34375,-0.22727273
65,103,168,0.328125,-0.22619048
95,74,169,0.33007812,0.12426036
71,93,164,0.3203125,-0.13414634
104,70,174,0.33984375,0.1954023
81,99,180,0.3515625,-0.1
96,76,172,0.3359375,0.11627907
65,126,191,0.37304688,-0.31937173
107,76,183,0.35742188,0.16939891
103,78,181,0.35351562,0.13812155
108,83,191,0.37304688,0.13089005
134,36,170,0.33203125,0.57647059
86,96,182,0.35546875,-0.054945055
94,81,175,0.34179688,0.074285714
82,96,178,0.34765625,-0.078651685
100,84,184,0.359375,0.086956522
102,88,190,0.37109375,0.073684211
95,85,180,0.3515625,0.055555556
119,61,180,0.3515625,0.32222222
122,63,185,0.36132812,0.31891892
96,90,186,0.36328125,0.032258065
77,88,165,0.32226562,-0.066666667
80,103,183,0.35742188,-0.12568306
115,66,181,0.35351562,0.27071823
99,77,176,0.34375,0.125
107,93,200,0.390625,0.07
72,121,193,0.37695312,-0.25388601
126,73,199,0.38867188,0.26633166
91,103,194,0.37890625,-0.06185567
78,103,181,0.35351562,-0.13812155
83,94,177,0.34570312,-0.062146893
126,54,180,0.3515625,0.4
106,71,177,0.34570312,0.19774011
76,102,178,0.34765625,-0.14606742
113,78,191,0.37304688,0.18324607
83,95,178,0.34765625,-0.06741573
77,108,185,0.36132812,-0.16756757
85,94,179,0.34960938,-0.05027933
69,114,183,0.35742188,-0.24590164
72,92,164,0.3203125,-0.12195122
84,95,179,0.34960938,-0.061452514
84,86,170,0.33203125,-0.011764706
91,78,169,0.33007812,0.076923077
69,106,175,0.34179688,-0.21142857
85,91,176,0.34375,-0.034090909
80,94,174,0.33984375,-0.08045977
101,87,188,0.3671875,0.074468085
108,87,195,0.38085938,0.10769231
84,103,187,0.36523438,-0.10160428
79,84,163,0.31835938,-0.030674847
83,113,196,0.3828125,-0.15306122
108,71,179,0.34960938,0.20670391
137,50,187,0.36523438,0.46524064
95,91,186,0.36328125,0.021505376
97,83,180,0.3515625,0.077777778
110,59,169,0.33007812,0.30177515
122,54,176,0.34375,0.38636364
106,87,193,0.37695312,0.098445596
93,88,181,0.35351562,0.027624309
109,62,171,0.33398438,0.2748538
87,96,183,0.35742188,-0.049180328
94,89,183,0.35742188,0.027322404
86,90,176,0.34375,-0.022727273
101,84,185,0.36132812,0.091891892
80,90,170,0.33203125,-0.058823529
84,79,163,0.31835938,0.030674847
74,96,170,0.33203125,-0.12941176
87,81,168,0.328125,0.035714286
80,96,176,0.34375,-0.090909091
86,84,170,0.33203125,0.011764706
84,102,186,0.36328125,-0.096774194
98,70,168,0.328125,0.16666667
84,102,186,0.36328125,-0.096774194
124,55,179,0.34960938,0.38547486
120,64,184,0.359375,0.30434783
85,94,179,0.34960938,-0.05027933
89,85,174,0.33984375,0.022988506
91,96,187,0.36523438,-0.026737968
109,77,186,0.36328125,0.17204301
111,60,171,0.33398438,0.29824561
68,112,180,0.3515625,-0.24444444
123,75,198,0.38671875,0.24242424
107,83,190,0.37109375,0.12631579
82,99,181,0.35351562,-0.093922652
98,81,179,0.34960938,0.094972067
60,109,169,0.33007812,-0.28994083
74,115,189,0.36914062,-0.21693122
95,87,182,0.35546875,0.043956044
93,85,178,0.34765625,0.04494382
110,79,189,0.36914062,0.16402116
94,83,177,0.34570312,0.062146893
81,99,180,0.3515625,-0.1
88,94,182,0.35546875,-0.032967033
95,94,189,0.36914062,0.0052910053
141,54,195,0.38085938,0.44615385
63,120,183,0.35742188,-0.31147541
82,91,173,0.33789062,-0.052023121
95,87,182,0.35546875,0.043956044
89,92,181,0.35351562,-0.016574586
63,109,172,0.3359375,-0.26744186
68,116,184,0.359375,-0.26086957
79,90,169,0.33007812,-0.065088757
100,74,174,0.33984375,0.14942529
84,97,181,0.35351562,-0.071823204
85,92,177,0.34570312,-0.039548023
80,106,186,0.36328125,-0.13978495
77,104,181,0.35351562,-0.14917127
69,98,167,0.32617188,-0.17365269
119,76,195,0.38085938,0.22051282
91,82,173,0.33789062,0.052023121
70,106,176,0.34375,-0.20454545
83,106,189,0.36914062,-0.12169312
72,101,173,0.33789062,-0.16763006
89,90,179,0.34960938,-0.0055865922
86,85,171,0.33398438,0.0058479532
66,113,179,0.34960938,-0.26256983
113,71,184,0.359375,0.22826087
64,113,177,0.34570312,-0.27683616
79,108,187,0.36523438,-0.15508021
103,73,176,0.34375,0.17045455
99,80,179,0.34960938,0.10614525
105,78,183,0.35742188,0.14754098
99,63,162,0.31640625,0.22222222
91,93,184,0.359375,-0.010869565
88,104,192,0.375,-0.083333333
65,117,182,0.35546875,-0.28571429
118,60,178,0.34765625,0.3258427
117,51,168,0.328125,0.39285714
102,77,179,0.34960938,0.1396648
123,78,201,0.39257812,0.2238806
62,114,176,0.34375,-0.29545455
82,81,163,0.31835938,0.0061349693
111,68,179,0.34960938,0.24022346
67,101,168,0.328125,-0.20238095
103,84,187,0.36523438,0.10160428
81,101,182,0.35546875,-0.10989011
93,81,174,0.33984375,0.068965517
66,106,172,0.3359375,-0.23255814
103,81,184,0.359375,0.11956522
79,105,184,0.359375,-0.14130435
77,116,193,0.37695312,-0.20207254
108,76,184,0.359375,0.17391304
89,90,179,0.34960938,-0.0055865922
98,78,176,0.34375,0.11363636
95,86,181,0.35351562,0.049723757
92,96,188,0.3671875,-0.021276596
109,86,195,0.38085938,0.11794872
108,84,192,0.375,0.125
107,82,189,0.36914062,0.13227513
105,85,190,0.37109375,0.10526316
70,99,169,0.33007812,-0.17159763
73,106,179,0.34960938,-0.18435754
84,106,190,0.37109375,-0.11578947
90,74,164,0.3203125,0.097560976
89,79,168,0.328125,0.05952381
99,77,176,0.34375,0.125
81,94,175,0.34179688,-0.074285714
86,93,179,0.34960938,-0.039106145
91,89,180,0.3515625,0.011111111
71,99,170,0.33203125,-0.16470588
97,83,180,0.3515625,0.077777778
90,99,189,0.36914062,-0.047619048
44,119,163,0.31835938,-0.4601227
99,83,182,0.35546875,0.087912088
88,102,190,0.37109375,-0.073684211
98,83,181,0.35351562,0.082872928
96,74,170,0.33203125,0.12941176
94,90,184,0.359375,0.02173913
74,117,191,0.37304688,-0.22513089
54,131,185,0.36132812,-0.41621622
74,113,187,0.36523438,-0.20855615
91,89,180,0.3515625,0.011111111
83,97,180,0.3515625,-0.077777778
92,97,189,0.36914062,-0.026455026
103,89,192,0.375,0.072916667
101,88,189,0.36914062,0.068783069
72,118,190,0.37109375,-0.24210526
59,114,173,0.33789062,-0.31791908
95,84,179,0.34960938,0.061452514
105,73,178,0.34765625,0.17977528
115,65,180,0.3515625,0.27777778
102,72,174,0.33984375,0.17241379
92,84,176,0.34375,0.045454545
87,80,167,0.32617188,0.041916168
98,85,183,0.35742188,0.071038251
89,115,204,0.3984375,-0.12745098
90,88,178,0.34765625,0.011235955
117,63,180,0.3515625,0.3
72,92,164,0.3203125,-0.12195122
87,90,177,0.34570312,-0.016949153
113,63,176,0.34375,0.28409091
69,98,167,0.32617188,-0.17365269
84,113,197,0.38476562,-0.14720812
83,98,181,0.35351562,-0.082872928
106,68,174,0.33984375,0.2183908
70,113,183,0.35742188,-0.23497268
91,98,189,0.36914062,-0.037037037
104,82,186,0.36328125,0.11827957
62,97,159,0.31054688,-0.22012579
67,103,170,0.33203125,-0.21176471
89,86,175,0.34179688,0.017142857
113,61,174,0.33984375,0.29885057
108,97,205,0.40039062,0.053658537
106,61,167,0.32617188,0.26946108
82,93,175,0.34179688,-0.062857143
80,109,189,0.36914062,-0.15343915
98,83,181,0.35351562,0.082872928
76,129,205,0.40039062,-0.25853659
89,84,173,0.33789062,0.028901734
88,94,182,0.35546875,-0.032967033
82,104,186,0.36328125,-0.11827957
75,125,200,0.390625,-0.25
106,73,179,0.34960938,0.18435754
78,109,187,0.36523438,-0.1657754
78,103,181,0.35351562,-0.13812155
75,112,187,0.36523438,-0.19786096
89,80,169,0.33007812,0.053254438
90,107,197,0.38476562,-0.086294416
74,118,192,0.375,-0.22916667
117,75,192,0.375,0.21875
77,100,177,0.34570312,-0.1299435
93,86,179,0.34960938,0.039106145
84,106,190,0.37109375,-0.11578947
106,83,189,0.36914062,0.12169312
78,106,184,0.359375,-0.15217391
86,99,185,0.36132812,-0.07027027
77,108,185,0.36132812,-0.16756757
74,111,185,0.36132812,-0.2
79,104,183,0.35742188,-0.13661202
67,112,179,0.34960938,-0.25139665
73,96,169,0.33007812,-0.13609467
87,88,175,0.34179688,-0.0057142857
87,103,190,0.37109375,-0.084210526
109,65,174,0.33984375,0.25287356
100,88,188,0.3671875,0.063829787
96,80,176,0.34375,0.090909091
110,80,190,0.37109375,0.15789474
93,88,181,0.35351562,0.027624309
99,74,173,0.33789062,0.14450867
113,74,187,0.36523438,0.20855615
94,94,188,0.3671875,0
92,91,183,0.35742188,0.0054644809
68,108,176,0.34375,-0.22727273
60,125,185,0.36132812,-0.35135135
106,86,192,0.375,0.10416667
70,100,170,0.33203125,-0.17647059
74,100,174,0.33984375,-0.14942529
94,77,171,0.33398438,0.099415205
78,92,170,0.33203125,-0.082352941
68,104,172,0.3359375,-0.20930233
90,85,175,0.34179688,0.028571429
73,106,179,0.34960938,-0.18435754
100,76,176,0.34375,0.13636364
78,90,168,0.328125,-0.071428571
104,77,181,0.35351562,0.14917127
88,101,189,0.36914062,-0.068783069
108,74,182,0.35546875,0.18681319
74,99,173,0.33789062,-0.14450867
84,93,177,0.34570312,-0.050847458
89,93,182,0.35546875,-0.021978022
80,103,183,0.35742188,-0.12568306
83,90,173,0.33789062,-0.040462428
81,109,190,0.37109375,-0.14736842
109,68,177,0.34570312,0.23163842
114,53,167,0.32617188,0.36526946
79,100,179,0.34960938,-0.11731844
104,79,183,0.35742188,0.13661202
52,121,173,0.33789062,-0.39884393
70,115,185,0.36132812,-0.24324324
88,93,181,0.35351562,-0.027624309
86,97,183,0.35742188,-0.06010929
89,79,168,0.328125,0.05952381
98,74,172,0.3359375,0.13953488
58,103,161,0.31445312,-0.27950311
84,111,195,0.38085938,-0.13846154
75,109,184,0.359375,-0.18478261
80,108,188,0.3671875,-0.14893617
70,106,176,0.34375,-0.20454545
133,46,179,0.34960938,0.48603352
71,94,165,0.32226562,-0.13939394
102,85,187,0.36523438,0.090909091
91,86,177,0.34570312,0.028248588
103,83,186,0.36328125,0.10752688
73,103,176,0.34375,-0.17045455
96,87,183,0.35742188,0.049180328
79,110,189,0.36914062,-0.16402116
106,84,190,0.37109375,0.11578947
89,91,180,0.3515625,-0.011111111
95,79,174,0.33984375,0.091954023
96,84,180,0.3515625,0.066666667
86,102,188,0.3671875,-0.085106383
77,94,171,0.33398438,-0.099415205
50,131,181,0.35351562,-0.44751381
91,99,190,0.37109375,-0.042105263
57,105,162,0.31640625,-0.2962963
109,72,181,0.35351562,0.20441989
101,71,172,0.3359375,0.1744186
73,94,167,0.32617188,-0.1257485
95,93,188,0.3671875,0.010638298
78,98,176,0.34375,-0.11363636
98,79,177,0.34570312,0.10734463
103,75,178,0.34765625,0.15730337
81,102,183,0.35742188,-0.1147541
118,66,184,0.359375,0.2826087
92,86,178,0.34765625,0.033707865
100,106,206,0.40234375,-0.029126214
114,61,175,0.34179688,0.30285714
91,90,181,0.35351562,0.0055248619
126,57,183,0.35742188,0.37704918
83,86,169,0.33007812,-0.017751479
106,93,199,0.38867188,0.065326633
110,81,191,0.37304688,0.15183246
76,123,199,0.38867188,-0.2361809
90,79,169,0.33007812,0.065088757
76,89,165,0.32226562,-0.078787879
92,85,177,0.34570312,0.039548023
116,67,183,0.35742188,0.26775956
63,117,180,0.3515625,-0.3
69,108,177,0.34570312,-0.22033898
85,85,170,0.33203125,0
68,102,170,0.33203125,-0.2
95,85,180,0.3515625,0.055555556
111,67,178,0.34765625,0.24719101
68,114,182,0.35546875,-0.25274725
98,82,180,0.3515625,0.088888889
88,83,171,0.33398438,0.029239766
84,98,182,0.35546875,-0.076923077
59,128,187,0.36523438,-0.36898396
89,86,175,0.34179688,0.017142857
100,89,189,0.36914062,0.058201058
83,112,195,0.38085938,-0.14871795
88,82,170,0.33203125,0.035294118
115,60,175,0.34179688,0.31428571
118,74,192,0.375,0.22916667
110,63,173,0.33789062,0.2716763
104,83,187,0.36523438,0.11229947
87,77,164,0.3203125,0.06097561
103,75,178,0.34765625,0.15730337
106,76,182,0.35546875,0.16483516
95,73,168,0.328125,0.13095238
82,88,170,0.33203125,-0.035294118
121,65,186,0.36328125,0.30107527
88,104,192,0.375,-0.083333333
99,77,176,0.34375,0.125
52,118,170,0.33203125,-0.38823529
74,103,177,0.34570312,-0.16384181
75,95,170,0.33203125,-0.11764706
97,83,180,0.3515625,0.077777778
96,85,181,0.35351562,0.060773481
95,98,193,0.37695312,-0.015544041
99,74,173,0.33789062,0.14450867
90,99,189,0.36914062,-0.047619048
90,88,178,0.34765625,0.011235955
92,96,188,0.3671875,-0.021276596
117,80,197,0.38476562,0.18781726
77,90,167,0.32617188,-0.077844311
112,58,170,0.33203125,0.31764706
90,97,187,0.36523438,-0.037433155
92,102,194,0.37890625,-0.051546392
107,81,188,0.3671875,0.13829787
101,71,172,0.3359375,0.1744186
65,109,174,0.33984375,-0.25287356
68,120,188,0.3671875,-0.27659574
79,98,177,0.34570312,-0.10734463
115,76,191,0.37304688,0.20418848
63,114,177,0.34570312,-0.28813559
112,71,183,0.35742188,0.22404372
104,88,192,0.375,0.083333333
88,98,186,0.36328125,-0.053763441
69,119,188,0.3671875,-0.26595745
69,119,188,0.3671875,-0.26595745
104,79,183,0.35742188,0.13661202
75,112,187,0.36523438,-0.19786096
112,60,172,0.3359375,0.30232558
81,115,196,0.3828125,-0.17346939
95,79,174,0.33984375,0.091954023
73,102,175,0.34179688,-0.16571429
110,75,185,0.36132812,0.18918919
91,84,175,0.34179688,0.04
113,71,184,0.359375,0.22826087
87,85,172,0.3359375,0.011627907
120,64,184,0.359375,0.30434783
94,100,194,0.37890625,-0.030927835
47,133,180,0.3515625,-0.47777778
82,98,180,0.3515625,-0.088888889
96,94,190,0.37109375,0.010526316
67,100,167,0.32617188,-0.19760479
85,100,185,0.36132812,-0.081081081
88,89,177,0.34570312,-0.0056497175
79,104,183,0.35742188,-0.13661202
91,89,180,0.3515625,0.011111111
88,87,175,0.34179688,0.0057142857
90,76,166,0.32421875,0.084337349
63,116,179,0.34960938,-0.29608939
81,93,174,0.33984375,-0.068965517
116,64,180,0.3515625,0.28888889
84,104,188,0.3671875,-0.10638298
90,93,183,0.35742188,-0.016393443
98,92,190,0.37109375,0.031578947
91,92,183,0.35742188,-0.0054644809
112,75,187,0.36523438,0.19786096
77,99,176,0.34375,-0.125
84,102,186,0.36328125,-0.096774194
69,108,177,0.34570312,-0.22033898
93,92,185,0.36132812,0.0054054054
86,86,172,0.3359375,0
106,76,182,0.35546875,0.16483516
103,77,180,0.3515625,0.14444444
89,96,185,0.36132812,-0.037837838
102,77,179,0.34960938,0.1396648
92,87,179,0.34960938,0.027932961
73,110,183,0.35742188,-0.20218579
79,86,165,0.32226562,-0.042424242
86,89,175,0.34179688,-0.017142857
90,85,175,0.34179688,0.028571429
79,99,178,0.34765625,-0.11235955
83,95,178,0.34765625,-0.06741573
102,66,168,0.328125,0.21428571
91,87,178,0.34765625,0.02247191
65,121,186,0.36328125,-0.30107527
96,90,186,0.36328125,0.032258065
72,110,182,0.35546875,-0.20879121
78,91,169,0.33007812,-0.076923077
88,79,167,0.32617188,0.053892216
110,73,183,0.35742188,0.20218579
110,60,170,0.33203125,0.29411765
68,114,182,0.35546875,-0.25274725
107,76,183,0.35742188,0.16939891
68,108,176,0.34375,-0.22727273
109,81,190,0.37109375,0.14736842
120,74,194,0.37890625,0.2371134
86,95,181,0.35351562,-0.049723757
79,96,175,0.34179688,-0.097142857
84,103,187,0.36523438,-0.10160428
57,115,172,0.3359375,-0.3372093
83,89,172,0.3359375,-0.034883721
84,79,163,0.31835938,0.030674847
71,100,171,0.33398438,-0.16959064
93,86,179,0.34960938,0.039106145
77,109,186,0.36328125,-0.17204301
94,79,173,0.33789062,0.086705202
82,91,173,0.33789062,-0.052023121
97,85,182,0.35546875,0.065934066
78,100,178,0.34765625,-0.12359551
90,98,188,0.3671875,-0.042553191
82,84,166,0.32421875,-0.012048193
92,95,187,0.36523438,-0.016042781
108,58,166,0.32421875,0.30120482
68,124,192,0.375,-0.29166667
81,95,176,0.34375,-0.079545455
81,118,199,0.38867188,-0.18592965
107,81,188,0.3671875,0.13829787
108,69,177,0.34570312,0.22033898
100,75,175,0.34179688,0.14285714
94,94,188,0.3671875,0
95,74,169,0.33007812,0.12426036
77,81,158,0.30859375,-0.025316456
95,62,157,0.30664062,0.21019108
88,97,185,0.36132812,-0.048648649
110,68,178,0.34765625,0.23595506
98,77,175,0.34179688,0.12
68,116,184,0.359375,-0.26086957
75,111,186,0.36328125,-0.19354839
111,62,173,0.33789062,0.28323699
91,85,176,0.34375,0.034090909
84,80,164,0.3203125,0.024390244
64,100,164,0.3203125,-0.2195122
105,63,168,0.328125,0.25
44,127,171,0.33398438,-0.48538012
94,90,184,0.359375,0.02173913
90,85,175,0.34179688,0.028571429
93,85,178,0.34765625,0.04494382
120,53,173,0.33789062,0.38728324
106,76,182,0.35546875,0.16483516
122,74,196,0.3828125,0.24489796
73,94,167,0.32617188,-0.1257485
88,74,162,0.31640625,0.086419753
69,106,175,0.34179688,-0.21142857
91,86,177,0.34570312,0.028248588
104,76,180,0.3515625,0.15555556
98,85,183,0.35742188,0.071038251
57,108,165,0.32226562,-0.30909091
118,83,201,0.39257812,0.17412935
103,75,178,0.34765625,0.15730337
103,81,184,0.359375,0.11956522
79,108,187,0.36523438,-0.15508021
97,83,180,0.3515625,0.077777778
113,72,185,0.36132812,0.22162162
69,115,184,0.359375,-0.25
100,86,186,0.36328125,0.075268817
117,84,201,0.39257812,0.1641791
89,93,182,0.35546875,-0.021978022
71,110,181,0.35351562,-0.21546961
72,110,182,0.35546875,-0.20879121
83,98,181,0.35351562,-0.082872928
99,87,186,0.36328125,0.064516129
70,100,170,0.33203125,-0.17647059
87,83,170,0.33203125,0.023529412
112,66,178,0.34765625,0.25842697
102,75,177,0.34570312,0.15254237
79,92,171,0.33398438,-0.076023392
104,79,183,0.35742188,0.13661202
77,89,166,0.32421875,-0.072289157
83,100,183,0.35742188,-0.092896175
116,61,177,0.34570312,0.31073446
76,119,195,0.38085938,-0.22051282
122,71,193,0.37695312,0.2642487
67,98,165,0.32226562,-0.18787879
45,141,186,0.36328125,-0.51612903
73,123,196,0.3828125,-0.25510204
83,108,191,0.37304688,-0.13089005
127,57,184,0.359375,0.38043478
88,77,165,0.32226562,0.066666667
72,118,190,0.37109375,-0.24210526
58,111,169,0.33007812,-0.31360947
88,103,191,0.37304688,-0.078534031
92,92,184,0.359375,0
114,68,182,0.35546875,0.25274725
97,77,174,0.33984375,0.11494253
125,63,188,0.3671875,0.32978723
89,78,167,0.32617188,0.065868263
117,65,182,0.35546875,0.28571429
78,116,194,0.37890625,-0.19587629
80,90,170,0.33203125,-0.058823529
101,80,181,0.35351562,0.1160221
86,84,170,0.33203125,0.011764706
87,93,180,0.3515625,-0.033333333
74,97,171,0.33398438,-0.13450292
72,100,172,0.3359375,-0.1627907
84,90,174,0.33984375,-0.034482759
105,73,178,0.34765625,0.17977528
82,96,178,0.34765625,-0.078651685
81,108,189,0.36914062,-0.14285714
85,86,171,0.33398438,-0.0058479532
93,89,182,0.35546875,0.021978022
100,81,181,0.35351562,0.10497238
75,103,178,0.34765625,-0.15730337
76,94,170,0.33203125,-0.10588235
105,82,187,0.36523438,0.12299465
95,86,181,0.35351562,0.049723757
77,100,177,0.34570312,-0.1299435
95,82,177,0.34570312,0.073446328
75,107,182,0.35546875,-0.17582418
82,105,187,0.36523438,-0.12299465
80,85,165,0.32226562,-0.03030303
80,94,174,0.33984375,-0.08045977
92,93,185,0.36132812,-0.0054054054
75,100,175,0.34179688,-0.14285714
78,94,172,0.3359375,-0.093023256
57,122,179,0.34960938,-0.36312849
92,81,173,0.33789062,0.063583815
86,89,175,0.34179688,-0.017142857
108,59,167,0.32617188,0.29341317
81,110,191,0.37304688,-0.15183246
112,66,178,0.34765625,0.25842697
90,84,174,0.33984375,0.034482759
67,113,180,0.3515625,-0.25555556
84,97,181,0.35351562,-0.071823204
83,86,169,0.33007812,-0.017751479
87,94,181,0.35351562,-0.038674033
95,82,177,0.34570312,0.073446328
77,109,186,0.36328125,-0.17204301
87,105,192,0.375,-0.09375
97,81,178,0.34765625,0.08988764
112,62,174,0.33984375,0.28735632
94,77,171,0.33398438,0.099415205
75,106,181,0.35351562,-0.17127072
63,106,169,0.33007812,-0.25443787
99,84,183,0.35742188,0.081967213
72,91,163,0.31835938,-0.11656442
69,106,175,0.34179688,-0.21142857
86,93,179,0.34960938,-0.039106145
68,110,178,0.34765625,-0.23595506
96,79,175,0.34179688,0.097142857
135,59,194,0.37890625,0.39175258
65,115,180,0.3515625,-0.27777778
119,82,201,0.39257812,0.1840796
99,69,168,0.328125,0.17857143
89,88,177,0.34570312,0.0056497175
101,93,194,0.37890625,0.041237113
97,66,163,0.31835938,0.19018405
111,76,187,0.36523438,0.18716578
93,91,184,0.359375,0.010869565
94,74,168,0.328125,0.11904762
100,78,178,0.34765625,0.12359551
104,76,180,0.3515625,0.15555556
114,67,181,0.35351562,0.25966851
111,71,182,0.35546875,0.21978022
82,85,167,0.32617188,-0.017964072
78,92,170,0.33203125,-0.082352941
87,86,173,0.33789062,0.0057803468
109,71,180,0.3515625,0.21111111
88,97,185,0.36132812,-0.048648649
107,73,180,0.3515625,0.18888889
92,76,168,0.328125,0.095238095
90,84,174,0.33984375,0.034482759
94,83,177,0.34570312,0.062146893
116,76,192,0.375,0.20833333
99,86,185,0.36132812,0.07027027
53,128,181,0.35351562,-0.41436464
92,94,186,0.36328125,-0.010752688
74,95,169,0.33007812,-0.12426036
105,75,180,0.3515625,0.16666667
98,85,183,0.35742188,0.071038251
75,109,184,0.359375,-0.18478261
80,100,180,0.3515625,-0.11111111
95,96,191,0.37304688,-0.0052356021
83,102,185,0.36132812,-0.1027027
90,97,187,0.36523438,-0.037433155
90,80,170,0.33203125,0.058823529
112,84,196,0.3828125,0.14285714
109,68,177,0.34570312,0.23163842
125,51,176,0.34375,0.42045455
97,95,192,0.375,0.010416667
72,104,176,0.34375,-0.18181818
85,102,187,0.36523438,-0.090909091
104,60,164,0.3203125,0.26829268
72,103,175,0.34179688,-0.17714286
105,73,178,0.34765625,0.17977528
71,109,180,0.3515625,-0.21111111
106,75,181,0.35351562,0.17127072
106,92,198,0.38671875,0.070707071
82,95,177,0.34570312,-0.073446328
64,107,171,0.33398438,-0.25146199
72,117,189,0.36914062,-0.23809524
77,124,201,0.39257812,-0.23383085
94,97,191,0.37304688,-0.015706806
90,82,172,0.3359375,0.046511628
102,65,167,0.32617188,0.22155689
107,90,197,0.38476562,0.086294416
90,81,171,0.33398438,0.052631579
98,72,170,0.33203125,0.15294118
85,95,180,0.3515625,-0.055555556
104,61,165,0.32226562,0.26060606
95,88,183,0.35742188,0.038251366
52,120,172,0.3359375,-0.39534884
52,128,180,0.3515625,-0.42222222
109,79,188,0.3671875,0.15957447
84,93,177,0.34570312,-0.050847458
94,88,182,0.35546875,0.032967033
92,94,186,0.36328125,-0.010752688
77,100,177,0.34570312,-0.1299435
40,152,192,0.375,-0.58333333
94,83,177,0.34570312,0.062146893
84,84,168,0.328125,0
83,96,179,0.34960938,-0.072625698
92,75,167,0.32617188,0.10179641
91,81,172,0.3359375,0.058139535
77,91,168,0.328125,-0.083333333
93,78,171,0.33398438,0.087719298
97,85,182,0.35546875,0.065934066
91,91,182,0.35546875,0
103,79,182,0.35546875,0.13186813
107,66,173,0.33789062,0.23699422
122,60,182,0.35546875,0.34065934
70,106,176,0.34375,-0.20454545
102,84,186,0.36328125,0.096774194
113,68,181,0.35351562,0.24861878
67,99,166,0.32421875,-0.19277108
73,99,172,0.3359375,-0.15116279
84,93,177,0.34570312,-0.050847458
104,94,198,0.38671875,0.050505051
98,80,178,0.34765625,0.1011236
90,89,179,0.34960938,0.0055865922
82,93,175,0.34179688,-0.062857143
97,82,179,0.34960938,0.083798883
93,80,173,0.33789062,0.075144509
96,88,184,0.359375,0.043478261
89,87,176,0.34375,0.011363636
106,79,185,0.36132812,0.14594595
78,108,186,0.36328125,-0.16129032
72,103,175,0.34179688,-0.17714286
100,89,189,0.36914062,0.058201058
122,61,183,0.35742188,0.33333333
85,91,176,0.34375,-0.034090909
117,58,175,0.34179688,0.33714286
106,88,194,0.37890625,0.092783505
74,102,176,0.34375,-0.15909091
93,88,181,0.35351562,0.027624309
85,104,189,0.36914062,-0.1005291
86,92,178,0.34765625,-0.033707865
112,82,194,0.37890625,0.15463918
101,81,182,0.35546875,0.10989011
97,82,179,0.34960938,0.083798883
86,92,178,0.34765625,-0.033707865
86,102,188,0.3671875,-0.085106383
85,90,175,0.34179688,-0.028571429
90,89,179,0.34960938,0.0055865922
111,74,185,0.36132812,0.2
72,100,172,0.3359375,-0.1627907
118,66,184,0.359375,0.2826087
63,130,193,0.37695312,-0.34715026
105,88,193,0.37695312,0.088082902
118,69,187,0.36523438,0.26203209
81,94,175,0.34179688,-0.074285714
109,77,186,0.36328125,0.17204301
129,57,186,0.36328125,0.38709677
71,115,186,0.36328125,-0.23655914
103,74,177,0.34570312,0.16384181
103,75,178,0.34765625,0.15730337
97,93,190,0.37109375,0.021052632
92,78,170,0.33203125,0.082352941
85,80,165,0.32226562,0.03030303
105,79,184,0.359375,0.14130435
86,94,180,0.3515625,-0.044444444
89,99,188,0.3671875,-0.053191489
71,111,182,0.35546875,-0.21978022
85,88,173,0.33789062,-0.01734104
108,74,182,0.35546875,0.18681319
93,92,185,0.36132812,0.0054054054
82,90,172,0.3359375,-0.046511628
105,67,172,0.3359375,0.22093023
99,82,181,0.35351562,0.093922652
84,81,165,0.32226562,0.018181818
89,85,174,0.33984375,0.022988506
81,109,190,0.37109375,-0.14736842
99,85,184,0.359375,0.076086957
73,102,175,0.34179688,-0.16571429
103,74,177,0.34570312,0.16384181
95,88,183,0.35742188,0.038251366
103,77,180,0.3515625,0.14444444
90,84,174,0.33984375,0.034482759
94,80,174,0.33984375,0.08045977
98,94,192,0.375,0.020833333
94,82,176,0.34375,0.068181818
75,97,172,0.3359375,-0.12790698
64,130,194,0.37890625,-0.34020619
56,117,173,0.33789062,-0.35260116
107,85,192,0.375,0.11458333
110,71,181,0.35351562,0.21546961
95,93,188,0.3671875,0.010638298
87,85,172,0.3359375,0.011627907
70,108,178,0.34765625,-0.21348315
90,93,183,0.35742188,-0.016393443
74,105,179,0.34960938,-0.17318436
77,111,188,0.3671875,-0.18085106
88,81,169,0.33007812,0.041420118
94,98,192,0.375,-0.020833333
54,130,184,0.359375,-0.41304348
59,120,179,0.34960938,-0.34078212
77,96,173,0.33789062,-0.10982659
95,75,170,0.33203125,0.11764706
117,59,176,0.34375,0.32954545
85,94,179,0.34960938,-0.05027933
80,94,174,0.33984375,-0.08045977
71,107,178,0.34765625,-0.20224719
72,100,172,0.3359375,-0.1627907
83,103,186,0.36328125,-0.10752688
65,106,171,0.33398438,-0.23976608
85,109,194,0.37890625,-0.12371134
92,85,177,0.34570312,0.039548023
75,92,167,0.32617188,-0.10179641
87,83,170,0.33203125,0.023529412
84,103,187,0.36523438,-0.10160428
109,77,186,0.36328125,0.17204301
85,93,178,0.34765625,-0.04494382
67,106,173,0.33789062,-0.22543353
95,85,180,0.3515625,0.055555556
85,106,191,0.37304688,-0.10994764
89,95,184,0.359375,-0.032608696
86,97,183,0.35742188,-0.06010929
77,93,170,0.33203125,-0.094117647
81,88,169,0.33007812,-0.041420118
87,103,190,0.37109375,-0.084210526
80,94,174,0.33984375,-0.08045977
130,67,197,0.38476562,0.31979695
89,81,170,0.33203125,0.047058824
107,75,182,0.35546875,0.17582418
95,75,170,0.33203125,0.11764706
96,72,168,0.328125,0.14285714
86,97,183,0.35742188,-0.06010929
96,72,168,0.328125,0.14285714
31,155,186,0.36328125,-0.66666667
106,82,188,0.3671875,0.12765957
115,74,189,0.36914062,0.21693122
56,115,171,0.33398438,-0.34502924
85,99,184,0.359375,-0.076086957
91,98,189,0.36914062,-0.037037037
89,90,179,0.34960938,-0.0055865922
87,112,199,0.38867188,-0.12562814
114,57,171,0.33398438,0.33333333
90,104,194,0.37890625,-0.072164948
110,61,171,0.33398438,0.28654971
63,116,179,0.34960938,-0.29608939
94,85,179,0.34960938,0.05027933
99,89,188,0.3671875,0.053191489
69,121,190,0.37109375,-0.27368421
79,112,191,0.37304688,-0.17277487
75,114,189,0.36914062,-0.20634921
92,83,175,0.34179688,0.051428571
104,77,181,0.35351562,0.14917127
119,64,183,0.35742188,0.30054645
90,78,168,0.328125,0.071428571
101,75,176,0.34375,0.14772727
90,77,167,0.32617188,0.077844311
106,78,184,0.359375,0.15217391
92,90,182,0.35546875,0.010989011
80,115,195,0.38085938,-0.17948718
137,44,181,0.35351562,0.51381215
108,73,181,0.35351562,0.19337017
86,90,176,0.34375,-0.022727273
86,96,182,0.35546875,-0.054945055
109,52,161,0.31445312,0.35403727
101,70,171,0.33398438,0.18128655
120,62,182,0.35546875,0.31868132
89,104,193,0.37695312,-0.077720207
95,81,176,0.34375,0.079545455
106,63,169,0.33007812,0.25443787
61,110,171,0.33398438,-0.28654971
75,97,172,0.3359375,-0.12790698
79,105,184,0.359375,-0.14130435
91,95,186,0.36328125,-0.021505376
89,92,181,0.35351562,-0.016574586
91,105,196,0.3828125,-0.071428571
63,108,171,0.33398438,-0.26315789
63,105,168,0.328125,-0.25
81,99,180,0.3515625,-0.1
105,61,166,0.32421875,0.26506024
103,58,161,0.31445312,0.27950311
112,56,168,0.328125,0.33333333
95,82,177,0.34570312,0.073446328
86,96,182,0.35546875,-0.054945055
85,100,185,0.36132812,-0.081081081
113,70,183,0.35742188,0.23497268
92,93,185,0.36132812,-0.0054054054
69,106,175,0.34179688,-0.21142857
103,72,175,0.34179688,0.17714286
92,99,191,0.37304688,-0.036649215
72,109,181,0.35351562,-0.20441989
78,108,186,0.36328125,-0.16129032
111,80,191,0.37304688,0.16230366
104,78,182,0.35546875,0.14285714
71,103,174,0.33984375,-0.18390805
121,59,180,0.3515625,0.34444444
100,76,176,0.34375,0.13636364
93,79,172,0.3359375,0.081395349
111,71,182,0.35546875,0.21978022
94,72,166,0.32421875,0.13253012
87,96,183,0.35742188,-0.049180328
87,85,172,0.3359375,0.011627907
102,77,179,0.34960938,0.1396648
84,90,174,0.33984375,-0.034482759
105,81,186,0.36328125,0.12903226
104,73,177,0.34570312,0.17514124
88,97,185,0.36132812,-0.048648649
61,116,177,0.34570312,-0.31073446
68,109,177,0.34570312,-0.23163842
75,118,193,0.37695312,-0.22279793
83,100,183,0.35742188,-0.092896175
75,88,163,0.31835938,-0.079754601
106,69,175,0.34179688,0.21142857
84,97,181,0.35351562,-0.071823204
114,77,191,0.37304688,0.19371728
82,92,174,0.33984375,-0.057471264
113,73,186,0.36328125,0.21505376
75,100,175,0.34179688,-0.14285714
96,84,180,0.3515625,0.066666667
96,85,181,0.35351562,0.060773481
82,89,171,0.33398438,-0.040935673
62,111,173,0.33789062,-0.28323699
85,93,178,0.34765625,-0.04494382
67,123,190,0.37109375,-0.29473684
76,103,179,0.34960938,-0.15083799
72,97,169,0.33007812,-0.14792899
62,114,176,0.34375,-0.29545455
91,105,196,0.3828125,-0.071428571
75,87,162,0.31640625,-0.074074074
76,112,188,0.3671875,-0.19148936
88,93,181,0.35351562,-0.027624309
108,85,193,0.37695312,0.11917098
82,95,177,0.34570312,-0.073446328
59,113,172,0.3359375,-0.31395349
134,64,198,0.38671875,0.35353535
111,67,178,0.34765625,0.24719101
96,77,173,0.33789062,0.10982659
107,84,191,0.37304688,0.12041885
81,109,190,0.37109375,-0.14736842
144,45,189,0.36914062,0.52380952
76,94,170,0.33203125,-0.10588235
60,122,182,0.35546875,-0.34065934
81,94,175,0.34179688,-0.074285714
75,123,198,0.38671875,-0.24242424
110,66,176,0.34375,0.25
99,83,182,0.35546875,0.087912088
89,90,179,0.34960938,-0.0055865922
119,76,195,0.38085938,0.22051282
98,95,193,0.37695312,0.015544041
107,75,182,0.35546875,0.17582418
97,95,192,0.375,0.010416667
68,112,180,0.3515625,-0.24444444
103,69,172,0.3359375,0.19767442
76,96,172,0.3359375,-0.11627907
114,73,187,0.36523438,0.21925134
81,91,172,0.3359375,-0.058139535
107,65,172,0.3359375,0.24418605
74,109,183,0.35742188,-0.19125683
103,77,180,0.3515625,0.14444444
66,112,178,0.34765625,-0.25842697
109,82,191,0.37304688,0.14136126
103,72,175,0.34179688,0.17714286
84,96,180,0.3515625,-0.066666667
75,100,175,0.34179688,-0.14285714
94,88,182,0.35546875,0.032967033
104,83,187,0.36523438,0.11229947
102,84,186,0.36328125,0.096774194
62,117,179,0.34960938,-0.30726257
99,74,173,0.33789062,0.14450867
86,94,180,0.3515625,-0.044444444
91,97,188,0.3671875,-0.031914894
100,71,171,0.33398438,0.16959064
73,98,171,0.33398438,-0.14619883
114,68,182,0.35546875,0.25274725
113,63,176,0.34375,0.28409091
84,96,180,0.3515625,-0.066666667
76,101,177,0.34570312,-0.14124294
103,76,179,0.34960938,0.15083799
100,77,177,0.34570312,0.1299435
82,88,170,0.33203125,-0.035294118
69,105,174,0.33984375,-0.20689655
84,105,189,0.36914062,-0.11111111
79,100,179,0.34960938,-0.11731844
97,81,178,0.34765625,0.08988764
89,99,188,0.3671875,-0.053191489
92,84,176,0.34375,0.045454545
81,90,171,0.33398438,-0.052631579
63,119,182,0.35546875,-0.30769231
84,90,174,0.33984375,-0.034482759
72,96,168,0.328125,-0.14285714
76,105,181,0.35351562,-0.16022099
110,66,176,0.34375,0.25
83,100,183,0.35742188,-0.092896175
90,100,190,0.37109375,-0.052631579
101,98,199,0.38867188,0.015075377
96,87,183,0.35742188,0.049180328
77,96,173,0.33789062,-0.10982659
90,77,167,0.32617188,0.077844311
107,85,192,0.375,0.11458333
80,102,182,0.35546875,-0.12087912
91,84,175,0.34179688,0.04
92,77,169,0.33007812,0.088757396
102,94,196,0.3828125,0.040816327
82,102,184,0.359375,-0.10869565
91,66,157,0.30664062,0.15923567
80,90,170,0.33203125,-0.058823529
96,90,186,0.36328125,0.032258065
64,116,180,0.3515625,-0.28888889
95,78,173,0.33789062,0.098265896
97,100,197,0.38476562,-0.015228426
141,59,200,0.390625,0.41
95,77,172,0.3359375,0.10465116
80,108,188,0.3671875,-0.14893617
96,78,174,0.33984375,0.10344828
82,89,171,0.33398438,-0.040935673
104,75,179,0.34960938,0.16201117
81,104,185,0.36132812,-0.12432432
99,77,176,0.34375,0.125
82,104,186,0.36328125,-0.11827957
75,114,189,0.36914062,-0.20634921
92,88,180,0.3515625,0.022222222
81,101,182,0.35546875,-0.10989011
85,104,189,0.36914062,-0.1005291
85,95,180,0.3515625,-0.055555556
99,90,189,0.36914062,0.047619048
93,91,184,0.359375,0.010869565
87,84,171,0.33398438,0.01754386
71,101,172,0.3359375,-0.1744186
93,63,156,0.3046875,0.19230769
88,94,182,0.35546875,-0.032967033
122,80,202,0.39453125,0.20792079
81,96,177,0.34570312,-0.084745763
68,99,167,0.32617188,-0.18562874
100,77,177,0.34570312,0.1299435
117,63,180,0.3515625,0.3
95,90,185,0.36132812,0.027027027
109,90,199,0.38867188,0.095477387
79,95,174,0.33984375,-0.091954023
81,103,184,0.359375,-0.11956522
66,112,178,0.34765625,-0.25842697
103,82,185,0.36132812,0.11351351
104,83,187,0.36523438,0.11229947
77,94,171,0.33398438,-0.099415205
117,66,183,0.35742188,0.27868852
81,104,185,0.36132812,-0.12432432
82,86,168,0.328125,-0.023809524
72,101,173,0.33789062,-0.16763006
99,90,189,0.36914062,0.047619048
78,103,181,0.35351562,-0.13812155
98,74,172,0.3359375,0.13953488
86,94,180,0.3515625,-0.044444444
79,90,169,0.33007812,-0.065088757
92,83,175,0.34179688,0.051428571
86,96,182,0.35546875,-0.054945055
79,97,176,0.34375,-0.10227273
65,106,171,0.33398438,-0.23976608
120,64,184,0.359375,0.30434783
63,117,180,0.3515625,-0.3
106,85,191,0.37304688,0.10994764
67,98,165,0.32226562,-0.18787879
99,78,177,0.34570312,0.11864407
72,104,176,0.34375,-0.18181818
107,83,190,0.37109375,0.12631579
55,117,172,0.3359375,-0.36046512
89,81,170,0.33203125,0.047058824
73,85,158,0.30859375,-0.075949367
118,71,189,0.36914062,0.24867725
102,79,181,0.35351562,0.12707182
71,108,179,0.34960938,-0.20670391
93,102,195,0.38085938,-0.046153846
131,57,188,0.3671875,0.39361702
106,71,177,0.34570312,0.19774011
67,114,181,0.35351562,-0.25966851
95,76,171,0.33398438,0.11111111
85,97,182,0.35546875,-0.065934066
88,87,175,0.34179688,0.0057142857
71,115,186,0.36328125,-0.23655914
89,72,161,0.31445312,0.10559006
107,68,175,0.34179688,0.22285714
67,107,174,0.33984375,-0.22988506
78,83,161,0.31445312,-0.031055901
92,88,180,0.3515625,0.022222222
80,108,188,0.3671875,-0.14893617
93,89,182,0.35546875,0.021978022
102,80,182,0.35546875,0.12087912
81,98,179,0.34960938,-0.094972067
117,64,181,0.35351562,0.29281768
90,85,175,0.34179688,0.028571429
75,106,181,0.35351562,-0.17127072
71,128,199,0.38867188,-0.28643216
101,71,172,0.3359375,0.1744186
77,92,169,0.33007812,-0.088757396
105,68,173,0.33789062,0.21387283
104,69,173,0.33789062,0.20231214
113,67,180,0.3515625,0.25555556
117,64,181,0.35351562,0.29281768
103,71,174,0.33984375,0.18390805
75,102,177,0.34570312,-0.15254237
95,92,187,0.36523438,0.016042781
87,91,178,0.34765625,-0.02247191
112,84,196,0.3828125,0.14285714
104,85,189,0.36914062,0.1005291
60,121,181,0.35351562,-0.33701657
80,84,164,0.3203125,-0.024390244
72,119,191,0.37304688,-0.2460733
76,103,179,0.34960938,-0.15083799
79,121,200,0.390625,-0.21
78,100,178,0.34765625,-0.12359551
98,77,175,0.34179688,0.12
97,83,180,0.3515625,0.077777778
89,76,165,0.32226562,0.078787879
87,103,190,0.37109375,-0.084210526
111,71,182,0.35546875,0.21978022
78,105,183,0.35742188,-0.14754098
68,109,177,0.34570312,-0.23163842
81,108,189,0.36914062,-0.14285714
88,89,177,0.34570312,-0.0056497175
106,65,171,0.33398438,0.23976608
62,126,188,0.3671875,-0.34042553
101,72,173,0.33789062,0.16763006
88,78,166,0.32421875,0.060240964
107,66,173,0.33789062,0.23699422
70,91,161,0.31445312,-0.13043478
69,98,167,0.32617188,-0.17365269
101,94,195,0.38085938,0.035897436
72,111,183,0.35742188,-0.21311475
101,84,185,0.36132812,0.091891892
79,107,186,0.36328125,-0.15053763
98,89,187,0.36523438,0.048128342
98,69,167,0.32617188,0.17365269
102,103,205,0.40039062,-0.0048780488
112,66,178,0.34765625,0.25842697
97,86,183,0.35742188,0.06010929
93,98,191,0.37304688,-0.02617801
125,59,184,0.359375,0.35869565
61,105,166,0.32421875,-0.26506024
74,105,179,0.34960938,-0.17318436
72,101,173,0.33789062,-0.16763006
93,91,184,0.359375,0.010869565
93,83,176,0.34375,0.056818182
127,69,196,0.3828125,0.29591837
82,92,174,0.33984375,-0.057471264
96,81,177,0.34570312,0.084745763
93,80,173,0.33789062,0.075144509
92,93,185,0.36132812,-0.0054054054
102,78,180,0.3515625,0.13333333
60,110,170,0.33203125,-0.29411765
97,86,183,0.35742188,0.06010929
81,107,188,0.3671875,-0.13829787
113,60,173,0.33789062,0.30635838
97,89,186,0.36328125,0.043010753
113,69,182,0.35546875,0.24175824
79,109,188,0.3671875,-0.15957447
98,81,179,0.34960938,0.094972067
100,80,180,0.3515625,0.11111111
71,107,178,0.34765625,-0.20224719
106,75,181,0.35351562,0.17127072
70,98,168,0.328125,-0.16666667
67,96,163,0.31835938,-0.17791411
97,75,172,0.3359375,0.12790698
108,72,180,0.3515625,0.2
102,93,195,0.38085938,0.046153846
119,52,171,0.33398438,0.39181287
94,85,179,0.34960938,0.05027933
81,87,168,0.328125,-0.035714286
98,84,182,0.35546875,0.076923077
98,91,189,0.36914062,0.037037037
80,104,184,0.359375,-0.13043478
69,96,165,0.32226562,-0.16363636
93,85,178,0.34765625,0.04494382
122,61,183,0.35742188,0.33333333
77,101,178,0.34765625,-0.13483146
86,101,187,0.36523438,-0.080213904
114,64,178,0.34765625,0.28089888
83,91,174,0.33984375,-0.045977011
107,62,169,0.33007812,0.26627219
87,88,175,0.34179688,-0.0057142857
79,102,181,0.35351562,-0.12707182
72,81,153,0.29882812,-0.058823529
109,71,180,0.3515625,0.21111111
103,78,181,0.35351562,0.13812155
93,93,186,0.36328125,0
80,84,164,0.3203125,-0.024390244
106,71,177,0.34570312,0.19774011
87,101,188,0.3671875,-0.074468085
72,115,187,0.36523438,-0.22994652
77,100,177,0.34570312,-0.1299435
102,78,180,0.3515625,0.13333333
104,94,198,0.38671875,0.050505051
81,94,175,0.34179688,-0.074285714
67,116,183,0.35742188,-0.26775956
115,80,195,0.38085938,0.17948718
91,95,186,0.36328125,-0.021505376
78,109,187,0.36523438,-0.1657754
92,93,185,0.36132812,-0.0054054054
107,80,187,0.36523438,0.14438503
67,104,171,0.33398438,-0.21637427
89,102,191,0.37304688,-0.068062827
72,110,182,0.35546875,-0.20879121
113,79,192,0.375,0.17708333
87,92,179,0.34960938,-0.027932961
101,75,176,0.34375,0.14772727
78,107,185,0.36132812,-0.15675676
75,109,184,0.359375,-0.18478261
55,112,167,0.32617188,-0.34131737
82,101,183,0.35742188,-0.10382514
96,81,177,0.34570312,0.084745763
64,125,189,0.36914062,-0.32275132
101,92,193,0.37695312,0.046632124
111,59,170,0.33203125,0.30588235
102,94,196,0.3828125,0.040816327
124,51,175,0.34179688,0.41714286
75,103,178,0.34765625,-0.15730337
112,65,177,0.34570312,0.26553672
88,102,190,0.37109375,-0.073684211
95,95,190,0.37109375,0
63,112,175,0.34179688,-0.28
97,82,179,0.34960938,0.083798883
101,69,170,0.33203125,0.18823529
82,83,165,0.32226562,-0.0060606061
107,86,193,0.37695312,0.10880829
102,67,169,0.33007812,0.20710059
99,80,179,0.34960938,0.10614525
71,87,158,0.30859375,-0.10126582
102,67,169,0.33007812,0.20710059
84,92,176,0.34375,-0.045454545
94,79,173,0.33789062,0.086705202
56,118,174,0.33984375,-0.35632184
99,73,172,0.3359375,0.15116279
105,79,184,0.359375,0.14130435
104,80,184,0.359375,0.13043478
80,93,173,0.33789062,-0.075144509
75,95,170,0.33203125,-0.11764706
83,90,173,0.33789062,-0.040462428
74,98,172,0.3359375,-0.13953488
83,82,165,0.32226562,0.0060606061
79,101,180,0.3515625,-0.12222222
83,84,167,0.32617188,-0.005988024
119,46,165,0.32226562,0.44242424
63,112,175,0.34179688,-0.28
97,85,182,0.35546875,0.065934066
75,97,172,0.3359375,-0.12790698
69,117,186,0.36328125,-0.25806452
110,96,206,0.40234375,0.067961165
59,126,185,0.36132812,-0.36216216
95,95,190,0.37109375,0
71,120,191,0.37304688,-0.2565445
84,104,188,0.3671875,-0.10638298
68,114,182,0.35546875,-0.25274725
75,102,177,0.34570312,-0.15254237
85,87,172,0.3359375,-0.011627907
75,114,189,0.36914062,-0.20634921
58,112,170,0.33203125,-0.31764706
96,90,186,0.36328125,0.032258065
79,96,175,0.34179688,-0.097142857
88,96,184,0.359375,-0.043478261
113,85,198,0.38671875,0.14141414
125,65,190,0.37109375,0.31578947
86,90,176,0.34375,-0.022727273
92,88,180,0.3515625,0.022222222
112,70,182,0.35546875,0.23076923
80,91,171,0.33398438,-0.064327485
39,145,184,0.359375,-0.57608696
99,81,180,0.3515625,0.1
97,77,174,0.33984375,0.11494253
73,106,179,0.34960938,-0.18435754
87,90,177,0.34570312,-0.016949153
124,69,193,0.37695312,0.28497409
85,75,160,0.3125,0.0625
76,92,168,0.328125,-0.095238095
71,109,180,0.3515625,-0.21111111
96,92,188,0.3671875,0.021276596
92,90,182,0.35546875,0.010989011
89,93,182,0.35546875,-0.021978022
88,92,180,0.3515625,-0.022222222
137,58,195,0.38085938,0.40512821
94,90,184,0.359375,0.02173913
98,75,173,0.33789062,0.13294798
105,73,178,0.34765625,0.17977528
92,77,169,0.33007812,0.088757396
70,120,190,0.37109375,-0.26315789
83,103,186,0.36328125,-0.10752688
97,65,162,0.31640625,0.19753086
66,104,170,0.33203125,-0.22352941
87,82,169,0.33007812,0.029585799
78,102,180,0.3515625,-0.13333333
89,101,190,0.37109375,-0.063157895
90,86,176,0.34375,0.022727273
78,102,180,0.3515625,-0.13333333
54,121,175,0.34179688,-0.38285714
104,90,194,0.37890625,0.072164948
98,84,182,0.35546875,0.076923077
113,75,188,0.3671875,0.20212766
93,82,175,0.34179688,0.062857143
86,95,181,0.35351562,-0.049723757
104,67,171,0.33398438,0.21637427
98,79,177,0.34570312,0.10734463
124,64,188,0.3671875,0.31914894
66,111,177,0.34570312,-0.25423729
77,98,175,0.34179688,-0.12
99,76,175,0.34179688,0.13142857
94,75,169,0.33007812,0.11242604
121,60,181,0.35351562,0.33701657
114,68,182,0.35546875,0.25274725
104,63,167,0.32617188,0.24550898
81,99,180,0.3515625,-0.1
86,94,180,0.3515625,-0.044444444
79,108,187,0.36523438,-0.15508021
95,88,183,0.35742188,0.038251366
106,58,164,0.3203125,0.29268293
80,90,170,0.33203125,-0.058823529
79,106,185,0.36132812,-0.14594595
73,118,191,0.37304688,-0.23560209
108,69,177,0.34570312,0.22033898
79,88,167,0.32617188,-0.053892216
63,124,187,0.36523438,-0.32620321
121,60,181,0.35351562,0.33701657
86,97,183,0.35742188,-0.06010929
93,74,167,0.32617188,0.11377246
84,93,177,0.34570312,-0.050847458
82,105,187,0.36523438,-0.12299465
81,89,170,0.33203125,-0.047058824
83,81,164,0.3203125,0.012195122
79,96,175,0.34179688,-0.097142857
112,70,182,0.35546875,0.23076923
88,91,179,0.34960938,-0.016759777
89,94,183,0.35742188,-0.027322404
90,81,171,0.33398438,0.052631579
82,87,169,0.33007812,-0.029585799
83,83,166,0.32421875,0
71,97,168,0.328125,-0.1547619
82,92,174,0.33984375,-0.057471264
68,111,179,0.34960938,-0.24022346
104,79,183,0.35742188,0.13661202
83,97,180,0.3515625,-0.077777778
93,100,193,0.37695312,-0.03626943
105,71,176,0.34375,0.19318182
78,106,184,0.359375,-0.15217391
68,106,174,0.33984375,-0.2183908
114,73,187,0.36523438,0.21925134
97,78,175,0.34179688,0.10857143
104,76,180,0.3515625,0.15555556
53,136,189,0.36914062,-0.43915344
116,60,176,0.34375,0.31818182
79,108,187,0.36523438,-0.15508021
118,70,188,0.3671875,0.25531915
73,92,165,0.32226562,-0.11515152
84,103,187,0.36523438,-0.10160428
102,84,186,0.36328125,0.096774194
92,84,176,0.34375,0.045454545
66,118,184,0.359375,-0.2826087
98,85,183,0.35742188,0.071038251
59,117,176,0.34375,-0.32954545
73,95,168,0.328125,-0.13095238
73,112,185,0.36132812,-0.21081081
84,103,187,0.36523438,-0.10160428
92,88,180,0.3515625,0.022222222
67,119,186,0.36328125,-0.27956989
70,106,176,0.34375,-0.20454545
80,109,189,0.36914062,-0.15343915
62,115,177,0.34570312,-0.29943503
84,88,172,0.3359375,-0.023255814
97,76,173,0.33789062,0.12138728
103,79,182,0.35546875,0.13186813
87,91,178,0.34765625,-0.02247191
92,94,186,0.36328125,-0.010752688
96,90,186,0.36328125,0.032258065
64,121,185,0.36132812,-0.30810811
71,117,188,0.3671875,-0.24468085
91,91,182,0.35546875,0
113,75,188,0.3671875,0.20212766
91,96,187,0.36523438,-0.026737968
79,96,175,0.34179688,-0.097142857
134,49,183,0.35742188,0.46448087
60,123,183,0.35742188,-0.3442623
71,102,173,0.33789062,-0.17919075
79,121,200,0.390625,-0.21
104,85,189,0.36914062,0.1005291
96,87,183,0.35742188,0.049180328
93,78,171,0.33398438,0.087719298
90,83,173,0.33789062,0.040462428
62,121,183,0.35742188,-0.32240437
114,60,174,0.33984375,0.31034483
85,94,179,0.34960938,-0.05027933
94,90,184,0.359375,0.02173913
55,129,184,0.359375,-0.40217391
83,103,186,0.36328125,-0.10752688
82,106,188,0.3671875,-0.12765957
110,73,183,0.35742188,0.20218579
102,87,189,0.36914062,0.079365079
79,102,181,0.35351562,-0.12707182
60,116,176,0.34375,-0.31818182
98,77,175,0.34179688,0.12
72,96,168,0.328125,-0.14285714
104,74,178,0.34765625,0.16853933
95,83,178,0.34765625,0.06741573
88,83,171,0.33398438,0.029239766
77,109,186,0.36328125,-0.17204301
76,107,183,0.35742188,-0.16939891
71,110,181,0.35351562,-0.21546961
95,86,181,0.35351562,0.049723757
86,95,181,0.35351562,-0.049723757
104,61,165,0.32226562,0.26060606
79,108,187,0.36523438,-0.15508021
85,91,176,0.34375,-0.034090909
91,77,168,0.328125,0.083333333
104,87,191,0.37304688,0.089005236
89,81,170,0.33203125,0.047058824
95,90,185,0.36132812,0.027027027
76,96,172,0.3359375,-0.11627907
117,64,181,0.35351562,0.29281768
93,96,189,0.36914062,-0.015873016
75,102,177,0.34570312,-0.15254237
90,90,180,0.3515625,0
93,73,166,0.32421875,0.12048193
80,100,180,0.3515625,-0.11111111
93,92,185,0.36132812,0.0054054054
96,84,180,0.3515625,0.066666667
64,115,179,0.34960938,-0.2849162
122,69,191,0.37304688,0.27748691
92,81,173,0.33789062,0.063583815
77,97,174,0.33984375,-0.11494253
64,106,170,0.33203125,-0.24705882
85,102,187,0.36523438,-0.090909091
92,90,182,0.35546875,0.010989011
81,99,180,0.3515625,-0.1
109,85,194,0.37890625,0.12371134
71,105,176,0.34375,-0.19318182
74,110,184,0.359375,-0.19565217
92,90,182,0.35546875,0.010989011
120,57,177,0.34570312,0.3559322
94,98,192,0.375,-0.020833333
106,87,193,0.37695312,0.098445596
59,108,167,0.32617188,-0.29341317
113,64,177,0.34570312,0.27683616
86,102,188,0.3671875,-0.085106383
76,90,166,0.32421875,-0.084337349
51,114,165,0.32226562,-0.38181818
110,72,182,0.35546875,0.20879121
107,66,173,0.33789062,0.23699422
70,105,175,0.34179688,-0.2
108,74,182,0.35546875,0.18681319
93,93,186,0.36328125,0
96,82,178,0.34765625,0.078651685
71,95,166,0.32421875,-0.14457831
103,92,195,0.38085938,0.056410256
73,109,182,0.35546875,-0.1978022
89,77,166,0.32421875,0.072289157
102,81,183,0.35742188,0.1147541
86,102,188,0.3671875,-0.085106383
87,86,173,0.33789062,0.0057803468
97,95,192,0.375,0.010416667
84,90,174,0.33984375,-0.034482759
107,101,208,0.40625,0.028846154
97,76,173,0.33789062,0.12138728
78,85,163,0.31835938,-0.042944785
67,114,181,0.35351562,-0.25966851
83,92,175,0.34179688,-0.051428571
92,76,168,0.328125,0.095238095
108,68,176,0.34375,0.22727273
111,79,190,0.37109375,0.16842105
101,78,179,0.34960938,0.12849162
120,64,184,0.359375,0.30434783
89,81,170,0.33203125,0.047058824
56,124,180,0.3515625,-0.37777778
89,85,174,0.33984375,0.022988506
102,79,181,0.35351562,0.12707182
78,90,168,0.328125,-0.071428571
63,106,169,0.33007812,-0.25443787
105,74,179,0.34960938,0.17318436
92,94,186,0.36328125,-0.010752688
92,98,190,0.37109375,-0.031578947
92,95,187,0.36523438,-0.016042781
76,104,180,0.3515625,-0.15555556
107,70,177,0.34570312,0.20903955
80,106,186,0.36328125,-0.13978495
76,104,180,0.3515625,-0.15555556
78,107,185,0.36132812,-0.15675676
62,105,167,0.32617188,-0.25748503
102,74,176,0.34375,0.15909091
60,126,186,0.36328125,-0.35483871
69,96,165,0.32226562,-0.16363636
91,81,172,0.3359375,0.058139535
80,92,172,0.3359375,-0.069767442
81,96,177,0.34570312,-0.084745763
76,94,170,0.33203125,-0.10588235
65,102,167,0.32617188,-0.22155689
122,57,179,0.34960938,0.36312849
86,94,180,0.3515625,-0.044444444
88,84,172,0.3359375,0.023255814
87,88,175,0.34179688,-0.0057142857
50,112,162,0.31640625,-0.38271605
74,112,186,0.36328125,-0.20430108
111,77,188,0.3671875,0.18085106
84,98,182,0.35546875,-0.076923077
94,78,172,0.3359375,0.093023256
102,90,192,0.375,0.0625
86,94,180,0.3515625,-0.044444444
120,71,191,0.37304688,0.2565445
89,101,190,0.37109375,-0.063157895
95,79,174,0.33984375,0.091954023
59,108,167,0.32617188,-0.29341317
79,97,176,0.34375,-0.10227273
91,82,173,0.33789062,0.052023121
90,87,177,0.34570312,0.016949153
89,86,175,0.34179688,0.017142857
81,100,181,0.35351562,-0.10497238
95,95,190,0.37109375,0
83,101,184,0.359375,-0.097826087
100,79,179,0.34960938,0.11731844
100,89,189,0.36914062,0.058201058
85,88,173,0.33789062,-0.01734104
123,65,188,0.3671875,0.30851064
64,112,176,0.34375,-0.27272727
102,77,179,0.34960938,0.1396648
71,88,159,0.31054688,-0.10691824
86,101,187,0.36523438,-0.080213904
110,75,185,0.36132812,0.18918919
48,116,164,0.3203125,-0.41463415
71,116,187,0.36523438,-0.24064171
79,96,175,0.34179688,-0.097142857
75,84,159,0.31054688,-0.056603774
97,86,183,0.35742188,0.06010929
65,103,168,0.328125,-0.22619048
72,119,191,0.37304688,-0.2460733
102,72,174,0.33984375,0.17241379
105,87,192,0.375,0.09375
112,82,194,0.37890625,0.15463918
99,86,185,0.36132812,0.07027027
90,93,183,0.35742188,-0.016393443
81,102,183,0.35742188,-0.1147541
67,125,192,0.375,-0.30208333
102,81,183,0.35742188,0.1147541
111,84,195,0.38085938,0.13846154
80,85,165,0.32226562,-0.03030303
96,89,185,0.36132812,0.037837838
90,83,173,0.33789062,0.040462428
86,87,173,0.33789062,-0.0057803468
105,79,184,0.359375,0.14130435
94,97,191,0.37304688,-0.015706806
96,89,185,0.36132812,0.037837838
79,117,196,0.3828125,-0.19387755
87,66,153,0.29882812,0.1372549
80,100,180,0.3515625,-0.11111111
87,88,175,0.34179688,-0.0057142857
73,116,189,0.36914062,-0.22751323
66,104,170,0.33203125,-0.22352941
109,72,181,0.35351562,0.20441989
77,101,178,0.34765625,-0.13483146
130,62,192,0.375,0.35416667
110,66,176,0.34375,0.25
78,94,172,0.3359375,-0.093023256
93,86,179,0.34960938,0.039106145
80,99,179,0.34960938,-0.10614525
102,74,176,0.34375,0.15909091
99,77,176,0.34375,0.125
82,112,194,0.37890625,-0.15463918
90,99,189,0.36914062,-0.047619048
73,113,186,0.36328125,-0.21505376
79,89,168,0.328125,-0.05952381
52,110,162,0.31640625,-0.35802469
78,92,170,0.33203125,-0.082352941
99,75,174,0.33984375,0.13793103
82,86,168,0.328125,-0.023809524
87,106,193,0.37695312,-0.098445596
104,73,177,0.34570312,0.17514124
102,92,194,0.37890625,0.051546392
81,105,186,0.36328125,-0.12903226
105,74,179,0.34960938,0.17318436
83,103,186,0.36328125,-0.10752688
106,67,173,0.33789062,0.22543353
77,105,182,0.35546875,-0.15384615
95,78,173,0.33789062,0.098265896
99,99,198,0.38671875,0
75,90,165,0.32226562,-0.090909091
113,66,179,0.34960938,0.26256983
92,81,173,0.33789062,0.063583815
89,75,164,0.3203125,0.085365854
112,79,191,0.37304688,0.17277487
94,79,173,0.33789062,0.086705202
97,86,183,0.35742188,0.06010929
95,72,167,0.32617188,0.13772455
106,61,167,0.32617188,0.26946108
104,88,192,0.375,0.083333333
102,73,175,0.34179688,0.16571429
86,100,186,0.36328125,-0.075268817
104,80,184,0.359375,0.13043478
100,78,178,0.34765625,0.12359551
110,76,186,0.36328125,0.1827957
87,96,183,0.35742188,-0.049180328
64,114,178,0.34765625,-0.28089888
90,78,168,0.328125,0.071428571
90,82,172,0.3359375,0.046511628
108,62,170,0.33203125,0.27058824
64,117,181,0.35351562,-0.29281768
109,65,174,0.33984375,0.25287356
128,56,184,0.359375,0.39130435
125,62,187,0.36523438,0.3368984
83,95,178,0.34765625,-0.06741573
58,119,177,0.34570312,-0.34463277
67,112,179,0.34960938,-0.25139665
42,140,182,0.35546875,-0.53846154
114,81,195,0.38085938,0.16923077
96,83,179,0.34960938,0.072625698
99,83,182,0.35546875,0.087912088
99,81,180,0.3515625,0.1
98,87,185,0.36132812,0.059459459
99,80,179,0.34960938,0.10614525
112,63,175,0.34179688,0.28
98,76,174,0.33984375,0.12643678
99,77,176,0.34375,0.125
104,80,184,0.359375,0.13043478
77,94,171,0.33398438,-0.099415205
80,88,168,0.328125,-0.047619048
92,91,183,0.35742188,0.0054644809
89,75,164,0.3203125,0.085365854
77,109,186,0.36328125,-0.17204301
80,99,179,0.34960938,-0.10614525
121,51,172,0.3359375,0.40697674
70,107,177,0.34570312,-0.20903955
96,86,182,0.35546875,0.054945055
89,102,191,0.37304688,-0.068062827
108,74,182,0.35546875,0.18681319
82,87,169,0.33007812,-0.029585799
100,83,183,0.35742188,0.092896175
114,71,185,0.36132812,0.23243243
87,90,177,0.34570312,-0.016949153
106,79,185,0.36132812,0.14594595
85,89,174,0.33984375,-0.022988506
105,73,178,0.34765625,0.17977528
71,105,176,0.34375,-0.19318182
88,84,172,0.3359375,0.023255814
96,96,192,0.375,0
97,80,177,0.34570312,0.096045198
73,101,174,0.33984375,-0.16091954
93,74,167,0.32617188,0.11377246
94,83,177,0.34570312,0.062146893
90,95,185,0.36132812,-0.027027027
76,91,167,0.32617188,-0.089820359
101,70,171,0.33398438,0.18128655
98,83,181,0.35351562,0.082872928
53,129,182,0.35546875,-0.41758242
64,111,175,0.34179688,-0.26857143
87,97,184,0.359375,-0.054347826
84,83,167,0.32617188,0.005988024
110,81,191,0.37304688,0.15183246
115,60,175,0.34179688,0.31428571
111,70,181,0.35351562,0.22651934
86,98,184,0.359375,-0.065217391
84,98,182,0.35546875,-0.076923077
67,103,170,0.33203125,-0.21176471
84,83,167,0.32617188,0.005988024
78,108,186,0.36328125,-0.16129032
91,100,191,0.37304688,-0.047120419
89,86,175,0.34179688,0.017142857
73,102,175,0.34179688,-0.16571429
74,117,191,0.37304688,-0.22513089
99,96,195,0.38085938,0.015384615
86,92,178,0.34765625,-0.033707865
63,121,184,0.359375,-0.31521739
120,58,178,0.34765625,0.34831461
92,86,178,0.34765625,0.033707865
69,106,175,0.34179688,-0.21142857
87,90,177,0.34570312,-0.016949153
104,83,187,0.36523438,0.11229947
112,54,166,0.32421875,0.34939759
80,92,172,0.3359375,-0.069767442
71,92,163,0.31835938,-0.12883436
79,90,169,0.33007812,-0.065088757
67,118,185,0.36132812,-0.27567568
106,70,176,0.34375,0.20454545
78,107,185,0.36132812,-0.15675676
113,66,179,0.34960938,0.26256983
76,101,177,0.34570312,-0.14124294
101,79,180,0.3515625,0.12222222
88,88,176,0.34375,0
89,96,185,0.36132812,-0.037837838
101,87,188,0.3671875,0.074468085
106,66,172,0.3359375,0.23255814
108,71,179,0.34960938,0.20670391
86,98,184,0.359375,-0.065217391
94,87,181,0.35351562,0.038674033
87,92,179,0.34960938,-0.027932961
63,119,182,0.35546875,-0.30769231
58,109,167,0.32617188,-0.30538922
103,62,165,0.32226562,0.24848485
92,87,179,0.34960938,0.027932961
83,101,184,0.359375,-0.097826087
91,79,170,0.33203125,0.070588235
56,119,175,0.34179688,-0.36
99,92,191,0.37304688,0.036649215
81,102,183,0.35742188,-0.1147541
108,72,180,0.3515625,0.2
100,76,176,0.34375,0.13636364
103,81,184,0.359375,0.11956522
89,91,180,0.3515625,-0.011111111
79,103,182,0.35546875,-0.13186813
103,77,180,0.3515625,0.14444444
120,65,185,0.36132812,0.2972973
96,81,177,0.34570312,0.084745763
55,114,169,0.33007812,-0.34911243
108,72,180,0.3515625,0.2
116,56,172,0.3359375,0.34883721
78,97,175,0.34179688,-0.10857143
73,116,189,0.36914062,-0.22751323
100,75,175,0.34179688,0.14285714
98,87,185,0.36132812,0.059459459
66,112,178,0.34765625,-0.25842697
110,83,193,0.37695312,0.13989637
119,83,202,0.39453125,0.17821782
115,66,181,0.35351562,0.27071823
88,93,181,0.35351562,-0.027624309
102,69,171,0.33398438,0.19298246
83,74,157,0.30664062,0.057324841
96,74,170,0.33203125,0.12941176
84,92,176,0.34375,-0.045454545
66,124,190,0.37109375,-0.30526316
108,71,179,0.34960938,0.20670391
75,93,168,0.328125,-0.10714286
109,76,185,0.36132812,0.17837838
89,89,178,0.34765625,0
86,91,177,0.34570312,-0.028248588
103,85,188,0.3671875,0.095744681
76,100,176,0.34375,-0.13636364
104,69,173,0.33789062,0.20231214
115,69,184,0.359375,0.25
87,92,179,0.34960938,-0.027932961
148,46,194,0.37890625,0.5257732
114,75,189,0.36914062,0.20634921
79,96,175,0.34179688,-0.097142857
110,66,176,0.34375,0.25
71,96,167,0.32617188,-0.1497006
79,101,180,0.3515625,-0.12222222
75,96,171,0.33398438,-0.12280702
82,103,185,0.36132812,-0.11351351
75,94,169,0.33007812,-0.11242604
64,125,189,0.36914062,-0.32275132
81,93,174,0.33984375,-0.068965517
69,117,186,0.36328125,-0.25806452
92,96,188,0.3671875,-0.021276596
96,97,193,0.37695312,-0.0051813472
63,113,176,0.34375,-0.28409091
112,79,191,0.37304688,0.17277487
85,95,180,0.3515625,-0.055555556
116,64,180,0.3515625,0.28888889
74,106,180,0.3515625,-0.17777778
58,129,187,0.36523438,-0.37967914
82,93,175,0.34179688,-0.062857143
115,74,189,0.36914062,0.21693122
67,104,171,0.33398438,-0.21637427
103,69,172,0.3359375,0.19767442
87,94,181,0.35351562,-0.038674033
55,123,178,0.34765625,-0.38202247
95,73,168,0.328125,0.13095238
80,102,182,0.35546875,-0.12087912
72,114,186,0.36328125,-0.22580645
99,77,176,0.34375,0.125
38,156,194,0.37890625,-0.60824742
68,113,181,0.35351562,-0.24861878
131,62,193,0.37695312,0.35751295
78,106,184,0.359375,-0.15217391
114,54,168,0.328125,0.35714286
70,103,173,0.33789062,-0.19075145
104,82,186,0.36328125,0.11827957
104,88,192,0.375,0.083333333
72,119,191,0.37304688,-0.2460733
88,103,191,0.37304688,-0.078534031
83,87,170,0.33203125,-0.023529412
94,82,176,0.34375,0.068181818
100,84,184,0.359375,0.086956522
69,121,190,0.37109375,-0.27368421
83,105,188,0.3671875,-0.11702128
82,103,185,0.36132812,-0.11351351
94,92,186,0.36328125,0.010752688
87,94,181,0.35351562,-0.038674033
107,75,182,0.35546875,0.17582418
86,89,175,0.34179688,-0.017142857
61,121,182,0.35546875,-0.32967033
67,111,178,0.34765625,-0.24719101
109,63,172,0.3359375,0.26744186
71,93,164,0.3203125,-0.13414634
90,69,159,0.31054688,0.13207547
94,100,194,0.37890625,-0.030927835
105,77,182,0.35546875,0.15384615
106,87,193,0.37695312,0.098445596
70,98,168,0.328125,-0.16666667
78,98,176,0.34375,-0.11363636
98,93,191,0.37304688,0.02617801
68,122,190,0.37109375,-0.28421053
95,88,183,0.35742188,0.038251366
98,75,173,0.33789062,0.13294798
107,85,192,0.375,0.11458333
87,103,190,0.37109375,-0.084210526
84,85,169,0.33007812,-0.0059171598
76,102,178,0.34765625,-0.14606742
112,76,188,0.3671875,0.19148936
91,93,184,0.359375,-0.010869565
101,74,175,0.34179688,0.15428571
68,110,178,0.34765625,-0.23595506
100,91,191,0.37304688,0.047120419
96,71,167,0.32617188,0.1497006
87,87,174,0.33984375,0
74,104,178,0.34765625,-0.16853933
81,90,171,0.33398438,-0.052631579
106,72,178,0.34765625,0.19101124
80,102,182,0.35546875,-0.12087912
104,83,187,0.36523438,0.11229947
92,87,179,0.34960938,0.027932961
88,86,174,0.33984375,0.011494253
87,93,180,0.3515625,-0.033333333
69,117,186,0.36328125,-0.25806452
89,85,174,0.33984375,0.022988506
82,94,176,0.34375,-0.068181818
117,79,196,0.3828125,0.19387755
86,106,192,0.375,-0.10416667
86,86,172,0.3359375,0
80,87,167,0.32617188,-0.041916168
94,86,180,0.3515625,0.044444444
99,79,178,0.34765625,0.11235955
79,96,175,0.34179688,-0.097142857
57,124,181,0.35351562,-0.37016575
89,104,193,0.37695312,-0.077720207
98,78,176,0.34375,0.11363636
72,100,172,0.3359375,-0.1627907
63,121,184,0.359375,-0.31521739
103,63,166,0.32421875,0.24096386
79,103,182,0.35546875,-0.13186813
83,84,167,0.32617188,-0.005988024
112,74,186,0.36328125,0.20430108
74,98,172,0.3359375,-0.13953488
71,95,166,0.32421875,-0.14457831
140,54,194,0.37890625,0.44329897
115,60,175,0.34179688,0.31428571
96,82,178,0.34765625,0.078651685
75,87,162,0.31640625,-0.074074074
99,92,191,0.37304688,0.036649215
57,112,169,0.33007812,-0.32544379
86,93,179,0.34960938,-0.039106145
65,101,166,0.32421875,-0.21686747
91,91,182,0.35546875,0
110,79,189,0.36914062,0.16402116
86,96,182,0.35546875,-0.054945055
90,90,180,0.3515625,0
91,97,188,0.3671875,-0.031914894
98,99,197,0.38476562,-0.0050761421
95,78,173,0.33789062,0.098265896
82,84,166,0.32421875,-0.012048193
76,88,164,0.3203125,-0.073170732
115,73,188,0.3671875,0.22340426
69,110,179,0.34960938,-0.22905028
73,98,171,0.33398438,-0.14619883
79,85,164,0.3203125,-0.036585366
83,101,184,0.359375,-0.097826087
111,61,172,0.3359375,0.29069767
94,89,183,0.35742188,0.027322404
67,115,182,0.35546875,-0.26373626
82,88,170,0.33203125,-0.035294118
97,91,188,0.3671875,0.031914894
67,102,169,0.33007812,-0.20710059
98,69,167,0.32617188,0.17365269
62,123,185,0.36132812,-0.32972973
99,66,165,0.32226562,0.2
102,71,173,0.33789062,0.17919075
103,96,199,0.38867188,0.035175879
96,80,176,0.34375,0.090909091
93,87,180,0.3515625,0.033333333
55,120,175,0.34179688,-0.37142857
96,74,170,0.33203125,0.12941176
91,95,186,0.36328125,-0.021505376
124,74,198,0.38671875,0.25252525
88,95,183,0.35742188,-0.038251366
107,82,189,0.36914062,0.13227513
78,92,170,0.33203125,-0.082352941
76,109,185,0.36132812,-0.17837838
88,95,183,0.35742188,-0.038251366
88,103,191,0.37304688,-0.078534031
69,113,182,0.35546875,-0.24175824
70,114,184,0.359375,-0.23913043
45,137,182,0.35546875,-0.50549451
106,59,165,0.32226562,0.28484848
60,105,165,0.32226562,-0.27272727
104,71,175,0.34179688,0.18857143
115,81,196,0.3828125,0.17346939
101,86,187,0.36523438,0.080213904
121,71,192,0.375,0.26041667
95,70,165,0.32226562,0.15151515
99,80,179,0.34960938,0.10614525
108,64,172,0.3359375,0.25581395
77,99,176,0.34375,-0.125
102,70,172,0.3359375,0.18604651
65,113,178,0.34765625,-0.26966292
94,96,190,0.37109375,-0.010526316
79,93,172,0.3359375,-0.081395349
70,107,177,0.34570312,-0.20903955
87,97,184,0.359375,-0.054347826
93,94,187,0.36523438,-0.0053475936
123,70,193,0.37695312,0.2746114
107,54,161,0.31445312,0.32919255
104,88,192,0.375,0.083333333
91,98,189,0.36914062,-0.037037037
106,82,188,0.3671875,0.12765957
102,74,176,0.34375,0.15909091
110,78,188,0.3671875,0.17021277
101,85,186,0.36328125,0.086021505
62,113,175,0.34179688,-0.29142857
99,79,178,0.34765625,0.11235955
95,82,177,0.34570312,0.073446328
96,84,180,0.3515625,0.066666667
97,87,184,0.359375,0.054347826
95,95,190,0.37109375,0
101,66,167,0.32617188,0.20958084
95,83,178,0.34765625,0.06741573
79,96,175,0.34179688,-0.097142857
90,67,157,0.30664062,0.14649682
102,75,177,0.34570312,0.15254237
98,85,183,0.35742188,0.071038251
82,111,193,0.37695312,-0.15025907
78,104,182,0.35546875,-0.14285714
75,116,191,0.37304688,-0.21465969
77,102,179,0.34960938,-0.1396648
128,78,206,0.40234375,0.24271845
105,61,166,0.32421875,0.26506024
111,81,192,0.375,0.15625
96,78,174,0.33984375,0.10344828
70,104,174,0.33984375,-0.1954023
62,115,177,0.34570312,-0.29943503
106,81,187,0.36523438,0.13368984
85,112,197,0.38476562,-0.13705584
111,61,172,0.3359375,0.29069767
94,95,189,0.36914062,-0.0052910053
82,98,180,0.3515625,-0.088888889
95,85,180,0.3515625,0.055555556
109,66,175,0.34179688,0.24571429
92,90,182,0.35546875,0.010989011
94,81,175,0.34179688,0.074285714
97,76,173,0.33789062,0.12138728
94,84,178,0.34765625,0.056179775
74,91,165,0.32226562,-0.1030303
80,97,177,0.34570312,-0.096045198
90,95,185,0.36132812,-0.027027027
91,89,180,0.3515625,0.011111111
100,82,182,0.35546875,0.098901099
105,77,182,0.35546875,0.15384615
80,103,183,0.35742188,-0.12568306
118,67,185,0.36132812,0.27567568
98,91,189,0.36914062,0.037037037
93,79,172,0.3359375,0.081395349
100,75,175,0.34179688,0.14285714
80,89,169,0.33007812,-0.053254438
80,111,191,0.37304688,-0.16230366
69,105,174,0.33984375,-0.20689655
109,66,175,0.34179688,0.24571429
72,92,164,0.3203125,-0.12195122
79,82,161,0.31445312,-0.01863354
71,95,166,0.32421875,-0.14457831
107,60,167,0.32617188,0.28143713
81,98,179,0.34960938,-0.094972067
80,98,178,0.34765625,-0.1011236
94,92,186,0.36328125,0.010752688
96,79,175,0.34179688,0.097142857
84,99,183,0.35742188,-0.081967213
105,71,176,0.34375,0.19318182
74,113,187,0.36523438,-0.20855615
80,93,173,0.33789062,-0.075144509
87,101,188,0.3671875,-0.074468085
99,87,186,0.36328125,0.064516129
94,76,170,0.33203125,0.10588235
95,88,183,0.35742188,0.038251366
89,90,179,0.34960938,-0.0055865922
104,72,176,0.34375,0.18181818
78,94,172,0.3359375,-0.093023256
84,91,175,0.34179688,-0.04
98,84,182,0.35546875,0.076923077
125,55,180,0.3515625,0.38888889
117,64,181,0.35351562,0.29281768
70,94,164,0.3203125,-0.14634146
85,98,183,0.35742188,-0.071038251
68,118,186,0.36328125,-0.2688172
117,59,176,0.34375,0.32954545
88,86,174,0.33984375,0.011494253
67,110,177,0.34570312,-0.24293785
107,77,184,0.359375,0.16304348
125,66,191,0.37304688,0.30890052
85,85,170,0.33203125,0
107,66,173,0.33789062,0.23699422
82,88,170,0.33203125,-0.035294118
125,58,183,0.35742188,0.36612022
98,69,167,0.32617188,0.17365269
90,96,186,0.36328125,-0.032258065
87,100,187,0.36523438,-0.069518717
94,94,188,0.3671875,0
89,100,189,0.36914062,-0.058201058
101,82,183,0.35742188,0.10382514
93,94,187,0.36523438,-0.0053475936
92,86,178,0.34765625,0.033707865
97,78,175,0.34179688,0.10857143
97,85,182,0.35546875,0.065934066
89,84,173,0.33789062,0.028901734
93,85,178,0.34765625,0.04494382
86,112,198,0.38671875,-0.13131313
76,97,173,0.33789062,-0.12138728
114,63,177,0.34570312,0.28813559
100,91,191,0.37304688,0.047120419
109,79,188,0.3671875,0.15957447
86,90,176,0.34375,-0.022727273
71,114,185,0.36132812,-0.23243243
100,77,177,0.34570312,0.1299435
80,101,181,0.35351562,-0.1160221
92,93,185,0.36132812,-0.0054054054
104,84,188,0.3671875,0.10638298
82,108,190,0.37109375,-0.13684211
90,87,177,0.34570312,0.016949153
101,84,185,0.36132812,0.091891892
88,81,169,0.33007812,0.041420118
112,71,183,0.35742188,0.22404372
95,90,185,0.36132812,0.027027027
69,122,191,0.37304688,-0.27748691
81,79,160,0.3125,0.0125
72,126,198,0.38671875,-0.27272727
72,95,167,0.32617188,-0.13772455
102,83,185,0.36132812,0.1027027
94,81,175,0.34179688,0.074285714
92,91,183,0.35742188,0.0054644809
87,83,170,0.33203125,0.023529412
121,64,185,0.36132812,0.30810811
87,86,173,0.33789062,0.0057803468
116,70,186,0.36328125,0.24731183
113,65,178,0.34765625,0.26966292
113,66,179,0.34960938,0.26256983
106,78,184,0.359375,0.15217391
86,79,165,0.32226562,0.042424242
97,91,188,0.3671875,0.031914894
84,99,183,0.35742188,-0.081967213
93,75,168,0.328125,0.10714286
84,90,174,0.33984375,-0.034482759
102,78,180,0.3515625,0.13333333
91,63,154,0.30078125,0.18181818
118,71,189,0.36914062,0.24867725
51,129,180,0.3515625,-0.43333333
97,85,182,0.35546875,0.065934066
119,52,171,0.33398438,0.39181287
107,83,190,0.37109375,0.12631579
86,91,177,0.34570312,-0.028248588
75,96,171,0.33398438,-0.12280702
113,55,168,0.328125,0.3452381
105,76,181,0.35351562,0.16022099
72,99,171,0.33398438,-0.15789474
88,76,164,0.3203125,0.073170732
57,118,175,0.34179688,-0.34857143
87,95,182,0.35546875,-0.043956044
95,81,176,0.34375,0.079545455
91,92,183,0.35742188,-0.0054644809
80,98,178,0.34765625,-0.1011236
78,98,176,0.34375,-0.11363636
81,98,179,0.34960938,-0.094972067
90,83,173,0.33789062,0.040462428
79,93,172,0.3359375,-0.081395349
86,93,179,0.34960938,-0.039106145
79,103,182,0.35546875,-0.13186813
95,99,194,0.37890625,-0.020618557
114,68,182,0.35546875,0.25274725
118,69,187,0.36523438,0.26203209
73,94,167,0.32617188,-0.1257485
88,101,189,0.36914062,-0.068783069
66,110,176,0.34375,-0.25
111,67,178,0.34765625,0.24719101
118,55,173,0.33789062,0.36416185
77,101,178,0.34765625,-0.13483146
77,102,179,0.34960938,-0.1396648
61,134,195,0.38085938,-0.37435897
98,91,189,0.36914062,0.037037037
100,77,177,0.34570312,0.1299435
111,44,155,0.30273438,0.43225806
89,87,176,0.34375,0.011363636
99,87,186,0.36328125,0.064516129
93,90,183,0.35742188,0.016393443
90,82,172,0.3359375,0.046511628
71,106,177,0.34570312,-0.19774011
90,88,178,0.34765625,0.011235955
89,91,180,0.3515625,-0.011111111
130,55,185,0.36132812,0.40540541
87,98,185,0.36132812,-0.059459459
87,111,198,0.38671875,-0.12121212
95,96,191,0.37304688,-0.0052356021
60,99,159,0.31054688,-0.24528302
65,112,177,0.34570312,-0.26553672
71,109,180,0.3515625,-0.21111111
85,89,174,0.33984375,-0.022988506
100,76,176,0.34375,0.13636364
108,55,163,0.31835938,0.32515337
74,103,177,0.34570312,-0.16384181
132,55,187,0.36523438,0.41176471
101,73,174,0.33984375,0.16091954
136,46,182,0.35546875,0.49450549
73,98,171,0.33398438,-0.14619883
97,84,181,0.35351562,0.071823204
73,95,168,0.328125,-0.13095238
85,90,175,0.34179688,-0.028571429
102,71,173,0.33789062,0.17919075
96,93,189,0.36914062,0.015873016
55,116,171,0.33398438,-0.35672515
88,105,193,0.37695312,-0.088082902
83,98,181,0.35351562,-0.082872928
85,92,177,0.34570312,-0.039548023
68,128,196,0.3828125,-0.30612245
112,71,183,0.35742188,0.22404372
75,97,172,0.3359375,-0.12790698
90,96,186,0.36328125,-0.032258065
86,99,185,0.36132812,-0.07027027
78,100,178,0.34765625,-0.12359551
94,85,179,0.34960938,0.05027933
79,102,181,0.35351562,-0.12707182
108,59,167,0.32617188,0.29341317
63,119,182,0.35546875,-0.30769231
105,89,194,0.37890625,0.082474227
101,78,179,0.34960938,0.12849162
55,123,178,0.34765625,-0.38202247
84,98,182,0.35546875,-0.076923077
95,86,181,0.35351562,0.049723757
57,129,186,0.36328125,-0.38709677
76,94,170,0.33203125,-0.10588235
110,67,177,0.34570312,0.24293785
95,84,179,0.34960938,0.061452514
115,69,184,0.359375,0.25
110,77,187,0.36523438,0.17647059
96,84,180,0.3515625,0.066666667
75,99,174,0.33984375,-0.13793103
97,85,182,0.35546875,0.065934066
109,65,174,0.33984375,0.25287356
60,109,169,0.33007812,-0.28994083
95,73,168,0.328125,0.13095238
74,110,184,0.359375,-0.19565217
71,96,167,0.32617188,-0.1497006
81,101,182,0.35546875,-0.10989011
98,81,179,0.34960938,0.094972067
80,110,190,0.37109375,-0.15789474
106,72,178,0.34765625,0.19101124
84,91,175,0.34179688,-0.04
104,86,190,0.37109375,0.094736842
108,68,176,0.34375,0.22727273
97,75,172,0.3359375,0.12790698
86,89,175,0.34179688,-0.017142857
90,98,188,0.3671875,-0.042553191
114,73,187,0.36523438,0.21925134
86,105,191,0.37304688,-0.09947644
99,89,188,0.3671875,0.053191489
124,64,188,0.3671875,0.31914894
106,65,171,0.33398438,0.23976608
75,107,182,0.35546875,-0.17582418
89,92,181,0.35351562,-0.016574586
83,102,185,0.36132812,-0.1027027
101,77,178,0.34765625,0.13483146
121,76,197,0.38476562,0.2284264
76,91,167,0.32617188,-0.089820359
84,100,184,0.359375,-0.086956522
84,97,181,0.35351562,-0.071823204
65,118,183,0.35742188,-0.28961749
63,104,167,0.32617188,-0.24550898
96,97,193,0.37695312,-0.0051813472
97,81,178,0.34765625,0.08988764
82,105,187,0.36523438,-0.12299465
94,83,177,0.34570312,0.062146893
88,91,179,0.34960938,-0.016759777
62,129,191,0.37304688,-0.35078534
80,105,185,0.36132812,-0.13513514
81,94,175,0.34179688,-0.074285714
110,79,189,0.36914062,0.16402116
104,83,187,0.36523438,0.11229947
53,111,164,0.3203125,-0.35365854
49,130,179,0.34960938,-0.45251397
103,89,192,0.375,0.072916667
86,88,174,0.33984375,-0.011494253
96,74,170,0.33203125,0.12941176
61,105,166,0.32421875,-0.26506024
80,100,180,0.3515625,-0.11111111
120,54,174,0.33984375,0.37931034
108,83,191,0.37304688,0.13089005
90,72,162,0.31640625,0.11111111
89,95,184,0.359375,-0.032608696
126,48,174,0.33984375,0.44827586
77,99,176,0.34375,-0.125
82,96,178,0.34765625,-0.078651685
65,116,181,0.35351562,-0.28176796
80,100,180,0.3515625,-0.11111111
91,104,195,0.38085938,-0.066666667
85,88,173,0.33789062,-0.01734104
71,111,182,0.35546875,-0.21978022
101,81,182,0.35546875,0.10989011
103,82,185,0.36132812,0.11351351
83,96,179,0.34960938,-0.072625698
98,74,172,0.3359375,0.13953488
116,85,201,0.39257812,0.15422886
94,81,175,0.34179688,0.074285714
76,93,169,0.33007812,-0.10059172
92,95,187,0.36523438,-0.016042781
97,82,179,0.34960938,0.083798883
69,105,174,0.33984375,-0.20689655
86,86,172,0.3359375,0
114,71,185,0.36132812,0.23243243
114,57,171,0.33398438,0.33333333
91,93,184,0.359375,-0.010869565
63,107,170,0.33203125,-0.25882353
64,116,180,0.3515625,-0.28888889
117,75,192,0.375,0.21875
86,94,180,0.3515625,-0.044444444
85,83,168,0.328125,0.011904762
94,95,189,0.36914062,-0.0052910053
64,116,180,0.3515625,-0.28888889
105,81,186,0.36328125,0.12903226
104,68,172,0.3359375,0.20930233
101,83,184,0.359375,0.097826087
94,79,173,0.33789062,0.086705202
76,102,178,0.34765625,-0.14606742
98,79,177,0.34570312,0.10734463
99,62,161,0.31445312,0.22981366
101,81,182,0.35546875,0.10989011
104,80,184,0.359375,0.13043478
73,106,179,0.34960938,-0.18435754
86,101,187,0.36523438,-0.080213904
101,81,182,0.35546875,0.10989011
93,69,162,0.31640625,0.14814815
100,98,198,0.38671875,0.01010101
68,122,190,0.37109375,-0.28421053
85,95,180,0.3515625,-0.055555556
73,89,162,0.31640625,-0.098765432
70,110,180,0.3515625,-0.22222222
83,98,181,0.35351562,-0.082872928
98,84,182,0.35546875,0.076923077
99,85,184,0.359375,0.076086957
93,97,190,0.37109375,-0.021052632
93,81,174,0.33984375,0.068965517
74,113,187,0.36523438,-0.20855615
102,66,168,0.328125,0.21428571
85,80,165,0.32226562,0.03030303
62,107,169,0.33007812,-0.26627219
91,91,182,0.35546875,0
67,108,175,0.34179688,-0.23428571
110,65,175,0.34179688,0.25714286
104,76,180,0.3515625,0.15555556
94,97,191,0.37304688,-0.015706806
57,134,191,0.37304688,-0.40314136
82,98,180,0.3515625,-0.088888889
115,63,178,0.34765625,0.29213483
82,83,165,0.32226562,-0.0060606061
101,93,194,0.37890625,0.041237113
86,94,180,0.3515625,-0.044444444
95,107,202,0.39453125,-0.059405941
96,96,192,0.375,0
59,111,170,0.33203125,-0.30588235
76,91,167,0.32617188,-0.089820359
97,80,177,0.34570312,0.096045198
101,75,176,0.34375,0.14772727
96,85,181,0.35351562,0.060773481
96,72,168,0.328125,0.14285714
99,77,176,0.34375,0.125
83,104,187,0.36523438,-0.11229947
84,99,183,0.35742188,-0.081967213
90,81,171,0.33398438,0.052631579
96,93,189,0.36914062,0.015873016
80,95,175,0.34179688,-0.085714286
64,108,172,0.3359375,-0.25581395
122,53,175,0.34179688,0.39428571
72,125,197,0.38476562,-0.26903553
84,98,182,0.35546875,-0.076923077
100,74,174,0.33984375,0.14942529
77,101,178,0.34765625,-0.13483146
105,74,179,0.34960938,0.17318436
92,92,184,0.359375,0
76,101,177,0.34570312,-0.14124294
74,82,156,0.3046875,-0.051282051
101,92,193,0.37695312,0.046632124
84,95,179,0.34960938,-0.061452514
69,113,182,0.35546875,-0.24175824
98,81,179,0.34960938,0.094972067
86,95,181,0.35351562,-0.049723757
88,96,184,0.359375,-0.043478261
95,87,182,0.35546875,0.043956044
68,110,178,0.34765625,-0.23595506
97,82,179,0.34960938,0.083798883
74,98,172,0.3359375,-0.13953488
86,104,190,0.37109375,-0.094736842
95,81,176,0.34375,0.079545455
91,95,186,0.36328125,-0.021505376
105,81,186,0.36328125,0.12903226
57,129,186,0.36328125,-0.38709677
61,108,169,0.33007812,-0.27810651
64,107,171,0.33398438,-0.25146199
74,112,186,0.36328125,-0.20430108
98,78,176,0.34375,0.11363636
113,68,181,0.35351562,0.24861878
60,105,165,0.32226562,-0.27272727
124,65,189,0.36914062,0.31216931
74,110,184,0.359375,-0.19565217
50,130,180,0.3515625,-0.44444444
101,80,181,0.35351562,0.1160221
112,78,190,0.37109375,0.17894737
102,88,190,0.37109375,0.073684211
108,78,186,0.36328125,0.16129032
114,80,194,0.37890625,0.17525773
100,84,184,0.359375,0.086956522
93,84,177,0.34570312,0.050847458
91,92,183,0.35742188,-0.0054644809
90,90,180,0.3515625,0
55,116,171,0.33398438,-0.35672515
80,99,179,0.34960938,-0.10614525
111,75,186,0.36328125,0.19354839
92,96,188,0.3671875,-0.021276596
101,81,182,0.35546875,0.10989011
78,101,179,0.34960938,-0.12849162
88,78,166,0.32421875,0.060240964
122,65,187,0.36523438,0.30481283
83,100,183,0.35742188,-0.092896175
66,116,182,0.35546875,-0.27472527
80,104,184,0.359375,-0.13043478
111,71,182,0.35546875,0.21978022
108,93,201,0.39257812,0.074626866
71,103,174,0.33984375,-0.18390805
85,97,182,0.35546875,-0.065934066
116,64,180,0.3515625,0.28888889
117,56,173,0.33789062,0.35260116
100,88,188,0.3671875,0.063829787
95,88,183,0.35742188,0.038251366
94,82,176,0.34375,0.068181818
102,83,185,0.36132812,0.1027027
95,85,180,0.3515625,0.055555556
71,106,177,0.34570312,-0.19774011
70,102,172,0.3359375,-0.18604651
122,67,189,0.36914062,0.29100529
98,81,179,0.34960938,0.094972067
79,97,176,0.34375,-0.10227273
73,118,191,0.37304688,-0.23560209
89,99,188,0.3671875,-0.053191489
72,107,179,0.34960938,-0.19553073
72,107,179,0.34960938,-0.19553073
87,113,200,0.390625,-0.13
74,117,191,0.37304688,-0.22513089
116,52,168,0.328125,0.38095238
81,102,183,0.35742188,-0.1147541
112,70,182,0.35546875,0.23076923
97,77,174,0.33984375,0.11494253
107,79,186,0.36328125,0.15053763
56,133,189,0.36914062,-0.40740741
67,102,169,0.33007812,-0.20710059
112,85,197,0.38476562,0.13705584
94,81,175,0.34179688,0.074285714
86,103,189,0.36914062,-0.08994709
121,48,169,0.33007812,0.43195266
86,105,191,0.37304688,-0.09947644
69,115,184,0.359375,-0.25
108,84,192,0.375,0.125
80,98,178,0.34765625,-0.1011236
97,78,175,0.34179688,0.10857143
97,82,179,0.34960938,0.083798883
90,91,181,0.35351562,-0.0055248619
116,61,177,0.34570312,0.31073446
96,81,177,0.34570312,0.084745763
82,102,184,0.359375,-0.10869565
76,93,169,0.33007812,-0.10059172
64,118,182,0.35546875,-0.2967033
88,87,175,0.34179688,0.0057142857
76,107,183,0.35742188,-0.16939891
81,111,192,0.375,-0.15625
55,109,164,0.3203125,-0.32926829
97,93,190,0.37109375,0.021052632
82,91,173,0.33789062,-0.052023121
98,59,157,0.30664062,0.24840764
96,75,171,0.33398438,0.12280702
120,55,175,0.34179688,0.37142857
114,59,173,0.33789062,0.31791908
88,91,179,0.34960938,-0.016759777
84,102,186,0.36328125,-0.096774194
93,107,200,0.390625,-0.07
66,110,176,0.34375,-0.25
106,84,190,0.37109375,0.11578947
108,76,184,0.359375,0.17391304
70,109,179,0.34960938,-0.21787709
136,40,176,0.34375,0.54545455
64,115,179,0.34960938,-0.2849162
66,129,195,0.38085938,-0.32307692
85,98,183,0.35742188,-0.071038251
80,110,190,0.37109375,-0.15789474
97,62,159,0.31054688,0.22012579
79,89,168,0.328125,-0.05952381
111,72,183,0.35742188,0.21311475
80,107,187,0.36523438,-0.14438503
61,113,174,0.33984375,-0.29885057
86,97,183,0.35742188,-0.06010929
134,51,185,0.36132812,0.44864865
84,89,173,0.33789062,-0.028901734
75,101,176,0.34375,-0.14772727
77,101,178,0.34765625,-0.13483146
87,96,183,0.35742188,-0.049180328
55,117,172,0.3359375,-0.36046512
92,95,187,0.36523438,-0.016042781
85,97,182,0.35546875,-0.065934066
101,80,181,0.35351562,0.1160221
96,82,178,0.34765625,0.078651685
83,112,195,0.38085938,-0.14871795
100,80,180,0.3515625,0.11111111
63,110,173,0.33789062,-0.2716763
61,114,175,0.34179688,-0.30285714
106,79,185,0.36132812,0.14594595
97,92,189,0.36914062,0.026455026
91,88,179,0.34960938,0.016759777
91,78,169,0.33007812,0.076923077
66,130,196,0.3828125,-0.32653061
96,77,173,0.33789062,0.10982659
76,96,172,0.3359375,-0.11627907
114,74,188,0.3671875,0.21276596
88,87,175,0.34179688,0.0057142857
101,79,180,0.3515625,0.12222222
74,115,189,0.36914062,-0.21693122
97,79,176,0.34375,0.10227273
81,89,170,0.33203125,-0.047058824
116,62,178,0.34765625,0.30337079
106,79,185,0.36132812,0.14594595
74,113,187,0.36523438,-0.20855615
50,136,186,0.36328125,-0.46236559
76,96,172,0.3359375,-0.11627907
123,73,196,0.3828125,0.25510204
95,81,176,0.34375,0.079545455
90,78,168,0.328125,0.071428571
91,102,193,0.37695312,-0.056994819
80,96,176,0.34375,-0.090909091
79,92,171,0.33398438,-0.076023392
82,89,171,0.33398438,-0.040935673
84,101,185,0.36132812,-0.091891892
109,69,178,0.34765625,0.2247191
65,112,177,0.34570312,-0.26553672
108,77,185,0.36132812,0.16756757
113,77,190,0.37109375,0.18947368
94,88,182,0.35546875,0.032967033
98,83,181,0.35351562,0.082872928
62,104,166,0.32421875,-0.25301205
63,131,194,0.37890625,-0.35051546
99,90,189,0.36914062,0.047619048
98,71,169,0.33007812,0.15976331
126,66,192,0.375,0.3125
75,104,179,0.34960938,-0.16201117
97,70,167,0.32617188,0.16167665
85,95,180,0.3515625,-0.055555556
76,98,174,0.33984375,-0.12643678
71,112,183,0.35742188,-0.22404372
95,83,178,0.34765625,0.06741573
95,91,186,0.36328125,0.021505376
76,96,172,0.3359375,-0.11627907
74,115,189,0.36914062,-0.21693122
87,92,179,0.34960938,-0.027932961
92,84,176,0.34375,0.045454545
82,91,173,0.33789062,-0.052023121
89,87,176,0.34375,0.011363636
63,118,181,0.35351562,-0.3038674
78,98,176,0.34375,-0.11363636
95,74,169,0.33007812,0.12426036
93,82,175,0.34179688,0.062857143
85,96,181,0.35351562,-0.060773481
102,81,183,0.35742188,0.1147541
118,71,189,0.36914062,0.24867725
95,79,174,0.33984375,0.091954023
88,90,178,0.34765625,-0.011235955
113,78,191,0.37304688,0.18324607
95,84,179,0.34960938,0.061452514
81,111,192,0.375,-0.15625
95,75,170,0.33203125,0.11764706
116,76,192,0.375,0.20833333
85,110,195,0.38085938,-0.12820513
114,77,191,0.37304688,0.19371728
78,107,185,0.36132812,-0.15675676
102,90,192,0.375,0.0625
99,87,186,0.36328125,0.064516129
104,78,182,0.35546875,0.14285714
96,87,183,0.35742188,0.049180328
68,111,179,0.34960938,-0.24022346
109,67,176,0.34375,0.23863636
71,105,176,0.34375,-0.19318182
102,77,179,0.34960938,0.1396648
90,77,167,0.32617188,0.077844311
89,77,166,0.32421875,0.072289157
88,86,174,0.33984375,0.011494253
125,56,181,0.35351562,0.38121547
108,70,178,0.34765625,0.21348315
89,90,179,0.34960938,-0.0055865922
97,83,180,0.3515625,0.077777778
71,103,174,0.33984375,-0.18390805
99,99,198,0.38671875,0
88,99,187,0.36523438,-0.058823529
77,98,175,0.34179688,-0.12
116,90,206,0.40234375,0.12621359
95,82,177,0.34570312,0.073446328
104,74,178,0.34765625,0.16853933
99,87,186,0.36328125,0.064516129
105,78,183,0.35742188,0.14754098
93,86,179,0.34960938,0.039106145
80,91,171,0.33398438,-0.064327485
90,91,181,0.35351562,-0.0055248619
110,81,191,0.37304688,0.15183246
92,93,185,0.36132812,-0.0054054054
90,93,183,0.35742188,-0.016393443
81,95,176,0.34375,-0.079545455
102,88,190,0.37109375,0.073684211
53,119,172,0.3359375,-0.38372093
63,125,188,0.3671875,-0.32978723
93,80,173,0.33789062,0.075144509
79,77,156,0.3046875,0.012820513
85,102,187,0.36523438,-0.090909091
101,80,181,0.35351562,0.1160221
133,47,180,0.3515625,0.47777778
90,83,173,0.33789062,0.040462428
77,105,182,0.35546875,-0.15384615
98,89,187,0.36523438,0.048128342
137,55,192,0.375,0.42708333
95,94,189,0.36914062,0.0052910053
95,79,174,0.33984375,0.091954023
74,86,160,0.3125,-0.075
107,82,189,0.36914062,0.13227513
126,48,174,0.33984375,0.44827586
93,83,176,0.34375,0.056818182
86,100,186,0.36328125,-0.075268817
79,95,174,0.33984375,-0.091954023
70,114,184,0.359375,-0.23913043
111,77,188,0.3671875,0.18085106
82,95,177,0.34570312,-0.073446328
71,103,174,0.33984375,-0.18390805
98,79,177,0.34570312,0.10734463
75,90,165,0.32226562,-0.090909091
61,106,167,0.32617188,-0.26946108
97,85,182,0.35546875,0.065934066
72,101,173,0.33789062,-0.16763006
83,90,173,0.33789062,-0.040462428
89,86,175,0.34179688,0.017142857
101,88,189,0.36914062,0.068783069
101,79,180,0.3515625,0.12222222
128,51,179,0.34960938,0.4301676
100,75,175,0.34179688,0.14285714
74,98,172,0.3359375,-0.13953488
90,92,182,0.35546875,-0.010989011
96,87,183,0.35742188,0.049180328
101,78,179,0.34960938,0.12849162
111,65,176,0.34375,0.26136364
91,90,181,0.35351562,0.0055248619
75,91,166,0.32421875,-0.096385542
77,98,175,0.34179688,-0.12
90,87,177,0.34570312,0.016949153
90,97,187,0.36523438,-0.037433155
87,88,175,0.34179688,-0.0057142857
84,87,171,0.33398438,-0.01754386
93,77,170,0.33203125,0.094117647
79,109,188,0.3671875,-0.15957447
82,95,177,0.34570312,-0.073446328
84,100,184,0.359375,-0.086956522
95,98,193,0.37695312,-0.015544041
95,73,168,0.328125,0.13095238
110,67,177,0.34570312,0.24293785
102,73,175,0.34179688,0.16571429
78,96,174,0.33984375,-0.10344828
53,131,184,0.359375,-0.42391304
84,102,186,0.36328125,-0.096774194
58,113,171,0.33398438,-0.32163743
61,116,177,0.34570312,-0.31073446
102,80,182,0.35546875,0.12087912
68,114,182,0.35546875,-0.25274725
118,57,175,0.34179688,0.34857143
80,99,179,0.34960938,-0.10614525
99,81,180,0.3515625,0.1
100,78,178,0.34765625,0.12359551
84,99,183,0.35742188,-0.081967213
109,88,197,0.38476562,0.10659898
53,144,197,0.38476562,-0.46192893
71,113,184,0.359375,-0.22826087
92,84,176,0.34375,0.045454545
98,88,186,0.36328125,0.053763441
98,73,171,0.33398438,0.14619883
117,66,183,0.35742188,0.27868852
84,98,182,0.35546875,-0.076923077
96,97,193,0.37695312,-0.0051813472
82,91,173,0.33789062,-0.052023121
100,80,180,0.3515625,0.11111111
68,117,185,0.36132812,-0.26486486
79,109,188,0.3671875,-0.15957447
72,107,179,0.34960938,-0.19553073
77,95,172,0.3359375,-0.10465116
85,87,172,0.3359375,-0.011627907
88,79,167,0.32617188,0.053892216
92,80,172,0.3359375,0.069767442
106,75,181,0.35351562,0.17127072
83,87,170,0.33203125,-0.023529412
85,93,178,0.34765625,-0.04494382
102,90,192,0.375,0.0625
93,86,179,0.34960938,0.039106145
93,100,193,0.37695312,-0.03626943
73,89,162,0.31640625,-0.098765432
74,97,171,0.33398438,-0.13450292
82,106,188,0.3671875,-0.12765957
87,86,173,0.33789062,0.0057803468
102,70,172,0.3359375,0.18604651
80,114,194,0.37890625,-0.17525773
81,85,166,0.32421875,-0.024096386
102,81,183,0.35742188,0.1147541
107,78,185,0.36132812,0.15675676
91,106,197,0.38476562,-0.076142132
87,99,186,0.36328125,-0.064516129
80,86,166,0.32421875,-0.036144578
86,90,176,0.34375,-0.022727273
86,95,181,0.35351562,-0.049723757
82,95,177,0.34570312,-0.073446328
73,98,171,0.33398438,-0.14619883
82,74,156,0.3046875,0.051282051
102,73,175,0.34179688,0.16571429
108,80,188,0.3671875,0.14893617
80,98,178,0.34765625,-0.1011236
74,107,181,0.35351562,-0.18232044
95,89,184,0.359375,0.032608696
108,66,174,0.33984375,0.24137931
94,86,180,0.3515625,0.044444444
109,79,188,0.3671875,0.15957447
117,58,175,0.34179688,0.33714286
71,103,174,0.33984375,-0.18390805
87,86,173,0.33789062,0.0057803468
91,100,191,0.37304688,-0.047120419
96,74,170,0.33203125,0.12941176
84,102,186,0.36328125,-0.096774194
110,64,174,0.33984375,0.26436782
89,83,172,0.3359375,0.034883721
88,99,187,0.36523438,-0.058823529
71,127,198,0.38671875,-0.28282828
96,86,182,0.35546875,0.054945055
142,55,197,0.38476562,0.44162437
69,98,167,0.32617188,-0.17365269
99,90,189,0.36914062,0.047619048
71,114,185,0.36132812,-0.23243243
84,80,164,0.3203125,0.024390244
79,101,180,0.3515625,-0.12222222
127,64,191,0.37304688,0.32984293
95,73,168,0.328125,0.13095238
102,75,177,0.34570312,0.15254237
94,95,189,0.36914062,-0.0052910053
111,66,177,0.34570312,0.25423729
99,97,196,0.3828125,0.010204082
74,92,166,0.32421875,-0.10843373
101,72,173,0.33789062,0.16763006
101,80,181,0.35351562,0.1160221
84,93,177,0.34570312,-0.050847458
83,92,175,0.34179688,-0.051428571
77,96,173,0.33789062,-0.10982659
85,92,177,0.34570312,-0.039548023
65,102,167,0.32617188,-0.22155689
108,71,179,0.34960938,0.20670391
135,57,192,0.375,0.40625
79,84,163,0.31835938,-0.030674847
65,106,171,0.33398438,-0.23976608
91,79,170,0.33203125,0.070588235
86,95,181,0.35351562,-0.049723757
90,106,196,0.3828125,-0.081632653
78,96,174,0.33984375,-0.10344828
75,105,180,0.3515625,-0.16666667
89,89,178,0.34765625,0
80,109,189,0.36914062,-0.15343915
93,88,181,0.35351562,0.027624309
86,112,198,0.38671875,-0.13131313
98,86,184,0.359375,0.065217391
98,91,189,0.36914062,0.037037037
108,76,184,0.359375,0.17391304
90,84,174,0.33984375,0.034482759
90,86,176,0.34375,0.022727273
111,68,179,0.34960938,0.24022346
92,97,189,0.36914062,-0.026455026
89,85,174,0.33984375,0.022988506
110,69,179,0.34960938,0.22905028
102,74,176,0.34375,0.15909091
86,87,173,0.33789062,-0.0057803468
68,105,173,0.33789062,-0.21387283
116,64,180,0.3515625,0.28888889
89,83,172,0.3359375,0.034883721
92,79,171,0.33398438,0.076023392
98,79,177,0.34570312,0.10734463
117,63,180,0.3515625,0.3
112,79,191,0.37304688,0.17277487
69,122,191,0.37304688,-0.27748691
102,76,178,0.34765625,0.14606742
69,116,185,0.36132812,-0.25405405
75,104,179,0.34960938,-0.16201117
107,84,191,0.37304688,0.12041885
89,91,180,0.3515625,-0.011111111
114,67,181,0.35351562,0.25966851
92,93,185,0.36132812,-0.0054054054
98,87,185,0.36132812,0.059459459
100,86,186,0.36328125,0.075268817
103,66,169,0.33007812,0.21893491
86,85,171,0.33398438,0.0058479532
100,82,182,0.35546875,0.098901099
91,85,176,0.34375,0.034090909
104,80,184,0.359375,0.13043478
109,67,176,0.34375,0.23863636
109,74,183,0.35742188,0.19125683
67,111,178,0.34765625,-0.24719101
123,70,193,0.37695312,0.2746114
90,100,190,0.37109375,-0.052631579
97,79,176,0.34375,0.10227273
91,90,181,0.35351562,0.0055248619
91,86,177,0.34570312,0.028248588
99,84,183,0.35742188,0.081967213
85,97,182,0.35546875,-0.065934066
102,91,193,0.37695312,0.056994819
105,82,187,0.36523438,0.12299465
119,56,175,0.34179688,0.36
102,78,180,0.3515625,0.13333333
57,123,180,0.3515625,-0.36666667
106,75,181,0.35351562,0.17127072
107,73,180,0.3515625,0.18888889
97,81,178,0.34765625,0.08988764
89,92,181,0.35351562,-0.016574586
100,99,199,0.38867188,0.0050251256
104,80,184,0.359375,0.13043478
92,81,173,0.33789062,0.063583815
102,88,190,0.37109375,0.073684211
120,63,183,0.35742188,0.31147541
83,93,176,0.34375,-0.056818182
79,102,181,0.35351562,-0.12707182
71,114,185,0.36132812,-0.23243243
89,81,170,0.33203125,0.047058824
79,100,179,0.34960938,-0.11731844
99,71,170,0.33203125,0.16470588
123,58,181,0.35351562,0.35911602
100,81,181,0.35351562,0.10497238
93,80,173,0.33789062,0.075144509
94,91,185,0.36132812,0.016216216
71,106,177,0.34570312,-0.19774011
119,58,177,0.34570312,0.34463277
111,63,174,0.33984375,0.27586207
101,80,181,0.35351562,0.1160221
122,68,190,0.37109375,0.28421053
98,87,185,0.36132812,0.059459459
89,74,163,0.31835938,0.09202454
69,94,163,0.31835938,-0.15337423
80,90,170,0.33203125,-0.058823529
78,103,181,0.35351562,-0.13812155
96,89,185,0.36132812,0.037837838
98,80,178,0.34765625,0.1011236
57,105,162,0.31640625,-0.2962963
74,110,184,0.359375,-0.19565217
119,59,178,0.34765625,0.33707865
92,73,165,0.32226562,0.11515152
72,101,173,0.33789062,-0.16763006
81,93,174,0.33984375,-0.068965517
127,64,191,0.37304688,0.32984293
93,90,183,0.35742188,0.016393443
87,82,169,0.33007812,0.029585799
94,83,177,0.34570312,0.062146893
73,105,178,0.34765625,-0.17977528
90,80,170,0.33203125,0.058823529
85,87,172,0.3359375,-0.011627907
84,99,183,0.35742188,-0.081967213
88,82,170,0.33203125,0.035294118
103,72,175,0.34179688,0.17714286
90,91,181,0.35351562,-0.0055248619
90,77,167,0.32617188,0.077844311
72,109,181,0.35351562,-0.20441989
61,124,185,0.36132812,-0.34054054
132,59,191,0.37304688,0.38219895
77,114,191,0.37304688,-0.19371728
101,84,185,0.36132812,0.091891892
73,109,182,0.35546875,-0.1978022
104,78,182,0.35546875,0.14285714
63,113,176,0.34375,-0.28409091
87,94,181,0.35351562,-0.038674033
65,113,178,0.34765625,-0.26966292
107,74,181,0.35351562,0.18232044
94,77,171,0.33398438,0.099415205
56,113,169,0.33007812,-0.33727811
83,86,169,0.33007812,-0.017751479
96,82,178,0.34765625,0.078651685
118,58,176,0.34375,0.34090909
104,80,184,0.359375,0.13043478
108,81,189,0.36914062,0.14285714
103,85,188,0.3671875,0.095744681
85,89,174,0.33984375,-0.022988506
70,109,179,0.34960938,-0.21787709
90,90,180,0.3515625,0
104,69,173,0.33789062,0.20231214
79,106,185,0.36132812,-0.14594595
89,90,179,0.34960938,-0.0055865922
90,92,182,0.35546875,-0.010989011
90,86,176,0.34375,0.022727273
72,109,181,0.35351562,-0.20441989
81,89,170,0.33203125,-0.047058824
78,95,173,0.33789062,-0.098265896
96,89,185,0.36132812,0.037837838
89,87,176,0.34375,0.011363636
76,102,178,0.34765625,-0.14606742
105,69,174,0.33984375,0.20689655
116,74,190,0.37109375,0.22105263
102,78,180,0.3515625,0.13333333
92,89,181,0.35351562,0.016574586
78,100,178,0.34765625,-0.12359551
91,86,177,0.34570312,0.028248588
89,93,182,0.35546875,-0.021978022
73,113,186,0.36328125,-0.21505376
86,100,186,0.36328125,-0.075268817
111,66,177,0.34570312,0.25423729
130,49,179,0.34960938,0.45251397
84,94,178,0.34765625,-0.056179775
86,98,184,0.359375,-0.065217391
70,102,172,0.3359375,-0.18604651
96,70,166,0.32421875,0.15662651
77,110,187,0.36523438,-0.17647059
107,76,183,0.35742188,0.16939891
84,98,182,0.35546875,-0.076923077
75,102,177,0.34570312,-0.15254237
96,82,178,0.34765625,0.078651685
111,70,181,0.35351562,0.22651934
66,111,177,0.34570312,-0.25423729
63,112,175,0.34179688,-0.28
105,84,189,0.36914062,0.11111111
76,107,183,0.35742188,-0.16939891
103,75,178,0.34765625,0.15730337
75,109,184,0.359375,-0.18478261
103,83,186,0.36328125,0.10752688
75,109,184,0.359375,-0.18478261
84,75,159,0.31054688,0.056603774
99,72,171,0.33398438,0.15789474
94,101,195,0.38085938,-0.035897436
92,77,169,0.33007812,0.088757396
98,83,181,0.35351562,0.082872928
99,84,183,0.35742188,0.081967213
87,95,182,0.35546875,-0.043956044
92,79,171,0.33398438,0.076023392
91,98,189,0.36914062,-0.037037037
98,89,187,0.36523438,0.048128342
100,86,186,0.36328125,0.075268817
86,90,176,0.34375,-0.022727273
76,98,174,0.33984375,-0.12643678
76,94,170,0.33203125,-0.10588235
115,75,190,0.37109375,0.21052632
97,83,180,0.3515625,0.077777778
60,118,178,0.34765625,-0.3258427
76,107,183,0.35742188,-0.16939891
101,76,177,0.34570312,0.14124294
90,98,188,0.3671875,-0.042553191
75,95,170,0.33203125,-0.11764706
67,116,183,0.35742188,-0.26775956
136,37,173,0.33789062,0.57225434
102,76,178,0.34765625,0.14606742
85,90,175,0.34179688,-0.028571429
69,113,182,0.35546875,-0.24175824
103,76,179,0.34960938,0.15083799
92,83,175,0.34179688,0.051428571
100,92,192,0.375,0.041666667
73,97,170,0.33203125,-0.14117647
82,94,176,0.34375,-0.068181818
73,103,176,0.34375,-0.17045455
77,99,176,0.34375,-0.125
107,71,178,0.34765625,0.20224719
91,78,169,0.33007812,0.076923077
106,92,198,0.38671875,0.070707071
80,94,174,0.33984375,-0.08045977
98,88,186,0.36328125,0.053763441
116,68,184,0.359375,0.26086957
97,88,185,0.36132812,0.048648649
96,90,186,0.36328125,0.032258065
116,68,184,0.359375,0.26086957
95,84,179,0.34960938,0.061452514
100,72,172,0.3359375,0.1627907
94,76,170,0.33203125,0.10588235
72,87,159,0.31054688,-0.094339623
95,83,178,0.34765625,0.06741573
107,74,181,0.35351562,0.18232044
69,123,192,0.375,-0.28125
81,81,162,0.31640625,0
105,78,183,0.35742188,0.14754098
107,73,180,0.3515625,0.18888889
106,85,191,0.37304688,0.10994764
81,85,166,0.32421875,-0.024096386
110,82,192,0.375,0.14583333
92,78,170,0.33203125,0.082352941
96,78,174,0.33984375,0.10344828
103,72,175,0.34179688,0.17714286
72,110,182,0.35546875,-0.20879121
109,75,184,0.359375,0.18478261
80,99,179,0.34960938,-0.10614525
99,89,188,0.3671875,0.053191489
109,57,166,0.32421875,0.31325301
72,103,175,0.34179688,-0.17714286
117,66,183,0.35742188,0.27868852
97,78,175,0.34179688,0.10857143
90,89,179,0.34960938,0.0055865922
116,56,172,0.3359375,0.34883721
129,73,202,0.39453125,0.27722772
97,91,188,0.3671875,0.031914894
105,75,180,0.3515625,0.16666667
99,84,183,0.35742188,0.081967213
133,53,186,0.36328125,0.43010753
82,91,173,0.33789062,-0.052023121
73,118,191,0.37304688,-0.23560209
73,121,194,0.37890625,-0.24742268
110,57,167,0.32617188,0.31736527
64,116,180,0.3515625,-0.28888889
73,94,167,0.32617188,-0.1257485
105,80,185,0.36132812,0.13513514
80,108,188,0.3671875,-0.14893617
84,82,166,0.32421875,0.012048193
78,99,177,0.34570312,-0.11864407
90,85,175,0.34179688,0.028571429
64,116,180,0.3515625,-0.28888889
88,71,159,0.31054688,0.10691824
86,99,185,0.36132812,-0.07027027
82,94,176,0.34375,-0.068181818
78,99,177,0.34570312,-0.11864407
67,117,184,0.359375,-0.27173913
72,108,180,0.3515625,-0.2
67,112,179,0.34960938,-0.25139665
96,88,184,0.359375,0.043478261
126,67,193,0.37695312,0.30569948
70,113,183,0.35742188,-0.23497268
100,71,171,0.33398438,0.16959064
97,78,175,0.34179688,0.10857143
89,82,171,0.33398438,0.040935673
76,110,186,0.36328125,-0.1827957
90,93,183,0.35742188,-0.016393443
84,103,187,0.36523438,-0.10160428
55,119,174,0.33984375,-0.36781609
125,70,195,0.38085938,0.28205128
71,119,190,0.37109375,-0.25263158
89,91,180,0.3515625,-0.011111111
64,120,184,0.359375,-0.30434783
92,79,171,0.33398438,0.076023392
110,72,182,0.35546875,0.20879121
63,118,181,0.35351562,-0.3038674
63,104,167,0.32617188,-0.24550898
129,65,194,0.37890625,0.32989691
99,88,187,0.36523438,0.058823529
91,94,185,0.36132812,-0.016216216
81,93,174,0.33984375,-0.068965517
109,69,178,0.34765625,0.2247191
77,103,180,0.3515625,-0.14444444
108,69,177,0.34570312,0.22033898
73,98,171,0.33398438,-0.14619883
95,83,178,0.34765625,0.06741573
76,108,184,0.359375,-0.17391304
60,117,177,0.34570312,-0.3220339
83,95,178,0.34765625,-0.06741573
87,80,167,0.32617188,0.041916168
102,78,180,0.3515625,0.13333333
68,113,181,0.35351562,-0.24861878
87,82,169,0.33007812,0.029585799
106,74,180,0.3515625,0.17777778
83,86,169,0.33007812,-0.017751479
90,102,192,0.375,-0.0625
75,122,197,0.38476562,-0.23857868
89,100,189,0.36914062,-0.058201058
98,79,177,0.34570312,0.10734463
55,129,184,0.359375,-0.40217391
105,68,173,0.33789062,0.21387283
103,88,191,0.37304688,0.078534031
86,104,190,0.37109375,-0.094736842
92,88,180,0.3515625,0.022222222
86,104,190,0.37109375,-0.094736842
110,69,179,0.34960938,0.22905028
111,72,183,0.35742188,0.21311475
100,73,173,0.33789062,0.15606936
78,96,174,0.33984375,-0.10344828
82,94,176,0.34375,-0.068181818
120,66,186,0.36328125,0.29032258
70,113,183,0.35742188,-0.23497268
73,104,177,0.34570312,-0.17514124
89,97,186,0.36328125,-0.043010753
106,80,186,0.36328125,0.13978495
65,114,179,0.34960938,-0.27374302
85,98,183,0.35742188,-0.071038251
85,92,177,0.34570312,-0.039548023
77,100,177,0.34570312,-0.1299435
92,88,180,0.3515625,0.022222222
89,80,169,0.33007812,0.053254438
89,85,174,0.33984375,0.022988506
112,68,180,0.3515625,0.24444444
98,76,174,0.33984375,0.12643678
116,74,190,0.37109375,0.22105263
79,104,183,0.35742188,-0.13661202
88,85,173,0.33789062,0.01734104
73,109,182,0.35546875,-0.1978022
106,63,169,0.33007812,0.25443787
104,77,181,0.35351562,0.14917127
95,94,189,0.36914062,0.0052910053
90,105,195,0.38085938,-0.076923077
77,107,184,0.359375,-0.16304348
106,80,186,0.36328125,0.13978495
135,43,178,0.34765625,0.51685393
86,92,178,0.34765625,-0.033707865
82,105,187,0.36523438,-0.12299465
96,85,181,0.35351562,0.060773481
105,80,185,0.36132812,0.13513514
90,81,171,0.33398438,0.052631579
89,93,182,0.35546875,-0.021978022
120,64,184,0.359375,0.30434783
97,80,177,0.34570312,0.096045198
104,75,179,0.34960938,0.16201117
84,77,161,0.31445312,0.043478261
71,99,170,0.33203125,-0.16470588
98,80,178,0.34765625,0.1011236
105,74,179,0.34960938,0.17318436
130,61,191,0.37304688,0.36125654
83,102,185,0.36132812,-0.1027027
93,72,165,0.32226562,0.12727273
94,83,177,0.34570312,0.062146893
62,112,174,0.33984375,-0.28735632
114,68,182,0.35546875,0.25274725
116,92,208,0.40625,0.11538462
60,132,192,0.375,-0.375
117,72,189,0.36914062,0.23809524
64,109,173,0.33789062,-0.26011561
90,84,174,0.33984375,0.034482759
111,71,182,0.35546875,0.21978022
100,88,188,0.3671875,0.063829787
85,92,177,0.34570312,-0.039548023
69,107,176,0.34375,-0.21590909
140,41,181,0.35351562,0.54696133
60,102,162,0.31640625,-0.25925926
82,103,185,0.36132812,-0.11351351
120,68,188,0.3671875,0.27659574
92,83,175,0.34179688,0.051428571
113,60,173,0.33789062,0.30635838
81,96,177,0.34570312,-0.084745763
88,103,191,0.37304688,-0.078534031
94,94,188,0.3671875,0
104,88,192,0.375,0.083333333
88,80,168,0.328125,0.047619048
81,91,172,0.3359375,-0.058139535
77,103,180,0.3515625,-0.14444444
86,89,175,0.34179688,-0.017142857
83,91,174,0.33984375,-0.045977011
87,83,170,0.33203125,0.023529412
97,78,175,0.34179688,0.10857143
104,83,187,0.36523438,0.11229947
97,91,188,0.3671875,0.031914894
115,78,193,0.37695312,0.19170984
105,81,186,0.36328125,0.12903226
81,93,174,0.33984375,-0.068965517
94,74,168,0.328125,0.11904762
110,69,179,0.34960938,0.22905028
86,98,184,0.359375,-0.065217391
72,102,174,0.33984375,-0.17241379
64,104,168,0.328125,-0.23809524
114,89,203,0.39648438,0.12315271
89,89,178,0.34765625,0
69,98,167,0.32617188,-0.17365269
75,95,170,0.33203125,-0.11764706
85,102,187,0.36523438,-0.090909091
77,95,172,0.3359375,-0.10465116
84,82,166,0.32421875,0.012048193
92,79,171,0.33398438,0.076023392
84,84,168,0.328125,0
82,109,191,0.37304688,-0.14136126
84,83,167,0.32617188,0.005988024
113,71,184,0.359375,0.22826087
75,115,190,0.37109375,-0.21052632
82,88,170,0.33203125,-0.035294118
111,80,191,0.37304688,0.16230366
85,86,171,0.33398438,-0.0058479532
61,124,185,0.36132812,-0.34054054
92,96,188,0.3671875,-0.021276596
109,83,192,0.375,0.13541667
76,109,185,0.36132812,-0.17837838
126,66,192,0.375,0.3125
108,79,187,0.36523438,0.15508021
95,88,183,0.35742188,0.038251366
84,87,171,0.33398438,-0.01754386
98,75,173,0.33789062,0.13294798
87,87,174,0.33984375,0
81,86,167,0.32617188,-0.02994012
110,71,181,0.35351562,0.21546961
108,84,192,0.375,0.125
85,88,173,0.33789062,-0.01734104
109,60,169,0.33007812,0.28994083
79,104,183,0.35742188,-0.13661202
77,104,181,0.35351562,-0.14917127
91,88,179,0.34960938,0.016759777
89,97,186,0.36328125,-0.043010753
85,88,173,0.33789062,-0.01734104
76,102,178,0.34765625,-0.14606742
93,85,178,0.34765625,0.04494382
113,71,184,0.359375,0.22826087
127,55,182,0.35546875,0.3956044
120,67,187,0.36523438,0.28342246
79,105,184,0.359375,-0.14130435
101,78,179,0.34960938,0.12849162
59,111,170,0.33203125,-0.30588235
77,109,186,0.36328125,-0.17204301
100,69,169,0.33007812,0.18343195
104,79,183,0.35742188,0.13661202
134,55,189,0.36914062,0.41798942
109,76,185,0.36132812,0.17837838
109,70,179,0.34960938,0.21787709
89,102,191,0.37304688,-0.068062827
75,97,172,0.3359375,-0.12790698
78,118,196,0.3828125,-0.20408163
105,76,181,0.35351562,0.16022099
110,70,180,0.3515625,0.22222222
89,95,184,0.359375,-0.032608696
101,87,188,0.3671875,0.074468085
91,91,182,0.35546875,0
108,81,189,0.36914062,0.14285714
80,108,188,0.3671875,-0.14893617
113,64,177,0.34570312,0.27683616
113,59,172,0.3359375,0.31395349
72,95,167,0.32617188,-0.13772455
115,59,174,0.33984375,0.32183908
77,105,182,0.35546875,-0.15384615
91,92,183,0.35742188,-0.0054644809
74,97,171,0.33398438,-0.13450292
136,50,186,0.36328125,0.46236559
89,85,174,0.33984375,0.022988506
115,63,178,0.34765625,0.29213483
95,85,180,0.3515625,0.055555556
63,115,178,0.34765625,-0.29213483
64,119,183,0.35742188,-0.30054645
98,86,184,0.359375,0.065217391
73,99,172,0.3359375,-0.15116279
111,81,192,0.375,0.15625
111,69,180,0.3515625,0.23333333
83,95,178,0.34765625,-0.06741573
114,77,191,0.37304688,0.19371728
112,86,198,0.38671875,0.13131313
85,86,171,0.33398438,-0.0058479532
114,67,181,0.35351562,0.25966851
91,88,179,0.34960938,0.016759777
72,98,170,0.33203125,-0.15294118
74,107,181,0.35351562,-0.18232044
83,85,168,0.328125,-0.011904762
65,116,181,0.35351562,-0.28176796
112,69,181,0.35351562,0.23756906
75,105,180,0.3515625,-0.16666667
82,104,186,0.36328125,-0.11827957
89,96,185,0.36132812,-0.037837838
104,88,192,0.375,0.083333333
67,96,163,0.31835938,-0.17791411
88,95,183,0.35742188,-0.038251366
64,114,178,0.34765625,-0.28089888
87,85,172,0.3359375,0.011627907
80,96,176,0.34375,-0.090909091
88,88,176,0.34375,0
84,95,179,0.34960938,-0.061452514
102,87,189,0.36914062,0.079365079
102,86,188,0.3671875,0.085106383
98,80,178,0.34765625,0.1011236
107,98,205,0.40039062,0.043902439
53,122,175,0.34179688,-0.39428571
74,95,169,0.33007812,-0.12426036
89,94,183,0.35742188,-0.027322404
99,76,175,0.34179688,0.13142857
96,93,189,0.36914062,0.015873016
87,105,192,0.375,-0.09375
69,108,177,0.34570312,-0.22033898
42,158,200,0.390625,-0.58
64,138,202,0.39453125,-0.36633663
94,70,164,0.3203125,0.14634146
80,89,169,0.33007812,-0.053254438
80,100,180,0.3515625,-0.11111111
112,68,180,0.3515625,0.24444444
82,102,184,0.359375,-0.10869565
73,93,166,0.32421875,-0.12048193
75,88,163,0.31835938,-0.079754601
87,84,171,0.33398438,0.01754386
64,111,175,0.34179688,-0.26857143
97,75,172,0.3359375,0.12790698
111,66,177,0.34570312,0.25423729
84,88,172,0.3359375,-0.023255814
73,108,181,0.35351562,-0.19337017
113,66,179,0.34960938,0.26256983
85,81,166,0.32421875,0.024096386
94,88,182,0.35546875,0.032967033
100,82,182,0.35546875,0.098901099
77,100,177,0.34570312,-0.1299435
112,80,192,0.375,0.16666667
112,75,187,0.36523438,0.19786096
94,84,178,0.34765625,0.056179775
76,98,174,0.33984375,-0.12643678
100,75,175,0.34179688,0.14285714
101,70,171,0.33398438,0.18128655
83,78,161,0.31445312,0.031055901
95,81,176,0.34375,0.079545455
65,113,178,0.34765625,-0.26966292
82,106,188,0.3671875,-0.12765957
85,90,175,0.34179688,-0.028571429
126,62,188,0.3671875,0.34042553
96,84,180,0.3515625,0.066666667
54,112,166,0.32421875,-0.34939759
80,100,180,0.3515625,-0.11111111
66,127,193,0.37695312,-0.31606218
74,93,167,0.32617188,-0.11377246
78,103,181,0.35351562,-0.13812155
115,53,168,0.328125,0.36904762
117,74,191,0.37304688,0.22513089
85,89,174,0.33984375,-0.022988506
63,130,193,0.37695312,-0.34715026
97,73,170,0.33203125,0.14117647
82,106,188,0.3671875,-0.12765957
78,92,170,0.33203125,-0.082352941
74,116,190,0.37109375,-0.22105263
74,91,165,0.32226562,-0.1030303
80,85,165,0.32226562,-0.03030303
86,92,178,0.34765625,-0.033707865
86,86,172,0.3359375,0
98,84,182,0.35546875,0.076923077
46,118,164,0.3203125,-0.43902439
69,118,187,0.36523438,-0.26203209
85,97,182,0.35546875,-0.065934066
85,96,181,0.35351562,-0.060773481
93,86,179,0.34960938,0.039106145
102,76,178,0.34765625,0.14606742
93,88,181,0.35351562,0.027624309
61,110,171,0.33398438,-0.28654971
86,94,180,0.3515625,-0.044444444
91,87,178,0.34765625,0.02247191
76,113,189,0.36914062,-0.1957672
80,73,153,0.29882812,0.045751634
102,65,167,0.32617188,0.22155689
97,87,184,0.359375,0.054347826
123,75,198,0.38671875,0.24242424
95,87,182,0.35546875,0.043956044
83,102,185,0.36132812,-0.1027027
111,66,177,0.34570312,0.25423729
105,63,168,0.328125,0.25
65,112,177,0.34570312,-0.26553672
111,70,181,0.35351562,0.22651934
89,75,164,0.3203125,0.085365854
97,84,181,0.35351562,0.071823204
91,89,180,0.3515625,0.011111111
86,98,184,0.359375,-0.065217391
120,57,177,0.34570312,0.3559322
94,75,169,0.33007812,0.11242604
66,110,176,0.34375,-0.25
94,83,177,0.34570312,0.062146893
104,78,182,0.35546875,0.14285714
96,96,192,0.375,0
105,71,176,0.34375,0.19318182
86,89,175,0.34179688,-0.017142857
96,90,186,0.36328125,0.032258065
77,98,175,0.34179688,-0.12
80,99,179,0.34960938,-0.10614525
90,103,193,0.37695312,-0.067357513
76,98,174,0.33984375,-0.12643678
119,67,186,0.36328125,0.27956989
82,97,179,0.34960938,-0.083798883
84,106,190,0.37109375,-0.11578947
89,83,172,0.3359375,0.034883721
81,104,185,0.36132812,-0.12432432
99,76,175,0.34179688,0.13142857
67,127,194,0.37890625,-0.30927835
96,101,197,0.38476562,-0.025380711
88,73,161,0.31445312,0.093167702
86,85,171,0.33398438,0.0058479532
103,69,172,0.3359375,0.19767442
117,73,190,0.37109375,0.23157895
98,84,182,0.35546875,0.076923077
66,113,179,0.34960938,-0.26256983
59,108,167,0.32617188,-0.29341317
101,74,175,0.34179688,0.15428571
71,118,189,0.36914062,-0.24867725
92,79,171,0.33398438,0.076023392
102,84,186,0.36328125,0.096774194
91,78,169,0.33007812,0.076923077
96,89,185,0.36132812,0.037837838
111,84,195,0.38085938,0.13846154
69,116,185,0.36132812,-0.25405405
89,96,185,0.36132812,-0.037837838
86,98,184,0.359375,-0.065217391
107,67,174,0.33984375,0.22988506
79,88,167,0.32617188,-0.053892216
81,84,165,0.32226562,-0.018181818
93,87,180,0.3515625,0.033333333
87,91,178,0.34765625,-0.02247191
76,89,165,0.32226562,-0.078787879
115,55,170,0.33203125,0.35294118
96,79,175,0.34179688,0.097142857
97,88,185,0.36132812,0.048648649
100,67,167,0.32617188,0.19760479
121,68,189,0.36914062,0.28042328
77,93,170,0.33203125,-0.094117647
80,109,189,0.36914062,-0.15343915
104,72,176,0.34375,0.18181818
89,90,179,0.34960938,-0.0055865922
78,90,168,0.328125,-0.071428571
100,82,182,0.35546875,0.098901099
84,84,168,0.328125,0
94,87,181,0.35351562,0.038674033
87,89,176,0.34375,-0.011363636
100,79,179,0.34960938,0.11731844
108,83,191,0.37304688,0.13089005
91,78,169,0.33007812,0.076923077
88,79,167,0.32617188,0.053892216
90,90,180,0.3515625,0
111,72,183,0.35742188,0.21311475
89,92,181,0.35351562,-0.016574586
88,91,179,0.34960938,-0.016759777
118,70,188,0.3671875,0.25531915
67,109,176,0.34375,-0.23863636
98,91,189,0.36914062,0.037037037
109,82,191,0.37304688,0.14136126
103,95,198,0.38671875,0.04040404
112,64,176,0.34375,0.27272727
84,112,196,0.3828125,-0.14285714
71,107,178,0.34765625,-0.20224719
83,79,162,0.31640625,0.024691358
111,58,169,0.33007812,0.31360947
96,81,177,0.34570312,0.084745763
103,72,175,0.34179688,0.17714286
104,69,173,0.33789062,0.20231214
80,96,176,0.34375,-0.090909091
81,90,171,0.33398438,-0.052631579
76,84,160,0.3125,-0.05
82,92,174,0.33984375,-0.057471264
79,101,180,0.3515625,-0.12222222
89,90,179,0.34960938,-0.0055865922
86,97,183,0.35742188,-0.06010929
108,85,193,0.37695312,0.11917098
81,80,161,0.31445312,0.0062111801
118,54,172,0.3359375,0.37209302
97,82,179,0.34960938,0.083798883
84,85,169,0.33007812,-0.0059171598
93,95,188,0.3671875,-0.010638298
81,98,179,0.34960938,-0.094972067
76,90,166,0.32421875,-0.084337349
87,92,179,0.34960938,-0.027932961
91,85,176,0.34375,0.034090909
77,98,175,0.34179688,-0.12
112,78,190,0.37109375,0.17894737
89,97,186,0.36328125,-0.043010753
95,80,175,0.34179688,0.085714286
80,91,171,0.33398438,-0.064327485
112,57,169,0.33007812,0.32544379
91,86,177,0.34570312,0.028248588
117,72,189,0.36914062,0.23809524
102,70,172,0.3359375,0.18604651
89,85,174,0.33984375,0.022988506
78,100,178,0.34765625,-0.12359551
91,89,180,0.3515625,0.011111111
79,101,180,0.3515625,-0.12222222
90,84,174,0.33984375,0.034482759
83,108,191,0.37304688,-0.13089005
71,100,171,0.33398438,-0.16959064
86,82,168,0.328125,0.023809524
76,99,175,0.34179688,-0.13142857
74,114,188,0.3671875,-0.21276596
83,113,196,0.3828125,-0.15306122
84,115,199,0.38867188,-0.15577889
94,91,185,0.36132812,0.016216216
89,96,185,0.36132812,-0.037837838
79,106,185,0.36132812,-0.14594595
70,107,177,0.34570312,-0.20903955
93,92,185,0.36132812,0.0054054054
83,102,185,0.36132812,-0.1027027
107,62,169,0.33007812,0.26627219
77,113,190,0.37109375,-0.18947368
104,94,198,0.38671875,0.050505051
79,111,190,0.37109375,-0.16842105
99,70,169,0.33007812,0.17159763
98,91,189,0.36914062,0.037037037
115,71,186,0.36328125,0.23655914
99,74,173,0.33789062,0.14450867
67,121,188,0.3671875,-0.28723404
108,89,197,0.38476562,0.096446701
95,98,193,0.37695312,-0.015544041
83,81,164,0.3203125,0.012195122
69,109,178,0.34765625,-0.2247191
90,84,174,0.33984375,0.034482759
73,106,179,0.34960938,-0.18435754
103,85,188,0.3671875,0.095744681
70,91,161,0.31445312,-0.13043478
63,107,170,0.33203125,-0.25882353
102,88,190,0.37109375,0.073684211
78,96,174,0.33984375,-0.10344828
74,111,185,0.36132812,-0.2
96,84,180,0.3515625,0.066666667
107,85,192,0.375,0.11458333
114,75,189,0.36914062,0.20634921
145,41,186,0.36328125,0.55913978
82,99,181,0.35351562,-0.093922652
99,81,180,0.3515625,0.1
102,71,173,0.33789062,0.17919075
79,105,184,0.359375,-0.14130435
65,117,182,0.35546875,-0.28571429
78,110,188,0.3671875,-0.17021277
99,73,172,0.3359375,0.15116279
83,87,170,0.33203125,-0.023529412
94,84,178,0.34765625,0.056179775
95,79,174,0.33984375,0.091954023
57,116,173,0.33789062,-0.34104046
83,96,179,0.34960938,-0.072625698
83,86,169,0.33007812,-0.017751479
71,106,177,0.34570312,-0.19774011
78,104,182,0.35546875,-0.14285714
116,73,189,0.36914062,0.22751323
79,99,178,0.34765625,-0.11235955
126,55,181,0.35351562,0.39226519
86,94,180,0.3515625,-0.044444444
107,60,167,0.32617188,0.28143713
61,114,175,0.34179688,-0.30285714
60,115,175,0.34179688,-0.31428571
46,129,175,0.34179688,-0.47428571
97,76,173,0.33789062,0.12138728
94,101,195,0.38085938,-0.035897436
96,71,167,0.32617188,0.1497006
91,89,180,0.3515625,0.011111111
93,102,195,0.38085938,-0.046153846
73,108,181,0.35351562,-0.19337017
76,103,179,0.34960938,-0.15083799
46,121,167,0.32617188,-0.4491018
107,83,190,0.37109375,0.12631579
77,100,177,0.34570312,-0.1299435
88,89,177,0.34570312,-0.0056497175
98,78,176,0.34375,0.11363636
87,95,182,0.35546875,-0.043956044
93,90,183,0.35742188,0.016393443
102,76,178,0.34765625,0.14606742
87,98,185,0.36132812,-0.059459459
96,79,175,0.34179688,0.097142857
86,88,174,0.33984375,-0.011494253
63,113,176,0.34375,-0.28409091
90,86,176,0.34375,0.022727273
99,91,190,0.37109375,0.042105263
93,85,178,0.34765625,0.04494382
89,99,188,0.3671875,-0.053191489
67,118,185,0.36132812,-0.27567568
89,76,165,0.32226562,0.078787879
69,107,176,0.34375,-0.21590909
73,106,179,0.34960938,-0.18435754
63,100,163,0.31835938,-0.22699387
73,95,168,0.328125,-0.13095238
98,99,197,0.38476562,-0.0050761421
97,88,185,0.36132812,0.048648649
80,114,194,0.37890625,-0.17525773
75,95,170,0.33203125,-0.11764706
89,89,178,0.34765625,0
111,69,180,0.3515625,0.23333333
68,117,185,0.36132812,-0.26486486
91,94,185,0.36132812,-0.016216216
80,106,186,0.36328125,-0.13978495
94,80,174,0.33984375,0.08045977
63,115,178,0.34765625,-0.29213483
72,104,176,0.34375,-0.18181818
69,108,177,0.34570312,-0.22033898
95,94,189,0.36914062,0.0052910053
84,94,178,0.34765625,-0.056179775
124,50,174,0.33984375,0.42528736
75,101,176,0.34375,-0.14772727
77,108,185,0.36132812,-0.16756757
90,101,191,0.37304688,-0.057591623
82,83,165,0.32226562,-0.0060606061
107,77,184,0.359375,0.16304348
95,68,163,0.31835938,0.16564417
69,107,176,0.34375,-0.21590909
100,82,182,0.35546875,0.098901099
102,83,185,0.36132812,0.1027027
87,95,182,0.35546875,-0.043956044
119,67,186,0.36328125,0.27956989
102,86,188,0.3671875,0.085106383
84,106,190,0.37109375,-0.11578947
68,112,180,0.3515625,-0.24444444
79,96,175,0.34179688,-0.097142857
75,105,180,0.3515625,-0.16666667
96,91,187,0.36523438,0.026737968
66,103,169,0.33007812,-0.21893491
63,111,174,0.33984375,-0.27586207
60,121,181,0.35351562,-0.33701657
105,78,183,0.35742188,0.14754098
97,86,183,0.35742188,0.06010929
74,107,181,0.35351562,-0.18232044
88,86,174,0.33984375,0.011494253
86,87,173,0.33789062,-0.0057803468
96,78,174,0.33984375,0.10344828
105,70,175,0.34179688,0.2
118,60,178,0.34765625,0.3258427
82,108,190,0.37109375,-0.13684211
127,55,182,0.35546875,0.3956044
97,81,178,0.34765625,0.08988764
94,91,185,0.36132812,0.016216216
60,121,181,0.35351562,-0.33701657
122,72,194,0.37890625,0.25773196
77,106,183,0.35742188,-0.15846995
94,79,173,0.33789062,0.086705202
66,102,168,0.328125,-0.21428571
95,102,197,0.38476562,-0.035532995
90,95,185,0.36132812,-0.027027027
71,106,177,0.34570312,-0.19774011
74,112,186,0.36328125,-0.20430108
114,66,180,0.3515625,0.26666667
97,85,182,0.35546875,0.065934066
58,116,174,0.33984375,-0.33333333
99,85,184,0.359375,0.076086957
89,87,176,0.34375,0.011363636
106,88,194,0.37890625,0.092783505
57,127,184,0.359375,-0.38043478
70,124,194,0.37890625,-0.27835052
88,92,180,0.3515625,-0.022222222
97,74,171,0.33398438,0.13450292
60,126,186,0.36328125,-0.35483871
102,68,170,0.33203125,0.2
81,74,155,0.30273438,0.04516129
95,75,170,0.33203125,0.11764706
94,86,180,0.3515625,0.044444444
81,91,172,0.3359375,-0.058139535
103,83,186,0.36328125,0.10752688
88,113,201,0.39257812,-0.12437811
65,103,168,0.328125,-0.22619048
100,81,181,0.35351562,0.10497238
91,87,178,0.34765625,0.02247191
84,78,162,0.31640625,0.037037037
79,86,165,0.32226562,-0.042424242
96,94,190,0.37109375,0.010526316
90,101,191,0.37304688,-0.057591623
89,103,192,0.375,-0.072916667
65,87,152,0.296875,-0.14473684
116,53,169,0.33007812,0.37278107
80,112,192,0.375,-0.16666667
60,101,161,0.31445312,-0.25465839
94,90,184,0.359375,0.02173913
81,95,176,0.34375,-0.079545455
90,93,183,0.35742188,-0.016393443
90,83,173,0.33789062,0.040462428
81,81,162,0.31640625,0
88,86,174,0.33984375,0.011494253
119,57,176,0.34375,0.35227273
83,86,169,0.33007812,-0.017751479
77,109,186,0.36328125,-0.17204301
103,84,187,0.36523438,0.10160428
64,114,178,0.34765625,-0.28089888
72,108,180,0.3515625,-0.2
103,82,185,0.36132812,0.11351351
116,65,181,0.35351562,0.28176796
76,94,170,0.33203125,-0.10588235
82,96,178,0.34765625,-0.078651685
88,95,183,0.35742188,-0.038251366
89,95,184,0.359375,-0.032608696
77,98,175,0.34179688,-0.12
86,103,189,0.36914062,-0.08994709
63,100,163,0.31835938,-0.22699387
89,95,184,0.359375,-0.032608696
114,63,177,0.34570312,0.28813559
112,71,183,0.35742188,0.22404372
85,92,177,0.34570312,-0.039548023
109,70,179,0.34960938,0.21787709
82,91,173,0.33789062,-0.052023121
64,123,187,0.36523438,-0.31550802
84,84,168,0.328125,0
108,72,180,0.3515625,0.2
99,57,156,0.3046875,0.26923077
68,110,178,0.34765625,-0.23595506
61,112,173,0.33789062,-0.29479769
79,102,181,0.35351562,-0.12707182
123,61,184,0.359375,0.33695652
81,102,183,0.35742188,-0.1147541
73,95,168,0.328125,-0.13095238
118,71,189,0.36914062,0.24867725
67,113,180,0.3515625,-0.25555556
75,100,175,0.34179688,-0.14285714
114,77,191,0.37304688,0.19371728
109,63,172,0.3359375,0.26744186
112,72,184,0.359375,0.2173913
72,104,176,0.34375,-0.18181818
75,105,180,0.3515625,-0.16666667
75,102,177,0.34570312,-0.15254237
72,109,181,0.35351562,-0.20441989
87,95,182,0.35546875,-0.043956044
88,91,179,0.34960938,-0.016759777
88,92,180,0.3515625,-0.022222222
74,110,184,0.359375,-0.19565217
61,119,180,0.3515625,-0.32222222
90,105,195,0.38085938,-0.076923077
87,79,166,0.32421875,0.048192771
116,65,181,0.35351562,0.28176796
84,98,182,0.35546875,-0.076923077
89,98,187,0.36523438,-0.048128342
96,65,161,0.31445312,0.19254658
66,113,179,0.34960938,-0.26256983
72,95,167,0.32617188,-0.13772455
96,96,192,0.375,0
118,65,183,0.35742188,0.28961749
112,88,200,0.390625,0.12
88,101,189,0.36914062,-0.068783069
70,97,167,0.32617188,-0.16167665
76,98,174,0.33984375,-0.12643678
69,102,171,0.33398438,-0.19298246
48,128,176,0.34375,-0.45454545
81,95,176,0.34375,-0.079545455
94,103,197,0.38476562,-0.045685279
127,62,189,0.36914062,0.34391534
81,94,175,0.34179688,-0.074285714
96,72,168,0.328125,0.14285714
73,90,163,0.31835938,-0.10429448
128,53,181,0.35351562,0.41436464
80,108,188,0.3671875,-0.14893617
96,85,181,0.35351562,0.060773481
64,113,177,0.34570312,-0.27683616
87,88,175,0.34179688,-0.0057142857
80,103,183,0.35742188,-0.12568306
55,124,179,0.34960938,-0.38547486
95,84,179,0.34960938,0.061452514
107,84,191,0.37304688,0.12041885
92,92,184,0.359375,0
81,92,173,0.33789062,-0.063583815
103,77,180,0.3515625,0.14444444
103,74,177,0.34570312,0.16384181
68,113,181,0.35351562,-0.24861878
103,76,179,0.34960938,0.15083799
107,70,177,0.34570312,0.20903955
85,102,187,0.36523438,-0.090909091
93,91,184,0.359375,0.010869565
78,103,181,0.35351562,-0.13812155
127,50,177,0.34570312,0.43502825
96,91,187,0.36523438,0.026737968
112,82,194,0.37890625,0.15463918
98,86,184,0.359375,0.065217391
58,127,185,0.36132812,-0.37297297
78,113,191,0.37304688,-0.18324607
76,97,173,0.33789062,-0.12138728
39,165,204,0.3984375,-0.61764706
92,84,176,0.34375,0.045454545
79,89,168,0.328125,-0.05952381
68,106,174,0.33984375,-0.2183908
85,93,178,0.34765625,-0.04494382
87,102,189,0.36914062,-0.079365079
67,97,164,0.3203125,-0.18292683
93,79,172,0.3359375,0.081395349
94,74,168,0.328125,0.11904762
55,121,176,0.34375,-0.375
80,112,192,0.375,-0.16666667
81,97,178,0.34765625,-0.08988764
97,84,181,0.35351562,0.071823204
89,88,177,0.34570312,0.0056497175
97,85,182,0.35546875,0.065934066
63,131,194,0.37890625,-0.35051546
103,75,178,0.34765625,0.15730337
81,108,189,0.36914062,-0.14285714
61,127,188,0.3671875,-0.35106383
79,96,175,0.34179688,-0.097142857
98,74,172,0.3359375,0.13953488
123,57,180,0.3515625,0.36666667
97,88,185,0.36132812,0.048648649
79,106,185,0.36132812,-0.14594595
112,71,183,0.35742188,0.22404372
96,84,180,0.3515625,0.066666667
76,111,187,0.36523438,-0.18716578
76,91,167,0.32617188,-0.089820359
79,114,193,0.37695312,-0.18134715
95,84,179,0.34960938,0.061452514
119,75,194,0.37890625,0.22680412
97,92,189,0.36914062,0.026455026
100,76,176,0.34375,0.13636364
74,122,196,0.3828125,-0.24489796
93,95,188,0.3671875,-0.010638298
116,59,175,0.34179688,0.32571429
86,94,180,0.3515625,-0.044444444
87,100,187,0.36523438,-0.069518717
72,99,171,0.33398438,-0.15789474
78,91,169,0.33007812,-0.076923077
82,104,186,0.36328125,-0.11827957
77,102,179,0.34960938,-0.1396648
105,79,184,0.359375,0.14130435
78,102,180,0.3515625,-0.13333333
85,90,175,0.34179688,-0.028571429
91,85,176,0.34375,0.034090909
65,99,164,0.3203125,-0.20731707
84,96,180,0.3515625,-0.066666667
118,83,201,0.39257812,0.17412935
75,110,185,0.36132812,-0.18918919
107,70,177,0.34570312,0.20903955
69,112,181,0.35351562,-0.23756906
87,83,170,0.33203125,0.023529412
95,83,178,0.34765625,0.06741573
69,104,173,0.33789062,-0.20231214
86,91,177,0.34570312,-0.028248588
113,69,182,0.35546875,0.24175824
73,112,185,0.36132812,-0.21081081
80,103,183,0.35742188,-0.12568306
119,71,190,0.37109375,0.25263158
98,83,181,0.35351562,0.082872928
77,113,190,0.37109375,-0.18947368
101,85,186,0.36328125,0.086021505
81,112,193,0.37695312,-0.16062176
91,94,185,0.36132812,-0.016216216
72,85,157,0.30664062,-0.082802548
64,110,174,0.33984375,-0.26436782
81,86,167,0.32617188,-0.02994012
78,96,174,0.33984375,-0.10344828
73,117,190,0.37109375,-0.23157895
120,56,176,0.34375,0.36363636
63,128,191,0.37304688,-0.34031414
84,102,186,0.36328125,-0.096774194
88,95,183,0.35742188,-0.038251366
86,93,179,0.34960938,-0.039106145
79,113,192,0.375,-0.17708333
86,105,191,0.37304688,-0.09947644
85,98,183,0.35742188,-0.071038251
86,87,173,0.33789062,-0.0057803468
94,96,190,0.37109375,-0.010526316
83,101,184,0.359375,-0.097826087
108,69,177,0.34570312,0.22033898
106,70,176,0.34375,0.20454545
57,120,177,0.34570312,-0.3559322
102,76,178,0.34765625,0.14606742
73,95,168,0.328125,-0.13095238
112,63,175,0.34179688,0.28
73,106,179,0.34960938,-0.18435754
106,76,182,0.35546875,0.16483516
86,101,187,0.36523438,-0.080213904
92,90,182,0.35546875,0.010989011
102,90,192,0.375,0.0625
111,68,179,0.34960938,0.24022346
103,92,195,0.38085938,0.056410256
103,81,184,0.359375,0.11956522
80,89,169,0.33007812,-0.053254438
97,75,172,0.3359375,0.12790698
59,121,180,0.3515625,-0.34444444
104,80,184,0.359375,0.13043478
87,92,179,0.34960938,-0.027932961
103,71,174,0.33984375,0.18390805
44,125,169,0.33007812,-0.47928994
90,104,194,0.37890625,-0.072164948
99,74,173,0.33789062,0.14450867
83,97,180,0.3515625,-0.077777778
62,124,186,0.36328125,-0.33333333
93,89,182,0.35546875,0.021978022
107,63,170,0.33203125,0.25882353
85,104,189,0.36914062,-0.1005291
113,66,179,0.34960938,0.26256983
58,124,182,0.35546875,-0.36263736
56,130,186,0.36328125,-0.39784946
118,68,186,0.36328125,0.2688172
93,83,176,0.34375,0.056818182
94,87,181,0.35351562,0.038674033
98,86,184,0.359375,0.065217391
102,69,171,0.33398438,0.19298246
109,73,182,0.35546875,0.1978022
108,74,182,0.35546875,0.18681319
75,109,184,0.359375,-0.18478261
85,91,176,0.34375,-0.034090909
93,94,187,0.36523438,-0.0053475936
109,83,192,0.375,0.13541667
103,88,191,0.37304688,0.078534031
93,106,199,0.38867188,-0.065326633
88,88,176,0.34375,0
122,63,185,0.36132812,0.31891892
94,84,178,0.34765625,0.056179775
100,87,187,0.36523438,0.069518717
70,104,174,0.33984375,-0.1954023
124,51,175,0.34179688,0.41714286
71,109,180,0.3515625,-0.21111111
98,80,178,0.34765625,0.1011236
71,111,182,0.35546875,-0.21978022
70,118,188,0.3671875,-0.25531915
118,61,179,0.34960938,0.31843575
110,78,188,0.3671875,0.17021277
103,87,190,0.37109375,0.084210526
78,90,168,0.328125,-0.071428571
101,90,191,0.37304688,0.057591623
107,69,176,0.34375,0.21590909
94,82,176,0.34375,0.068181818
103,75,178,0.34765625,0.15730337
95,82,177,0.34570312,0.073446328
98,91,189,0.36914062,0.037037037
102,73,175,0.34179688,0.16571429
71,115,186,0.36328125,-0.23655914
63,121,184,0.359375,-0.31521739
93,76,169,0.33007812,0.10059172
90,95,185,0.36132812,-0.027027027
139,51,190,0.37109375,0.46315789
83,78,161,0.31445312,0.031055901
75,92,167,0.32617188,-0.10179641
90,100,190,0.37109375,-0.052631579
70,117,187,0.36523438,-0.2513369
100,85,185,0.36132812,0.081081081
106,67,173,0.33789062,0.22543353
83,94,177,0.34570312,-0.062146893
73,99,172,0.3359375,-0.15116279
71,92,163,0.31835938,-0.12883436
64,96,160,0.3125,-0.2
84,107,191,0.37304688,-0.12041885
67,109,176,0.34375,-0.23863636
98,81,179,0.34960938,0.094972067
115,70,185,0.36132812,0.24324324
91,79,170,0.33203125,0.070588235
82,97,179,0.34960938,-0.083798883
86,92,178,0.34765625,-0.033707865
72,103,175,0.34179688,-0.17714286
86,88,174,0.33984375,-0.011494253
98,89,187,0.36523438,0.048128342
77,97,174,0.33984375,-0.11494253
90,82,172,0.3359375,0.046511628
76,95,171,0.33398438,-0.11111111
93,84,177,0.34570312,0.050847458
97,88,185,0.36132812,0.048648649
90,92,182,0.35546875,-0.010989011
75,104,179,0.34960938,-0.16201117
88,85,173,0.33789062,0.01734104
74,117,191,0.37304688,-0.22513089
82,98,180,0.3515625,-0.088888889
94,88,182,0.35546875,0.032967033
75,113,188,0.3671875,-0.20212766
98,73,171,0.33398438,0.14619883
107,70,177,0.34570312,0.20903955
95,79,174,0.33984375,0.091954023
86,85,171,0.33398438,0.0058479532
120,59,179,0.34960938,0.34078212
102,71,173,0.33789062,0.17919075
106,69,175,0.34179688,0.21142857
100,78,178,0.34765625,0.12359551
73,106,179,0.34960938,-0.18435754
94,85,179,0.34960938,0.05027933
90,93,183,0.35742188,-0.016393443
69,104,173,0.33789062,-0.20231214
135,48,183,0.35742188,0.47540984
98,82,180,0.3515625,0.088888889
80,92,172,0.3359375,-0.069767442
87,84,171,0.33398438,0.01754386
118,65,183,0.35742188,0.28961749
83,89,172,0.3359375,-0.034883721
94,95,189,0.36914062,-0.0052910053
70,103,173,0.33789062,-0.19075145
107,75,182,0.35546875,0.17582418
103,73,176,0.34375,0.17045455
95,71,166,0.32421875,0.14457831
108,80,188,0.3671875,0.14893617
88,109,197,0.38476562,-0.10659898
68,108,176,0.34375,-0.22727273
98,79,177,0.34570312,0.10734463
111,78,189,0.36914062,0.17460317
56,120,176,0.34375,-0.36363636
74,109,183,0.35742188,-0.19125683
98,79,177,0.34570312,0.10734463
104,89,193,0.37695312,0.077720207
123,68,191,0.37304688,0.28795812
72,123,195,0.38085938,-0.26153846
100,80,180,0.3515625,0.11111111
53,140,193,0.37695312,-0.4507772
85,89,174,0.33984375,-0.022988506
105,78,183,0.35742188,0.14754098
68,121,189,0.36914062,-0.28042328
80,109,189,0.36914062,-0.15343915
120,67,187,0.36523438,0.28342246
122,65,187,0.36523438,0.30481283
107,73,180,0.3515625,0.18888889
76,103,179,0.34960938,-0.15083799
76,104,180,0.3515625,-0.15555556
86,76,162,0.31640625,0.061728395
100,62,162,0.31640625,0.2345679
102,70,172,0.3359375,0.18604651
84,106,190,0.37109375,-0.11578947
121,57,178,0.34765625,0.35955056
77,97,174,0.33984375,-0.11494253
99,84,183,0.35742188,0.081967213
110,78,188,0.3671875,0.17021277
85,84,169,0.33007812,0.0059171598
92,86,178,0.34765625,0.033707865
105,57,162,0.31640625,0.2962963
89,87,176,0.34375,0.011363636
96,83,179,0.34960938,0.072625698
101,71,172,0.3359375,0.1744186
88,88,176,0.34375,0
118,58,176,0.34375,0.34090909
83,97,180,0.3515625,-0.077777778
79,100,179,0.34960938,-0.11731844
116,62,178,0.34765625,0.30337079
95,91,186,0.36328125,0.021505376
91,74,165,0.32226562,0.1030303
74,103,177,0.34570312,-0.16384181
81,97,178,0.34765625,-0.08988764
63,113,176,0.34375,-0.28409091
104,85,189,0.36914062,0.1005291
48,132,180,0.3515625,-0.46666667
72,91,163,0.31835938,-0.11656442
60,108,168,0.328125,-0.28571429
66,105,171,0.33398438,-0.22807018
56,115,171,0.33398438,-0.34502924
94,79,173,0.33789062,0.086705202
97,87,184,0.359375,0.054347826
90,87,177,0.34570312,0.016949153
82,102,184,0.359375,-0.10869565
102,73,175,0.34179688,0.16571429
111,71,182,0.35546875,0.21978022
72,112,184,0.359375,-0.2173913
56,131,187,0.36523438,-0.40106952
93,86,179,0.34960938,0.039106145
86,91,177,0.34570312,-0.028248588
61,112,173,0.33789062,-0.29479769
107,84,191,0.37304688,0.12041885
94,88,182,0.35546875,0.032967033
87,85,172,0.3359375,0.011627907
68,104,172,0.3359375,-0.20930233
59,122,181,0.35351562,-0.3480663
85,90,175,0.34179688,-0.028571429
108,68,176,0.34375,0.22727273
77,97,174,0.33984375,-0.11494253
119,67,186,0.36328125,0.27956989
87,116,203,0.39648438,-0.14285714
93,84,177,0.34570312,0.050847458
93,89,182,0.35546875,0.021978022
57,108,165,0.32226562,-0.30909091
80,99,179,0.34960938,-0.10614525
108,67,175,0.34179688,0.23428571
93,85,178,0.34765625,0.04494382
108,77,185,0.36132812,0.16756757
110,76,186,0.36328125,0.1827957
97,77,174,0.33984375,0.11494253
102,77,179,0.34960938,0.1396648
114,76,190,0.37109375,0.2
110,61,171,0.33398438,0.28654971
87,100,187,0.36523438,-0.069518717
91,96,187,0.36523438,-0.026737968
110,68,178,0.34765625,0.23595506
74,107,181,0.35351562,-0.18232044
91,88,179,0.34960938,0.016759777
95,86,181,0.35351562,0.049723757
87,87,174,0.33984375,0
110,70,180,0.3515625,0.22222222
82,94,176,0.34375,-0.068181818
112,69,181,0.35351562,0.23756906
87,89,176,0.34375,-0.011363636
101,77,178,0.34765625,0.13483146
82,92,174,0.33984375,-0.057471264
88,96,184,0.359375,-0.043478261
76,104,180,0.3515625,-0.15555556
79,96,175,0.34179688,-0.097142857
112,73,185,0.36132812,0.21081081
108,61,169,0.33007812,0.27810651
84,99,183,0.35742188,-0.081967213
100,90,190,0.37109375,0.052631579
106,97,203,0.39648438,0.044334975
96,77,173,0.33789062,0.10982659
119,65,184,0.359375,0.29347826
83,101,184,0.359375,-0.097826087
118,72,190,0.37109375,0.24210526
106,71,177,0.34570312,0.19774011
95,96,191,0.37304688,-0.0052356021
95,84,179,0.34960938,0.061452514
99,79,178,0.34765625,0.11235955
106,77,183,0.35742188,0.15846995
59,118,177,0.34570312,-0.33333333
87,86,173,0.33789062,0.0057803468
76,97,173,0.33789062,-0.12138728
82,99,181,0.35351562,-0.093922652
54,118,172,0.3359375,-0.37209302
129,57,186,0.36328125,0.38709677
97,67,164,0.3203125,0.18292683
107,69,176,0.34375,0.21590909
68,110,178,0.34765625,-0.23595506
66,116,182,0.35546875,-0.27472527
81,95,176,0.34375,-0.079545455
114,76,190,0.37109375,0.2
103,72,175,0.34179688,0.17714286
80,94,174,0.33984375,-0.08045977
72,108,180,0.3515625,-0.2
73,106,179,0.34960938,-0.18435754
102,80,182,0.35546875,0.12087912
89,86,175,0.34179688,0.017142857
86,85,171,0.33398438,0.0058479532
87,102,189,0.36914062,-0.079365079
65,116,181,0.35351562,-0.28176796
103,72,175,0.34179688,0.17714286
103,68,171,0.33398438,0.20467836
73,105,178,0.34765625,-0.17977528
74,97,171,0.33398438,-0.13450292
107,85,192,0.375,0.11458333
88,91,179,0.34960938,-0.016759777
79,101,180,0.3515625,-0.12222222
76,101,177,0.34570312,-0.14124294
76,94,170,0.33203125,-0.10588235
75,106,181,0.35351562,-0.17127072
100,77,177,0.34570312,0.1299435
70,111,181,0.35351562,-0.22651934
135,54,189,0.36914062,0.42857143
80,92,172,0.3359375,-0.069767442
72,103,175,0.34179688,-0.17714286
100,85,185,0.36132812,0.081081081
70,98,168,0.328125,-0.16666667
154,31,185,0.36132812,0.66486486
113,49,162,0.31640625,0.39506173
98,98,196,0.3828125,0
88,98,186,0.36328125,-0.053763441
63,108,171,0.33398438,-0.26315789
105,76,181,0.35351562,0.16022099
52,142,194,0.37890625,-0.46391753
94,79,173,0.33789062,0.086705202
86,84,170,0.33203125,0.011764706
113,77,190,0.37109375,0.18947368
126,60,186,0.36328125,0.35483871
68,116,184,0.359375,-0.26086957
102,77,179,0.34960938,0.1396648
106,74,180,0.3515625,0.17777778
87,95,182,0.35546875,-0.043956044
125,56,181,0.35351562,0.38121547
66,109,175,0.34179688,-0.24571429
76,93,169,0.33007812,-0.10059172
47,133,180,0.3515625,-0.47777778
75,122,197,0.38476562,-0.23857868
86,103,189,0.36914062,-0.08994709
88,82,170,0.33203125,0.035294118
81,85,166,0.32421875,-0.024096386
121,67,188,0.3671875,0.28723404
73,113,186,0.36328125,-0.21505376
92,83,175,0.34179688,0.051428571
90,102,192,0.375,-0.0625
120,63,183,0.35742188,0.31147541
120,59,179,0.34960938,0.34078212
112,65,177,0.34570312,0.26553672
64,98,162,0.31640625,-0.20987654
59,120,179,0.34960938,-0.34078212
79,89,168,0.328125,-0.05952381
111,73,184,0.359375,0.20652174
76,107,183,0.35742188,-0.16939891
79,111,190,0.37109375,-0.16842105
72,110,182,0.35546875,-0.20879121
73,108,181,0.35351562,-0.19337017
121,72,193,0.37695312,0.25388601
80,85,165,0.32226562,-0.03030303
87,100,187,0.36523438,-0.069518717
81,91,172,0.3359375,-0.058139535
90,108,198,0.38671875,-0.090909091
66,117,183,0.35742188,-0.27868852
75,100,175,0.34179688,-0.14285714
99,75,174,0.33984375,0.13793103
106,71,177,0.34570312,0.19774011
71,88,159,0.31054688,-0.10691824
77,98,175,0.34179688,-0.12
99,80,179,0.34960938,0.10614525
116,65,181,0.35351562,0.28176796
75,105,180,0.3515625,-0.16666667
96,84,180,0.3515625,0.066666667
105,72,177,0.34570312,0.18644068
117,68,185,0.36132812,0.26486486
71,96,167,0.32617188,-0.1497006
82,99,181,0.35351562,-0.093922652
99,77,176,0.34375,0.125
88,93,181,0.35351562,-0.027624309
95,85,180,0.3515625,0.055555556
78,99,177,0.34570312,-0.11864407
112,69,181,0.35351562,0.23756906
135,64,199,0.38867188,0.35678392
92,87,179,0.34960938,0.027932961
95,80,175,0.34179688,0.085714286
108,81,189,0.36914062,0.14285714
135,45,180,0.3515625,0.5
117,58,175,0.34179688,0.33714286
74,90,164,0.3203125,-0.097560976
104,71,175,0.34179688,0.18857143
99,89,188,0.3671875,0.053191489
114,71,185,0.36132812,0.23243243
80,99,179,0.34960938,-0.10614525
91,95,186,0.36328125,-0.021505376
92,77,169,0.33007812,0.088757396
71,116,187,0.36523438,-0.24064171
87,84,171,0.33398438,0.01754386
93,87,180,0.3515625,0.033333333
75,113,188,0.3671875,-0.20212766
62,102,164,0.3203125,-0.24390244
88,82,170,0.33203125,0.035294118
101,75,176,0.34375,0.14772727
72,101,173,0.33789062,-0.16763006
91,83,174,0.33984375,0.045977011
103,78,181,0.35351562,0.13812155
87,95,182,0.35546875,-0.043956044
85,79,164,0.3203125,0.036585366
101,82,183,0.35742188,0.10382514
104,72,176,0.34375,0.18181818
59,111,170,0.33203125,-0.30588235
95,92,187,0.36523438,0.016042781
106,72,178,0.34765625,0.19101124
90,96,186,0.36328125,-0.032258065
88,102,190,0.37109375,-0.073684211
60,107,167,0.32617188,-0.28143713
60,112,172,0.3359375,-0.30232558
81,104,185,0.36132812,-0.12432432
97,70,167,0.32617188,0.16167665
96,79,175,0.34179688,0.097142857
133,54,187,0.36523438,0.42245989
87,97,184,0.359375,-0.054347826
106,76,182,0.35546875,0.16483516
63,125,188,0.3671875,-0.32978723
100,87,187,0.36523438,0.069518717
106,74,180,0.3515625,0.17777778
88,71,159,0.31054688,0.10691824
105,73,178,0.34765625,0.17977528
59,128,187,0.36523438,-0.36898396
106,90,196,0.3828125,0.081632653
88,93,181,0.35351562,-0.027624309
80,93,173,0.33789062,-0.075144509
83,96,179,0.34960938,-0.072625698
130,58,188,0.3671875,0.38297872
88,80,168,0.328125,0.047619048
109,90,199,0.38867188,0.095477387
94,89,183,0.35742188,0.027322404
99,80,179,0.34960938,0.10614525
62,107,169,0.33007812,-0.26627219
79,93,172,0.3359375,-0.081395349
95,78,173,0.33789062,0.098265896
85,114,199,0.38867188,-0.14572864
60,130,190,0.37109375,-0.36842105
89,88,177,0.34570312,0.0056497175
81,116,197,0.38476562,-0.17766497
85,109,194,0.37890625,-0.12371134
84,85,169,0.33007812,-0.0059171598
82,85,167,0.32617188,-0.017964072
107,82,189,0.36914062,0.13227513
99,98,197,0.38476562,0.0050761421
104,73,177,0.34570312,0.17514124
87,86,173,0.33789062,0.0057803468
92,92,184,0.359375,0
71,106,177,0.34570312,-0.19774011
79,100,179,0.34960938,-0.11731844
106,76,182,0.35546875,0.16483516
52,129,181,0.35351562,-0.42541436
108,80,188,0.3671875,0.14893617
87,100,187,0.36523438,-0.069518717
119,79,198,0.38671875,0.2020202
109,69,178,0.34765625,0.2247191
95,99,194,0.37890625,-0.020618557
82,107,189,0.36914062,-0.13227513
79,87,166,0.32421875,-0.048192771
91,82,173,0.33789062,0.052023121
112,58,170,0.33203125,0.31764706
99,84,183,0.35742188,0.081967213
96,79,175,0.34179688,0.097142857
84,85,169,0.33007812,-0.0059171598
107,78,185,0.36132812,0.15675676
109,75,184,0.359375,0.18478261
69,114,183,0.35742188,-0.24590164
97,73,170,0.33203125,0.14117647
99,74,173,0.33789062,0.14450867
97,89,186,0.36328125,0.043010753
106,79,185,0.36132812,0.14594595
87,82,169,0.33007812,0.029585799
98,92,190,0.37109375,0.031578947
65,118,183,0.35742188,-0.28961749
103,82,185,0.36132812,0.11351351
100,92,192,0.375,0.041666667
86,93,179,0.34960938,-0.039106145
98,92,190,0.37109375,0.031578947
85,89,174,0.33984375,-0.022988506
85,95,180,0.3515625,-0.055555556
93,91,184,0.359375,0.010869565
119,64,183,0.35742188,0.30054645
44,137,181,0.35351562,-0.51381215
61,127,188,0.3671875,-0.35106383
101,75,176,0.34375,0.14772727
75,102,177,0.34570312,-0.15254237
107,91,198,0.38671875,0.080808081
86,104,190,0.37109375,-0.094736842
123,62,185,0.36132812,0.32972973
86,80,166,0.32421875,0.036144578
84,102,186,0.36328125,-0.096774194
74,114,188,0.3671875,-0.21276596
84,78,162,0.31640625,0.037037037
106,76,182,0.35546875,0.16483516
76,103,179,0.34960938,-0.15083799
79,85,164,0.3203125,-0.036585366
97,83,180,0.3515625,0.077777778
94,95,189,0.36914062,-0.0052910053
81,97,178,0.34765625,-0.08988764
63,113,176,0.34375,-0.28409091
94,77,171,0.33398438,0.099415205
77,89,166,0.32421875,-0.072289157
56,124,180,0.3515625,-0.37777778
88,97,185,0.36132812,-0.048648649
85,99,184,0.359375,-0.076086957
118,71,189,0.36914062,0.24867725
89,88,177,0.34570312,0.0056497175
104,85,189,0.36914062,0.1005291
80,104,184,0.359375,-0.13043478
73,109,182,0.35546875,-0.1978022
64,123,187,0.36523438,-0.31550802
65,107,172,0.3359375,-0.24418605
133,53,186,0.36328125,0.43010753
95,74,169,0.33007812,0.12426036
104,85,189,0.36914062,0.1005291
94,96,190,0.37109375,-0.010526316
121,77,198,0.38671875,0.22222222
82,91,173,0.33789062,-0.052023121
105,80,185,0.36132812,0.13513514
88,85,173,0.33789062,0.01734104
107,78,185,0.36132812,0.15675676
83,99,182,0.35546875,-0.087912088
85,82,167,0.32617188,0.017964072
78,102,180,0.3515625,-0.13333333
99,88,187,0.36523438,0.058823529
87,90,177,0.34570312,-0.016949153
84,93,177,0.34570312,-0.050847458
85,86,171,0.33398438,-0.0058479532
107,63,170,0.33203125,0.25882353
69,103,172,0.3359375,-0.19767442
117,66,183,0.35742188,0.27868852
92,88,180,0.3515625,0.022222222
88,94,182,0.35546875,-0.032967033
119,67,186,0.36328125,0.27956989
113,76,189,0.36914062,0.1957672
93,82,175,0.34179688,0.062857143
76,104,180,0.3515625,-0.15555556
48,146,194,0.37890625,-0.50515464
109,77,186,0.36328125,0.17204301
107,59,166,0.32421875,0.28915663
94,87,181,0.35351562,0.038674033
115,75,190,0.37109375,0.21052632
93,87,180,0.3515625,0.033333333
57,136,193,0.37695312,-0.40932642
97,92,189,0.36914062,0.026455026
90,107,197,0.38476562,-0.086294416
78,95,173,0.33789062,-0.098265896
86,87,173,0.33789062,-0.0057803468
62,118,180,0.3515625,-0.31111111
81,90,171,0.33398438,-0.052631579
91,95,186,0.36328125,-0.021505376
66,109,175,0.34179688,-0.24571429
70,92,162,0.31640625,-0.13580247
77,107,184,0.359375,-0.16304348
108,79,187,0.36523438,0.15508021
73,104,177,0.34570312,-0.17514124
84,96,180,0.3515625,-0.066666667
95,104,199,0.38867188,-0.045226131
80,98,178,0.34765625,-0.1011236
118,76,194,0.37890625,0.21649485
110,76,186,0.36328125,0.1827957
121,53,174,0.33984375,0.3908046
79,95,174,0.33984375,-0.091954023
60,123,183,0.35742188,-0.3442623
94,87,181,0.35351562,0.038674033
107,89,196,0.3828125,0.091836735
82,92,174,0.33984375,-0.057471264
66,123,189,0.36914062,-0.3015873
116,60,176,0.34375,0.31818182
99,88,187,0.36523438,0.058823529
112,67,179,0.34960938,0.25139665
64,107,171,0.33398438,-0.25146199
75,102,177,0.34570312,-0.15254237
106,93,199,0.38867188,0.065326633
91,82,173,0.33789062,0.052023121
108,77,185,0.36132812,0.16756757
89,82,171,0.33398438,0.040935673
112,58,170,0.33203125,0.31764706
79,111,190,0.37109375,-0.16842105
86,96,182,0.35546875,-0.054945055
75,110,185,0.36132812,-0.18918919
96,83,179,0.34960938,0.072625698
99,81,180,0.3515625,0.1
106,66,172,0.3359375,0.23255814
61,123,184,0.359375,-0.33695652
107,67,174,0.33984375,0.22988506
105,81,186,0.36328125,0.12903226
70,101,171,0.33398438,-0.18128655
56,110,166,0.32421875,-0.3253012
82,92,174,0.33984375,-0.057471264
74,89,163,0.31835938,-0.09202454
118,59,177,0.34570312,0.33333333
69,123,192,0.375,-0.28125
80,90,170,0.33203125,-0.058823529
115,69,184,0.359375,0.25
86,104,190,0.37109375,-0.094736842
88,90,178,0.34765625,-0.011235955
96,82,178,0.34765625,0.078651685
105,73,178,0.34765625,0.17977528
68,107,175,0.34179688,-0.22285714
93,87,180,0.3515625,0.033333333
111,71,182,0.35546875,0.21978022
95,85,180,0.3515625,0.055555556
74,86,160,0.3125,-0.075
90,101,191,0.37304688,-0.057591623
106,75,181,0.35351562,0.17127072
97,80,177,0.34570312,0.096045198
87,96,183,0.35742188,-0.049180328
79,96,175,0.34179688,-0.097142857
82,101,183,0.35742188,-0.10382514
131,54,185,0.36132812,0.41621622
90,101,191,0.37304688,-0.057591623
82,91,173,0.33789062,-0.052023121
75,119,194,0.37890625,-0.22680412
76,105,181,0.35351562,-0.16022099
132,51,183,0.35742188,0.44262295
105,86,191,0.37304688,0.09947644
94,92,186,0.36328125,0.010752688
72,109,181,0.35351562,-0.20441989
78,101,179,0.34960938,-0.12849162
91,70,161,0.31445312,0.13043478
115,68,183,0.35742188,0.2568306
115,57,172,0.3359375,0.3372093
70,111,181,0.35351562,-0.22651934
94,88,182,0.35546875,0.032967033
114,62,176,0.34375,0.29545455
109,62,171,0.33398438,0.2748538
78,93,171,0.33398438,-0.087719298
78,96,174,0.33984375,-0.10344828
75,98,173,0.33789062,-0.13294798
98,66,164,0.3203125,0.19512195
99,82,181,0.35351562,0.093922652
84,82,166,0.32421875,0.012048193
76,94,170,0.33203125,-0.10588235
87,96,183,0.35742188,-0.049180328
108,58,166,0.32421875,0.30120482
103,105,208,0.40625,-0.0096153846
88,91,179,0.34960938,-0.016759777
112,78,190,0.37109375,0.17894737
87,101,188,0.3671875,-0.074468085
86,85,171,0.33398438,0.0058479532
112,71,183,0.35742188,0.22404372
95,77,172,0.3359375,0.10465116
78,109,187,0.36523438,-0.1657754
66,108,174,0.33984375,-0.24137931
90,93,183,0.35742188,-0.016393443
73,119,192,0.375,-0.23958333
92,73,165,0.32226562,0.11515152
95,76,171,0.33398438,0.11111111
97,90,187,0.36523438,0.037433155
69,103,172,0.3359375,-0.19767442
94,86,180,0.3515625,0.044444444
84,102,186,0.36328125,-0.096774194
89,92,181,0.35351562,-0.016574586
101,82,183,0.35742188,0.10382514
75,111,186,0.36328125,-0.19354839
116,62,178,0.34765625,0.30337079
77,95,172,0.3359375,-0.10465116
99,71,170,0.33203125,0.16470588
102,74,176,0.34375,0.15909091
110,65,175,0.34179688,0.25714286
64,110,174,0.33984375,-0.26436782
94,92,186,0.36328125,0.010752688
105,81,186,0.36328125,0.12903226
87,92,179,0.34960938,-0.027932961
56,136,192,0.375,-0.41666667
104,65,169,0.33007812,0.23076923
61,93,154,0.30078125,-0.20779221
70,101,171,0.33398438,-0.18128655
74,101,175,0.34179688,-0.15428571
127,55,182,0.35546875,0.3956044
117,63,180,0.3515625,0.3
81,86,167,0.32617188,-0.02994012
104,78,182,0.35546875,0.14285714
85,88,173,0.33789062,-0.01734104
126,64,190,0.37109375,0.32631579
92,82,174,0.33984375,0.057471264
65,114,179,0.34960938,-0.27374302
103,71,174,0.33984375,0.18390805
82,89,171,0.33398438,-0.040935673
55,137,192,0.375,-0.42708333
90,98,188,0.3671875,-0.042553191
70,115,185,0.36132812,-0.24324324
113,72,185,0.36132812,0.22162162
84,120,204,0.3984375,-0.17647059
96,73,169,0.33007812,0.13609467
109,64,173,0.33789062,0.26011561
103,71,174,0.33984375,0.18390805
58,119,177,0.34570312,-0.34463277
113,65,178,0.34765625,0.26966292
90,91,181,0.35351562,-0.0055248619
97,86,183,0.35742188,0.06010929
90,76,166,0.32421875,0.084337349
77,101,178,0.34765625,-0.13483146
79,101,180,0.3515625,-0.12222222
85,80,165,0.32226562,0.03030303
106,67,173,0.33789062,0.22543353
87,101,188,0.3671875,-0.074468085
72,96,168,0.328125,-0.14285714
108,76,184,0.359375,0.17391304
102,76,178,0.34765625,0.14606742
107,63,170,0.33203125,0.25882353
115,61,176,0.34375,0.30681818
93,83,176,0.34375,0.056818182
108,81,189,0.36914062,0.14285714
66,113,179,0.34960938,-0.26256983
103,80,183,0.35742188,0.12568306
56,130,186,0.36328125,-0.39784946
108,73,181,0.35351562,0.19337017
82,100,182,0.35546875,-0.098901099
82,76,158,0.30859375,0.037974684
107,66,173,0.33789062,0.23699422
85,103,188,0.3671875,-0.095744681
96,89,185,0.36132812,0.037837838
80,108,188,0.3671875,-0.14893617
116,58,174,0.33984375,0.33333333
111,60,171,0.33398438,0.29824561
89,96,185,0.36132812,-0.037837838
109,68,177,0.34570312,0.23163842
102,85,187,0.36523438,0.090909091
72,111,183,0.35742188,-0.21311475
122,70,192,0.375,0.27083333
53,124,177,0.34570312,-0.40112994
69,113,182,0.35546875,-0.24175824
96,84,180,0.3515625,0.066666667
93,81,174,0.33984375,0.068965517
95,87,182,0.35546875,0.043956044
100,86,186,0.36328125,0.075268817
107,70,177,0.34570312,0.20903955
102,70,172,0.3359375,0.18604651
98,78,176,0.34375,0.11363636
106,92,198,0.38671875,0.070707071
110,83,193,0.37695312,0.13989637
95,86,181,0.35351562,0.049723757
102,68,170,0.33203125,0.2
63,108,171,0.33398438,-0.26315789
91,85,176,0.34375,0.034090909
89,103,192,0.375,-0.072916667
115,82,197,0.38476562,0.16751269
92,88,180,0.3515625,0.022222222
59,107,166,0.32421875,-0.28915663
93,92,185,0.36132812,0.0054054054
86,109,195,0.38085938,-0.11794872
104,86,190,0.37109375,0.094736842
113,62,175,0.34179688,0.29142857
84,87,171,0.33398438,-0.01754386
106,72,178,0.34765625,0.19101124
94,97,191,0.37304688,-0.015706806
84,95,179,0.34960938,-0.061452514
93,80,173,0.33789062,0.075144509
84,108,192,0.375,-0.125
107,71,178,0.34765625,0.20224719
96,99,195,0.38085938,-0.015384615
67,112,179,0.34960938,-0.25139665
83,93,176,0.34375,-0.056818182
57,113,170,0.33203125,-0.32941176
84,102,186,0.36328125,-0.096774194
82,100,182,0.35546875,-0.098901099
67,124,191,0.37304688,-0.29842932
74,106,180,0.3515625,-0.17777778
85,91,176,0.34375,-0.034090909
119,56,175,0.34179688,0.36
65,104,169,0.33007812,-0.23076923
101,95,196,0.3828125,0.030612245
83,100,183,0.35742188,-0.092896175
69,109,178,0.34765625,-0.2247191
88,89,177,0.34570312,-0.0056497175
72,105,177,0.34570312,-0.18644068
89,74,163,0.31835938,0.09202454
95,78,173,0.33789062,0.098265896
108,71,179,0.34960938,0.20670391
91,99,190,0.37109375,-0.042105263
81,106,187,0.36523438,-0.13368984
93,88,181,0.35351562,0.027624309
98,82,180,0.3515625,0.088888889
101,94,195,0.38085938,0.035897436
113,64,177,0.34570312,0.27683616
53,122,175,0.34179688,-0.39428571
68,118,186,0.36328125,-0.2688172
109,65,174,0.33984375,0.25287356
88,96,184,0.359375,-0.043478261
73,100,173,0.33789062,-0.15606936
98,92,190,0.37109375,0.031578947
111,57,168,0.328125,0.32142857
86,73,159,0.31054688,0.081761006
90,72,162,0.31640625,0.11111111
89,94,183,0.35742188,-0.027322404
91,94,185,0.36132812,-0.016216216
74,112,186,0.36328125,-0.20430108
97,95,192,0.375,0.010416667
94,102,196,0.3828125,-0.040816327
73,94,167,0.32617188,-0.1257485
95,77,172,0.3359375,0.10465116
85,104,189,0.36914062,-0.1005291
102,79,181,0.35351562,0.12707182
89,96,185,0.36132812,-0.037837838
92,77,169,0.33007812,0.088757396
74,120,194,0.37890625,-0.2371134
63,125,188,0.3671875,-0.32978723
109,71,180,0.3515625,0.21111111
62,117,179,0.34960938,-0.30726257
82,90,172,0.3359375,-0.046511628
87,78,165,0.32226562,0.054545455
112,58,170,0.33203125,0.31764706
73,102,175,0.34179688,-0.16571429
63,119,182,0.35546875,-0.30769231
83,105,188,0.3671875,-0.11702128
92,79,171,0.33398438,0.076023392
66,114,180,0.3515625,-0.26666667
85,99,184,0.359375,-0.076086957
88,81,169,0.33007812,0.041420118
81,98,179,0.34960938,-0.094972067
96,87,183,0.35742188,0.049180328
121,51,172,0.3359375,0.40697674
106,82,188,0.3671875,0.12765957
97,86,183,0.35742188,0.06010929
86,89,175,0.34179688,-0.017142857
77,103,180,0.3515625,-0.14444444
86,74,160,0.3125,0.075
75,106,181,0.35351562,-0.17127072
72,117,189,0.36914062,-0.23809524
89,99,188,0.3671875,-0.053191489
108,70,178,0.34765625,0.21348315
94,90,184,0.359375,0.02173913
92,89,181,0.35351562,0.016574586
101,88,189,0.36914062,0.068783069
88,89,177,0.34570312,-0.0056497175
100,79,179,0.34960938,0.11731844
78,90,168,0.328125,-0.071428571
123,74,197,0.38476562,0.24873096
83,99,182,0.35546875,-0.087912088
105,70,175,0.34179688,0.2
71,86,157,0.30664062,-0.095541401
70,110,180,0.3515625,-0.22222222
94,93,187,0.36523438,0.0053475936
66,106,172,0.3359375,-0.23255814
77,111,188,0.3671875,-0.18085106
87,96,183,0.35742188,-0.049180328
75,94,169,0.33007812,-0.11242604
109,75,184,0.359375,0.18478261
78,106,184,0.359375,-0.15217391
89,102,191,0.37304688,-0.068062827
94,89,183,0.35742188,0.027322404
94,77,171,0.33398438,0.099415205
100,79,179,0.34960938,0.11731844
88,85,173,0.33789062,0.01734104
96,87,183,0.35742188,0.049180328
95,93,188,0.3671875,0.010638298
121,58,179,0.34960938,0.35195531
89,93,182,0.35546875,-0.021978022
83,105,188,0.3671875,-0.11702128
91,78,169,0.33007812,0.076923077
96,81,177,0.34570312,0.084745763
82,87,169,0.33007812,-0.029585799
76,87,163,0.31835938,-0.067484663
110,73,183,0.35742188,0.20218579
115,69,184,0.359375,0.25
112,76,188,0.3671875,0.19148936
95,92,187,0.36523438,0.016042781
109,73,182,0.35546875,0.1978022
98,91,189,0.36914062,0.037037037
71,111,182,0.35546875,-0.21978022
70,100,170,0.33203125,-0.17647059
79,101,180,0.3515625,-0.12222222
72,106,178,0.34765625,-0.19101124
67,110,177,0.34570312,-0.24293785
89,87,176,0.34375,0.011363636
62,118,180,0.3515625,-0.31111111
81,95,176,0.34375,-0.079545455
107,68,175,0.34179688,0.22285714
74,96,170,0.33203125,-0.12941176
37,139,176,0.34375,-0.57954545
59,127,186,0.36328125,-0.3655914
90,103,193,0.37695312,-0.067357513
94,81,175,0.34179688,0.074285714
81,99,180,0.3515625,-0.1
85,83,168,0.328125,0.011904762
89,92,181,0.35351562,-0.016574586
69,115,184,0.359375,-0.25
84,95,179,0.34960938,-0.061452514
100,93,193,0.37695312,0.03626943
74,95,169,0.33007812,-0.12426036
117,55,172,0.3359375,0.36046512
62,113,175,0.34179688,-0.29142857
95,88,183,0.35742188,0.038251366
72,103,175,0.34179688,-0.17714286
87,79,166,0.32421875,0.048192771
106,69,175,0.34179688,0.21142857
71,112,183,0.35742188,-0.22404372
87,89,176,0.34375,-0.011363636
90,84,174,0.33984375,0.034482759
59,116,175,0.34179688,-0.32571429
76,92,168,0.328125,-0.095238095
71,114,185,0.36132812,-0.23243243
117,56,173,0.33789062,0.35260116
73,104,177,0.34570312,-0.17514124
90,79,169,0.33007812,0.065088757
39,139,178,0.34765625,-0.56179775
100,102,202,0.39453125,-0.0099009901
76,107,183,0.35742188,-0.16939891
89,96,185,0.36132812,-0.037837838
87,82,169,0.33007812,0.029585799
93,78,171,0.33398438,0.087719298
78,82,160,0.3125,-0.025
88,78,166,0.32421875,0.060240964
79,97,176,0.34375,-0.10227273
101,76,177,0.34570312,0.14124294
95,83,178,0.34765625,0.06741573
92,79,171,0.33398438,0.076023392
73,97,170,0.33203125,-0.14117647
86,79,165,0.32226562,0.042424242
100,74,174,0.33984375,0.14942529
113,79,192,0.375,0.17708333
55,108,163,0.31835938,-0.32515337
93,85,178,0.34765625,0.04494382
54,120,174,0.33984375,-0.37931034
108,77,185,0.36132812,0.16756757
82,101,183,0.35742188,-0.10382514
90,90,180,0.3515625,0
111,66,177,0.34570312,0.25423729
83,102,185,0.36132812,-0.1027027
102,82,184,0.359375,0.10869565
90,88,178,0.34765625,0.011235955
71,109,180,0.3515625,-0.21111111
126,71,197,0.38476562,0.27918782
87,87,174,0.33984375,0
100,75,175,0.34179688,0.14285714
75,95,170,0.33203125,-0.11764706
109,92,201,0.39257812,0.084577114
76,101,177,0.34570312,-0.14124294
87,94,181,0.35351562,-0.038674033
98,93,191,0.37304688,0.02617801
101,84,185,0.36132812,0.091891892
111,65,176,0.34375,0.26136364
96,87,183,0.35742188,0.049180328
97,84,181,0.35351562,0.071823204
130,56,186,0.36328125,0.39784946
74,102,176,0.34375,-0.15909091
77,94,171,0.33398438,-0.099415205
73,109,182,0.35546875,-0.1978022
90,102,192,0.375,-0.0625
63,111,174,0.33984375,-0.27586207
85,87,172,0.3359375,-0.011627907
108,82,190,0.37109375,0.13684211
108,62,170,0.33203125,0.27058824
99,79,178,0.34765625,0.11235955
98,99,197,0.38476562,-0.0050761421
81,100,181,0.35351562,-0.10497238
89,89,178,0.34765625,0
121,58,179,0.34960938,0.35195531
55,114,169,0.33007812,-0.34911243
110,74,184,0.359375,0.19565217
114,68,182,0.35546875,0.25274725
70,108,178,0.34765625,-0.21348315
88,76,164,0.3203125,0.073170732
104,74,178,0.34765625,0.16853933
59,120,179,0.34960938,-0.34078212
98,77,175,0.34179688,0.12
75,103,178,0.34765625,-0.15730337
44,130,174,0.33984375,-0.49425287
86,88,174,0.33984375,-0.011494253
85,86,171,0.33398438,-0.0058479532
100,94,194,0.37890625,0.030927835
104,72,176,0.34375,0.18181818
92,94,186,0.36328125,-0.010752688
97,89,186,0.36328125,0.043010753
115,70,185,0.36132812,0.24324324
125,73,198,0.38671875,0.26262626
99,86,185,0.36132812,0.07027027
83,81,164,0.3203125,0.012195122
60,121,181,0.35351562,-0.33701657
113,69,182,0.35546875,0.24175824
114,59,173,0.33789062,0.31791908
107,64,171,0.33398438,0.25146199
118,64,182,0.35546875,0.2967033
92,97,189,0.36914062,-0.026455026
90,82,172,0.3359375,0.046511628
104,73,177,0.34570312,0.17514124
86,83,169,0.33007812,0.017751479
87,83,170,0.33203125,0.023529412
98,89,187,0.36523438,0.048128342
84,88,172,0.3359375,-0.023255814
86,90,176,0.34375,-0.022727273
76,108,184,0.359375,-0.17391304
76,100,176,0.34375,-0.13636364
47,141,188,0.3671875,-0.5
96,72,168,0.328125,0.14285714
65,116,181,0.35351562,-0.28176796
83,99,182,0.35546875,-0.087912088
79,90,169,0.33007812,-0.065088757
97,84,181,0.35351562,0.071823204
91,92,183,0.35742188,-0.0054644809
40,150,190,0.37109375,-0.57894737
72,106,178,0.34765625,-0.19101124
62,122,184,0.359375,-0.32608696
95,74,169,0.33007812,0.12426036
100,74,174,0.33984375,0.14942529
65,108,173,0.33789062,-0.24855491
65,117,182,0.35546875,-0.28571429
77,80,157,0.30664062,-0.01910828
127,60,187,0.36523438,0.35828877
84,105,189,0.36914062,-0.11111111
75,103,178,0.34765625,-0.15730337
82,93,175,0.34179688,-0.062857143
101,85,186,0.36328125,0.086021505
91,88,179,0.34960938,0.016759777
101,76,177,0.34570312,0.14124294
76,104,180,0.3515625,-0.15555556
92,88,180,0.3515625,0.022222222
84,104,188,0.3671875,-0.10638298
87,97,184,0.359375,-0.054347826
117,54,171,0.33398438,0.36842105
101,77,178,0.34765625,0.13483146
99,76,175,0.34179688,0.13142857
81,89,170,0.33203125,-0.047058824
73,105,178,0.34765625,-0.17977528
80,96,176,0.34375,-0.090909091
101,81,182,0.35546875,0.10989011
113,69,182,0.35546875,0.24175824
67,106,173,0.33789062,-0.22543353
70,105,175,0.34179688,-0.2
107,58,165,0.32226562,0.2969697
86,81,167,0.32617188,0.02994012
71,109,180,0.3515625,-0.21111111
76,110,186,0.36328125,-0.1827957
95,72,167,0.32617188,0.13772455
113,74,187,0.36523438,0.20855615
100,66,166,0.32421875,0.20481928
104,64,168,0.328125,0.23809524
108,70,178,0.34765625,0.21348315
99,77,176,0.34375,0.125
98,65,163,0.31835938,0.20245399
89,78,167,0.32617188,0.065868263
99,77,176,0.34375,0.125
90,94,184,0.359375,-0.02173913
78,85,163,0.31835938,-0.042944785
94,80,174,0.33984375,0.08045977
80,107,187,0.36523438,-0.14438503
68,103,171,0.33398438,-0.20467836
94,92,186,0.36328125,0.010752688
109,66,175,0.34179688,0.24571429
62,121,183,0.35742188,-0.32240437
80,86,166,0.32421875,-0.036144578
71,93,164,0.3203125,-0.13414634
58,112,170,0.33203125,-0.31764706
78,105,183,0.35742188,-0.14754098
92,78,170,0.33203125,0.082352941
87,89,176,0.34375,-0.011363636
129,57,186,0.36328125,0.38709677
90,98,188,0.3671875,-0.042553191
77,100,177,0.34570312,-0.1299435
74,110,184,0.359375,-0.19565217
63,113,176,0.34375,-0.28409091
72,92,164,0.3203125,-0.12195122
99,63,162,0.31640625,0.22222222
113,68,181,0.35351562,0.24861878
92,90,182,0.35546875,0.010989011
97,81,178,0.34765625,0.08988764
79,96,175,0.34179688,-0.097142857
86,100,186,0.36328125,-0.075268817
109,66,175,0.34179688,0.24571429
105,80,185,0.36132812,0.13513514
94,82,176,0.34375,0.068181818
97,93,190,0.37109375,0.021052632
69,130,199,0.38867188,-0.30653266
69,109,178,0.34765625,-0.2247191
91,68,159,0.31054688,0.14465409
78,102,180,0.3515625,-0.13333333
64,122,186,0.36328125,-0.31182796
94,78,172,0.3359375,0.093023256
76,98,174,0.33984375,-0.12643678
97,83,180,0.3515625,0.077777778
98,76,174,0.33984375,0.12643678
85,91,176,0.34375,-0.034090909
90,91,181,0.35351562,-0.0055248619
64,110,174,0.33984375,-0.26436782
63,112,175,0.34179688,-0.28
117,54,171,0.33398438,0.36842105
99,78,177,0.34570312,0.11864407
93,97,190,0.37109375,-0.021052632
77,96,173,0.33789062,-0.10982659
108,74,182,0.35546875,0.18681319
86,90,176,0.34375,-0.022727273
71,103,174,0.33984375,-0.18390805
93,100,193,0.37695312,-0.03626943
90,97,187,0.36523438,-0.037433155
54,125,179,0.34960938,-0.39664804
86,81,167,0.32617188,0.02994012
91,88,179,0.34960938,0.016759777
100,75,175,0.34179688,0.14285714
129,68,197,0.38476562,0.30964467
101,86,187,0.36523438,0.080213904
73,106,179,0.34960938,-0.18435754
107,70,177,0.34570312,0.20903955
95,95,190,0.37109375,0
98,89,187,0.36523438,0.048128342
105,87,192,0.375,0.09375
70,108,178,0.34765625,-0.21348315
58,121,179,0.34960938,-0.35195531
81,93,174,0.33984375,-0.068965517
76,106,182,0.35546875,-0.16483516
114,63,177,0.34570312,0.28813559
112,76,188,0.3671875,0.19148936
91,92,183,0.35742188,-0.0054644809
115,65,180,0.3515625,0.27777778
99,79,178,0.34765625,0.11235955
58,106,164,0.3203125,-0.29268293
92,97,189,0.36914062,-0.026455026
120,69,189,0.36914062,0.26984127
58,129,187,0.36523438,-0.37967914
91,81,172,0.3359375,0.058139535
92,74,166,0.32421875,0.10843373
97,77,174,0.33984375,0.11494253
100,79,179,0.34960938,0.11731844
109,62,171,0.33398438,0.2748538
66,97,163,0.31835938,-0.19018405
95,64,159,0.31054688,0.19496855
73,114,187,0.36523438,-0.21925134
99,89,188,0.3671875,0.053191489
116,59,175,0.34179688,0.32571429
69,111,180,0.3515625,-0.23333333
89,99,188,0.3671875,-0.053191489
87,76,163,0.31835938,0.067484663
92,114,206,0.40234375,-0.10679612
85,96,181,0.35351562,-0.060773481
101,101,202,0.39453125,0
84,103,187,0.36523438,-0.10160428
86,105,191,0.37304688,-0.09947644
76,101,177,0.34570312,-0.14124294
72,112,184,0.359375,-0.2173913
64,118,182,0.35546875,-0.2967033
81,92,173,0.33789062,-0.063583815
87,107,194,0.37890625,-0.10309278
89,101,190,0.37109375,-0.063157895
110,61,171,0.33398438,0.28654971
81,86,167,0.32617188,-0.02994012
99,80,179,0.34960938,0.10614525
85,88,173,0.33789062,-0.01734104
109,63,172,0.3359375,0.26744186
84,101,185,0.36132812,-0.091891892
111,62,173,0.33789062,0.28323699
120,68,188,0.3671875,0.27659574
58,118,176,0.34375,-0.34090909
65,112,177,0.34570312,-0.26553672
74,92,166,0.32421875,-0.10843373
69,106,175,0.34179688,-0.21142857
83,98,181,0.35351562,-0.082872928
99,85,184,0.359375,0.076086957
93,82,175,0.34179688,0.062857143
92,92,184,0.359375,0
119,66,185,0.36132812,0.28648649
102,91,193,0.37695312,0.056994819
121,61,182,0.35546875,0.32967033
106,87,193,0.37695312,0.098445596
68,108,176,0.34375,-0.22727273
88,92,180,0.3515625,-0.022222222
104,86,190,0.37109375,0.094736842
105,73,178,0.34765625,0.17977528
96,83,179,0.34960938,0.072625698
50,127,177,0.34570312,-0.43502825
80,98,178,0.34765625,-0.1011236
67,117,184,0.359375,-0.27173913
101,70,171,0.33398438,0.18128655
109,80,189,0.36914062,0.15343915
61,123,184,0.359375,-0.33695652
80,108,188,0.3671875,-0.14893617
87,88,175,0.34179688,-0.0057142857
98,80,178,0.34765625,0.1011236
78,100,178,0.34765625,-0.12359551
85,92,177,0.34570312,-0.039548023
90,81,171,0.33398438,0.052631579
92,88,180,0.3515625,0.022222222
91,78,169,0.33007812,0.076923077
67,113,180,0.3515625,-0.25555556
90,86,176,0.34375,0.022727273
102,73,175,0.34179688,0.16571429
62,124,186,0.36328125,-0.33333333
98,75,173,0.33789062,0.13294798
107,82,189,0.36914062,0.13227513
106,77,183,0.35742188,0.15846995
106,75,181,0.35351562,0.17127072
85,91,176,0.34375,-0.034090909
85,72,157,0.30664062,0.082802548
74,102,176,0.34375,-0.15909091
99,88,187,0.36523438,0.058823529
87,87,174,0.33984375,0
90,85,175,0.34179688,0.028571429
107,78,185,0.36132812,0.15675676
120,57,177,0.34570312,0.3559322
71,100,171,0.33398438,-0.16959064
79,102,181,0.35351562,-0.12707182
89,74,163,0.31835938,0.09202454
69,111,180,0.3515625,-0.23333333
97,73,170,0.33203125,0.14117647
78,99,177,0.34570312,-0.11864407
71,109,180,0.3515625,-0.21111111
77,107,184,0.359375,-0.16304348
93,90,183,0.35742188,0.016393443
54,133,187,0.36523438,-0.42245989
89,91,180,0.3515625,-0.011111111
97,81,178,0.34765625,0.08988764
91,99,190,0.37109375,-0.042105263
77,98,175,0.34179688,-0.12
89,95,184,0.359375,-0.032608696
99,92,191,0.37304688,0.036649215
80,96,176,0.34375,-0.090909091
88,82,170,0.33203125,0.035294118
104,77,181,0.35351562,0.14917127
107,85,192,0.375,0.11458333
88,84,172,0.3359375,0.023255814
86,81,167,0.32617188,0.02994012
86,98,184,0.359375,-0.065217391
81,95,176,0.34375,-0.079545455
110,76,186,0.36328125,0.1827957
104,74,178,0.34765625,0.16853933
63,109,172,0.3359375,-0.26744186
68,113,181,0.35351562,-0.24861878
70,117,187,0.36523438,-0.2513369
88,89,177,0.34570312,-0.0056497175
96,101,197,0.38476562,-0.025380711
96,78,174,0.33984375,0.10344828
84,97,181,0.35351562,-0.071823204
98,72,170,0.33203125,0.15294118
108,71,179,0.34960938,0.20670391
77,104,181,0.35351562,-0.14917127
76,105,181,0.35351562,-0.16022099
134,43,177,0.34570312,0.51412429
101,86,187,0.36523438,0.080213904
117,76,193,0.37695312,0.21243523
83,95,178,0.34765625,-0.06741573
106,90,196,0.3828125,0.081632653
77,98,175,0.34179688,-0.12
99,83,182,0.35546875,0.087912088
82,91,173,0.33789062,-0.052023121
96,71,167,0.32617188,0.1497006
72,116,188,0.3671875,-0.23404255
90,85,175,0.34179688,0.028571429
74,102,176,0.34375,-0.15909091
103,82,185,0.36132812,0.11351351
100,83,183,0.35742188,0.092896175
83,110,193,0.37695312,-0.13989637
84,99,183,0.35742188,-0.081967213
47,136,183,0.35742188,-0.4863388
100,78,178,0.34765625,0.12359551
79,90,169,0.33007812,-0.065088757
87,100,187,0.36523438,-0.069518717
112,71,183,0.35742188,0.22404372
48,134,182,0.35546875,-0.47252747
106,67,173,0.33789062,0.22543353
116,64,180,0.3515625,0.28888889
104,70,174,0.33984375,0.1954023
89,102,191,0.37304688,-0.068062827
105,80,185,0.36132812,0.13513514
93,90,183,0.35742188,0.016393443
96,82,178,0.34765625,0.078651685
94,77,171,0.33398438,0.099415205
104,76,180,0.3515625,0.15555556
104,68,172,0.3359375,0.20930233
97,82,179,0.34960938,0.083798883
97,88,185,0.36132812,0.048648649
80,102,182,0.35546875,-0.12087912
109,83,192,0.375,0.13541667
118,72,190,0.37109375,0.24210526
95,78,173,0.33789062,0.098265896
72,111,183,0.35742188,-0.21311475
102,77,179,0.34960938,0.1396648
97,74,171,0.33398438,0.13450292
82,87,169,0.33007812,-0.029585799
76,107,183,0.35742188,-0.16939891
111,76,187,0.36523438,0.18716578
71,107,178,0.34765625,-0.20224719
74,117,191,0.37304688,-0.22513089
83,90,173,0.33789062,-0.040462428
114,77,191,0.37304688,0.19371728
105,82,187,0.36523438,0.12299465
112,66,178,0.34765625,0.25842697
75,94,169,0.33007812,-0.11242604
84,108,192,0.375,-0.125
91,94,185,0.36132812,-0.016216216
56,121,177,0.34570312,-0.36723164
96,82,178,0.34765625,0.078651685
98,89,187,0.36523438,0.048128342
82,100,182,0.35546875,-0.098901099
80,105,185,0.36132812,-0.13513514
105,69,174,0.33984375,0.20689655
62,128,190,0.37109375,-0.34736842
105,74,179,0.34960938,0.17318436
88,99,187,0.36523438,-0.058823529
123,50,173,0.33789062,0.42196532
77,101,178,0.34765625,-0.13483146
62,119,181,0.35351562,-0.31491713
91,68,159,0.31054688,0.14465409
100,60,160,0.3125,0.25
99,73,172,0.3359375,0.15116279
68,102,170,0.33203125,-0.2
106,75,181,0.35351562,0.17127072
100,87,187,0.36523438,0.069518717
92,89,181,0.35351562,0.016574586
89,93,182,0.35546875,-0.021978022
94,82,176,0.34375,0.068181818
104,82,186,0.36328125,0.11827957
83,109,192,0.375,-0.13541667
78,88,166,0.32421875,-0.060240964
85,85,170,0.33203125,0
84,91,175,0.34179688,-0.04
101,86,187,0.36523438,0.080213904
83,99,182,0.35546875,-0.087912088
110,76,186,0.36328125,0.1827957
119,68,187,0.36523438,0.27272727
69,121,190,0.37109375,-0.27368421
86,97,183,0.35742188,-0.06010929
84,100,184,0.359375,-0.086956522
121,70,191,0.37304688,0.26701571
96,74,170,0.33203125,0.12941176
71,101,172,0.3359375,-0.1744186
115,77,192,0.375,0.19791667
127,65,192,0.375,0.32291667
121,63,184,0.359375,0.31521739
95,87,182,0.35546875,0.043956044
100,60,160,0.3125,0.25
90,92,182,0.35546875,-0.010989011
79,100,179,0.34960938,-0.11731844
117,72,189,0.36914062,0.23809524
78,110,188,0.3671875,-0.17021277
97,95,192,0.375,0.010416667
113,70,183,0.35742188,0.23497268
63,127,190,0.37109375,-0.33684211
77,111,188,0.3671875,-0.18085106
82,101,183,0.35742188,-0.10382514
91,83,174,0.33984375,0.045977011
113,61,174,0.33984375,0.29885057
109,79,188,0.3671875,0.15957447
86,103,189,0.36914062,-0.08994709
94,79,173,0.33789062,0.086705202
95,81,176,0.34375,0.079545455
105,64,169,0.33007812,0.24260355
91,89,180,0.3515625,0.011111111
86,89,175,0.34179688,-0.017142857
121,62,183,0.35742188,0.32240437
76,103,179,0.34960938,-0.15083799
108,74,182,0.35546875,0.18681319
111,75,186,0.36328125,0.19354839
91,91,182,0.35546875,0
73,118,191,0.37304688,-0.23560209
87,72,159,0.31054688,0.094339623
95,82,177,0.34570312,0.073446328
77,102,179,0.34960938,-0.1396648
91,95,186,0.36328125,-0.021505376
53,136,189,0.36914062,-0.43915344
101,76,177,0.34570312,0.14124294
70,117,187,0.36523438,-0.2513369
93,86,179,0.34960938,0.039106145
85,84,169,0.33007812,0.0059171598
85,91,176,0.34375,-0.034090909
92,110,202,0.39453125,-0.089108911
99,85,184,0.359375,0.076086957
76,108,184,0.359375,-0.17391304
111,68,179,0.34960938,0.24022346
97,87,184,0.359375,0.054347826
113,76,189,0.36914062,0.1957672
72,98,170,0.33203125,-0.15294118
105,65,170,0.33203125,0.23529412
81,115,196,0.3828125,-0.17346939
106,92,198,0.38671875,0.070707071
105,69,174,0.33984375,0.20689655
62,110,172,0.3359375,-0.27906977
85,97,182,0.35546875,-0.065934066
100,74,174,0.33984375,0.14942529
119,57,176,0.34375,0.35227273
87,92,179,0.34960938,-0.027932961
75,91,166,0.32421875,-0.096385542
73,98,171,0.33398438,-0.14619883
99,78,177,0.34570312,0.11864407
75,109,184,0.359375,-0.18478261
75,87,162,0.31640625,-0.074074074
116,61,177,0.34570312,0.31073446
114,63,177,0.34570312,0.28813559
73,99,172,0.3359375,-0.15116279
66,110,176,0.34375,-0.25
96,85,181,0.35351562,0.060773481
94,81,175,0.34179688,0.074285714
92,88,180,0.3515625,0.022222222
88,88,176,0.34375,0
117,70,187,0.36523438,0.2513369
85,97,182,0.35546875,-0.065934066
107,76,183,0.35742188,0.16939891
78,100,178,0.34765625,-0.12359551
79,88,167,0.32617188,-0.053892216
103,76,179,0.34960938,0.15083799
90,89,179,0.34960938,0.0055865922
101,73,174,0.33984375,0.16091954
85,80,165,0.32226562,0.03030303
103,84,187,0.36523438,0.10160428
87,94,181,0.35351562,-0.038674033
81,86,167,0.32617188,-0.02994012
109,69,178,0.34765625,0.2247191
90,98,188,0.3671875,-0.042553191
67,101,168,0.328125,-0.20238095
89,98,187,0.36523438,-0.048128342
79,99,178,0.34765625,-0.11235955
84,99,183,0.35742188,-0.081967213
58,121,179,0.34960938,-0.35195531
90,81,171,0.33398438,0.052631579
101,70,171,0.33398438,0.18128655
72,97,169,0.33007812,-0.14792899
113,81,194,0.37890625,0.16494845
91,83,174,0.33984375,0.045977011
83,87,170,0.33203125,-0.023529412
69,102,171,0.33398438,-0.19298246
86,104,190,0.37109375,-0.094736842
58,133,191,0.37304688,-0.39267016
105,80,185,0.36132812,0.13513514
116,69,185,0.36132812,0.25405405
110,76,186,0.36328125,0.1827957
90,103,193,0.37695312,-0.067357513
101,77,178,0.34765625,0.13483146
119,53,172,0.3359375,0.38372093
108,67,175,0.34179688,0.23428571
59,135,194,0.37890625,-0.39175258
95,90,185,0.36132812,0.027027027
87,94,181,0.35351562,-0.038674033
92,94,186,0.36328125,-0.010752688
77,107,184,0.359375,-0.16304348
75,106,181,0.35351562,-0.17127072
104,84,188,0.3671875,0.10638298
110,71,181,0.35351562,0.21546961
98,93,191,0.37304688,0.02617801
62,126,188,0.3671875,-0.34042553
123,58,181,0.35351562,0.35911602
101,83,184,0.359375,0.097826087
85,80,165,0.32226562,0.03030303
87,81,168,0.328125,0.035714286
92,103,195,0.38085938,-0.056410256
91,91,182,0.35546875,0
95,82,177,0.34570312,0.073446328
87,89,176,0.34375,-0.011363636
123,68,191,0.37304688,0.28795812
88,98,186,0.36328125,-0.053763441
102,87,189,0.36914062,0.079365079
94,89,183,0.35742188,0.027322404
107,87,194,0.37890625,0.10309278
93,72,165,0.32226562,0.12727273
114,68,182,0.35546875,0.25274725
128,59,187,0.36523438,0.36898396
58,129,187,0.36523438,-0.37967914
74,88,162,0.31640625,-0.086419753
73,103,176,0.34375,-0.17045455
90,87,177,0.34570312,0.016949153
76,98,174,0.33984375,-0.12643678
77,96,173,0.33789062,-0.10982659
79,106,185,0.36132812,-0.14594595
102,76,178,0.34765625,0.14606742
98,75,173,0.33789062,0.13294798
98,93,191,0.37304688,0.02617801
102,80,182,0.35546875,0.12087912
82,90,172,0.3359375,-0.046511628
99,82,181,0.35351562,0.093922652
91,75,166,0.32421875,0.096385542
93,79,172,0.3359375,0.081395349
102,85,187,0.36523438,0.090909091
112,68,180,0.3515625,0.24444444
65,115,180,0.3515625,-0.27777778
111,55,166,0.32421875,0.3373494
81,105,186,0.36328125,-0.12903226
93,92,185,0.36132812,0.0054054054
119,62,181,0.35351562,0.31491713
88,84,172,0.3359375,0.023255814
96,78,174,0.33984375,0.10344828
108,67,175,0.34179688,0.23428571
73,107,180,0.3515625,-0.18888889
97,79,176,0.34375,0.10227273
78,99,177,0.34570312,-0.11864407
76,99,175,0.34179688,-0.13142857
66,110,176,0.34375,-0.25
89,92,181,0.35351562,-0.016574586
49,137,186,0.36328125,-0.47311828
121,59,180,0.3515625,0.34444444
94,86,180,0.3515625,0.044444444
111,50,161,0.31445312,0.37888199
110,65,175,0.34179688,0.25714286
77,109,186,0.36328125,-0.17204301
128,47,175,0.34179688,0.46285714
78,105,183,0.35742188,-0.14754098
85,93,178,0.34765625,-0.04494382
85,76,161,0.31445312,0.055900621
66,111,177,0.34570312,-0.25423729
103,83,186,0.36328125,0.10752688
98,67,165,0.32226562,0.18787879
94,79,173,0.33789062,0.086705202
69,103,172,0.3359375,-0.19767442
109,66,175,0.34179688,0.24571429
83,108,191,0.37304688,-0.13089005
86,103,189,0.36914062,-0.08994709
101,84,185,0.36132812,0.091891892
101,72,173,0.33789062,0.16763006
88,84,172,0.3359375,0.023255814
70,109,179,0.34960938,-0.21787709
89,86,175,0.34179688,0.017142857
107,78,185,0.36132812,0.15675676
109,72,181,0.35351562,0.20441989
68,112,180,0.3515625,-0.24444444
102,88,190,0.37109375,0.073684211
79,99,178,0.34765625,-0.11235955
116,62,178,0.34765625,0.30337079
76,95,171,0.33398438,-0.11111111
71,115,186,0.36328125,-0.23655914
104,93,197,0.38476562,0.055837563
72,113,185,0.36132812,-0.22162162
90,106,196,0.3828125,-0.081632653
84,100,184,0.359375,-0.086956522
77,103,180,0.3515625,-0.14444444
102,86,188,0.3671875,0.085106383
82,94,176,0.34375,-0.068181818
88,93,181,0.35351562,-0.027624309
69,103,172,0.3359375,-0.19767442
88,93,181,0.35351562,-0.027624309
87,104,191,0.37304688,-0.089005236
97,86,183,0.35742188,0.06010929
88,95,183,0.35742188,-0.038251366
103,74,177,0.34570312,0.16384181
69,99,168,0.328125,-0.17857143
97,96,193,0.37695312,0.0051813472
85,104,189,0.36914062,-0.1005291
113,68,181,0.35351562,0.24861878
92,87,179,0.34960938,0.027932961
75,114,189,0.36914062,-0.20634921
87,97,184,0.359375,-0.054347826
67,91,158,0.30859375,-0.15189873
117,79,196,0.3828125,0.19387755
94,84,178,0.34765625,0.056179775
90,89,179,0.34960938,0.0055865922
75,102,177,0.34570312,-0.15254237
98,85,183,0.35742188,0.071038251
84,92,176,0.34375,-0.045454545
76,94,170,0.33203125,-0.10588235
84,87,171,0.33398438,-0.01754386
99,89,188,0.3671875,0.053191489
57,124,181,0.35351562,-0.37016575
113,69,182,0.35546875,0.24175824
127,56,183,0.35742188,0.38797814
112,75,187,0.36523438,0.19786096
94,92,186,0.36328125,0.010752688
74,118,192,0.375,-0.22916667
71,99,170,0.33203125,-0.16470588
93,63,156,0.3046875,0.19230769
76,99,175,0.34179688,-0.13142857
73,106,179,0.34960938,-0.18435754
61,116,177,0.34570312,-0.31073446
103,53,156,0.3046875,0.32051282
98,75,173,0.33789062,0.13294798
115,63,178,0.34765625,0.29213483
73,116,189,0.36914062,-0.22751323
76,110,186,0.36328125,-0.1827957
89,91,180,0.3515625,-0.011111111
74,92,166,0.32421875,-0.10843373
93,86,179,0.34960938,0.039106145
84,95,179,0.34960938,-0.061452514
82,85,167,0.32617188,-0.017964072
61,125,186,0.36328125,-0.34408602
106,81,187,0.36523438,0.13368984
83,95,178,0.34765625,-0.06741573
81,92,173,0.33789062,-0.063583815
98,78,176,0.34375,0.11363636
101,62,163,0.31835938,0.2392638
85,99,184,0.359375,-0.076086957
118,69,187,0.36523438,0.26203209
106,60,166,0.32421875,0.27710843
96,94,190,0.37109375,0.010526316
101,75,176,0.34375,0.14772727
98,84,182,0.35546875,0.076923077
98,70,168,0.328125,0.16666667
102,56,158,0.30859375,0.29113924
85,90,175,0.34179688,-0.028571429
83,92,175,0.34179688,-0.051428571
78,89,167,0.32617188,-0.065868263
105,75,180,0.3515625,0.16666667
100,69,169,0.33007812,0.18343195
80,97,177,0.34570312,-0.096045198
77,118,195,0.38085938,-0.21025641
95,82,177,0.34570312,0.073446328
96,89,185,0.36132812,0.037837838
94,88,182,0.35546875,0.032967033
93,91,184,0.359375,0.010869565
117,65,182,0.35546875,0.28571429
91,94,185,0.36132812,-0.016216216
100,86,186,0.36328125,0.075268817
108,79,187,0.36523438,0.15508021
79,80,159,0.31054688,-0.0062893082
91,99,190,0.37109375,-0.042105263
78,104,182,0.35546875,-0.14285714
90,87,177,0.34570312,0.016949153
111,56,167,0.32617188,0.32934132
79,86,165,0.32226562,-0.042424242
74,101,175,0.34179688,-0.15428571
77,99,176,0.34375,-0.125
99,67,166,0.32421875,0.19277108
71,99,170,0.33203125,-0.16470588
95,79,174,0.33984375,0.091954023
54,156,210,0.41015625,-0.48571429
80,99,179,0.34960938,-0.10614525
111,76,187,0.36523438,0.18716578
80,101,181,0.35351562,-0.1160221
76,108,184,0.359375,-0.17391304
71,118,189,0.36914062,-0.24867725
121,74,195,0.38085938,0.24102564
107,89,196,0.3828125,0.091836735
67,103,170,0.33203125,-0.21176471
64,106,170,0.33203125,-0.24705882
80,112,192,0.375,-0.16666667
86,91,177,0.34570312,-0.028248588
82,76,158,0.30859375,0.037974684
126,60,186,0.36328125,0.35483871
91,78,169,0.33007812,0.076923077
65,130,195,0.38085938,-0.33333333
85,93,178,0.34765625,-0.04494382
84,95,179,0.34960938,-0.061452514
98,70,168,0.328125,0.16666667
105,81,186,0.36328125,0.12903226
65,117,182,0.35546875,-0.28571429
97,91,188,0.3671875,0.031914894
59,113,172,0.3359375,-0.31395349
74,109,183,0.35742188,-0.19125683
99,81,180,0.3515625,0.1
105,64,169,0.33007812,0.24260355
93,94,187,0.36523438,-0.0053475936
69,111,180,0.3515625,-0.23333333
88,85,173,0.33789062,0.01734104
101,83,184,0.359375,0.097826087
107,77,184,0.359375,0.16304348
92,107,199,0.38867188,-0.075376884
78,93,171,0.33398438,-0.087719298
114,84,198,0.38671875,0.15151515
100,73,173,0.33789062,0.15606936
107,68,175,0.34179688,0.22285714
101,91,192,0.375,0.052083333
90,78,168,0.328125,0.071428571
97,62,159,0.31054688,0.22012579
104,76,180,0.3515625,0.15555556
104,78,182,0.35546875,0.14285714
97,93,190,0.37109375,0.021052632
75,108,183,0.35742188,-0.18032787
91,83,174,0.33984375,0.045977011
67,107,174,0.33984375,-0.22988506
123,69,192,0.375,0.28125
60,119,179,0.34960938,-0.32960894
101,78,179,0.34960938,0.12849162
88,80,168,0.328125,0.047619048
76,105,181,0.35351562,-0.16022099
67,128,195,0.38085938,-0.31282051
93,88,181,0.35351562,0.027624309
55,132,187,0.36523438,-0.41176471
91,86,177,0.34570312,0.028248588
75,99,174,0.33984375,-0.13793103
83,87,170,0.33203125,-0.023529412
107,78,185,0.36132812,0.15675676
82,103,185,0.36132812,-0.11351351
77,93,170,0.33203125,-0.094117647
102,80,182,0.35546875,0.12087912
80,92,172,0.3359375,-0.069767442
109,72,181,0.35351562,0.20441989
76,98,174,0.33984375,-0.12643678
80,118,198,0.38671875,-0.19191919
118,71,189,0.36914062,0.24867725
75,112,187,0.36523438,-0.19786096
86,83,169,0.33007812,0.017751479
73,126,199,0.38867188,-0.26633166
60,106,166,0.32421875,-0.27710843
80,99,179,0.34960938,-0.10614525
106,81,187,0.36523438,0.13368984
91,70,161,0.31445312,0.13043478
70,110,180,0.3515625,-0.22222222
88,82,170,0.33203125,0.035294118
92,90,182,0.35546875,0.010989011
59,124,183,0.35742188,-0.35519126
102,53,155,0.30273438,0.31612903
111,71,182,0.35546875,0.21978022
73,118,191,0.37304688,-0.23560209
56,107,163,0.31835938,-0.31288344
91,90,181,0.35351562,0.0055248619
77,90,167,0.32617188,-0.077844311
75,105,180,0.3515625,-0.16666667
101,79,180,0.3515625,0.12222222
59,135,194,0.37890625,-0.39175258
116,75,191,0.37304688,0.21465969
105,68,173,0.33789062,0.21387283
55,116,171,0.33398438,-0.35672515
57,99,156,0.3046875,-0.26923077
96,76,172,0.3359375,0.11627907
88,91,179,0.34960938,-0.016759777
100,76,176,0.34375,0.13636364
112,74,186,0.36328125,0.20430108
111,79,190,0.37109375,0.16842105
85,93,178,0.34765625,-0.04494382
107,59,166,0.32421875,0.28915663
105,68,173,0.33789062,0.21387283
103,82,185,0.36132812,0.11351351
82,100,182,0.35546875,-0.098901099
83,99,182,0.35546875,-0.087912088
80,97,177,0.34570312,-0.096045198
112,74,186,0.36328125,0.20430108
88,80,168,0.328125,0.047619048
84,100,184,0.359375,-0.086956522
98,91,189,0.36914062,0.037037037
77,96,173,0.33789062,-0.10982659
75,93,168,0.328125,-0.10714286
125,46,171,0.33398438,0.4619883
60,103,163,0.31835938,-0.26380368
71,112,183,0.35742188,-0.22404372
99,83,182,0.35546875,0.087912088
71,111,182,0.35546875,-0.21978022
74,108,182,0.35546875,-0.18681319
134,53,187,0.36523438,0.43315508
130,57,187,0.36523438,0.39037433
69,110,179,0.34960938,-0.22905028
106,76,182,0.35546875,0.16483516
67,108,175,0.34179688,-0.23428571
91,76,167,0.32617188,0.089820359
107,68,175,0.34179688,0.22285714
79,92,171,0.33398438,-0.076023392
76,81,157,0.30664062,-0.031847134
90,97,187,0.36523438,-0.037433155
95,80,175,0.34179688,0.085714286
65,118,183,0.35742188,-0.28961749
58,128,186,0.36328125,-0.37634409
124,64,188,0.3671875,0.31914894
78,96,174,0.33984375,-0.10344828
102,71,173,0.33789062,0.17919075
59,123,182,0.35546875,-0.35164835
59,122,181,0.35351562,-0.3480663
95,96,191,0.37304688,-0.0052356021
93,90,183,0.35742188,0.016393443
102,70,172,0.3359375,0.18604651
102,73,175,0.34179688,0.16571429
83,92,175,0.34179688,-0.051428571
110,72,182,0.35546875,0.20879121
92,95,187,0.36523438,-0.016042781
77,102,179,0.34960938,-0.1396648
87,108,195,0.38085938,-0.10769231
69,116,185,0.36132812,-0.25405405
74,100,174,0.33984375,-0.14942529
60,116,176,0.34375,-0.31818182
106,86,192,0.375,0.10416667
104,73,177,0.34570312,0.17514124
89,89,178,0.34765625,0
62,124,186,0.36328125,-0.33333333
87,82,169,0.33007812,0.029585799
76,93,169,0.33007812,-0.10059172
82,96,178,0.34765625,-0.078651685
87,94,181,0.35351562,-0.038674033
83,99,182,0.35546875,-0.087912088
65,99,164,0.3203125,-0.20731707
91,84,175,0.34179688,0.04
73,115,188,0.3671875,-0.22340426
104,72,176,0.34375,0.18181818
89,85,174,0.33984375,0.022988506
90,87,177,0.34570312,0.016949153
69,105,174,0.33984375,-0.20689655
96,88,184,0.359375,0.043478261
68,113,181,0.35351562,-0.24861878
91,82,173,0.33789062,0.052023121
70,97,167,0.32617188,-0.16167665
62,113,175,0.34179688,-0.29142857
104,82,186,0.36328125,0.11827957
98,83,181,0.35351562,0.082872928
84,96,180,0.3515625,-0.066666667
99,92,191,0.37304688,0.036649215
83,90,173,0.33789062,-0.040462428
106,88,194,0.37890625,0.092783505
92,86,178,0.34765625,0.033707865
96,79,175,0.34179688,0.097142857
102,69,171,0.33398438,0.19298246
75,94,169,0.33007812,-0.11242604
95,87,182,0.35546875,0.043956044
121,56,177,0.34570312,0.36723164
78,106,184,0.359375,-0.15217391
94,94,188,0.3671875,0
98,94,192,0.375,0.020833333
91,88,179,0.34960938,0.016759777
107,72,179,0.34960938,0.19553073
119,64,183,0.35742188,0.30054645
100,96,196,0.3828125,0.020408163
68,106,174,0.33984375,-0.2183908
110,79,189,0.36914062,0.16402116
70,104,174,0.33984375,-0.1954023
116,64,180,0.3515625,0.28888889
94,103,197,0.38476562,-0.045685279
68,114,182,0.35546875,-0.25274725
74,101,175,0.34179688,-0.15428571
116,76,192,0.375,0.20833333
63,102,165,0.32226562,-0.23636364
110,68,178,0.34765625,0.23595506
57,108,165,0.32226562,-0.30909091
84,91,175,0.34179688,-0.04
69,107,176,0.34375,-0.21590909
109,88,197,0.38476562,0.10659898
72,110,182,0.35546875,-0.20879121
87,86,173,0.33789062,0.0057803468
96,80,176,0.34375,0.090909091
110,80,190,0.37109375,0.15789474
99,93,192,0.375,0.03125
111,66,177,0.34570312,0.25423729
72,111,183,0.35742188,-0.21311475
119,61,180,0.3515625,0.32222222
90,73,163,0.31835938,0.10429448
78,100,178,0.34765625,-0.12359551
132,41,173,0.33789062,0.52601156
104,72,176,0.34375,0.18181818
92,90,182,0.35546875,0.010989011
81,95,176,0.34375,-0.079545455
74,100,174,0.33984375,-0.14942529
69,110,179,0.34960938,-0.22905028
63,120,183,0.35742188,-0.31147541
83,85,168,0.328125,-0.011904762
78,102,180,0.3515625,-0.13333333
121,57,178,0.34765625,0.35955056
84,96,180,0.3515625,-0.066666667
73,100,173,0.33789062,-0.15606936
65,103,168,0.328125,-0.22619048
104,82,186,0.36328125,0.11827957
101,69,170,0.33203125,0.18823529
80,97,177,0.34570312,-0.096045198
87,85,172,0.3359375,0.011627907
101,77,178,0.34765625,0.13483146
102,65,167,0.32617188,0.22155689
69,100,169,0.33007812,-0.18343195
80,104,184,0.359375,-0.13043478
69,97,166,0.32421875,-0.1686747
78,101,179,0.34960938,-0.12849162
92,92,184,0.359375,0
69,99,168,0.328125,-0.17857143
93,81,174,0.33984375,0.068965517
79,104,183,0.35742188,-0.13661202
110,69,179,0.34960938,0.22905028
58,119,177,0.34570312,-0.34463277
105,61,166,0.32421875,0.26506024
68,112,180,0.3515625,-0.24444444
102,67,169,0.33007812,0.20710059
72,104,176,0.34375,-0.18181818
92,90,182,0.35546875,0.010989011
90,96,186,0.36328125,-0.032258065
110,67,177,0.34570312,0.24293785
75,98,173,0.33789062,-0.13294798
101,77,178,0.34765625,0.13483146
95,81,176,0.34375,0.079545455
97,64,161,0.31445312,0.20496894
95,84,179,0.34960938,0.061452514
62,115,177,0.34570312,-0.29943503
108,76,184,0.359375,0.17391304
94,100,194,0.37890625,-0.030927835
100,96,196,0.3828125,0.020408163
73,88,161,0.31445312,-0.093167702
84,94,178,0.34765625,-0.056179775
86,95,181,0.35351562,-0.049723757
114,75,189,0.36914062,0.20634921
105,70,175,0.34179688,0.2
95,77,172,0.3359375,0.10465116
72,112,184,0.359375,-0.2173913
92,87,179,0.34960938,0.027932961
100,76,176,0.34375,0.13636364
102,74,176,0.34375,0.15909091
79,109,188,0.3671875,-0.15957447
124,63,187,0.36523438,0.32620321
66,103,169,0.33007812,-0.21893491
77,91,168,0.328125,-0.083333333
97,76,173,0.33789062,0.12138728
59,120,179,0.34960938,-0.34078212
101,71,172,0.3359375,0.1744186
81,113,194,0.37890625,-0.16494845
99,84,183,0.35742188,0.081967213
85,92,177,0.34570312,-0.039548023
103,73,176,0.34375,0.17045455
87,94,181,0.35351562,-0.038674033
81,95,176,0.34375,-0.079545455
113,70,183,0.35742188,0.23497268
115,64,179,0.34960938,0.2849162
115,70,185,0.36132812,0.24324324
82,96,178,0.34765625,-0.078651685
55,125,180,0.3515625,-0.38888889
82,84,166,0.32421875,-0.012048193
92,99,191,0.37304688,-0.036649215
98,98,196,0.3828125,0
79,91,170,0.33203125,-0.070588235
85,113,198,0.38671875,-0.14141414
57,123,180,0.3515625,-0.36666667
86,81,167,0.32617188,0.02994012
104,71,175,0.34179688,0.18857143
63,122,185,0.36132812,-0.31891892
114,65,179,0.34960938,0.27374302
66,120,186,0.36328125,-0.29032258
103,85,188,0.3671875,0.095744681
74,112,186,0.36328125,-0.20430108
84,95,179,0.34960938,-0.061452514
83,87,170,0.33203125,-0.023529412
69,113,182,0.35546875,-0.24175824
118,65,183,0.35742188,0.28961749
66,104,170,0.33203125,-0.22352941
83,100,183,0.35742188,-0.092896175
103,68,171,0.33398438,0.20467836
107,78,185,0.36132812,0.15675676
88,105,193,0.37695312,-0.088082902
95,77,172,0.3359375,0.10465116
96,81,177,0.34570312,0.084745763
91,81,172,0.3359375,0.058139535
94,78,172,0.3359375,0.093023256
86,95,181,0.35351562,-0.049723757
102,79,181,0.35351562,0.12707182
93,75,168,0.328125,0.10714286
67,90,157,0.30664062,-0.14649682
96,75,171,0.33398438,0.12280702
100,77,177,0.34570312,0.1299435
58,130,188,0.3671875,-0.38297872
95,87,182,0.35546875,0.043956044
98,77,175,0.34179688,0.12
78,121,199,0.38867188,-0.2160804
79,93,172,0.3359375,-0.081395349
74,112,186,0.36328125,-0.20430108
138,62,200,0.390625,0.38
71,114,185,0.36132812,-0.23243243
95,94,189,0.36914062,0.0052910053
71,106,177,0.34570312,-0.19774011
80,102,182,0.35546875,-0.12087912
90,89,179,0.34960938,0.0055865922
114,59,173,0.33789062,0.31791908
111,77,188,0.3671875,0.18085106
79,98,177,0.34570312,-0.10734463
113,58,171,0.33398438,0.32163743
106,82,188,0.3671875,0.12765957
87,100,187,0.36523438,-0.069518717
73,95,168,0.328125,-0.13095238
86,98,184,0.359375,-0.065217391
84,84,168,0.328125,0
87,86,173,0.33789062,0.0057803468
93,87,180,0.3515625,0.033333333
106,80,186,0.36328125,0.13978495
75,98,173,0.33789062,-0.13294798
98,68,166,0.32421875,0.18072289
76,107,183,0.35742188,-0.16939891
56,119,175,0.34179688,-0.36
87,99,186,0.36328125,-0.064516129
89,91,180,0.3515625,-0.011111111
122,56,178,0.34765625,0.37078652
95,91,186,0.36328125,0.021505376
84,102,186,0.36328125,-0.096774194
107,79,186,0.36328125,0.15053763
101,82,183,0.35742188,0.10382514
132,54,186,0.36328125,0.41935484
87,98,185,0.36132812,-0.059459459
104,79,183,0.35742188,0.13661202
80,104,184,0.359375,-0.13043478
61,119,180,0.3515625,-0.32222222
87,90,177,0.34570312,-0.016949153
108,64,172,0.3359375,0.25581395
63,103,166,0.32421875,-0.24096386
119,57,176,0.34375,0.35227273
76,111,187,0.36523438,-0.18716578
90,98,188,0.3671875,-0.042553191
95,87,182,0.35546875,0.043956044
73,106,179,0.34960938,-0.18435754
65,109,174,0.33984375,-0.25287356
68,106,174,0.33984375,-0.2183908
111,69,180,0.3515625,0.23333333
95,103,198,0.38671875,-0.04040404
86,98,184,0.359375,-0.065217391
96,73,169,0.33007812,0.13609467
87,96,183,0.35742188,-0.049180328
102,87,189,0.36914062,0.079365079
117,65,182,0.35546875,0.28571429
105,66,171,0.33398438,0.22807018
81,90,171,0.33398438,-0.052631579
70,105,175,0.34179688,-0.2
72,119,191,0.37304688,-0.2460733
75,94,169,0.33007812,-0.11242604
111,69,180,0.3515625,0.23333333
86,95,181,0.35351562,-0.049723757
76,91,167,0.32617188,-0.089820359
93,88,181,0.35351562,0.027624309
96,83,179,0.34960938,0.072625698
88,79,167,0.32617188,0.053892216
96,90,186,0.36328125,0.032258065
92,88,180,0.3515625,0.022222222
88,101,189,0.36914062,-0.068783069
96,83,179,0.34960938,0.072625698
89,82,171,0.33398438,0.040935673
104,83,187,0.36523438,0.11229947
69,108,177,0.34570312,-0.22033898
74,102,176,0.34375,-0.15909091
94,94,188,0.3671875,0
87,93,180,0.3515625,-0.033333333
65,98,163,0.31835938,-0.20245399
56,120,176,0.34375,-0.36363636
84,108,192,0.375,-0.125
74,93,167,0.32617188,-0.11377246
76,95,171,0.33398438,-0.11111111
102,80,182,0.35546875,0.12087912
119,68,187,0.36523438,0.27272727
72,106,178,0.34765625,-0.19101124
86,105,191,0.37304688,-0.09947644
123,64,187,0.36523438,0.31550802
59,121,180,0.3515625,-0.34444444
95,75,170,0.33203125,0.11764706
119,73,192,0.375,0.23958333
104,78,182,0.35546875,0.14285714
112,66,178,0.34765625,0.25842697
114,83,197,0.38476562,0.15736041
93,99,192,0.375,-0.03125
83,89,172,0.3359375,-0.034883721
79,96,175,0.34179688,-0.097142857
76,105,181,0.35351562,-0.16022099
82,101,183,0.35742188,-0.10382514
102,86,188,0.3671875,0.085106383
67,117,184,0.359375,-0.27173913
111,74,185,0.36132812,0.2
96,80,176,0.34375,0.090909091
73,114,187,0.36523438,-0.21925134
103,86,189,0.36914062,0.08994709
73,89,162,0.31640625,-0.098765432
92,84,176,0.34375,0.045454545
74,86,160,0.3125,-0.075
53,107,160,0.3125,-0.3375
58,120,178,0.34765625,-0.34831461
45,165,210,0.41015625,-0.57142857
109,69,178,0.34765625,0.2247191
76,99,175,0.34179688,-0.13142857
72,103,175,0.34179688,-0.17714286
87,99,186,0.36328125,-0.064516129
99,85,184,0.359375,0.076086957
137,52,189,0.36914062,0.44973545
92,85,177,0.34570312,0.039548023
105,74,179,0.34960938,0.17318436
97,88,185,0.36132812,0.048648649
88,92,180,0.3515625,-0.022222222
101,77,178,0.34765625,0.13483146
106,71,177,0.34570312,0.19774011
90,82,172,0.3359375,0.046511628
98,92,190,0.37109375,0.031578947
94,86,180,0.3515625,0.044444444
109,70,179,0.34960938,0.21787709
76,106,182,0.35546875,-0.16483516
113,80,193,0.37695312,0.17098446
80,108,188,0.3671875,-0.14893617
108,68,176,0.34375,0.22727273
102,83,185,0.36132812,0.1027027
114,78,192,0.375,0.1875
72,103,175,0.34179688,-0.17714286
78,99,177,0.34570312,-0.11864407
69,101,170,0.33203125,-0.18823529
71,101,172,0.3359375,-0.1744186
87,94,181,0.35351562,-0.038674033
84,93,177,0.34570312,-0.050847458
52,114,166,0.32421875,-0.37349398
72,106,178,0.34765625,-0.19101124
79,88,167,0.32617188,-0.053892216
94,80,174,0.33984375,0.08045977
115,64,179,0.34960938,0.2849162
86,92,178,0.34765625,-0.033707865
83,96,179,0.34960938,-0.072625698
112,73,185,0.36132812,0.21081081
77,95,172,0.3359375,-0.10465116
90,83,173,0.33789062,0.040462428
93,82,175,0.34179688,0.062857143
91,83,174,0.33984375,0.045977011
79,110,189,0.36914062,-0.16402116
88,97,185,0.36132812,-0.048648649
80,98,178,0.34765625,-0.1011236
100,87,187,0.36523438,0.069518717
84,101,185,0.36132812,-0.091891892
103,71,174,0.33984375,0.18390805
98,76,174,0.33984375,0.12643678
57,128,185,0.36132812,-0.38378378
86,96,182,0.35546875,-0.054945055
81,107,188,0.3671875,-0.13829787
79,97,176,0.34375,-0.10227273
98,81,179,0.34960938,0.094972067
86,89,175,0.34179688,-0.017142857
71,93,164,0.3203125,-0.13414634
116,67,183,0.35742188,0.26775956
87,102,189,0.36914062,-0.079365079
89,89,178,0.34765625,0
79,93,172,0.3359375,-0.081395349
66,105,171,0.33398438,-0.22807018
92,102,194,0.37890625,-0.051546392
80,93,173,0.33789062,-0.075144509
83,94,177,0.34570312,-0.062146893
67,112,179,0.34960938,-0.25139665
109,71,180,0.3515625,0.21111111
102,78,180,0.3515625,0.13333333
95,97,192,0.375,-0.010416667
100,68,168,0.328125,0.19047619
75,97,172,0.3359375,-0.12790698
82,108,190,0.37109375,-0.13684211
75,105,180,0.3515625,-0.16666667
107,81,188,0.3671875,0.13829787
69,116,185,0.36132812,-0.25405405
128,45,173,0.33789062,0.47976879
75,93,168,0.328125,-0.10714286
110,74,184,0.359375,0.19565217
64,120,184,0.359375,-0.30434783
80,102,182,0.35546875,-0.12087912
72,123,195,0.38085938,-0.26153846
73,94,167,0.32617188,-0.1257485
73,99,172,0.3359375,-0.15116279
60,101,161,0.31445312,-0.25465839
59,107,166,0.32421875,-0.28915663
94,83,177,0.34570312,0.062146893
109,65,174,0.33984375,0.25287356
81,102,183,0.35742188,-0.1147541
87,87,174,0.33984375,0
86,81,167,0.32617188,0.02994012
63,116,179,0.34960938,-0.29608939
64,118,182,0.35546875,-0.2967033
72,109,181,0.35351562,-0.20441989
120,60,180,0.3515625,0.33333333
110,62,172,0.3359375,0.27906977
96,87,183,0.35742188,0.049180328
77,112,189,0.36914062,-0.18518519
69,116,185,0.36132812,-0.25405405
87,81,168,0.328125,0.035714286
93,98,191,0.37304688,-0.02617801
68,117,185,0.36132812,-0.26486486
83,81,164,0.3203125,0.012195122
82,93,175,0.34179688,-0.062857143
72,103,175,0.34179688,-0.17714286
95,76,171,0.33398438,0.11111111
84,89,173,0.33789062,-0.028901734
73,122,195,0.38085938,-0.25128205
80,104,184,0.359375,-0.13043478
72,110,182,0.35546875,-0.20879121
71,101,172,0.3359375,-0.1744186
75,115,190,0.37109375,-0.21052632
65,124,189,0.36914062,-0.31216931
104,83,187,0.36523438,0.11229947
86,93,179,0.34960938,-0.039106145
117,75,192,0.375,0.21875
73,104,177,0.34570312,-0.17514124
99,83,182,0.35546875,0.087912088
81,83,164,0.3203125,-0.012195122
106,74,180,0.3515625,0.17777778
78,103,181,0.35351562,-0.13812155
101,83,184,0.359375,0.097826087
100,83,183,0.35742188,0.092896175
88,87,175,0.34179688,0.0057142857
109,63,172,0.3359375,0.26744186
92,96,188,0.3671875,-0.021276596
114,67,181,0.35351562,0.25966851
80,92,172,0.3359375,-0.069767442
78,97,175,0.34179688,-0.10857143
92,103,195,0.38085938,-0.056410256
114,80,194,0.37890625,0.17525773
95,77,172,0.3359375,0.10465116
91,94,185,0.36132812,-0.016216216
98,71,169,0.33007812,0.15976331
110,62,172,0.3359375,0.27906977
73,105,178,0.34765625,-0.17977528
104,79,183,0.35742188,0.13661202
82,94,176,0.34375,-0.068181818
100,87,187,0.36523438,0.069518717
99,85,184,0.359375,0.076086957
91,95,186,0.36328125,-0.021505376
87,97,184,0.359375,-0.054347826
99,100,199,0.38867188,-0.0050251256
56,122,178,0.34765625,-0.37078652
88,94,182,0.35546875,-0.032967033
123,54,177,0.34570312,0.38983051
100,81,181,0.35351562,0.10497238
80,102,182,0.35546875,-0.12087912
101,97,198,0.38671875,0.02020202
72,113,185,0.36132812,-0.22162162
95,78,173,0.33789062,0.098265896
78,97,175,0.34179688,-0.10857143
66,118,184,0.359375,-0.2826087
82,99,181,0.35351562,-0.093922652
71,111,182,0.35546875,-0.21978022
83,106,189,0.36914062,-0.12169312
89,91,180,0.3515625,-0.011111111
82,107,189,0.36914062,-0.13227513
85,84,169,0.33007812,0.0059171598
117,71,188,0.3671875,0.24468085
86,103,189,0.36914062,-0.08994709
103,68,171,0.33398438,0.20467836
89,87,176,0.34375,0.011363636
82,100,182,0.35546875,-0.098901099
89,96,185,0.36132812,-0.037837838
101,91,192,0.375,0.052083333
83,105,188,0.3671875,-0.11702128
100,90,190,0.37109375,0.052631579
81,100,181,0.35351562,-0.10497238
114,63,177,0.34570312,0.28813559
92,104,196,0.3828125,-0.06122449
127,46,173,0.33789062,0.46820809
125,57,182,0.35546875,0.37362637
79,98,177,0.34570312,-0.10734463
98,68,166,0.32421875,0.18072289
37,132,169,0.33007812,-0.56213018
113,71,184,0.359375,0.22826087
124,49,173,0.33789062,0.43352601
111,73,184,0.359375,0.20652174
85,92,177,0.34570312,-0.039548023
78,85,163,0.31835938,-0.042944785
48,135,183,0.35742188,-0.47540984
84,92,176,0.34375,-0.045454545
86,98,184,0.359375,-0.065217391
64,107,171,0.33398438,-0.25146199
94,79,173,0.33789062,0.086705202
100,76,176,0.34375,0.13636364
69,104,173,0.33789062,-0.20231214
98,80,178,0.34765625,0.1011236
88,105,193,0.37695312,-0.088082902
97,94,191,0.37304688,0.015706806
117,62,179,0.34960938,0.30726257
106,93,199,0.38867188,0.065326633
130,43,173,0.33789062,0.50289017
95,90,185,0.36132812,0.027027027
113,66,179,0.34960938,0.26256983
73,117,190,0.37109375,-0.23157895
90,93,183,0.35742188,-0.016393443
95,59,154,0.30078125,0.23376623
70,84,154,0.30078125,-0.090909091
75,116,191,0.37304688,-0.21465969
101,84,185,0.36132812,0.091891892
67,111,178,0.34765625,-0.24719101
98,90,188,0.3671875,0.042553191
101,93,194,0.37890625,0.041237113
88,81,169,0.33007812,0.041420118
102,72,174,0.33984375,0.17241379
127,54,181,0.35351562,0.40331492
100,82,182,0.35546875,0.098901099
63,103,166,0.32421875,-0.24096386
78,92,170,0.33203125,-0.082352941
103,72,175,0.34179688,0.17714286
75,106,181,0.35351562,-0.17127072
102,84,186,0.36328125,0.096774194
81,95,176,0.34375,-0.079545455
73,109,182,0.35546875,-0.1978022
99,78,177,0.34570312,0.11864407
83,99,182,0.35546875,-0.087912088
85,95,180,0.3515625,-0.055555556
104,80,184,0.359375,0.13043478
96,95,191,0.37304688,0.0052356021
76,109,185,0.36132812,-0.17837838
50,139,189,0.36914062,-0.47089947
88,87,175,0.34179688,0.0057142857
63,116,179,0.34960938,-0.29608939
97,84,181,0.35351562,0.071823204
77,110,187,0.36523438,-0.17647059
114,67,181,0.35351562,0.25966851
60,118,178,0.34765625,-0.3258427
78,95,173,0.33789062,-0.098265896
88,82,170,0.33203125,0.035294118
119,62,181,0.35351562,0.31491713
104,83,187,0.36523438,0.11229947
86,95,181,0.35351562,-0.049723757
88,92,180,0.3515625,-0.022222222
98,90,188,0.3671875,0.042553191
105,84,189,0.36914062,0.11111111
150,44,194,0.37890625,0.54639175
136,45,181,0.35351562,0.50276243
65,113,178,0.34765625,-0.26966292
106,81,187,0.36523438,0.13368984
81,98,179,0.34960938,-0.094972067
85,96,181,0.35351562,-0.060773481
104,99,203,0.39648438,0.024630542
96,75,171,0.33398438,0.12280702
119,62,181,0.35351562,0.31491713
65,108,173,0.33789062,-0.24855491
76,95,171,0.33398438,-0.11111111
85,84,169,0.33007812,0.0059171598
103,74,177,0.34570312,0.16384181
111,71,182,0.35546875,0.21978022
127,61,188,0.3671875,0.35106383
91,96,187,0.36523438,-0.026737968
74,94,168,0.328125,-0.11904762
81,108,189,0.36914062,-0.14285714
88,84,172,0.3359375,0.023255814
98,77,175,0.34179688,0.12
75,109,184,0.359375,-0.18478261
70,89,159,0.31054688,-0.11949686
64,108,172,0.3359375,-0.25581395
89,88,177,0.34570312,0.0056497175
102,83,185,0.36132812,0.1027027
96,72,168,0.328125,0.14285714
93,77,170,0.33203125,0.094117647
100,77,177,0.34570312,0.1299435
77,86,163,0.31835938,-0.055214724
102,87,189,0.36914062,0.079365079
92,89,181,0.35351562,0.016574586
143,41,184,0.359375,0.55434783
101,80,181,0.35351562,0.1160221
96,77,173,0.33789062,0.10982659
104,67,171,0.33398438,0.21637427
85,79,164,0.3203125,0.036585366
85,81,166,0.32421875,0.024096386
105,64,169,0.33007812,0.24260355
88,85,173,0.33789062,0.01734104
114,79,193,0.37695312,0.18134715
88,83,171,0.33398438,0.029239766
103,90,193,0.37695312,0.067357513
63,109,172,0.3359375,-0.26744186
61,128,189,0.36914062,-0.35449735
89,74,163,0.31835938,0.09202454
96,78,174,0.33984375,0.10344828
100,89,189,0.36914062,0.058201058
76,106,182,0.35546875,-0.16483516
67,97,164,0.3203125,-0.18292683
112,65,177,0.34570312,0.26553672
115,77,192,0.375,0.19791667
112,65,177,0.34570312,0.26553672
89,102,191,0.37304688,-0.068062827
104,68,172,0.3359375,0.20930233
92,72,164,0.3203125,0.12195122
70,107,177,0.34570312,-0.20903955
105,74,179,0.34960938,0.17318436
89,88,177,0.34570312,0.0056497175
106,80,186,0.36328125,0.13978495
90,89,179,0.34960938,0.0055865922
123,62,185,0.36132812,0.32972973
85,83,168,0.328125,0.011904762
124,63,187,0.36523438,0.32620321
69,112,181,0.35351562,-0.23756906
78,106,184,0.359375,-0.15217391
111,65,176,0.34375,0.26136364
74,101,175,0.34179688,-0.15428571
90,85,175,0.34179688,0.028571429
100,89,189,0.36914062,0.058201058
99,76,175,0.34179688,0.13142857
98,85,183,0.35742188,0.071038251
88,81,169,0.33007812,0.041420118
106,63,169,0.33007812,0.25443787
91,78,169,0.33007812,0.076923077
74,114,188,0.3671875,-0.21276596
93,76,169,0.33007812,0.10059172
80,99,179,0.34960938,-0.10614525
87,103,190,0.37109375,-0.084210526
84,100,184,0.359375,-0.086956522
60,120,180,0.3515625,-0.33333333
106,84,190,0.37109375,0.11578947
123,57,180,0.3515625,0.36666667
89,91,180,0.3515625,-0.011111111
75,96,171,0.33398438,-0.12280702
89,87,176,0.34375,0.011363636
95,99,194,0.37890625,-0.020618557
101,69,170,0.33203125,0.18823529
92,91,183,0.35742188,0.0054644809
107,90,197,0.38476562,0.086294416
65,97,162,0.31640625,-0.19753086
103,73,176,0.34375,0.17045455
90,91,181,0.35351562,-0.0055248619
81,90,171,0.33398438,-0.052631579
58,130,188,0.3671875,-0.38297872
106,57,163,0.31835938,0.3006135
61,125,186,0.36328125,-0.34408602
124,64,188,0.3671875,0.31914894
101,80,181,0.35351562,0.1160221
78,110,188,0.3671875,-0.17021277
75,104,179,0.34960938,-0.16201117
114,65,179,0.34960938,0.27374302
136,53,189,0.36914062,0.43915344
78,110,188,0.3671875,-0.17021277
129,53,182,0.35546875,0.41758242
68,107,175,0.34179688,-0.22285714
99,87,186,0.36328125,0.064516129
87,92,179,0.34960938,-0.027932961
71,118,189,0.36914062,-0.24867725
85,90,175,0.34179688,-0.028571429
82,104,186,0.36328125,-0.11827957
118,64,182,0.35546875,0.2967033
89,84,173,0.33789062,0.028901734
99,78,177,0.34570312,0.11864407
77,97,174,0.33984375,-0.11494253
95,73,168,0.328125,0.13095238
114,75,189,0.36914062,0.20634921
96,90,186,0.36328125,0.032258065
103,76,179,0.34960938,0.15083799
110,63,173,0.33789062,0.2716763
99,94,193,0.37695312,0.025906736
101,64,165,0.32226562,0.22424242
87,98,185,0.36132812,-0.059459459
106,85,191,0.37304688,0.10994764
65,115,180,0.3515625,-0.27777778
73,105,178,0.34765625,-0.17977528
81,101,182,0.35546875,-0.10989011
109,74,183,0.35742188,0.19125683
80,95,175,0.34179688,-0.085714286
83,91,174,0.33984375,-0.045977011
113,60,173,0.33789062,0.30635838
89,95,184,0.359375,-0.032608696
97,82,179,0.34960938,0.083798883
113,63,176,0.34375,0.28409091
82,97,179,0.34960938,-0.083798883
74,114,188,0.3671875,-0.21276596
106,75,181,0.35351562,0.17127072
94,90,184,0.359375,0.02173913
108,76,184,0.359375,0.17391304
64,109,173,0.33789062,-0.26011561
96,98,194,0.37890625,-0.010309278
72,100,172,0.3359375,-0.1627907
70,120,190,0.37109375,-0.26315789
81,108,189,0.36914062,-0.14285714
81,87,168,0.328125,-0.035714286
90,87,177,0.34570312,0.016949153
78,97,175,0.34179688,-0.10857143
94,81,175,0.34179688,0.074285714
81,100,181,0.35351562,-0.10497238
80,107,187,0.36523438,-0.14438503
108,71,179,0.34960938,0.20670391
107,54,161,0.31445312,0.32919255
110,63,173,0.33789062,0.2716763
90,86,176,0.34375,0.022727273
86,77,163,0.31835938,0.055214724
71,126,197,0.38476562,-0.27918782
88,85,173,0.33789062,0.01734104
84,87,171,0.33398438,-0.01754386
115,76,191,0.37304688,0.20418848
76,115,191,0.37304688,-0.20418848
108,84,192,0.375,0.125
126,69,195,0.38085938,0.29230769
106,67,173,0.33789062,0.22543353
69,105,174,0.33984375,-0.20689655
112,79,191,0.37304688,0.17277487
115,65,180,0.3515625,0.27777778
91,89,180,0.3515625,0.011111111
84,96,180,0.3515625,-0.066666667
87,74,161,0.31445312,0.080745342
65,113,178,0.34765625,-0.26966292
116,58,174,0.33984375,0.33333333
65,109,174,0.33984375,-0.25287356
84,102,186,0.36328125,-0.096774194
117,64,181,0.35351562,0.29281768
91,84,175,0.34179688,0.04
68,97,165,0.32226562,-0.17575758
107,71,178,0.34765625,0.20224719
124,65,189,0.36914062,0.31216931
93,83,176,0.34375,0.056818182
120,70,190,0.37109375,0.26315789
81,99,180,0.3515625,-0.1
97,79,176,0.34375,0.10227273
105,74,179,0.34960938,0.17318436
79,90,169,0.33007812,-0.065088757
117,77,194,0.37890625,0.20618557
93,85,178,0.34765625,0.04494382
88,65,153,0.29882812,0.1503268
85,88,173,0.33789062,-0.01734104
87,91,178,0.34765625,-0.02247191
101,66,167,0.32617188,0.20958084
95,97,192,0.375,-0.010416667
97,82,179,0.34960938,0.083798883
100,69,169,0.33007812,0.18343195
95,88,183,0.35742188,0.038251366
94,79,173,0.33789062,0.086705202
86,89,175,0.34179688,-0.017142857
83,111,194,0.37890625,-0.1443299
111,82,193,0.37695312,0.15025907
110,65,175,0.34179688,0.25714286
99,92,191,0.37304688,0.036649215
67,99,166,0.32421875,-0.19277108
59,110,169,0.33007812,-0.30177515
100,86,186,0.36328125,0.075268817
122,66,188,0.3671875,0.29787234
136,60,196,0.3828125,0.3877551
103,89,192,0.375,0.072916667
104,76,180,0.3515625,0.15555556
96,84,180,0.3515625,0.066666667
82,97,179,0.34960938,-0.083798883
114,77,191,0.37304688,0.19371728
107,56,163,0.31835938,0.31288344
73,98,171,0.33398438,-0.14619883
55,119,174,0.33984375,-0.36781609
77,111,188,0.3671875,-0.18085106
81,98,179,0.34960938,-0.094972067
55,123,178,0.34765625,-0.38202247
86,79,165,0.32226562,0.042424242
105,78,183,0.35742188,0.14754098
86,97,183,0.35742188,-0.06010929
95,93,188,0.3671875,0.010638298
95,96,191,0.37304688,-0.0052356021
96,78,174,0.33984375,0.10344828
97,88,185,0.36132812,0.048648649
94,77,171,0.33398438,0.099415205
105,76,181,0.35351562,0.16022099
76,94,170,0.33203125,-0.10588235
92,89,181,0.35351562,0.016574586
100,74,174,0.33984375,0.14942529
96,83,179,0.34960938,0.072625698
105,83,188,0.3671875,0.11702128
102,92,194,0.37890625,0.051546392
107,69,176,0.34375,0.21590909
126,81,207,0.40429688,0.2173913
82,104,186,0.36328125,-0.11827957
94,83,177,0.34570312,0.062146893
46,127,173,0.33789062,-0.46820809
85,92,177,0.34570312,-0.039548023
102,76,178,0.34765625,0.14606742
55,128,183,0.35742188,-0.3989071
105,75,180,0.3515625,0.16666667
121,75,196,0.3828125,0.23469388
90,100,190,0.37109375,-0.052631579
78,92,170,0.33203125,-0.082352941
109,71,180,0.3515625,0.21111111
77,95,172,0.3359375,-0.10465116
80,91,171,0.33398438,-0.064327485
73,91,164,0.3203125,-0.1097561
119,66,185,0.36132812,0.28648649
74,96,170,0.33203125,-0.12941176
85,89,174,0.33984375,-0.022988506
91,85,176,0.34375,0.034090909
75,102,177,0.34570312,-0.15254237
104,80,184,0.359375,0.13043478
64,127,191,0.37304688,-0.32984293
92,74,166,0.32421875,0.10843373
85,91,176,0.34375,-0.034090909
111,61,172,0.3359375,0.29069767
84,97,181,0.35351562,-0.071823204
92,84,176,0.34375,0.045454545
84,84,168,0.328125,0
98,67,165,0.32226562,0.18787879
89,90,179,0.34960938,-0.0055865922
80,112,192,0.375,-0.16666667
81,123,204,0.3984375,-0.20588235
101,78,179,0.34960938,0.12849162
75,100,175,0.34179688,-0.14285714
67,85,152,0.296875,-0.11842105
110,83,193,0.37695312,0.13989637
92,78,170,0.33203125,0.082352941
81,99,180,0.3515625,-0.1
75,96,171,0.33398438,-0.12280702
120,56,176,0.34375,0.36363636
92,92,184,0.359375,0
111,70,181,0.35351562,0.22651934
101,81,182,0.35546875,0.10989011
89,90,179,0.34960938,-0.0055865922
118,63,181,0.35351562,0.3038674
92,89,181,0.35351562,0.016574586
81,105,186,0.36328125,-0.12903226
84,96,180,0.3515625,-0.066666667
83,97,180,0.3515625,-0.077777778
89,94,183,0.35742188,-0.027322404
84,98,182,0.35546875,-0.076923077
72,110,182,0.35546875,-0.20879121
111,73,184,0.359375,0.20652174
74,95,169,0.33007812,-0.12426036
104,78,182,0.35546875,0.14285714
107,83,190,0.37109375,0.12631579
82,95,177,0.34570312,-0.073446328
70,90,160,0.3125,-0.125
70,90,160,0.3125,-0.125
116,59,175,0.34179688,0.32571429
65,111,176,0.34375,-0.26136364
109,86,195,0.38085938,0.11794872
94,90,184,0.359375,0.02173913
89,77,166,0.32421875,0.072289157
114,71,185,0.36132812,0.23243243
107,79,186,0.36328125,0.15053763
83,96,179,0.34960938,-0.072625698
79,106,185,0.36132812,-0.14594595
96,96,192,0.375,0
92,99,191,0.37304688,-0.036649215
96,91,187,0.36523438,0.026737968
92,94,186,0.36328125,-0.010752688
85,96,181,0.35351562,-0.060773481
92,87,179,0.34960938,0.027932961
74,104,178,0.34765625,-0.16853933
94,70,164,0.3203125,0.14634146
118,68,186,0.36328125,0.2688172
72,104,176,0.34375,-0.18181818
104,71,175,0.34179688,0.18857143
116,48,164,0.3203125,0.41463415
103,82,185,0.36132812,0.11351351
57,115,172,0.3359375,-0.3372093
74,115,189,0.36914062,-0.21693122
93,87,180,0.3515625,0.033333333
74,103,177,0.34570312,-0.16384181
96,79,175,0.34179688,0.097142857
58,114,172,0.3359375,-0.3255814
87,107,194,0.37890625,-0.10309278
118,77,195,0.38085938,0.21025641
73,98,171,0.33398438,-0.14619883
84,100,184,0.359375,-0.086956522
113,66,179,0.34960938,0.26256983
94,83,177,0.34570312,0.062146893
93,87,180,0.3515625,0.033333333
99,95,194,0.37890625,0.020618557
79,104,183,0.35742188,-0.13661202
106,91,197,0.38476562,0.076142132
86,109,195,0.38085938,-0.11794872
104,66,170,0.33203125,0.22352941
106,72,178,0.34765625,0.19101124
101,87,188,0.3671875,0.074468085
122,78,200,0.390625,0.22
124,68,192,0.375,0.29166667
98,81,179,0.34960938,0.094972067
103,79,182,0.35546875,0.13186813
78,100,178,0.34765625,-0.12359551
125,68,193,0.37695312,0.29533679
95,95,190,0.37109375,0
146,47,193,0.37695312,0.51295337
102,72,174,0.33984375,0.17241379
104,68,172,0.3359375,0.20930233
104,71,175,0.34179688,0.18857143
87,85,172,0.3359375,0.011627907
72,107,179,0.34960938,-0.19553073
73,110,183,0.35742188,-0.20218579
83,90,173,0.33789062,-0.040462428
101,70,171,0.33398438,0.18128655
102,87,189,0.36914062,0.079365079
112,79,191,0.37304688,0.17277487
86,89,175,0.34179688,-0.017142857
86,105,191,0.37304688,-0.09947644
70,110,180,0.3515625,-0.22222222
98,78,176,0.34375,0.11363636
85,94,179,0.34960938,-0.05027933
60,118,178,0.34765625,-0.3258427
102,86,188,0.3671875,0.085106383
77,85,162,0.31640625,-0.049382716
108,66,174,0.33984375,0.24137931
81,88,169,0.33007812,-0.041420118
82,93,175,0.34179688,-0.062857143
106,73,179,0.34960938,0.18435754
74,101,175,0.34179688,-0.15428571
61,121,182,0.35546875,-0.32967033
109,87,196,0.3828125,0.1122449
93,85,178,0.34765625,0.04494382
90,90,180,0.3515625,0
114,78,192,0.375,0.1875
97,89,186,0.36328125,0.043010753
115,65,180,0.3515625,0.27777778
72,114,186,0.36328125,-0.22580645
74,108,182,0.35546875,-0.18681319
68,107,175,0.34179688,-0.22285714
81,95,176,0.34375,-0.079545455
121,69,190,0.37109375,0.27368421
77,116,193,0.37695312,-0.20207254
104,79,183,0.35742188,0.13661202
100,99,199,0.38867188,0.0050251256
87,86,173,0.33789062,0.0057803468
84,107,191,0.37304688,-0.12041885
117,62,179,0.34960938,0.30726257
94,72,166,0.32421875,0.13253012
89,77,166,0.32421875,0.072289157
89,95,184,0.359375,-0.032608696
99,87,186,0.36328125,0.064516129
116,60,176,0.34375,0.31818182
92,94,186,0.36328125,-0.010752688
133,53,186,0.36328125,0.43010753
90,95,185,0.36132812,-0.027027027
81,104,185,0.36132812,-0.12432432
65,108,173,0.33789062,-0.24855491
78,114,192,0.375,-0.1875
97,85,182,0.35546875,0.065934066
121,60,181,0.35351562,0.33701657
70,120,190,0.37109375,-0.26315789
80,86,166,0.32421875,-0.036144578
86,93,179,0.34960938,-0.039106145
68,105,173,0.33789062,-0.21387283
81,100,181,0.35351562,-0.10497238
110,70,180,0.3515625,0.22222222
101,71,172,0.3359375,0.1744186
73,111,184,0.359375,-0.20652174
61,115,176,0.34375,-0.30681818
71,111,182,0.35546875,-0.21978022
66,125,191,0.37304688,-0.30890052
76,106,182,0.35546875,-0.16483516
99,83,182,0.35546875,0.087912088
95,87,182,0.35546875,0.043956044
102,79,181,0.35351562,0.12707182
80,102,182,0.35546875,-0.12087912
74,98,172,0.3359375,-0.13953488
93,100,193,0.37695312,-0.03626943
80,101,181,0.35351562,-0.1160221
76,106,182,0.35546875,-0.16483516
92,93,185,0.36132812,-0.0054054054
77,112,189,0.36914062,-0.18518519
81,113,194,0.37890625,-0.16494845
53,109,162,0.31640625,-0.34567901
99,80,179,0.34960938,0.10614525
101,75,176,0.34375,0.14772727
69,109,178,0.34765625,-0.2247191
82,101,183,0.35742188,-0.10382514
91,88,179,0.34960938,0.016759777
90,95,185,0.36132812,-0.027027027
98,75,173,0.33789062,0.13294798
81,92,173,0.33789062,-0.063583815
67,109,176,0.34375,-0.23863636
76,92,168,0.328125,-0.095238095
76,103,179,0.34960938,-0.15083799
96,82,178,0.34765625,0.078651685
80,96,176,0.34375,-0.090909091
92,80,172,0.3359375,0.069767442
87,89,176,0.34375,-0.011363636
92,92,184,0.359375,0
82,98,180,0.3515625,-0.088888889
84,99,183,0.35742188,-0.081967213
90,82,172,0.3359375,0.046511628
85,98,183,0.35742188,-0.071038251
93,101,194,0.37890625,-0.041237113
70,95,165,0.32226562,-0.15151515
67,108,175,0.34179688,-0.23428571
61,127,188,0.3671875,-0.35106383
93,101,194,0.37890625,-0.041237113
91,87,178,0.34765625,0.02247191
93,98,191,0.37304688,-0.02617801
84,87,171,0.33398438,-0.01754386
86,90,176,0.34375,-0.022727273
91,92,183,0.35742188,-0.0054644809
92,91,183,0.35742188,0.0054644809
139,41,180,0.3515625,0.54444444
112,84,196,0.3828125,0.14285714
85,94,179,0.34960938,-0.05027933
106,83,189,0.36914062,0.12169312
61,107,168,0.328125,-0.27380952
69,112,181,0.35351562,-0.23756906
125,64,189,0.36914062,0.32275132
64,111,175,0.34179688,-0.26857143
94,91,185,0.36132812,0.016216216
95,87,182,0.35546875,0.043956044
80,99,179,0.34960938,-0.10614525
79,105,184,0.359375,-0.14130435
83,93,176,0.34375,-0.056818182
89,90,179,0.34960938,-0.0055865922
89,100,189,0.36914062,-0.058201058
103,84,187,0.36523438,0.10160428
89,88,177,0.34570312,0.0056497175
53,132,185,0.36132812,-0.42702703
84,100,184,0.359375,-0.086956522
61,116,177,0.34570312,-0.31073446
85,69,154,0.30078125,0.1038961
110,75,185,0.36132812,0.18918919
80,87,167,0.32617188,-0.041916168
59,121,180,0.3515625,-0.34444444
99,88,187,0.36523438,0.058823529
91,92,183,0.35742188,-0.0054644809
91,86,177,0.34570312,0.028248588
106,83,189,0.36914062,0.12169312
96,85,181,0.35351562,0.060773481
83,105,188,0.3671875,-0.11702128
96,81,177,0.34570312,0.084745763
62,116,178,0.34765625,-0.30337079
122,64,186,0.36328125,0.31182796
81,104,185,0.36132812,-0.12432432
91,82,173,0.33789062,0.052023121
125,67,192,0.375,0.30208333
80,93,173,0.33789062,-0.075144509
88,105,193,0.37695312,-0.088082902
91,84,175,0.34179688,0.04
104,67,171,0.33398438,0.21637427
87,91,178,0.34765625,-0.02247191
79,89,168,0.328125,-0.05952381
69,109,178,0.34765625,-0.2247191
74,103,177,0.34570312,-0.16384181
88,81,169,0.33007812,0.041420118
91,91,182,0.35546875,0
67,113,180,0.3515625,-0.25555556
96,77,173,0.33789062,0.10982659
120,62,182,0.35546875,0.31868132
93,84,177,0.34570312,0.050847458
57,114,171,0.33398438,-0.33333333
78,102,180,0.3515625,-0.13333333
71,98,169,0.33007812,-0.15976331
85,103,188,0.3671875,-0.095744681
79,98,177,0.34570312,-0.10734463
103,80,183,0.35742188,0.12568306
87,93,180,0.3515625,-0.033333333
111,71,182,0.35546875,0.21978022
92,89,181,0.35351562,0.016574586
46,132,178,0.34765625,-0.48314607
81,83,164,0.3203125,-0.012195122
67,114,181,0.35351562,-0.25966851
101,82,183,0.35742188,0.10382514
77,112,189,0.36914062,-0.18518519
100,61,161,0.31445312,0.24223602
133,58,191,0.37304688,0.39267016
69,121,190,0.37109375,-0.27368421
97,80,177,0.34570312,0.096045198
104,83,187,0.36523438,0.11229947
89,92,181,0.35351562,-0.016574586
69,116,185,0.36132812,-0.25405405
104,81,185,0.36132812,0.12432432
87,72,159,0.31054688,0.094339623
73,112,185,0.36132812,-0.21081081
115,79,194,0.37890625,0.18556701
113,70,183,0.35742188,0.23497268
125,56,181,0.35351562,0.38121547
93,83,176,0.34375,0.056818182
106,71,177,0.34570312,0.19774011
61,127,188,0.3671875,-0.35106383
78,83,161,0.31445312,-0.031055901
75,99,174,0.33984375,-0.13793103
35,138,173,0.33789062,-0.59537572
78,98,176,0.34375,-0.11363636
99,85,184,0.359375,0.076086957
80,98,178,0.34765625,-0.1011236
85,92,177,0.34570312,-0.039548023
87,87,174,0.33984375,0
78,98,176,0.34375,-0.11363636
114,77,191,0.37304688,0.19371728
97,82,179,0.34960938,0.083798883
106,77,183,0.35742188,0.15846995
93,96,189,0.36914062,-0.015873016
92,91,183,0.35742188,0.0054644809
83,100,183,0.35742188,-0.092896175
104,85,189,0.36914062,0.1005291
106,78,184,0.359375,0.15217391
114,58,172,0.3359375,0.3255814
74,91,165,0.32226562,-0.1030303
97,76,173,0.33789062,0.12138728
102,81,183,0.35742188,0.1147541
78,94,172,0.3359375,-0.093023256
79,92,171,0.33398438,-0.076023392
106,70,176,0.34375,0.20454545
99,84,183,0.35742188,0.081967213
82,87,169,0.33007812,-0.029585799
104,77,181,0.35351562,0.14917127
96,90,186,0.36328125,0.032258065
100,82,182,0.35546875,0.098901099
89,87,176,0.34375,0.011363636
116,61,177,0.34570312,0.31073446
102,76,178,0.34765625,0.14606742
87,92,179,0.34960938,-0.027932961
73,111,184,0.359375,-0.20652174
108,63,171,0.33398438,0.26315789
90,99,189,0.36914062,-0.047619048
103,80,183,0.35742188,0.12568306
87,78,165,0.32226562,0.054545455
100,82,182,0.35546875,0.098901099
109,54,163,0.31835938,0.33742331
83,96,179,0.34960938,-0.072625698
96,94,190,0.37109375,0.010526316
80,89,169,0.33007812,-0.053254438
103,77,180,0.3515625,0.14444444
90,92,182,0.35546875,-0.010989011
81,104,185,0.36132812,-0.12432432
83,90,173,0.33789062,-0.040462428
87,97,184,0.359375,-0.054347826
78,103,181,0.35351562,-0.13812155
98,90,188,0.3671875,0.042553191
86,98,184,0.359375,-0.065217391
73,112,185,0.36132812,-0.21081081
85,89,174,0.33984375,-0.022988506
97,79,176,0.34375,0.10227273
108,65,173,0.33789062,0.24855491
103,80,183,0.35742188,0.12568306
68,116,184,0.359375,-0.26086957
95,75,170,0.33203125,0.11764706
85,88,173,0.33789062,-0.01734104
76,82,158,0.30859375,-0.037974684
73,111,184,0.359375,-0.20652174
104,80,184,0.359375,0.13043478
72,110,182,0.35546875,-0.20879121
87,90,177,0.34570312,-0.016949153
123,61,184,0.359375,0.33695652
104,73,177,0.34570312,0.17514124
101,71,172,0.3359375,0.1744186
89,87,176,0.34375,0.011363636
82,100,182,0.35546875,-0.098901099
103,71,174,0.33984375,0.18390805
91,86,177,0.34570312,0.028248588
106,64,170,0.33203125,0.24705882
77,107,184,0.359375,-0.16304348
103,90,193,0.37695312,0.067357513
79,100,179,0.34960938,-0.11731844
95,87,182,0.35546875,0.043956044
87,83,170,0.33203125,0.023529412
69,114,183,0.35742188,-0.24590164
69,122,191,0.37304688,-0.27748691
81,89,170,0.33203125,-0.047058824
99,87,186,0.36328125,0.064516129
77,97,174,0.33984375,-0.11494253
67,107,174,0.33984375,-0.22988506
101,82,183,0.35742188,0.10382514
67,103,170,0.33203125,-0.21176471
97,77,174,0.33984375,0.11494253
84,85,169,0.33007812,-0.0059171598
55,126,181,0.35351562,-0.39226519
112,63,175,0.34179688,0.28
78,98,176,0.34375,-0.11363636
104,73,177,0.34570312,0.17514124
62,102,164,0.3203125,-0.24390244
99,72,171,0.33398438,0.15789474
84,94,178,0.34765625,-0.056179775
74,105,179,0.34960938,-0.17318436
79,102,181,0.35351562,-0.12707182
76,107,183,0.35742188,-0.16939891
76,97,173,0.33789062,-0.12138728
94,102,196,0.3828125,-0.040816327
89,98,187,0.36523438,-0.048128342
86,85,171,0.33398438,0.0058479532
94,77,171,0.33398438,0.099415205
71,97,168,0.328125,-0.1547619
102,77,179,0.34960938,0.1396648
106,76,182,0.35546875,0.16483516
99,79,178,0.34765625,0.11235955
70,113,183,0.35742188,-0.23497268
83,98,181,0.35351562,-0.082872928
85,87,172,0.3359375,-0.011627907
66,92,158,0.30859375,-0.16455696
107,86,193,0.37695312,0.10880829
98,86,184,0.359375,0.065217391
111,79,190,0.37109375,0.16842105
93,97,190,0.37109375,-0.021052632
112,72,184,0.359375,0.2173913
68,105,173,0.33789062,-0.21387283
81,108,189,0.36914062,-0.14285714
110,56,166,0.32421875,0.3253012
65,109,174,0.33984375,-0.25287356
92,84,176,0.34375,0.045454545
62,111,173,0.33789062,-0.28323699
89,93,182,0.35546875,-0.021978022
85,81,166,0.32421875,0.024096386
117,54,171,0.33398438,0.36842105
93,95,188,0.3671875,-0.010638298
91,98,189,0.36914062,-0.037037037
138,34,172,0.3359375,0.60465116
97,82,179,0.34960938,0.083798883
123,65,188,0.3671875,0.30851064
84,106,190,0.37109375,-0.11578947
94,79,173,0.33789062,0.086705202
87,94,181,0.35351562,-0.038674033
104,76,180,0.3515625,0.15555556
83,93,176,0.34375,-0.056818182
102,88,190,0.37109375,0.073684211
110,76,186,0.36328125,0.1827957
103,87,190,0.37109375,0.084210526
41,146,187,0.36523438,-0.56149733
60,126,186,0.36328125,-0.35483871
100,91,191,0.37304688,0.047120419
96,80,176,0.34375,0.090909091
76,93,169,0.33007812,-0.10059172
117,56,173,0.33789062,0.35260116
86,89,175,0.34179688,-0.017142857
108,86,194,0.37890625,0.11340206
86,91,177,0.34570312,-0.028248588
73,106,179,0.34960938,-0.18435754
55,119,174,0.33984375,-0.36781609
81,97,178,0.34765625,-0.08988764
100,93,193,0.37695312,0.03626943
59,118,177,0.34570312,-0.33333333
72,102,174,0.33984375,-0.17241379
61,116,177,0.34570312,-0.31073446
88,97,185,0.36132812,-0.048648649
77,98,175,0.34179688,-0.12
89,86,175,0.34179688,0.017142857
84,88,172,0.3359375,-0.023255814
119,72,191,0.37304688,0.2460733
110,77,187,0.36523438,0.17647059
83,84,167,0.32617188,-0.005988024
95,99,194,0.37890625,-0.020618557
68,114,182,0.35546875,-0.25274725
104,82,186,0.36328125,0.11827957
72,99,171,0.33398438,-0.15789474
104,83,187,0.36523438,0.11229947
120,71,191,0.37304688,0.2565445
81,85,166,0.32421875,-0.024096386
105,81,186,0.36328125,0.12903226
103,81,184,0.359375,0.11956522
76,105,181,0.35351562,-0.16022099
93,97,190,0.37109375,-0.021052632
94,76,170,0.33203125,0.10588235
95,94,189,0.36914062,0.0052910053
77,117,194,0.37890625,-0.20618557
91,91,182,0.35546875,0
119,56,175,0.34179688,0.36
81,106,187,0.36523438,-0.13368984
80,92,172,0.3359375,-0.069767442
82,105,187,0.36523438,-0.12299465
95,87,182,0.35546875,0.043956044
94,93,187,0.36523438,0.0053475936
103,87,190,0.37109375,0.084210526
93,75,168,0.328125,0.10714286
70,121,191,0.37304688,-0.26701571
90,89,179,0.34960938,0.0055865922
99,84,183,0.35742188,0.081967213
94,93,187,0.36523438,0.0053475936
77,114,191,0.37304688,-0.19371728
105,80,185,0.36132812,0.13513514
83,104,187,0.36523438,-0.11229947
93,87,180,0.3515625,0.033333333
76,109,185,0.36132812,-0.17837838
56,120,176,0.34375,-0.36363636
91,85,176,0.34375,0.034090909
83,87,170,0.33203125,-0.023529412
76,104,180,0.3515625,-0.15555556
89,98,187,0.36523438,-0.048128342
68,112,180,0.3515625,-0.24444444
103,84,187,0.36523438,0.10160428
109,65,174,0.33984375,0.25287356
105,77,182,0.35546875,0.15384615
87,103,190,0.37109375,-0.084210526
104,83,187,0.36523438,0.11229947
119,50,169,0.33007812,0.40828402
105,84,189,0.36914062,0.11111111
54,128,182,0.35546875,-0.40659341
90,110,200,0.390625,-0.1
96,78,174,0.33984375,0.10344828
68,105,173,0.33789062,-0.21387283
88,91,179,0.34960938,-0.016759777
67,108,175,0.34179688,-0.23428571
64,113,177,0.34570312,-0.27683616
107,72,179,0.34960938,0.19553073
63,115,178,0.34765625,-0.29213483
105,80,185,0.36132812,0.13513514
93,80,173,0.33789062,0.075144509
81,95,176,0.34375,-0.079545455
95,72,167,0.32617188,0.13772455
76,96,172,0.3359375,-0.11627907
101,86,187,0.36523438,0.080213904
119,59,178,0.34765625,0.33707865
82,102,184,0.359375,-0.10869565
82,91,173,0.33789062,-0.052023121
60,117,177,0.34570312,-0.3220339
70,99,169,0.33007812,-0.17159763
73,116,189,0.36914062,-0.22751323
75,92,167,0.32617188,-0.10179641
78,110,188,0.3671875,-0.17021277
84,100,184,0.359375,-0.086956522
101,97,198,0.38671875,0.02020202
109,66,175,0.34179688,0.24571429
95,83,178,0.34765625,0.06741573
133,55,188,0.3671875,0.41489362
119,75,194,0.37890625,0.22680412
90,89,179,0.34960938,0.0055865922
97,86,183,0.35742188,0.06010929
82,100,182,0.35546875,-0.098901099
90,95,185,0.36132812,-0.027027027
119,74,193,0.37695312,0.23316062
131,59,190,0.37109375,0.37894737
53,131,184,0.359375,-0.42391304
81,104,185,0.36132812,-0.12432432
89,90,179,0.34960938,-0.0055865922
67,115,182,0.35546875,-0.26373626
73,103,176,0.34375,-0.17045455
64,113,177,0.34570312,-0.27683616
88,93,181,0.35351562,-0.027624309
85,90,175,0.34179688,-0.028571429
109,76,185,0.36132812,0.17837838
82,105,187,0.36523438,-0.12299465
72,87,159,0.31054688,-0.094339623
67,113,180,0.3515625,-0.25555556
95,84,179,0.34960938,0.061452514
97,85,182,0.35546875,0.065934066
81,105,186,0.36328125,-0.12903226
72,113,185,0.36132812,-0.22162162
114,64,178,0.34765625,0.28089888
137,56,193,0.37695312,0.41968912
103,78,181,0.35351562,0.13812155
68,117,185,0.36132812,-0.26486486
118,78,196,0.3828125,0.20408163
80,90,170,0.33203125,-0.058823529
89,90,179,0.34960938,-0.0055865922
81,101,182,0.35546875,-0.10989011
98,87,185,0.36132812,0.059459459
112,70,182,0.35546875,0.23076923
68,109,177,0.34570312,-0.23163842
79,93,172,0.3359375,-0.081395349
75,106,181,0.35351562,-0.17127072
87,82,169,0.33007812,0.029585799
81,97,178,0.34765625,-0.08988764
103,75,178,0.34765625,0.15730337
73,101,174,0.33984375,-0.16091954
62,117,179,0.34960938,-0.30726257
80,103,183,0.35742188,-0.12568306
103,75,178,0.34765625,0.15730337
77,100,177,0.34570312,-0.1299435
68,111,179,0.34960938,-0.24022346
82,93,175,0.34179688,-0.062857143
95,95,190,0.37109375,0
89,98,187,0.36523438,-0.048128342
75,104,179,0.34960938,-0.16201117
91,80,171,0.33398438,0.064327485
69,111,180,0.3515625,-0.23333333
101,72,173,0.33789062,0.16763006
101,74,175,0.34179688,0.15428571
72,99,171,0.33398438,-0.15789474
74,109,183,0.35742188,-0.19125683
88,90,178,0.34765625,-0.011235955
82,103,185,0.36132812,-0.11351351
91,83,174,0.33984375,0.045977011
80,86,166,0.32421875,-0.036144578
109,94,203,0.39648438,0.073891626
62,110,172,0.3359375,-0.27906977
102,79,181,0.35351562,0.12707182
101,73,174,0.33984375,0.16091954
62,109,171,0.33398438,-0.2748538
106,71,177,0.34570312,0.19774011
80,126,206,0.40234375,-0.22330097
100,87,187,0.36523438,0.069518717
87,101,188,0.3671875,-0.074468085
93,91,184,0.359375,0.010869565
64,109,173,0.33789062,-0.26011561
104,78,182,0.35546875,0.14285714
65,122,187,0.36523438,-0.30481283
82,92,174,0.33984375,-0.057471264
94,77,171,0.33398438,0.099415205
94,91,185,0.36132812,0.016216216
77,92,169,0.33007812,-0.088757396
76,97,173,0.33789062,-0.12138728
90,85,175,0.34179688,0.028571429
99,60,159,0.31054688,0.24528302
72,99,171,0.33398438,-0.15789474
94,82,176,0.34375,0.068181818
86,97,183,0.35742188,-0.06010929
90,69,159,0.31054688,0.13207547
65,109,174,0.33984375,-0.25287356
98,98,196,0.3828125,0
87,111,198,0.38671875,-0.12121212
111,73,184,0.359375,0.20652174
101,76,177,0.34570312,0.14124294
81,105,186,0.36328125,-0.12903226
67,115,182,0.35546875,-0.26373626
76,111,187,0.36523438,-0.18716578
102,73,175,0.34179688,0.16571429
82,99,181,0.35351562,-0.093922652
112,68,180,0.3515625,0.24444444
92,90,182,0.35546875,0.010989011
63,112,175,0.34179688,-0.28
102,71,173,0.33789062,0.17919075
97,90,187,0.36523438,0.037433155
97,93,190,0.37109375,0.021052632
106,86,192,0.375,0.10416667
95,92,187,0.36523438,0.016042781
93,89,182,0.35546875,0.021978022
106,76,182,0.35546875,0.16483516
82,91,173,0.33789062,-0.052023121
113,60,173,0.33789062,0.30635838
63,110,173,0.33789062,-0.2716763
89,99,188,0.3671875,-0.053191489
77,107,184,0.359375,-0.16304348
52,136,188,0.3671875,-0.44680851
85,86,171,0.33398438,-0.0058479532
110,69,179,0.34960938,0.22905028
96,79,175,0.34179688,0.097142857
96,91,187,0.36523438,0.026737968
97,85,182,0.35546875,0.065934066
98,83,181,0.35351562,0.082872928
85,101,186,0.36328125,-0.086021505
84,86,170,0.33203125,-0.011764706
73,93,166,0.32421875,-0.12048193
103,74,177,0.34570312,0.16384181
73,111,184,0.359375,-0.20652174
104,83,187,0.36523438,0.11229947
75,114,189,0.36914062,-0.20634921
108,65,173,0.33789062,0.24855491
71,104,175,0.34179688,-0.18857143
92,86,178,0.34765625,0.033707865
76,107,183,0.35742188,-0.16939891
86,101,187,0.36523438,-0.080213904
96,79,175,0.34179688,0.097142857
96,74,170,0.33203125,0.12941176
79,87,166,0.32421875,-0.048192771
101,77,178,0.34765625,0.13483146
81,84,165,0.32226562,-0.018181818
95,84,179,0.34960938,0.061452514
98,81,179,0.34960938,0.094972067
60,126,186,0.36328125,-0.35483871
79,97,176,0.34375,-0.10227273
89,85,174,0.33984375,0.022988506
83,101,184,0.359375,-0.097826087
123,69,192,0.375,0.28125
83,87,170,0.33203125,-0.023529412
113,76,189,0.36914062,0.1957672
54,134,188,0.3671875,-0.42553191
64,109,173,0.33789062,-0.26011561
80,92,172,0.3359375,-0.069767442
63,115,178,0.34765625,-0.29213483
81,94,175,0.34179688,-0.074285714
100,86,186,0.36328125,0.075268817
95,85,180,0.3515625,0.055555556
96,75,171,0.33398438,0.12280702
78,104,182,0.35546875,-0.14285714
120,53,173,0.33789062,0.38728324
142,48,190,0.37109375,0.49473684
108,74,182,0.35546875,0.18681319
83,100,183,0.35742188,-0.092896175
95,76,171,0.33398438,0.11111111
81,85,166,0.32421875,-0.024096386
94,87,181,0.35351562,0.038674033
87,103,190,0.37109375,-0.084210526
67,103,170,0.33203125,-0.21176471
98,75,173,0.33789062,0.13294798
76,104,180,0.3515625,-0.15555556
66,105,171,0.33398438,-0.22807018
63,122,185,0.36132812,-0.31891892
103,66,169,0.33007812,0.21893491
111,68,179,0.34960938,0.24022346
83,78,161,0.31445312,0.031055901
58,125,183,0.35742188,-0.36612022
107,90,197,0.38476562,0.086294416
125,52,177,0.34570312,0.41242938
90,85,175,0.34179688,0.028571429
90,87,177,0.34570312,0.016949153
106,72,178,0.34765625,0.19101124
90,91,181,0.35351562,-0.0055248619
95,94,189,0.36914062,0.0052910053
89,91,180,0.3515625,-0.011111111
93,80,173,0.33789062,0.075144509
95,78,173,0.33789062,0.098265896
94,88,182,0.35546875,0.032967033
78,90,168,0.328125,-0.071428571
111,77,188,0.3671875,0.18085106
73,105,178,0.34765625,-0.17977528
37,161,198,0.38671875,-0.62626263
82,82,164,0.3203125,0
111,70,181,0.35351562,0.22651934
82,96,178,0.34765625,-0.078651685
78,106,184,0.359375,-0.15217391
95,95,190,0.37109375,0
119,67,186,0.36328125,0.27956989
89,102,191,0.37304688,-0.068062827
109,80,189,0.36914062,0.15343915
83,94,177,0.34570312,-0.062146893
104,85,189,0.36914062,0.1005291
84,92,176,0.34375,-0.045454545
92,96,188,0.3671875,-0.021276596
85,89,174,0.33984375,-0.022988506
113,70,183,0.35742188,0.23497268
130,52,182,0.35546875,0.42857143
122,52,174,0.33984375,0.40229885
101,83,184,0.359375,0.097826087
91,89,180,0.3515625,0.011111111
73,134,207,0.40429688,-0.29468599
90,99,189,0.36914062,-0.047619048
81,94,175,0.34179688,-0.074285714
96,81,177,0.34570312,0.084745763
93,94,187,0.36523438,-0.0053475936
144,54,198,0.38671875,0.45454545
73,100,173,0.33789062,-0.15606936
104,101,205,0.40039062,0.014634146
84,100,184,0.359375,-0.086956522
83,104,187,0.36523438,-0.11229947
118,51,169,0.33007812,0.3964497
82,87,169,0.33007812,-0.029585799
81,115,196,0.3828125,-0.17346939
85,92,177,0.34570312,-0.039548023
86,110,196,0.3828125,-0.12244898
88,89,177,0.34570312,-0.0056497175
95,78,173,0.33789062,0.098265896
111,58,169,0.33007812,0.31360947
88,84,172,0.3359375,0.023255814
75,105,180,0.3515625,-0.16666667
75,93,168,0.328125,-0.10714286
113,48,161,0.31445312,0.40372671
76,90,166,0.32421875,-0.084337349
90,89,179,0.34960938,0.0055865922
83,93,176,0.34375,-0.056818182
73,106,179,0.34960938,-0.18435754
94,96,190,0.37109375,-0.010526316
93,81,174,0.33984375,0.068965517
60,126,186,0.36328125,-0.35483871
106,70,176,0.34375,0.20454545
71,96,167,0.32617188,-0.1497006
83,92,175,0.34179688,-0.051428571
105,88,193,0.37695312,0.088082902
117,76,193,0.37695312,0.21243523
94,75,169,0.33007812,0.11242604
74,107,181,0.35351562,-0.18232044
89,70,159,0.31054688,0.11949686
92,95,187,0.36523438,-0.016042781
75,97,172,0.3359375,-0.12790698
132,35,167,0.32617188,0.58083832
88,92,180,0.3515625,-0.022222222
84,98,182,0.35546875,-0.076923077
94,90,184,0.359375,0.02173913
71,112,183,0.35742188,-0.22404372
80,86,166,0.32421875,-0.036144578
96,77,173,0.33789062,0.10982659
102,84,186,0.36328125,0.096774194
74,92,166,0.32421875,-0.10843373
81,87,168,0.328125,-0.035714286
115,81,196,0.3828125,0.17346939
68,109,177,0.34570312,-0.23163842
99,88,187,0.36523438,0.058823529
111,82,193,0.37695312,0.15025907
72,100,172,0.3359375,-0.1627907
92,88,180,0.3515625,0.022222222
85,108,193,0.37695312,-0.11917098
120,67,187,0.36523438,0.28342246
58,121,179,0.34960938,-0.35195531
80,84,164,0.3203125,-0.024390244
65,110,175,0.34179688,-0.25714286
115,61,176,0.34375,0.30681818
87,76,163,0.31835938,0.067484663
94,97,191,0.37304688,-0.015706806
85,113,198,0.38671875,-0.14141414
80,94,174,0.33984375,-0.08045977
97,100,197,0.38476562,-0.015228426
72,103,175,0.34179688,-0.17714286
81,103,184,0.359375,-0.11956522
115,64,179,0.34960938,0.2849162
63,120,183,0.35742188,-0.31147541
69,112,181,0.35351562,-0.23756906
72,100,172,0.3359375,-0.1627907
96,86,182,0.35546875,0.054945055
94,77,171,0.33398438,0.099415205
108,66,174,0.33984375,0.24137931
75,111,186,0.36328125,-0.19354839
101,84,185,0.36132812,0.091891892
105,84,189,0.36914062,0.11111111
70,108,178,0.34765625,-0.21348315
93,84,177,0.34570312,0.050847458
80,94,174,0.33984375,-0.08045977
68,104,172,0.3359375,-0.20930233
117,69,186,0.36328125,0.25806452
96,81,177,0.34570312,0.084745763
99,79,178,0.34765625,0.11235955
96,100,196,0.3828125,-0.020408163
85,116,201,0.39257812,-0.15422886
88,86,174,0.33984375,0.011494253
81,89,170,0.33203125,-0.047058824
97,86,183,0.35742188,0.06010929
101,87,188,0.3671875,0.074468085
87,99,186,0.36328125,-0.064516129
80,100,180,0.3515625,-0.11111111
71,112,183,0.35742188,-0.22404372
80,90,170,0.33203125,-0.058823529
66,110,176,0.34375,-0.25
52,114,166,0.32421875,-0.37349398
96,87,183,0.35742188,0.049180328
91,94,185,0.36132812,-0.016216216
63,116,179,0.34960938,-0.29608939
112,74,186,0.36328125,0.20430108
125,59,184,0.359375,0.35869565
63,111,174,0.33984375,-0.27586207
98,72,170,0.33203125,0.15294118
117,67,184,0.359375,0.27173913
96,91,187,0.36523438,0.026737968
75,108,183,0.35742188,-0.18032787
63,115,178,0.34765625,-0.29213483
116,71,187,0.36523438,0.24064171
50,132,182,0.35546875,-0.45054945
82,98,180,0.3515625,-0.088888889
114,54,168,0.328125,0.35714286
87,91,178,0.34765625,-0.02247191
64,110,174,0.33984375,-0.26436782
80,94,174,0.33984375,-0.08045977
76,106,182,0.35546875,-0.16483516
89,78,167,0.32617188,0.065868263
74,108,182,0.35546875,-0.18681319
88,92,180,0.3515625,-0.022222222
85,102,187,0.36523438,-0.090909091
96,85,181,0.35351562,0.060773481
68,115,183,0.35742188,-0.2568306
63,110,173,0.33789062,-0.2716763
95,92,187,0.36523438,0.016042781
95,92,187,0.36523438,0.016042781
93,91,184,0.359375,0.010869565
91,91,182,0.35546875,0
91,100,191,0.37304688,-0.047120419
78,99,177,0.34570312,-0.11864407
74,98,172,0.3359375,-0.13953488
106,78,184,0.359375,0.15217391
102,79,181,0.35351562,0.12707182
101,71,172,0.3359375,0.1744186
99,76,175,0.34179688,0.13142857
77,96,173,0.33789062,-0.10982659
110,78,188,0.3671875,0.17021277
82,83,165,0.32226562,-0.0060606061
57,128,185,0.36132812,-0.38378378
100,87,187,0.36523438,0.069518717
110,65,175,0.34179688,0.25714286
93,90,183,0.35742188,0.016393443
85,96,181,0.35351562,-0.060773481
78,92,170,0.33203125,-0.082352941
94,108,202,0.39453125,-0.069306931
81,103,184,0.359375,-0.11956522
72,109,181,0.35351562,-0.20441989
92,98,190,0.37109375,-0.031578947
103,85,188,0.3671875,0.095744681
112,66,178,0.34765625,0.25842697
91,69,160,0.3125,0.1375
103,74,177,0.34570312,0.16384181
102,86,188,0.3671875,0.085106383
101,82,183,0.35742188,0.10382514
88,87,175,0.34179688,0.0057142857
59,112,171,0.33398438,-0.30994152
67,109,176,0.34375,-0.23863636
58,114,172,0.3359375,-0.3255814
110,52,162,0.31640625,0.35802469
81,97,178,0.34765625,-0.08988764
90,95,185,0.36132812,-0.027027027
62,114,176,0.34375,-0.29545455
74,94,168,0.328125,-0.11904762
71,114,185,0.36132812,-0.23243243
79,92,171,0.33398438,-0.076023392
116,76,192,0.375,0.20833333
67,117,184,0.359375,-0.27173913
102,83,185,0.36132812,0.1027027
90,108,198,0.38671875,-0.090909091
106,81,187,0.36523438,0.13368984
106,92,198,0.38671875,0.070707071
70,92,162,0.31640625,-0.13580247
101,79,180,0.3515625,0.12222222
67,106,173,0.33789062,-0.22543353
83,84,167,0.32617188,-0.005988024
76,89,165,0.32226562,-0.078787879
95,73,168,0.328125,0.13095238
64,116,180,0.3515625,-0.28888889
69,94,163,0.31835938,-0.15337423
104,80,184,0.359375,0.13043478
87,77,164,0.3203125,0.06097561
79,100,179,0.34960938,-0.11731844
82,92,174,0.33984375,-0.057471264
84,104,188,0.3671875,-0.10638298
111,81,192,0.375,0.15625
107,82,189,0.36914062,0.13227513
95,91,186,0.36328125,0.021505376
97,73,170,0.33203125,0.14117647
79,92,171,0.33398438,-0.076023392
79,112,191,0.37304688,-0.17277487
103,84,187,0.36523438,0.10160428
79,91,170,0.33203125,-0.070588235
100,83,183,0.35742188,0.092896175
79,113,192,0.375,-0.17708333
95,92,187,0.36523438,0.016042781
75,91,166,0.32421875,-0.096385542
80,83,163,0.31835938,-0.018404908
116,81,197,0.38476562,0.17766497
90,86,176,0.34375,0.022727273
81,102,183,0.35742188,-0.1147541
75,106,181,0.35351562,-0.17127072
92,86,178,0.34765625,0.033707865
109,68,177,0.34570312,0.23163842
84,90,174,0.33984375,-0.034482759
116,66,182,0.35546875,0.27472527
114,82,196,0.3828125,0.16326531
83,106,189,0.36914062,-0.12169312
64,130,194,0.37890625,-0.34020619
97,70,167,0.32617188,0.16167665
104,76,180,0.3515625,0.15555556
109,68,177,0.34570312,0.23163842
90,99,189,0.36914062,-0.047619048
58,128,186,0.36328125,-0.37634409
89,87,176,0.34375,0.011363636
69,109,178,0.34765625,-0.2247191
90,91,181,0.35351562,-0.0055248619
118,69,187,0.36523438,0.26203209
79,93,172,0.3359375,-0.081395349
107,81,188,0.3671875,0.13829787
63,122,185,0.36132812,-0.31891892
89,96,185,0.36132812,-0.037837838
82,91,173,0.33789062,-0.052023121
66,116,182,0.35546875,-0.27472527
76,99,175,0.34179688,-0.13142857
115,72,187,0.36523438,0.22994652
97,69,166,0.32421875,0.1686747
90,96,186,0.36328125,-0.032258065
76,94,170,0.33203125,-0.10588235
96,85,181,0.35351562,0.060773481
88,95,183,0.35742188,-0.038251366
112,83,195,0.38085938,0.14871795
96,78,174,0.33984375,0.10344828
87,80,167,0.32617188,0.041916168
91,85,176,0.34375,0.034090909
97,89,186,0.36328125,0.043010753
105,68,173,0.33789062,0.21387283
102,79,181,0.35351562,0.12707182
111,73,184,0.359375,0.20652174
62,114,176,0.34375,-0.29545455
81,96,177,0.34570312,-0.084745763
93,90,183,0.35742188,0.016393443
96,77,173,0.33789062,0.10982659
78,109,187,0.36523438,-0.1657754
74,120,194,0.37890625,-0.2371134
81,97,178,0.34765625,-0.08988764
101,69,170,0.33203125,0.18823529
112,65,177,0.34570312,0.26553672
99,84,183,0.35742188,0.081967213
75,107,182,0.35546875,-0.17582418
80,109,189,0.36914062,-0.15343915
86,93,179,0.34960938,-0.039106145
88,87,175,0.34179688,0.0057142857
88,87,175,0.34179688,0.0057142857
113,81,194,0.37890625,0.16494845
71,106,177,0.34570312,-0.19774011
62,118,180,0.3515625,-0.31111111
86,81,167,0.32617188,0.02994012
89,83,172,0.3359375,0.034883721
79,96,175,0.34179688,-0.097142857
93,66,159,0.31054688,0.16981132
104,72,176,0.34375,0.18181818
107,70,177,0.34570312,0.20903955
66,117,183,0.35742188,-0.27868852
89,80,169,0.33007812,0.053254438
74,108,182,0.35546875,-0.18681319
86,98,184,0.359375,-0.065217391
95,95,190,0.37109375,0
94,99,193,0.37695312,-0.025906736
60,125,185,0.36132812,-0.35135135
94,89,183,0.35742188,0.027322404
103,82,185,0.36132812,0.11351351
112,63,175,0.34179688,0.28
76,94,170,0.33203125,-0.10588235
98,88,186,0.36328125,0.053763441
101,88,189,0.36914062,0.068783069
94,88,182,0.35546875,0.032967033
100,83,183,0.35742188,0.092896175
63,113,176,0.34375,-0.28409091
99,75,174,0.33984375,0.13793103
85,94,179,0.34960938,-0.05027933
97,94,191,0.37304688,0.015706806
96,87,183,0.35742188,0.049180328
74,100,174,0.33984375,-0.14942529
111,58,169,0.33007812,0.31360947
86,94,180,0.3515625,-0.044444444
71,110,181,0.35351562,-0.21546961
102,69,171,0.33398438,0.19298246
90,77,167,0.32617188,0.077844311
97,90,187,0.36523438,0.037433155
77,101,178,0.34765625,-0.13483146
128,65,193,0.37695312,0.32642487
114,73,187,0.36523438,0.21925134
73,111,184,0.359375,-0.20652174
105,81,186,0.36328125,0.12903226
71,116,187,0.36523438,-0.24064171
102,79,181,0.35351562,0.12707182
95,93,188,0.3671875,0.010638298
74,112,186,0.36328125,-0.20430108
89,101,190,0.37109375,-0.063157895
92,75,167,0.32617188,0.10179641
81,93,174,0.33984375,-0.068965517
76,119,195,0.38085938,-0.22051282
94,83,177,0.34570312,0.062146893
73,91,164,0.3203125,-0.1097561
91,101,192,0.375,-0.052083333
103,69,172,0.3359375,0.19767442
63,100,163,0.31835938,-0.22699387
93,97,190,0.37109375,-0.021052632
93,90,183,0.35742188,0.016393443
101,84,185,0.36132812,0.091891892
112,63,175,0.34179688,0.28
109,79,188,0.3671875,0.15957447
85,95,180,0.3515625,-0.055555556
105,81,186,0.36328125,0.12903226
69,111,180,0.3515625,-0.23333333
97,75,172,0.3359375,0.12790698
113,65,178,0.34765625,0.26966292
93,88,181,0.35351562,0.027624309
98,89,187,0.36523438,0.048128342
85,105,190,0.37109375,-0.10526316
91,94,185,0.36132812,-0.016216216
105,63,168,0.328125,0.25
70,117,187,0.36523438,-0.2513369
106,84,190,0.37109375,0.11578947
87,87,174,0.33984375,0
101,79,180,0.3515625,0.12222222
74,114,188,0.3671875,-0.21276596
124,65,189,0.36914062,0.31216931
86,100,186,0.36328125,-0.075268817
100,79,179,0.34960938,0.11731844
115,68,183,0.35742188,0.2568306
67,103,170,0.33203125,-0.21176471
122,72,194,0.37890625,0.25773196
92,80,172,0.3359375,0.069767442
92,84,176,0.34375,0.045454545
95,78,173,0.33789062,0.098265896
58,114,172,0.3359375,-0.3255814
55,123,178,0.34765625,-0.38202247
99,78,177,0.34570312,0.11864407
90,70,160,0.3125,0.125
65,105,170,0.33203125,-0.23529412
76,105,181,0.35351562,-0.16022099
94,98,192,0.375,-0.020833333
115,62,177,0.34570312,0.29943503
147,49,196,0.3828125,0.5
104,75,179,0.34960938,0.16201117
87,87,174,0.33984375,0
95,73,168,0.328125,0.13095238
70,117,187,0.36523438,-0.2513369
86,101,187,0.36523438,-0.080213904
66,107,173,0.33789062,-0.23699422
70,102,172,0.3359375,-0.18604651
123,68,191,0.37304688,0.28795812
118,61,179,0.34960938,0.31843575
68,109,177,0.34570312,-0.23163842
100,84,184,0.359375,0.086956522
92,85,177,0.34570312,0.039548023
89,89,178,0.34765625,0
73,125,198,0.38671875,-0.26262626
86,79,165,0.32226562,0.042424242
95,76,171,0.33398438,0.11111111
82,112,194,0.37890625,-0.15463918
86,85,171,0.33398438,0.0058479532
135,61,196,0.3828125,0.37755102
74,94,168,0.328125,-0.11904762
71,98,169,0.33007812,-0.15976331
88,80,168,0.328125,0.047619048
98,79,177,0.34570312,0.10734463
61,108,169,0.33007812,-0.27810651
60,117,177,0.34570312,-0.3220339
120,70,190,0.37109375,0.26315789
89,100,189,0.36914062,-0.058201058
97,77,174,0.33984375,0.11494253
80,106,186,0.36328125,-0.13978495
94,78,172,0.3359375,0.093023256
63,101,164,0.3203125,-0.23170732
86,83,169,0.33007812,0.017751479
56,119,175,0.34179688,-0.36
106,91,197,0.38476562,0.076142132
119,75,194,0.37890625,0.22680412
76,97,173,0.33789062,-0.12138728
87,103,190,0.37109375,-0.084210526
114,81,195,0.38085938,0.16923077
100,84,184,0.359375,0.086956522
101,87,188,0.3671875,0.074468085
84,72,156,0.3046875,0.076923077
78,96,174,0.33984375,-0.10344828
94,87,181,0.35351562,0.038674033
96,97,193,0.37695312,-0.0051813472
57,120,177,0.34570312,-0.3559322
121,60,181,0.35351562,0.33701657
84,85,169,0.33007812,-0.0059171598
63,111,174,0.33984375,-0.27586207
80,98,178,0.34765625,-0.1011236
92,86,178,0.34765625,0.033707865
86,91,177,0.34570312,-0.028248588
99,70,169,0.33007812,0.17159763
106,85,191,0.37304688,0.10994764
86,98,184,0.359375,-0.065217391
89,94,183,0.35742188,-0.027322404
95,101,196,0.3828125,-0.030612245
90,97,187,0.36523438,-0.037433155
117,74,191,0.37304688,0.22513089
105,84,189,0.36914062,0.11111111
82,93,175,0.34179688,-0.062857143
67,104,171,0.33398438,-0.21637427
113,57,170,0.33203125,0.32941176
93,82,175,0.34179688,0.062857143
86,104,190,0.37109375,-0.094736842
99,63,162,0.31640625,0.22222222
83,95,178,0.34765625,-0.06741573
104,70,174,0.33984375,0.1954023
81,108,189,0.36914062,-0.14285714
78,110,188,0.3671875,-0.17021277
86,80,166,0.32421875,0.036144578
83,90,173,0.33789062,-0.040462428
115,55,170,0.33203125,0.35294118
91,84,175,0.34179688,0.04
75,101,176,0.34375,-0.14772727
76,111,187,0.36523438,-0.18716578
96,77,173,0.33789062,0.10982659
92,86,178,0.34765625,0.033707865
89,85,174,0.33984375,0.022988506
90,86,176,0.34375,0.022727273
94,92,186,0.36328125,0.010752688
108,68,176,0.34375,0.22727273
80,114,194,0.37890625,-0.17525773
66,115,181,0.35351562,-0.27071823
71,119,190,0.37109375,-0.25263158
80,105,185,0.36132812,-0.13513514
103,84,187,0.36523438,0.10160428
88,85,173,0.33789062,0.01734104
93,85,178,0.34765625,0.04494382
113,75,188,0.3671875,0.20212766
102,85,187,0.36523438,0.090909091
111,84,195,0.38085938,0.13846154
96,78,174,0.33984375,0.10344828
58,119,177,0.34570312,-0.34463277
97,89,186,0.36328125,0.043010753
105,59,164,0.3203125,0.2804878
86,88,174,0.33984375,-0.011494253
78,93,171,0.33398438,-0.087719298
50,156,206,0.40234375,-0.51456311
78,99,177,0.34570312,-0.11864407
69,114,183,0.35742188,-0.24590164
111,72,183,0.35742188,0.21311475
82,96,178,0.34765625,-0.078651685
87,103,190,0.37109375,-0.084210526
91,84,175,0.34179688,0.04
118,70,188,0.3671875,0.25531915
100,70,170,0.33203125,0.17647059
88,86,174,0.33984375,0.011494253
73,94,167,0.32617188,-0.1257485
84,89,173,0.33789062,-0.028901734
85,106,191,0.37304688,-0.10994764
87,93,180,0.3515625,-0.033333333
88,98,186,0.36328125,-0.053763441
77,116,193,0.37695312,-0.20207254
81,97,178,0.34765625,-0.08988764
82,94,176,0.34375,-0.068181818
128,61,189,0.36914062,0.35449735
83,108,191,0.37304688,-0.13089005
82,88,170,0.33203125,-0.035294118
78,96,174,0.33984375,-0.10344828
83,88,171,0.33398438,-0.029239766
87,98,185,0.36132812,-0.059459459
64,125,189,0.36914062,-0.32275132
82,92,174,0.33984375,-0.057471264
118,66,184,0.359375,0.2826087
105,72,177,0.34570312,0.18644068
105,85,190,0.37109375,0.10526316
76,101,177,0.34570312,-0.14124294
99,78,177,0.34570312,0.11864407
71,109,180,0.3515625,-0.21111111
72,112,184,0.359375,-0.2173913
85,81,166,0.32421875,0.024096386
79,108,187,0.36523438,-0.15508021
92,88,180,0.3515625,0.022222222
78,101,179,0.34960938,-0.12849162
98,76,174,0.33984375,0.12643678
76,100,176,0.34375,-0.13636364
79,106,185,0.36132812,-0.14594595
99,79,178,0.34765625,0.11235955
97,89,186,0.36328125,0.043010753
81,99,180,0.3515625,-0.1
83,97,180,0.3515625,-0.077777778
92,102,194,0.37890625,-0.051546392
106,74,180,0.3515625,0.17777778
85,106,191,0.37304688,-0.10994764
81,96,177,0.34570312,-0.084745763
60,124,184,0.359375,-0.34782609
124,59,183,0.35742188,0.35519126
65,113,178,0.34765625,-0.26966292
84,97,181,0.35351562,-0.071823204
67,114,181,0.35351562,-0.25966851
95,83,178,0.34765625,0.06741573
132,49,181,0.35351562,0.45856354
107,77,184,0.359375,0.16304348
95,85,180,0.3515625,0.055555556
101,86,187,0.36523438,0.080213904
110,66,176,0.34375,0.25
60,120,180,0.3515625,-0.33333333
83,97,180,0.3515625,-0.077777778
104,73,177,0.34570312,0.17514124
90,71,161,0.31445312,0.11801242
100,78,178,0.34765625,0.12359551
93,90,183,0.35742188,0.016393443
88,96,184,0.359375,-0.043478261
111,69,180,0.3515625,0.23333333
103,85,188,0.3671875,0.095744681
112,75,187,0.36523438,0.19786096
93,94,187,0.36523438,-0.0053475936
90,100,190,0.37109375,-0.052631579
101,77,178,0.34765625,0.13483146
117,69,186,0.36328125,0.25806452
93,84,177,0.34570312,0.050847458
69,112,181,0.35351562,-0.23756906
92,88,180,0.3515625,0.022222222
66,128,194,0.37890625,-0.31958763
79,88,167,0.32617188,-0.053892216
85,96,181,0.35351562,-0.060773481
96,76,172,0.3359375,0.11627907
76,112,188,0.3671875,-0.19148936
54,131,185,0.36132812,-0.41621622
67,99,166,0.32421875,-0.19277108
71,109,180,0.3515625,-0.21111111
78,99,177,0.34570312,-0.11864407
81,88,169,0.33007812,-0.041420118
69,118,187,0.36523438,-0.26203209
68,105,173,0.33789062,-0.21387283
98,92,190,0.37109375,0.031578947
83,100,183,0.35742188,-0.092896175
92,90,182,0.35546875,0.010989011
113,69,182,0.35546875,0.24175824
80,94,174,0.33984375,-0.08045977
105,83,188,0.3671875,0.11702128
100,79,179,0.34960938,0.11731844
82,95,177,0.34570312,-0.073446328
60,110,170,0.33203125,-0.29411765
85,115,200,0.390625,-0.15
104,69,173,0.33789062,0.20231214
83,107,190,0.37109375,-0.12631579
100,83,183,0.35742188,0.092896175
102,82,184,0.359375,0.10869565
89,81,170,0.33203125,0.047058824
94,70,164,0.3203125,0.14634146
117,66,183,0.35742188,0.27868852
117,66,183,0.35742188,0.27868852
95,73,168,0.328125,0.13095238
96,82,178,0.34765625,0.078651685
61,123,184,0.359375,-0.33695652
73,115,188,0.3671875,-0.22340426
79,104,183,0.35742188,-0.13661202
87,104,191,0.37304688,-0.089005236
87,95,182,0.35546875,-0.043956044
87,80,167,0.32617188,0.041916168
69,102,171,0.33398438,-0.19298246
87,101,188,0.3671875,-0.074468085
94,81,175,0.34179688,0.074285714
78,95,173,0.33789062,-0.098265896
82,99,181,0.35351562,-0.093922652
63,105,168,0.328125,-0.25
53,123,176,0.34375,-0.39772727
90,81,171,0.33398438,0.052631579
135,58,193,0.37695312,0.39896373
102,78,180,0.3515625,0.13333333
122,65,187,0.36523438,0.30481283
56,123,179,0.34960938,-0.37430168
78,98,176,0.34375,-0.11363636
108,71,179,0.34960938,0.20670391
68,117,185,0.36132812,-0.26486486
91,79,170,0.33203125,0.070588235
89,91,180,0.3515625,-0.011111111
111,72,183,0.35742188,0.21311475
123,53,176,0.34375,0.39772727
93,87,180,0.3515625,0.033333333
74,111,185,0.36132812,-0.2
109,57,166,0.32421875,0.31325301
55,125,180,0.3515625,-0.38888889
68,105,173,0.33789062,-0.21387283
96,81,177,0.34570312,0.084745763
133,60,193,0.37695312,0.37823834
79,112,191,0.37304688,-0.17277487
96,76,172,0.3359375,0.11627907
81,88,169,0.33007812,-0.041420118
101,80,181,0.35351562,0.1160221
76,109,185,0.36132812,-0.17837838
109,68,177,0.34570312,0.23163842
78,99,177,0.34570312,-0.11864407
96,94,190,0.37109375,0.010526316
102,86,188,0.3671875,0.085106383
39,131,170,0.33203125,-0.54117647
100,75,175,0.34179688,0.14285714
70,120,190,0.37109375,-0.26315789
115,64,179,0.34960938,0.2849162
111,81,192,0.375,0.15625
88,102,190,0.37109375,-0.073684211
79,87,166,0.32421875,-0.048192771
99,86,185,0.36132812,0.07027027
104,75,179,0.34960938,0.16201117
81,99,180,0.3515625,-0.1
89,94,183,0.35742188,-0.027322404
92,91,183,0.35742188,0.0054644809
102,65,167,0.32617188,0.22155689
99,88,187,0.36523438,0.058823529
113,67,180,0.3515625,0.25555556
77,88,165,0.32226562,-0.066666667
99,93,192,0.375,0.03125
85,85,170,0.33203125,0
94,95,189,0.36914062,-0.0052910053
84,106,190,0.37109375,-0.11578947
92,86,178,0.34765625,0.033707865
80,104,184,0.359375,-0.13043478
107,66,173,0.33789062,0.23699422
76,107,183,0.35742188,-0.16939891
61,121,182,0.35546875,-0.32967033
80,105,185,0.36132812,-0.13513514
86,99,185,0.36132812,-0.07027027
130,60,190,0.37109375,0.36842105
80,95,175,0.34179688,-0.085714286
88,86,174,0.33984375,0.011494253
63,123,186,0.36328125,-0.32258065
56,131,187,0.36523438,-0.40106952
114,75,189,0.36914062,0.20634921
71,116,187,0.36523438,-0.24064171
71,108,179,0.34960938,-0.20670391
106,75,181,0.35351562,0.17127072
72,106,178,0.34765625,-0.19101124
92,76,168,0.328125,0.095238095
108,85,193,0.37695312,0.11917098
96,91,187,0.36523438,0.026737968
93,94,187,0.36523438,-0.0053475936
83,100,183,0.35742188,-0.092896175
94,82,176,0.34375,0.068181818
87,96,183,0.35742188,-0.049180328
101,72,173,0.33789062,0.16763006
100,78,178,0.34765625,0.12359551
74,106,180,0.3515625,-0.17777778
68,114,182,0.35546875,-0.25274725
85,81,166,0.32421875,0.024096386
84,102,186,0.36328125,-0.096774194
81,97,178,0.34765625,-0.08988764
87,75,162,0.31640625,0.074074074
98,72,170,0.33203125,0.15294118
128,56,184,0.359375,0.39130435
76,94,170,0.33203125,-0.10588235
80,104,184,0.359375,-0.13043478
80,98,178,0.34765625,-0.1011236
78,98,176,0.34375,-0.11363636
86,97,183,0.35742188,-0.06010929
101,78,179,0.34960938,0.12849162
63,111,174,0.33984375,-0.27586207
95,91,186,0.36328125,0.021505376
81,114,195,0.38085938,-0.16923077
108,61,169,0.33007812,0.27810651
93,94,187,0.36523438,-0.0053475936
121,56,177,0.34570312,0.36723164
79,105,184,0.359375,-0.14130435
71,96,167,0.32617188,-0.1497006
79,111,190,0.37109375,-0.16842105
110,74,184,0.359375,0.19565217
79,95,174,0.33984375,-0.091954023
100,84,184,0.359375,0.086956522
76,101,177,0.34570312,-0.14124294
68,106,174,0.33984375,-0.2183908
79,90,169,0.33007812,-0.065088757
54,137,191,0.37304688,-0.43455497
103,74,177,0.34570312,0.16384181
76,107,183,0.35742188,-0.16939891
85,86,171,0.33398438,-0.0058479532
85,89,174,0.33984375,-0.022988506
91,83,174,0.33984375,0.045977011
97,85,182,0.35546875,0.065934066
77,106,183,0.35742188,-0.15846995
86,76,162,0.31640625,0.061728395
102,77,179,0.34960938,0.1396648
87,98,185,0.36132812,-0.059459459
107,86,193,0.37695312,0.10880829
97,77,174,0.33984375,0.11494253
87,103,190,0.37109375,-0.084210526
99,91,190,0.37109375,0.042105263
85,92,177,0.34570312,-0.039548023
95,90,185,0.36132812,0.027027027
84,99,183,0.35742188,-0.081967213
87,84,171,0.33398438,0.01754386
123,66,189,0.36914062,0.3015873
81,96,177,0.34570312,-0.084745763
94,93,187,0.36523438,0.0053475936
64,114,178,0.34765625,-0.28089888
52,131,183,0.35742188,-0.43169399
113,70,183,0.35742188,0.23497268
104,91,195,0.38085938,0.066666667
123,56,179,0.34960938,0.37430168
69,111,180,0.3515625,-0.23333333
115,64,179,0.34960938,0.2849162
94,86,180,0.3515625,0.044444444
84,95,179,0.34960938,-0.061452514
88,92,180,0.3515625,-0.022222222
77,82,159,0.31054688,-0.031446541
108,83,191,0.37304688,0.13089005
97,80,177,0.34570312,0.096045198
76,108,184,0.359375,-0.17391304
87,88,175,0.34179688,-0.0057142857
96,87,183,0.35742188,0.049180328
60,113,173,0.33789062,-0.30635838
75,118,193,0.37695312,-0.22279793
106,75,181,0.35351562,0.17127072
98,91,189,0.36914062,0.037037037
81,106,187,0.36523438,-0.13368984
105,80,185,0.36132812,0.13513514
107,75,182,0.35546875,0.17582418
87,98,185,0.36132812,-0.059459459
95,82,177,0.34570312,0.073446328
96,86,182,0.35546875,0.054945055
90,100,190,0.37109375,-0.052631579
85,98,183,0.35742188,-0.071038251
112,78,190,0.37109375,0.17894737
106,80,186,0.36328125,0.13978495
91,85,176,0.34375,0.034090909
68,123,191,0.37304688,-0.28795812
75,101,176,0.34375,-0.14772727
114,72,186,0.36328125,0.22580645
88,81,169,0.33007812,0.041420118
95,84,179,0.34960938,0.061452514
90,92,182,0.35546875,-0.010989011
88,80,168,0.328125,0.047619048
80,96,176,0.34375,-0.090909091
82,104,186,0.36328125,-0.11827957
95,96,191,0.37304688,-0.0052356021
87,93,180,0.3515625,-0.033333333
75,96,171,0.33398438,-0.12280702
75,101,176,0.34375,-0.14772727
112,66,178,0.34765625,0.25842697
100,77,177,0.34570312,0.1299435
81,106,187,0.36523438,-0.13368984
72,110,182,0.35546875,-0.20879121
106,82,188,0.3671875,0.12765957
108,78,186,0.36328125,0.16129032
65,121,186,0.36328125,-0.30107527
98,86,184,0.359375,0.065217391
97,93,190,0.37109375,0.021052632
82,97,179,0.34960938,-0.083798883
82,99,181,0.35351562,-0.093922652
94,87,181,0.35351562,0.038674033
119,71,190,0.37109375,0.25263158
86,104,190,0.37109375,-0.094736842
95,96,191,0.37304688,-0.0052356021
94,99,193,0.37695312,-0.025906736
116,62,178,0.34765625,0.30337079
54,128,182,0.35546875,-0.40659341
98,75,173,0.33789062,0.13294798
98,85,183,0.35742188,0.071038251
80,88,168,0.328125,-0.047619048
68,117,185,0.36132812,-0.26486486
86,96,182,0.35546875,-0.054945055
116,66,182,0.35546875,0.27472527
88,84,172,0.3359375,0.023255814
95,92,187,0.36523438,0.016042781
80,94,174,0.33984375,-0.08045977
102,93,195,0.38085938,0.046153846
88,97,185,0.36132812,-0.048648649
89,96,185,0.36132812,-0.037837838
100,82,182,0.35546875,0.098901099
63,109,172,0.3359375,-0.26744186
113,67,180,0.3515625,0.25555556
65,114,179,0.34960938,-0.27374302
92,90,182,0.35546875,0.010989011
103,69,172,0.3359375,0.19767442
60,101,161,0.31445312,-0.25465839
123,61,184,0.359375,0.33695652
113,74,187,0.36523438,0.20855615
83,95,178,0.34765625,-0.06741573
100,90,190,0.37109375,0.052631579
81,103,184,0.359375,-0.11956522
110,66,176,0.34375,0.25
96,77,173,0.33789062,0.10982659
100,79,179,0.34960938,0.11731844
83,87,170,0.33203125,-0.023529412
75,94,169,0.33007812,-0.11242604
95,89,184,0.359375,0.032608696
98,89,187,0.36523438,0.048128342
91,76,167,0.32617188,0.089820359
99,80,179,0.34960938,0.10614525
95,82,177,0.34570312,0.073446328
87,85,172,0.3359375,0.011627907
75,99,174,0.33984375,-0.13793103
62,109,171,0.33398438,-0.2748538
51,127,178,0.34765625,-0.42696629
80,101,181,0.35351562,-0.1160221
96,89,185,0.36132812,0.037837838
87,90,177,0.34570312,-0.016949153
73,115,188,0.3671875,-0.22340426
107,66,173,0.33789062,0.23699422
52,128,180,0.3515625,-0.42222222
90,97,187,0.36523438,-0.037433155
74,100,174,0.33984375,-0.14942529
114,72,186,0.36328125,0.22580645
103,77,180,0.3515625,0.14444444
88,107,195,0.38085938,-0.097435897
70,117,187,0.36523438,-0.2513369
79,97,176,0.34375,-0.10227273
71,109,180,0.3515625,-0.21111111
110,69,179,0.34960938,0.22905028
79,106,185,0.36132812,-0.14594595
92,92,184,0.359375,0
67,104,171,0.33398438,-0.21637427
94,70,164,0.3203125,0.14634146
103,61,164,0.3203125,0.25609756
48,114,162,0.31640625,-0.40740741
77,75,152,0.296875,0.013157895
103,75,178,0.34765625,0.15730337
81,88,169,0.33007812,-0.041420118
112,60,172,0.3359375,0.30232558
83,94,177,0.34570312,-0.062146893
102,67,169,0.33007812,0.20710059
73,102,175,0.34179688,-0.16571429
100,82,182,0.35546875,0.098901099
77,101,178,0.34765625,-0.13483146
88,70,158,0.30859375,0.11392405
101,81,182,0.35546875,0.10989011
87,102,189,0.36914062,-0.079365079
58,126,184,0.359375,-0.36956522
109,79,188,0.3671875,0.15957447
80,83,163,0.31835938,-0.018404908
83,97,180,0.3515625,-0.077777778
108,77,185,0.36132812,0.16756757
113,76,189,0.36914062,0.1957672
67,115,182,0.35546875,-0.26373626
75,106,181,0.35351562,-0.17127072
83,100,183,0.35742188,-0.092896175
57,126,183,0.35742188,-0.37704918
100,86,186,0.36328125,0.075268817
84,106,190,0.37109375,-0.11578947
83,92,175,0.34179688,-0.051428571
75,99,174,0.33984375,-0.13793103
72,114,186,0.36328125,-0.22580645
87,89,176,0.34375,-0.011363636
53,110,163,0.31835938,-0.34969325
107,74,181,0.35351562,0.18232044
103,75,178,0.34765625,0.15730337
100,82,182,0.35546875,0.098901099
96,80,176,0.34375,0.090909091
76,101,177,0.34570312,-0.14124294
132,48,180,0.3515625,0.46666667
79,96,175,0.34179688,-0.097142857
77,108,185,0.36132812,-0.16756757
92,82,174,0.33984375,0.057471264
108,66,174,0.33984375,0.24137931
68,125,193,0.37695312,-0.29533679
73,112,185,0.36132812,-0.21081081
100,84,184,0.359375,0.086956522
84,96,180,0.3515625,-0.066666667
138,46,184,0.359375,0.5
108,95,203,0.39648438,0.064039409
114,74,188,0.3671875,0.21276596
101,76,177,0.34570312,0.14124294
100,78,178,0.34765625,0.12359551
84,106,190,0.37109375,-0.11578947
120,62,182,0.35546875,0.31868132
98,80,178,0.34765625,0.1011236
65,110,175,0.34179688,-0.25714286
104,73,177,0.34570312,0.17514124
95,97,192,0.375,-0.010416667
86,89,175,0.34179688,-0.017142857
59,108,167,0.32617188,-0.29341317
90,95,185,0.36132812,-0.027027027
84,104,188,0.3671875,-0.10638298
71,106,177,0.34570312,-0.19774011
81,93,174,0.33984375,-0.068965517
97,82,179,0.34960938,0.083798883
102,75,177,0.34570312,0.15254237
86,100,186,0.36328125,-0.075268817
79,89,168,0.328125,-0.05952381
91,95,186,0.36328125,-0.021505376
103,62,165,0.32226562,0.24848485
101,80,181,0.35351562,0.1160221
91,74,165,0.32226562,0.1030303
61,102,163,0.31835938,-0.25153374
81,94,175,0.34179688,-0.074285714
92,86,178,0.34765625,0.033707865
112,65,177,0.34570312,0.26553672
95,95,190,0.37109375,0
98,79,177,0.34570312,0.10734463
100,97,197,0.38476562,0.015228426
102,88,190,0.37109375,0.073684211
87,79,166,0.32421875,0.048192771
112,68,180,0.3515625,0.24444444
122,63,185,0.36132812,0.31891892
71,100,171,0.33398438,-0.16959064
107,83,190,0.37109375,0.12631579
94,78,172,0.3359375,0.093023256
76,96,172,0.3359375,-0.11627907
100,70,170,0.33203125,0.17647059
86,85,171,0.33398438,0.0058479532
100,76,176,0.34375,0.13636364
71,120,191,0.37304688,-0.2565445
117,63,180,0.3515625,0.3
76,114,190,0.37109375,-0.2
87,92,179,0.34960938,-0.027932961
115,67,182,0.35546875,0.26373626
95,81,176,0.34375,0.079545455
116,73,189,0.36914062,0.22751323
91,91,182,0.35546875,0
109,78,187,0.36523438,0.1657754
90,86,176,0.34375,0.022727273
70,98,168,0.328125,-0.16666667
62,111,173,0.33789062,-0.28323699
72,95,167,0.32617188,-0.13772455
98,76,174,0.33984375,0.12643678
83,108,191,0.37304688,-0.13089005
80,95,175,0.34179688,-0.085714286
74,100,174,0.33984375,-0.14942529
95,69,164,0.3203125,0.15853659
125,72,197,0.38476562,0.26903553
82,90,172,0.3359375,-0.046511628
56,116,172,0.3359375,-0.34883721
105,70,175,0.34179688,0.2
107,80,187,0.36523438,0.14438503
69,110,179,0.34960938,-0.22905028
79,110,189,0.36914062,-0.16402116
118,66,184,0.359375,0.2826087
99,77,176,0.34375,0.125
75,104,179,0.34960938,-0.16201117
106,66,172,0.3359375,0.23255814
103,85,188,0.3671875,0.095744681
122,68,190,0.37109375,0.28421053
84,99,183,0.35742188,-0.081967213
63,105,168,0.328125,-0.25
86,90,176,0.34375,-0.022727273
86,93,179,0.34960938,-0.039106145
78,106,184,0.359375,-0.15217391
69,116,185,0.36132812,-0.25405405
70,101,171,0.33398438,-0.18128655
59,120,179,0.34960938,-0.34078212
91,91,182,0.35546875,0
101,59,160,0.3125,0.2625
83,83,166,0.32421875,0
78,81,159,0.31054688,-0.018867925
64,108,172,0.3359375,-0.25581395
84,94,178,0.34765625,-0.056179775
103,71,174,0.33984375,0.18390805
66,97,163,0.31835938,-0.19018405
83,98,181,0.35351562,-0.082872928
76,99,175,0.34179688,-0.13142857
73,115,188,0.3671875,-0.22340426
71,114,185,0.36132812,-0.23243243
98,108,206,0.40234375,-0.048543689
107,71,178,0.34765625,0.20224719
69,115,184,0.359375,-0.25
110,79,189,0.36914062,0.16402116
66,115,181,0.35351562,-0.27071823
76,103,179,0.34960938,-0.15083799
126,56,182,0.35546875,0.38461538
70,103,173,0.33789062,-0.19075145
111,76,187,0.36523438,0.18716578
86,90,176,0.34375,-0.022727273
104,88,192,0.375,0.083333333
123,61,184,0.359375,0.33695652
80,87,167,0.32617188,-0.041916168
99,84,183,0.35742188,0.081967213
83,98,181,0.35351562,-0.082872928
115,71,186,0.36328125,0.23655914
58,99,157,0.30664062,-0.2611465
90,74,164,0.3203125,0.097560976
100,75,175,0.34179688,0.14285714
82,100,182,0.35546875,-0.098901099
105,83,188,0.3671875,0.11702128
75,96,171,0.33398438,-0.12280702
91,95,186,0.36328125,-0.021505376
89,92,181,0.35351562,-0.016574586
67,111,178,0.34765625,-0.24719101
56,122,178,0.34765625,-0.37078652
96,87,183,0.35742188,0.049180328
75,111,186,0.36328125,-0.19354839
94,88,182,0.35546875,0.032967033
90,87,177,0.34570312,0.016949153
81,105,186,0.36328125,-0.12903226
80,110,190,0.37109375,-0.15789474
93,85,178,0.34765625,0.04494382
73,99,172,0.3359375,-0.15116279
84,89,173,0.33789062,-0.028901734
102,78,180,0.3515625,0.13333333
57,136,193,0.37695312,-0.40932642
73,108,181,0.35351562,-0.19337017
87,90,177,0.34570312,-0.016949153
94,86,180,0.3515625,0.044444444
63,123,186,0.36328125,-0.32258065
94,86,180,0.3515625,0.044444444
99,70,169,0.33007812,0.17159763
87,87,174,0.33984375,0
80,108,188,0.3671875,-0.14893617
111,63,174,0.33984375,0.27586207
92,105,197,0.38476562,-0.065989848
67,111,178,0.34765625,-0.24719101
90,104,194,0.37890625,-0.072164948
102,65,167,0.32617188,0.22155689
103,71,174,0.33984375,0.18390805
104,90,194,0.37890625,0.072164948
85,102,187,0.36523438,-0.090909091
98,83,181,0.35351562,0.082872928
94,96,190,0.37109375,-0.010526316
117,81,198,0.38671875,0.18181818
89,92,181,0.35351562,-0.016574586
88,90,178,0.34765625,-0.011235955
130,62,192,0.375,0.35416667
91,100,191,0.37304688,-0.047120419
108,62,170,0.33203125,0.27058824
97,77,174,0.33984375,0.11494253
88,104,192,0.375,-0.083333333
77,103,180,0.3515625,-0.14444444
89,102,191,0.37304688,-0.068062827
89,82,171,0.33398438,0.040935673
120,70,190,0.37109375,0.26315789
69,112,181,0.35351562,-0.23756906
108,65,173,0.33789062,0.24855491
87,84,171,0.33398438,0.01754386
106,55,161,0.31445312,0.31677019
107,72,179,0.34960938,0.19553073
58,114,172,0.3359375,-0.3255814
80,99,179,0.34960938,-0.10614525
62,130,192,0.375,-0.35416667
77,104,181,0.35351562,-0.14917127
125,55,180,0.3515625,0.38888889
49,122,171,0.33398438,-0.42690058
70,108,178,0.34765625,-0.21348315
100,76,176,0.34375,0.13636364
115,68,183,0.35742188,0.2568306
116,65,181,0.35351562,0.28176796
111,56,167,0.32617188,0.32934132
98,85,183,0.35742188,0.071038251
87,100,187,0.36523438,-0.069518717
46,128,174,0.33984375,-0.47126437
116,64,180,0.3515625,0.28888889
80,92,172,0.3359375,-0.069767442
85,92,177,0.34570312,-0.039548023
77,99,176,0.34375,-0.125
75,103,178,0.34765625,-0.15730337
81,87,168,0.328125,-0.035714286
89,91,180,0.3515625,-0.011111111
88,96,184,0.359375,-0.043478261
108,73,181,0.35351562,0.19337017
118,52,170,0.33203125,0.38823529
59,119,178,0.34765625,-0.33707865
81,88,169,0.33007812,-0.041420118
81,94,175,0.34179688,-0.074285714
103,87,190,0.37109375,0.084210526
84,83,167,0.32617188,0.005988024
95,78,173,0.33789062,0.098265896
88,104,192,0.375,-0.083333333
102,79,181,0.35351562,0.12707182
105,74,179,0.34960938,0.17318436
60,110,170,0.33203125,-0.29411765
110,68,178,0.34765625,0.23595506
100,83,183,0.35742188,0.092896175
110,68,178,0.34765625,0.23595506
80,107,187,0.36523438,-0.14438503
103,78,181,0.35351562,0.13812155
100,62,162,0.31640625,0.2345679
74,102,176,0.34375,-0.15909091
76,106,182,0.35546875,-0.16483516
60,106,166,0.32421875,-0.27710843
81,93,174,0.33984375,-0.068965517
106,78,184,0.359375,0.15217391
79,106,185,0.36132812,-0.14594595
85,80,165,0.32226562,0.03030303
87,86,173,0.33789062,0.0057803468
99,94,193,0.37695312,0.025906736
89,89,178,0.34765625,0
83,75,158,0.30859375,0.050632911
80,97,177,0.34570312,-0.096045198
106,84,190,0.37109375,0.11578947
91,92,183,0.35742188,-0.0054644809
82,109,191,0.37304688,-0.14136126
100,73,173,0.33789062,0.15606936
74,104,178,0.34765625,-0.16853933
73,107,180,0.3515625,-0.18888889
105,79,184,0.359375,0.14130435
100,85,185,0.36132812,0.081081081
67,114,181,0.35351562,-0.25966851
86,105,191,0.37304688,-0.09947644
92,84,176,0.34375,0.045454545
119,62,181,0.35351562,0.31491713
70,102,172,0.3359375,-0.18604651
121,65,186,0.36328125,0.30107527
107,71,178,0.34765625,0.20224719
81,100,181,0.35351562,-0.10497238
85,101,186,0.36328125,-0.086021505
76,95,171,0.33398438,-0.11111111
108,67,175,0.34179688,0.23428571
56,118,174,0.33984375,-0.35632184
83,97,180,0.3515625,-0.077777778
78,77,155,0.30273438,0.0064516129
131,58,189,0.36914062,0.38624339
90,92,182,0.35546875,-0.010989011
107,59,166,0.32421875,0.28915663
77,98,175,0.34179688,-0.12
60,109,169,0.33007812,-0.28994083
99,87,186,0.36328125,0.064516129
94,86,180,0.3515625,0.044444444
77,95,172,0.3359375,-0.10465116
101,81,182,0.35546875,0.10989011
72,93,165,0.32226562,-0.12727273
103,75,178,0.34765625,0.15730337
89,94,183,0.35742188,-0.027322404
79,100,179,0.34960938,-0.11731844
102,71,173,0.33789062,0.17919075
72,105,177,0.34570312,-0.18644068
93,82,175,0.34179688,0.062857143
96,84,180,0.3515625,0.066666667
73,96,169,0.33007812,-0.13609467
97,94,191,0.37304688,0.015706806
77,108,185,0.36132812,-0.16756757
59,115,174,0.33984375,-0.32183908
70,99,169,0.33007812,-0.17159763
72,98,170,0.33203125,-0.15294118
99,94,193,0.37695312,0.025906736
126,70,196,0.3828125,0.28571429
86,97,183,0.35742188,-0.06010929
81,95,176,0.34375,-0.079545455
60,106,166,0.32421875,-0.27710843
73,111,184,0.359375,-0.20652174
117,87,204,0.3984375,0.14705882
85,88,173,0.33789062,-0.01734104
99,90,189,0.36914062,0.047619048
75,98,173,0.33789062,-0.13294798
120,61,181,0.35351562,0.32596685
89,90,179,0.34960938,-0.0055865922
82,89,171,0.33398438,-0.040935673
62,113,175,0.34179688,-0.29142857
85,87,172,0.3359375,-0.011627907
113,79,192,0.375,0.17708333
85,95,180,0.3515625,-0.055555556
113,58,171,0.33398438,0.32163743
124,78,202,0.39453125,0.22772277
69,131,200,0.390625,-0.31
93,88,181,0.35351562,0.027624309
75,107,182,0.35546875,-0.17582418
75,92,167,0.32617188,-0.10179641
98,72,170,0.33203125,0.15294118
120,55,175,0.34179688,0.37142857
77,89,166,0.32421875,-0.072289157
68,110,178,0.34765625,-0.23595506
95,86,181,0.35351562,0.049723757
75,100,175,0.34179688,-0.14285714
90,80,170,0.33203125,0.058823529
81,89,170,0.33203125,-0.047058824
96,91,187,0.36523438,0.026737968
115,58,173,0.33789062,0.32947977
82,92,174,0.33984375,-0.057471264
85,90,175,0.34179688,-0.028571429
74,108,182,0.35546875,-0.18681319
99,87,186,0.36328125,0.064516129
78,104,182,0.35546875,-0.14285714
104,85,189,0.36914062,0.1005291
107,75,182,0.35546875,0.17582418
119,70,189,0.36914062,0.25925926
88,81,169,0.33007812,0.041420118
97,90,187,0.36523438,0.037433155
98,80,178,0.34765625,0.1011236
78,94,172,0.3359375,-0.093023256
94,74,168,0.328125,0.11904762
89,85,174,0.33984375,0.022988506
88,85,173,0.33789062,0.01734104
96,87,183,0.35742188,0.049180328
59,119,178,0.34765625,-0.33707865
91,74,165,0.32226562,0.1030303
123,66,189,0.36914062,0.3015873
98,85,183,0.35742188,0.071038251
87,92,179,0.34960938,-0.027932961
112,66,178,0.34765625,0.25842697
83,107,190,0.37109375,-0.12631579
84,100,184,0.359375,-0.086956522
76,102,178,0.34765625,-0.14606742
74,99,173,0.33789062,-0.14450867
94,85,179,0.34960938,0.05027933
84,87,171,0.33398438,-0.01754386
94,79,173,0.33789062,0.086705202
107,74,181,0.35351562,0.18232044
74,107,181,0.35351562,-0.18232044
105,77,182,0.35546875,0.15384615
55,126,181,0.35351562,-0.39226519
65,123,188,0.3671875,-0.30851064
86,104,190,0.37109375,-0.094736842
79,85,164,0.3203125,-0.036585366
134,44,178,0.34765625,0.50561798
110,68,178,0.34765625,0.23595506
56,123,179,0.34960938,-0.37430168
69,109,178,0.34765625,-0.2247191
124,70,194,0.37890625,0.27835052
78,115,193,0.37695312,-0.19170984
93,77,170,0.33203125,0.094117647
89,77,166,0.32421875,0.072289157
89,104,193,0.37695312,-0.077720207
124,67,191,0.37304688,0.29842932
101,78,179,0.34960938,0.12849162
113,76,189,0.36914062,0.1957672
70,127,197,0.38476562,-0.2893401
73,107,180,0.3515625,-0.18888889
95,97,192,0.375,-0.010416667
78,102,180,0.3515625,-0.13333333
99,74,173,0.33789062,0.14450867
78,105,183,0.35742188,-0.14754098
60,118,178,0.34765625,-0.3258427
108,79,187,0.36523438,0.15508021
99,71,170,0.33203125,0.16470588
101,76,177,0.34570312,0.14124294
73,114,187,0.36523438,-0.21925134
109,90,199,0.38867188,0.095477387
86,101,187,0.36523438,-0.080213904
82,105,187,0.36523438,-0.12299465
77,89,166,0.32421875,-0.072289157
96,72,168,0.328125,0.14285714
115,59,174,0.33984375,0.32183908
102,70,172,0.3359375,0.18604651
79,113,192,0.375,-0.17708333
58,119,177,0.34570312,-0.34463277
118,57,175,0.34179688,0.34857143
95,82,177,0.34570312,0.073446328
67,103,170,0.33203125,-0.21176471
111,79,190,0.37109375,0.16842105
72,97,169,0.33007812,-0.14792899
102,76,178,0.34765625,0.14606742
77,113,190,0.37109375,-0.18947368
85,99,184,0.359375,-0.076086957
91,90,181,0.35351562,0.0055248619
109,67,176,0.34375,0.23863636
102,76,178,0.34765625,0.14606742
102,85,187,0.36523438,0.090909091
78,111,189,0.36914062,-0.17460317
114,69,183,0.35742188,0.24590164
60,114,174,0.33984375,-0.31034483
79,89,168,0.328125,-0.05952381
104,83,187,0.36523438,0.11229947
76,93,169,0.33007812,-0.10059172
74,96,170,0.33203125,-0.12941176
65,110,175,0.34179688,-0.25714286
84,109,193,0.37695312,-0.12953368
61,115,176,0.34375,-0.30681818
63,108,171,0.33398438,-0.26315789
73,97,170,0.33203125,-0.14117647
104,67,171,0.33398438,0.21637427
113,68,181,0.35351562,0.24861878
105,61,166,0.32421875,0.26506024
80,103,183,0.35742188,-0.12568306
114,67,181,0.35351562,0.25966851
86,91,177,0.34570312,-0.028248588
116,68,184,0.359375,0.26086957
100,71,171,0.33398438,0.16959064
63,106,169,0.33007812,-0.25443787
99,80,179,0.34960938,0.10614525
80,90,170,0.33203125,-0.058823529
84,99,183,0.35742188,-0.081967213
98,80,178,0.34765625,0.1011236
88,89,177,0.34570312,-0.0056497175
82,94,176,0.34375,-0.068181818
73,118,191,0.37304688,-0.23560209
80,93,173,0.33789062,-0.075144509
70,94,164,0.3203125,-0.14634146
90,83,173,0.33789062,0.040462428
65,120,185,0.36132812,-0.2972973
95,96,191,0.37304688,-0.0052356021
113,56,169,0.33007812,0.33727811
88,82,170,0.33203125,0.035294118
79,92,171,0.33398438,-0.076023392
83,110,193,0.37695312,-0.13989637
81,87,168,0.328125,-0.035714286
73,110,183,0.35742188,-0.20218579
71,120,191,0.37304688,-0.2565445
93,97,190,0.37109375,-0.021052632
105,86,191,0.37304688,0.09947644
91,97,188,0.3671875,-0.031914894
117,74,191,0.37304688,0.22513089
110,77,187,0.36523438,0.17647059
79,106,185,0.36132812,-0.14594595
82,99,181,0.35351562,-0.093922652
81,100,181,0.35351562,-0.10497238
136,47,183,0.35742188,0.4863388
93,93,186,0.36328125,0
98,92,190,0.37109375,0.031578947
48,119,167,0.32617188,-0.4251497
108,77,185,0.36132812,0.16756757
117,57,174,0.33984375,0.34482759
101,85,186,0.36328125,0.086021505
57,126,183,0.35742188,-0.37704918
65,111,176,0.34375,-0.26136364
68,106,174,0.33984375,-0.2183908
94,84,178,0.34765625,0.056179775
109,65,174,0.33984375,0.25287356
93,93,186,0.36328125,0
75,111,186,0.36328125,-0.19354839
112,59,171,0.33398438,0.30994152
58,131,189,0.36914062,-0.38624339
80,106,186,0.36328125,-0.13978495
76,95,171,0.33398438,-0.11111111
100,78,178,0.34765625,0.12359551
68,103,171,0.33398438,-0.20467836
80,102,182,0.35546875,-0.12087912
97,80,177,0.34570312,0.096045198
96,76,172,0.3359375,0.11627907
99,71,170,0.33203125,0.16470588
105,71,176,0.34375,0.19318182
101,81,182,0.35546875,0.10989011
95,83,178,0.34765625,0.06741573
98,83,181,0.35351562,0.082872928
111,77,188,0.3671875,0.18085106
64,117,181,0.35351562,-0.29281768
71,116,187,0.36523438,-0.24064171
70,127,197,0.38476562,-0.2893401
87,85,172,0.3359375,0.011627907
111,62,173,0.33789062,0.28323699
65,120,185,0.36132812,-0.2972973
79,88,167,0.32617188,-0.053892216
72,110,182,0.35546875,-0.20879121
103,78,181,0.35351562,0.13812155
108,66,174,0.33984375,0.24137931
87,96,183,0.35742188,-0.049180328
71,119,190,0.37109375,-0.25263158
92,88,180,0.3515625,0.022222222
91,88,179,0.34960938,0.016759777
68,102,170,0.33203125,-0.2
86,86,172,0.3359375,0
55,115,170,0.33203125,-0.35294118
115,64,179,0.34960938,0.2849162
92,84,176,0.34375,0.045454545
89,89,178,0.34765625,0
65,123,188,0.3671875,-0.30851064
94,89,183,0.35742188,0.027322404
73,122,195,0.38085938,-0.25128205
100,75,175,0.34179688,0.14285714
74,104,178,0.34765625,-0.16853933
91,92,183,0.35742188,-0.0054644809
104,76,180,0.3515625,0.15555556
99,82,181,0.35351562,0.093922652
97,81,178,0.34765625,0.08988764
77,97,174,0.33984375,-0.11494253
60,111,171,0.33398438,-0.29824561
80,98,178,0.34765625,-0.1011236
71,101,172,0.3359375,-0.1744186
88,88,176,0.34375,0
106,86,192,0.375,0.10416667
104,79,183,0.35742188,0.13661202
70,119,189,0.36914062,-0.25925926
96,88,184,0.359375,0.043478261
77,108,185,0.36132812,-0.16756757
64,121,185,0.36132812,-0.30810811
94,91,185,0.36132812,0.016216216
70,88,158,0.30859375,-0.11392405
69,90,159,0.31054688,-0.13207547
119,71,190,0.37109375,0.25263158
85,100,185,0.36132812,-0.081081081
83,104,187,0.36523438,-0.11229947
105,76,181,0.35351562,0.16022099
99,54,153,0.29882812,0.29411765
71,114,185,0.36132812,-0.23243243
113,73,186,0.36328125,0.21505376
113,76,189,0.36914062,0.1957672
97,89,186,0.36328125,0.043010753
110,76,186,0.36328125,0.1827957
79,110,189,0.36914062,-0.16402116
102,79,181,0.35351562,0.12707182
96,85,181,0.35351562,0.060773481
112,72,184,0.359375,0.2173913
90,93,183,0.35742188,-0.016393443
91,82,173,0.33789062,0.052023121
87,98,185,0.36132812,-0.059459459
75,100,175,0.34179688,-0.14285714
83,81,164,0.3203125,0.012195122
89,77,166,0.32421875,0.072289157
58,109,167,0.32617188,-0.30538922
92,83,175,0.34179688,0.051428571
87,77,164,0.3203125,0.06097561
93,81,174,0.33984375,0.068965517
105,83,188,0.3671875,0.11702128
69,110,179,0.34960938,-0.22905028
102,91,193,0.37695312,0.056994819
65,104,169,0.33007812,-0.23076923
74,111,185,0.36132812,-0.2
73,106,179,0.34960938,-0.18435754
83,109,192,0.375,-0.13541667
85,87,172,0.3359375,-0.011627907
59,113,172,0.3359375,-0.31395349
106,84,190,0.37109375,0.11578947
92,73,165,0.32226562,0.11515152
96,95,191,0.37304688,0.0052356021
92,70,162,0.31640625,0.13580247
125,63,188,0.3671875,0.32978723
69,107,176,0.34375,-0.21590909
83,114,197,0.38476562,-0.15736041
76,105,181,0.35351562,-0.16022099
114,80,194,0.37890625,0.17525773
122,56,178,0.34765625,0.37078652
80,106,186,0.36328125,-0.13978495
98,81,179,0.34960938,0.094972067
105,72,177,0.34570312,0.18644068
66,109,175,0.34179688,-0.24571429
89,108,197,0.38476562,-0.096446701
87,97,184,0.359375,-0.054347826
64,103,167,0.32617188,-0.23353293
80,106,186,0.36328125,-0.13978495
111,77,188,0.3671875,0.18085106
89,88,177,0.34570312,0.0056497175
94,89,183,0.35742188,0.027322404
109,78,187,0.36523438,0.1657754
129,52,181,0.35351562,0.42541436
128,55,183,0.35742188,0.3989071
88,95,183,0.35742188,-0.038251366
80,108,188,0.3671875,-0.14893617
97,83,180,0.3515625,0.077777778
89,89,178,0.34765625,0
92,92,184,0.359375,0
121,64,185,0.36132812,0.30810811
79,103,182,0.35546875,-0.13186813
72,114,186,0.36328125,-0.22580645
88,95,183,0.35742188,-0.038251366
110,62,172,0.3359375,0.27906977
95,94,189,0.36914062,0.0052910053
87,100,187,0.36523438,-0.069518717
85,92,177,0.34570312,-0.039548023
68,116,184,0.359375,-0.26086957
106,78,184,0.359375,0.15217391
81,95,176,0.34375,-0.079545455
82,107,189,0.36914062,-0.13227513
62,118,180,0.3515625,-0.31111111
91,99,190,0.37109375,-0.042105263
74,111,185,0.36132812,-0.2
86,79,165,0.32226562,0.042424242
103,83,186,0.36328125,0.10752688
92,89,181,0.35351562,0.016574586
60,118,178,0.34765625,-0.3258427
71,103,174,0.33984375,-0.18390805
76,101,177,0.34570312,-0.14124294
93,88,181,0.35351562,0.027624309
64,116,180,0.3515625,-0.28888889
69,107,176,0.34375,-0.21590909
105,85,190,0.37109375,0.10526316
69,118,187,0.36523438,-0.26203209
80,107,187,0.36523438,-0.14438503
90,96,186,0.36328125,-0.032258065
90,82,172,0.3359375,0.046511628
103,86,189,0.36914062,0.08994709
94,90,184,0.359375,0.02173913
80,92,172,0.3359375,-0.069767442
51,127,178,0.34765625,-0.42696629
60,119,179,0.34960938,-0.32960894
101,71,172,0.3359375,0.1744186
105,80,185,0.36132812,0.13513514
124,62,186,0.36328125,0.33333333
91,88,179,0.34960938,0.016759777
110,69,179,0.34960938,0.22905028
81,97,178,0.34765625,-0.08988764
70,120,190,0.37109375,-0.26315789
96,81,177,0.34570312,0.084745763
97,72,169,0.33007812,0.14792899
83,94,177,0.34570312,-0.062146893
94,72,166,0.32421875,0.13253012
66,97,163,0.31835938,-0.19018405
84,98,182,0.35546875,-0.076923077
84,96,180,0.3515625,-0.066666667
74,108,182,0.35546875,-0.18681319
73,121,194,0.37890625,-0.24742268
95,82,177,0.34570312,0.073446328
116,64,180,0.3515625,0.28888889
117,72,189,0.36914062,0.23809524
94,85,179,0.34960938,0.05027933
88,90,178,0.34765625,-0.011235955
65,102,167,0.32617188,-0.22155689
113,71,184,0.359375,0.22826087
71,119,190,0.37109375,-0.25263158
49,131,180,0.3515625,-0.45555556
58,118,176,0.34375,-0.34090909
90,103,193,0.37695312,-0.067357513
79,100,179,0.34960938,-0.11731844
86,90,176,0.34375,-0.022727273
91,87,178,0.34765625,0.02247191
96,84,180,0.3515625,0.066666667
100,77,177,0.34570312,0.1299435
76,101,177,0.34570312,-0.14124294
95,92,187,0.36523438,0.016042781
87,98,185,0.36132812,-0.059459459
73,94,167,0.32617188,-0.1257485
83,100,183,0.35742188,-0.092896175
89,92,181,0.35351562,-0.016574586
88,103,191,0.37304688,-0.078534031
96,102,198,0.38671875,-0.03030303
124,68,192,0.375,0.29166667
111,67,178,0.34765625,0.24719101
95,95,190,0.37109375,0
83,81,164,0.3203125,0.012195122
97,95,192,0.375,0.010416667
104,71,175,0.34179688,0.18857143
78,100,178,0.34765625,-0.12359551
76,91,167,0.32617188,-0.089820359
64,110,174,0.33984375,-0.26436782
102,75,177,0.34570312,0.15254237
87,93,180,0.3515625,-0.033333333
90,86,176,0.34375,0.022727273
92,86,178,0.34765625,0.033707865
83,95,178,0.34765625,-0.06741573
111,76,187,0.36523438,0.18716578
106,83,189,0.36914062,0.12169312
118,65,183,0.35742188,0.28961749
96,78,174,0.33984375,0.10344828
94,96,190,0.37109375,-0.010526316
63,120,183,0.35742188,-0.31147541
95,82,177,0.34570312,0.073446328
103,64,167,0.32617188,0.23353293
94,75,169,0.33007812,0.11242604
110,64,174,0.33984375,0.26436782
69,112,181,0.35351562,-0.23756906
93,78,171,0.33398438,0.087719298
85,109,194,0.37890625,-0.12371134
88,88,176,0.34375,0
91,96,187,0.36523438,-0.026737968
95,81,176,0.34375,0.079545455
95,84,179,0.34960938,0.061452514
66,129,195,0.38085938,-0.32307692
84,93,177,0.34570312,-0.050847458
60,120,180,0.3515625,-0.33333333
99,75,174,0.33984375,0.13793103
113,62,175,0.34179688,0.29142857
67,129,196,0.3828125,-0.31632653
93,84,177,0.34570312,0.050847458
86,92,178,0.34765625,-0.033707865
56,129,185,0.36132812,-0.39459459
74,95,169,0.33007812,-0.12426036
70,101,171,0.33398438,-0.18128655
102,95,197,0.38476562,0.035532995
110,65,175,0.34179688,0.25714286
80,85,165,0.32226562,-0.03030303
77,93,170,0.33203125,-0.094117647
85,77,162,0.31640625,0.049382716
102,74,176,0.34375,0.15909091
102,77,179,0.34960938,0.1396648
110,68,178,0.34765625,0.23595506
101,76,177,0.34570312,0.14124294
77,100,177,0.34570312,-0.1299435
92,85,177,0.34570312,0.039548023
87,89,176,0.34375,-0.011363636
84,104,188,0.3671875,-0.10638298
110,89,199,0.38867188,0.10552764
81,88,169,0.33007812,-0.041420118
75,120,195,0.38085938,-0.23076923
102,70,172,0.3359375,0.18604651
81,103,184,0.359375,-0.11956522
94,82,176,0.34375,0.068181818
127,63,190,0.37109375,0.33684211
68,97,165,0.32226562,-0.17575758
113,80,193,0.37695312,0.17098446
80,90,170,0.33203125,-0.058823529
85,100,185,0.36132812,-0.081081081
85,96,181,0.35351562,-0.060773481
84,89,173,0.33789062,-0.028901734
79,100,179,0.34960938,-0.11731844
122,62,184,0.359375,0.32608696
108,78,186,0.36328125,0.16129032
82,101,183,0.35742188,-0.10382514
104,66,170,0.33203125,0.22352941
73,107,180,0.3515625,-0.18888889
90,93,183,0.35742188,-0.016393443
82,77,159,0.31054688,0.031446541
76,94,170,0.33203125,-0.10588235
97,92,189,0.36914062,0.026455026
65,117,182,0.35546875,-0.28571429
55,114,169,0.33007812,-0.34911243
96,74,170,0.33203125,0.12941176
68,109,177,0.34570312,-0.23163842
63,112,175,0.34179688,-0.28
67,123,190,0.37109375,-0.29473684
66,102,168,0.328125,-0.21428571
103,85,188,0.3671875,0.095744681
87,83,170,0.33203125,0.023529412
75,105,180,0.3515625,-0.16666667
106,58,164,0.3203125,0.29268293
98,85,183,0.35742188,0.071038251
79,108,187,0.36523438,-0.15508021
85,100,185,0.36132812,-0.081081081
102,79,181,0.35351562,0.12707182
110,70,180,0.3515625,0.22222222
88,82,170,0.33203125,0.035294118
63,125,188,0.3671875,-0.32978723
94,88,182,0.35546875,0.032967033
117,68,185,0.36132812,0.26486486
80,109,189,0.36914062,-0.15343915
72,115,187,0.36523438,-0.22994652
104,77,181,0.35351562,0.14917127
101,83,184,0.359375,0.097826087
100,78,178,0.34765625,0.12359551
102,80,182,0.35546875,0.12087912
79,100,179,0.34960938,-0.11731844
72,92,164,0.3203125,-0.12195122
83,108,191,0.37304688,-0.13089005
84,84,168,0.328125,0
79,111,190,0.37109375,-0.16842105
103,81,184,0.359375,0.11956522
72,116,188,0.3671875,-0.23404255
110,74,184,0.359375,0.19565217
94,88,182,0.35546875,0.032967033
135,47,182,0.35546875,0.48351648
80,98,178,0.34765625,-0.1011236
100,79,179,0.34960938,0.11731844
102,76,178,0.34765625,0.14606742
128,59,187,0.36523438,0.36898396
87,84,171,0.33398438,0.01754386
93,85,178,0.34765625,0.04494382
82,107,189,0.36914062,-0.13227513
86,86,172,0.3359375,0
90,102,192,0.375,-0.0625
90,94,184,0.359375,-0.02173913
77,88,165,0.32226562,-0.066666667
85,87,172,0.3359375,-0.011627907
61,107,168,0.328125,-0.27380952
93,83,176,0.34375,0.056818182
108,77,185,0.36132812,0.16756757
66,107,173,0.33789062,-0.23699422
96,81,177,0.34570312,0.084745763
90,94,184,0.359375,-0.02173913
92,101,193,0.37695312,-0.046632124
77,108,185,0.36132812,-0.16756757
86,97,183,0.35742188,-0.06010929
72,111,183,0.35742188,-0.21311475
96,96,192,0.375,0
79,113,192,0.375,-0.17708333
91,104,195,0.38085938,-0.066666667
64,114,178,0.34765625,-0.28089888
89,101,190,0.37109375,-0.063157895
94,96,190,0.37109375,-0.010526316
98,89,187,0.36523438,0.048128342
68,92,160,0.3125,-0.15
94,88,182,0.35546875,0.032967033
85,100,185,0.36132812,-0.081081081
128,57,185,0.36132812,0.38378378
94,85,179,0.34960938,0.05027933
72,126,198,0.38671875,-0.27272727
103,85,188,0.3671875,0.095744681
53,126,179,0.34960938,-0.40782123
54,118,172,0.3359375,-0.37209302
81,101,182,0.35546875,-0.10989011
111,72,183,0.35742188,0.21311475
66,136,202,0.39453125,-0.34653465
113,66,179,0.34960938,0.26256983
94,75,169,0.33007812,0.11242604
103,97,200,0.390625,0.03
88,87,175,0.34179688,0.0057142857
84,90,174,0.33984375,-0.034482759
81,104,185,0.36132812,-0.12432432
97,83,180,0.3515625,0.077777778
109,87,196,0.3828125,0.1122449
75,103,178,0.34765625,-0.15730337
71,82,153,0.29882812,-0.071895425
115,75,190,0.37109375,0.21052632
92,91,183,0.35742188,0.0054644809
83,109,192,0.375,-0.13541667
74,103,177,0.34570312,-0.16384181
94,85,179,0.34960938,0.05027933
79,113,192,0.375,-0.17708333
72,108,180,0.3515625,-0.2
109,75,184,0.359375,0.18478261
116,67,183,0.35742188,0.26775956
78,112,190,0.37109375,-0.17894737
96,86,182,0.35546875,0.054945055
85,88,173,0.33789062,-0.01734104
82,97,179,0.34960938,-0.083798883
114,64,178,0.34765625,0.28089888
90,79,169,0.33007812,0.065088757
56,129,185,0.36132812,-0.39459459
70,114,184,0.359375,-0.23913043
83,79,162,0.31640625,0.024691358
122,57,179,0.34960938,0.36312849
107,86,193,0.37695312,0.10880829
125,61,186,0.36328125,0.34408602
119,69,188,0.3671875,0.26595745
73,92,165,0.32226562,-0.11515152
117,73,190,0.37109375,0.23157895
87,89,176,0.34375,-0.011363636
80,98,178,0.34765625,-0.1011236
107,69,176,0.34375,0.21590909
94,85,179,0.34960938,0.05027933
90,98,188,0.3671875,-0.042553191
97,84,181,0.35351562,0.071823204
86,79,165,0.32226562,0.042424242
72,95,167,0.32617188,-0.13772455
95,82,177,0.34570312,0.073446328
79,96,175,0.34179688,-0.097142857
96,71,167,0.32617188,0.1497006
103,77,180,0.3515625,0.14444444
72,97,169,0.33007812,-0.14792899
111,71,182,0.35546875,0.21978022
49,127,176,0.34375,-0.44318182
83,96,179,0.34960938,-0.072625698
104,77,181,0.35351562,0.14917127
97,81,178,0.34765625,0.08988764
75,87,162,0.31640625,-0.074074074
81,105,186,0.36328125,-0.12903226
119,55,174,0.33984375,0.36781609
72,103,175,0.34179688,-0.17714286
90,85,175,0.34179688,0.028571429
104,70,174,0.33984375,0.1954023
53,134,187,0.36523438,-0.43315508
76,110,186,0.36328125,-0.1827957
95,80,175,0.34179688,0.085714286
94,79,173,0.33789062,0.086705202
100,72,172,0.3359375,0.1627907
85,89,174,0.33984375,-0.022988506
86,93,179,0.34960938,-0.039106145
61,109,170,0.33203125,-0.28235294
88,86,174,0.33984375,0.011494253
101,79,180,0.3515625,0.12222222
85,95,180,0.3515625,-0.055555556
77,104,181,0.35351562,-0.14917127
80,103,183,0.35742188,-0.12568306
105,68,173,0.33789062,0.21387283
90,90,180,0.3515625,0
104,81,185,0.36132812,0.12432432
87,91,178,0.34765625,-0.02247191
88,97,185,0.36132812,-0.048648649
122,53,175,0.34179688,0.39428571
64,107,171,0.33398438,-0.25146199
108,71,179,0.34960938,0.20670391
104,74,178,0.34765625,0.16853933
119,65,184,0.359375,0.29347826
96,87,183,0.35742188,0.049180328
118,64,182,0.35546875,0.2967033
108,76,184,0.359375,0.17391304
81,99,180,0.3515625,-0.1
70,116,186,0.36328125,-0.24731183
81,101,182,0.35546875,-0.10989011
79,99,178,0.34765625,-0.11235955
83,80,163,0.31835938,0.018404908
82,92,174,0.33984375,-0.057471264
75,100,175,0.34179688,-0.14285714
84,101,185,0.36132812,-0.091891892
66,98,164,0.3203125,-0.19512195
68,117,185,0.36132812,-0.26486486
99,80,179,0.34960938,0.10614525
74,89,163,0.31835938,-0.09202454
51,128,179,0.34960938,-0.4301676
96,89,185,0.36132812,0.037837838
114,72,186,0.36328125,0.22580645
82,87,169,0.33007812,-0.029585799
101,75,176,0.34375,0.14772727
88,100,188,0.3671875,-0.063829787
92,70,162,0.31640625,0.13580247
86,94,180,0.3515625,-0.044444444
113,66,179,0.34960938,0.26256983
101,75,176,0.34375,0.14772727
69,113,182,0.35546875,-0.24175824
109,67,176,0.34375,0.23863636
98,76,174,0.33984375,0.12643678
85,84,169,0.33007812,0.0059171598
102,88,190,0.37109375,0.073684211
90,92,182,0.35546875,-0.010989011
104,101,205,0.40039062,0.014634146
81,91,172,0.3359375,-0.058139535
78,99,177,0.34570312,-0.11864407
73,93,166,0.32421875,-0.12048193
83,105,188,0.3671875,-0.11702128
99,77,176,0.34375,0.125
80,90,170,0.33203125,-0.058823529
130,52,182,0.35546875,0.42857143
78,106,184,0.359375,-0.15217391
100,85,185,0.36132812,0.081081081
86,100,186,0.36328125,-0.075268817
137,36,173,0.33789062,0.58381503
82,95,177,0.34570312,-0.073446328
75,101,176,0.34375,-0.14772727
59,134,193,0.37695312,-0.38860104
109,75,184,0.359375,0.18478261
100,75,175,0.34179688,0.14285714
90,96,186,0.36328125,-0.032258065
76,102,178,0.34765625,-0.14606742
84,74,158,0.30859375,0.063291139
90,88,178,0.34765625,0.011235955
80,99,179,0.34960938,-0.10614525
67,114,181,0.35351562,-0.25966851
85,94,179,0.34960938,-0.05027933
59,127,186,0.36328125,-0.3655914
79,100,179,0.34960938,-0.11731844
56,122,178,0.34765625,-0.37078652
89,89,178,0.34765625,0
86,97,183,0.35742188,-0.06010929
59,108,167,0.32617188,-0.29341317
92,100,192,0.375,-0.041666667
76,98,174,0.33984375,-0.12643678
84,99,183,0.35742188,-0.081967213
60,107,167,0.32617188,-0.28143713
122,66,188,0.3671875,0.29787234
76,109,185,0.36132812,-0.17837838
69,105,174,0.33984375,-0.20689655
118,69,187,0.36523438,0.26203209
67,103,170,0.33203125,-0.21176471
54,129,183,0.35742188,-0.40983607
86,91,177,0.34570312,-0.028248588
90,88,178,0.34765625,0.011235955
111,60,171,0.33398438,0.29824561
110,73,183,0.35742188,0.20218579
115,72,187,0.36523438,0.22994652
80,98,178,0.34765625,-0.1011236
107,62,169,0.33007812,0.26627219
86,91,177,0.34570312,-0.028248588
101,89,190,0.37109375,0.063157895
89,84,173,0.33789062,0.028901734
86,98,184,0.359375,-0.065217391
68,119,187,0.36523438,-0.27272727
106,85,191,0.37304688,0.10994764
70,116,186,0.36328125,-0.24731183
77,83,160,0.3125,-0.0375
84,101,185,0.36132812,-0.091891892
97,84,181,0.35351562,0.071823204
112,75,187,0.36523438,0.19786096
81,99,180,0.3515625,-0.1
86,97,183,0.35742188,-0.06010929
98,78,176,0.34375,0.11363636
96,76,172,0.3359375,0.11627907
121,63,184,0.359375,0.31521739
66,117,183,0.35742188,-0.27868852
96,90,186,0.36328125,0.032258065
94,78,172,0.3359375,0.093023256
93,73,166,0.32421875,0.12048193
131,65,196,0.3828125,0.33673469
89,100,189,0.36914062,-0.058201058
85,85,170,0.33203125,0
102,69,171,0.33398438,0.19298246
108,73,181,0.35351562,0.19337017
77,100,177,0.34570312,-0.1299435
68,103,171,0.33398438,-0.20467836
114,67,181,0.35351562,0.25966851
92,89,181,0.35351562,0.016574586
107,77,184,0.359375,0.16304348
102,69,171,0.33398438,0.19298246
54,122,176,0.34375,-0.38636364
54,117,171,0.33398438,-0.36842105
71,109,180,0.3515625,-0.21111111
103,92,195,0.38085938,0.056410256
107,75,182,0.35546875,0.17582418
77,92,169,0.33007812,-0.088757396
89,100,189,0.36914062,-0.058201058
92,90,182,0.35546875,0.010989011
100,82,182,0.35546875,0.098901099
88,91,179,0.34960938,-0.016759777
90,88,178,0.34765625,0.011235955
105,75,180,0.3515625,0.16666667
98,98,196,0.3828125,0
96,83,179,0.34960938,0.072625698
81,89,170,0.33203125,-0.047058824
102,89,191,0.37304688,0.068062827
63,120,183,0.35742188,-0.31147541
79,93,172,0.3359375,-0.081395349
62,121,183,0.35742188,-0.32240437
88,78,166,0.32421875,0.060240964
96,82,178,0.34765625,0.078651685
113,70,183,0.35742188,0.23497268
108,69,177,0.34570312,0.22033898
83,93,176,0.34375,-0.056818182
83,87,170,0.33203125,-0.023529412
87,106,193,0.37695312,-0.098445596
119,53,172,0.3359375,0.38372093
78,99,177,0.34570312,-0.11864407
90,85,175,0.34179688,0.028571429
74,113,187,0.36523438,-0.20855615
99,84,183,0.35742188,0.081967213
73,107,180,0.3515625,-0.18888889
72,103,175,0.34179688,-0.17714286
87,100,187,0.36523438,-0.069518717
94,76,170,0.33203125,0.10588235
122,67,189,0.36914062,0.29100529
92,92,184,0.359375,0
97,70,167,0.32617188,0.16167665
84,82,166,0.32421875,0.012048193
54,123,177,0.34570312,-0.38983051
95,75,170,0.33203125,0.11764706
108,77,185,0.36132812,0.16756757
110,79,189,0.36914062,0.16402116
103,69,172,0.3359375,0.19767442
111,66,177,0.34570312,0.25423729
94,81,175,0.34179688,0.074285714
127,59,186,0.36328125,0.3655914
73,101,174,0.33984375,-0.16091954
78,100,178,0.34765625,-0.12359551
69,108,177,0.34570312,-0.22033898
104,72,176,0.34375,0.18181818
76,111,187,0.36523438,-0.18716578
98,64,162,0.31640625,0.20987654
89,89,178,0.34765625,0
79,108,187,0.36523438,-0.15508021
102,87,189,0.36914062,0.079365079
97,93,190,0.37109375,0.021052632
116,58,174,0.33984375,0.33333333
62,101,163,0.31835938,-0.2392638
93,80,173,0.33789062,0.075144509
94,89,183,0.35742188,0.027322404
87,74,161,0.31445312,0.080745342
111,74,185,0.36132812,0.2
85,83,168,0.328125,0.011904762
67,98,165,0.32226562,-0.18787879
87,86,173,0.33789062,0.0057803468
77,102,179,0.34960938,-0.1396648
104,71,175,0.34179688,0.18857143
58,118,176,0.34375,-0.34090909
105,68,173,0.33789062,0.21387283
93,71,164,0.3203125,0.13414634
54,109,163,0.31835938,-0.33742331
95,79,174,0.33984375,0.091954023
106,75,181,0.35351562,0.17127072
96,86,182,0.35546875,0.054945055
77,92,169,0.33007812,-0.088757396
89,89,178,0.34765625,0
92,68,160,0.3125,0.15
91,101,192,0.375,-0.052083333
75,116,191,0.37304688,-0.21465969
103,75,178,0.34765625,0.15730337
59,132,191,0.37304688,-0.38219895
69,106,175,0.34179688,-0.21142857
114,80,194,0.37890625,0.17525773
89,96,185,0.36132812,-0.037837838
102,68,170,0.33203125,0.2
121,67,188,0.3671875,0.28723404
102,80,182,0.35546875,0.12087912
107,73,180,0.3515625,0.18888889
72,100,172,0.3359375,-0.1627907
75,110,185,0.36132812,-0.18918919
93,84,177,0.34570312,0.050847458
72,107,179,0.34960938,-0.19553073
71,94,165,0.32226562,-0.13939394
112,75,187,0.36523438,0.19786096
99,82,181,0.35351562,0.093922652
105,86,191,0.37304688,0.09947644
92,86,178,0.34765625,0.033707865
81,96,177,0.34570312,-0.084745763
93,72,165,0.32226562,0.12727273
116,66,182,0.35546875,0.27472527
95,93,188,0.3671875,0.010638298
79,92,171,0.33398438,-0.076023392
95,83,178,0.34765625,0.06741573
79,97,176,0.34375,-0.10227273
102,88,190,0.37109375,0.073684211
88,86,174,0.33984375,0.011494253
87,85,172,0.3359375,0.011627907
79,109,188,0.3671875,-0.15957447
112,68,180,0.3515625,0.24444444
84,96,180,0.3515625,-0.066666667
68,108,176,0.34375,-0.22727273
120,60,180,0.3515625,0.33333333
101,80,181,0.35351562,0.1160221
99,80,179,0.34960938,0.10614525
80,87,167,0.32617188,-0.041916168
86,101,187,0.36523438,-0.080213904
87,84,171,0.33398438,0.01754386
79,89,168,0.328125,-0.05952381
51,123,174,0.33984375,-0.4137931
116,73,189,0.36914062,0.22751323
99,82,181,0.35351562,0.093922652
70,107,177,0.34570312,-0.20903955
125,73,198,0.38671875,0.26262626
89,97,186,0.36328125,-0.043010753
104,73,177,0.34570312,0.17514124
76,93,169,0.33007812,-0.10059172
83,81,164,0.3203125,0.012195122
87,99,186,0.36328125,-0.064516129
97,87,184,0.359375,0.054347826
115,59,174,0.33984375,0.32183908
88,92,180,0.3515625,-0.022222222
72,120,192,0.375,-0.25
113,65,178,0.34765625,0.26966292
106,85,191,0.37304688,0.10994764
103,77,180,0.3515625,0.14444444
85,79,164,0.3203125,0.036585366
90,89,179,0.34960938,0.0055865922
78,103,181,0.35351562,-0.13812155
117,57,174,0.33984375,0.34482759
81,99,180,0.3515625,-0.1
90,80,170,0.33203125,0.058823529
115,67,182,0.35546875,0.26373626
93,86,179,0.34960938,0.039106145
95,89,184,0.359375,0.032608696
70,108,178,0.34765625,-0.21348315
116,77,193,0.37695312,0.20207254
66,112,178,0.34765625,-0.25842697
75,106,181,0.35351562,-0.17127072
83,86,169,0.33007812,-0.017751479
115,69,184,0.359375,0.25
92,113,205,0.40039062,-0.10243902
108,90,198,0.38671875,0.090909091
74,102,176,0.34375,-0.15909091
88,87,175,0.34179688,0.0057142857
65,106,171,0.33398438,-0.23976608
104,77,181,0.35351562,0.14917127
92,75,167,0.32617188,0.10179641
108,73,181,0.35351562,0.19337017
94,85,179,0.34960938,0.05027933
92,86,178,0.34765625,0.033707865
95,88,183,0.35742188,0.038251366
96,89,185,0.36132812,0.037837838
106,71,177,0.34570312,0.19774011
92,106,198,0.38671875,-0.070707071
89,78,167,0.32617188,0.065868263
93,88,181,0.35351562,0.027624309
73,103,176,0.34375,-0.17045455
96,67,163,0.31835938,0.17791411
101,70,171,0.33398438,0.18128655
76,88,164,0.3203125,-0.073170732
78,101,179,0.34960938,-0.12849162
77,100,177,0.34570312,-0.1299435
109,72,181,0.35351562,0.20441989
83,102,185,0.36132812,-0.1027027
97,84,181,0.35351562,0.071823204
97,78,175,0.34179688,0.10857143
81,91,172,0.3359375,-0.058139535
44,143,187,0.36523438,-0.52941176
108,98,206,0.40234375,0.048543689
97,86,183,0.35742188,0.06010929
77,111,188,0.3671875,-0.18085106
69,99,168,0.328125,-0.17857143
105,81,186,0.36328125,0.12903226
56,114,170,0.33203125,-0.34117647
49,134,183,0.35742188,-0.46448087
118,54,172,0.3359375,0.37209302
93,82,175,0.34179688,0.062857143
104,83,187,0.36523438,0.11229947
78,97,175,0.34179688,-0.10857143
116,63,179,0.34960938,0.29608939
75,100,175,0.34179688,-0.14285714
60,117,177,0.34570312,-0.3220339
84,101,185,0.36132812,-0.091891892
83,107,190,0.37109375,-0.12631579
83,98,181,0.35351562,-0.082872928
101,83,184,0.359375,0.097826087
103,74,177,0.34570312,0.16384181
87,85,172,0.3359375,0.011627907
120,58,178,0.34765625,0.34831461
87,79,166,0.32421875,0.048192771
100,85,185,0.36132812,0.081081081
109,70,179,0.34960938,0.21787709
80,110,190,0.37109375,-0.15789474
84,83,167,0.32617188,0.005988024
101,83,184,0.359375,0.097826087
107,72,179,0.34960938,0.19553073
132,59,191,0.37304688,0.38219895
93,85,178,0.34765625,0.04494382
86,98,184,0.359375,-0.065217391
68,117,185,0.36132812,-0.26486486
117,73,190,0.37109375,0.23157895
95,84,179,0.34960938,0.061452514
112,71,183,0.35742188,0.22404372
83,91,174,0.33984375,-0.045977011
87,88,175,0.34179688,-0.0057142857
71,106,177,0.34570312,-0.19774011
93,82,175,0.34179688,0.062857143
78,97,175,0.34179688,-0.10857143
95,84,179,0.34960938,0.061452514
92,91,183,0.35742188,0.0054644809
90,85,175,0.34179688,0.028571429
92,93,185,0.36132812,-0.0054054054
94,86,180,0.3515625,0.044444444
91,93,184,0.359375,-0.010869565
84,77,161,0.31445312,0.043478261
68,109,177,0.34570312,-0.23163842
120,54,174,0.33984375,0.37931034
90,79,169,0.33007812,0.065088757
89,87,176,0.34375,0.011363636
77,97,174,0.33984375,-0.11494253
118,78,196,0.3828125,0.20408163
82,90,172,0.3359375,-0.046511628
94,83,177,0.34570312,0.062146893
116,68,184,0.359375,0.26086957
90,80,170,0.33203125,0.058823529
81,90,171,0.33398438,-0.052631579
110,85,195,0.38085938,0.12820513
103,88,191,0.37304688,0.078534031
93,84,177,0.34570312,0.050847458
102,78,180,0.3515625,0.13333333
49,120,169,0.33007812,-0.42011834
70,108,178,0.34765625,-0.21348315
139,47,186,0.36328125,0.49462366
65,117,182,0.35546875,-0.28571429
101,77,178,0.34765625,0.13483146
94,77,171,0.33398438,0.099415205
72,122,194,0.37890625,-0.25773196
84,99,183,0.35742188,-0.081967213
92,80,172,0.3359375,0.069767442
106,78,184,0.359375,0.15217391
81,100,181,0.35351562,-0.10497238
71,119,190,0.37109375,-0.25263158
115,72,187,0.36523438,0.22994652
65,120,185,0.36132812,-0.2972973
89,86,175,0.34179688,0.017142857
143,52,195,0.38085938,0.46666667
82,91,173,0.33789062,-0.052023121
110,81,191,0.37304688,0.15183246
69,115,184,0.359375,-0.25
77,109,186,0.36328125,-0.17204301
100,68,168,0.328125,0.19047619
85,95,180,0.3515625,-0.055555556
77,66,143,0.27929688,0.076923077
109,66,175,0.34179688,0.24571429
71,95,166,0.32421875,-0.14457831
94,75,169,0.33007812,0.11242604
88,93,181,0.35351562,-0.027624309
114,66,180,0.3515625,0.26666667
67,122,189,0.36914062,-0.29100529
107,59,166,0.32421875,0.28915663
78,111,189,0.36914062,-0.17460317
87,102,189,0.36914062,-0.079365079
95,81,176,0.34375,0.079545455
98,86,184,0.359375,0.065217391
76,100,176,0.34375,-0.13636364
84,92,176,0.34375,-0.045454545
70,114,184,0.359375,-0.23913043
84,76,160,0.3125,0.05
126,61,187,0.36523438,0.34759358
92,86,178,0.34765625,0.033707865
86,89,175,0.34179688,-0.017142857
119,59,178,0.34765625,0.33707865
88,87,175,0.34179688,0.0057142857
62,121,183,0.35742188,-0.32240437
125,66,191,0.37304688,0.30890052
86,104,190,0.37109375,-0.094736842
90,90,180,0.3515625,0
84,111,195,0.38085938,-0.13846154
89,77,166,0.32421875,0.072289157
89,83,172,0.3359375,0.034883721
100,79,179,0.34960938,0.11731844
92,89,181,0.35351562,0.016574586
85,74,159,0.31054688,0.06918239
111,67,178,0.34765625,0.24719101
74,116,190,0.37109375,-0.22105263
70,102,172,0.3359375,-0.18604651
125,71,196,0.3828125,0.2755102
103,86,189,0.36914062,0.08994709
92,85,177,0.34570312,0.039548023
104,75,179,0.34960938,0.16201117
51,121,172,0.3359375,-0.40697674
63,111,174,0.33984375,-0.27586207
77,111,188,0.3671875,-0.18085106
63,103,166,0.32421875,-0.24096386
108,68,176,0.34375,0.22727273
97,85,182,0.35546875,0.065934066
77,88,165,0.32226562,-0.066666667
78,110,188,0.3671875,-0.17021277
60,110,170,0.33203125,-0.29411765
94,89,183,0.35742188,0.027322404
93,89,182,0.35546875,0.021978022
101,82,183,0.35742188,0.10382514
111,78,189,0.36914062,0.17460317
57,113,170,0.33203125,-0.32941176
79,84,163,0.31835938,-0.030674847
85,103,188,0.3671875,-0.095744681
99,77,176,0.34375,0.125
78,108,186,0.36328125,-0.16129032
75,101,176,0.34375,-0.14772727
77,102,179,0.34960938,-0.1396648
95,81,176,0.34375,0.079545455
78,105,183,0.35742188,-0.14754098
73,102,175,0.34179688,-0.16571429
61,115,176,0.34375,-0.30681818
46,138,184,0.359375,-0.5
73,99,172,0.3359375,-0.15116279
76,97,173,0.33789062,-0.12138728
120,61,181,0.35351562,0.32596685
68,99,167,0.32617188,-0.18562874
78,106,184,0.359375,-0.15217391
81,102,183,0.35742188,-0.1147541
70,97,167,0.32617188,-0.16167665
79,121,200,0.390625,-0.21
87,97,184,0.359375,-0.054347826
109,70,179,0.34960938,0.21787709
80,88,168,0.328125,-0.047619048
92,84,176,0.34375,0.045454545
73,100,173,0.33789062,-0.15606936
79,120,199,0.38867188,-0.20603015
74,100,174,0.33984375,-0.14942529
68,106,174,0.33984375,-0.2183908
94,88,182,0.35546875,0.032967033
88,76,164,0.3203125,0.073170732
99,93,192,0.375,0.03125
92,100,192,0.375,-0.041666667
94,85,179,0.34960938,0.05027933
69,104,173,0.33789062,-0.20231214
103,70,173,0.33789062,0.19075145
124,59,183,0.35742188,0.35519126
113,70,183,0.35742188,0.23497268
79,118,197,0.38476562,-0.19796954
75,106,181,0.35351562,-0.17127072
136,52,188,0.3671875,0.44680851
62,117,179,0.34960938,-0.30726257
87,101,188,0.3671875,-0.074468085
88,103,191,0.37304688,-0.078534031
108,67,175,0.34179688,0.23428571
78,93,171,0.33398438,-0.087719298
81,95,176,0.34375,-0.079545455
74,117,191,0.37304688,-0.22513089
83,100,183,0.35742188,-0.092896175
72,101,173,0.33789062,-0.16763006
99,92,191,0.37304688,0.036649215
93,100,193,0.37695312,-0.03626943
105,84,189,0.36914062,0.11111111
75,90,165,0.32226562,-0.090909091
108,75,183,0.35742188,0.18032787
94,90,184,0.359375,0.02173913
114,61,175,0.34179688,0.30285714
123,55,178,0.34765625,0.38202247
108,72,180,0.3515625,0.2
88,105,193,0.37695312,-0.088082902
97,86,183,0.35742188,0.06010929
94,86,180,0.3515625,0.044444444
111,65,176,0.34375,0.26136364
117,58,175,0.34179688,0.33714286
103,77,180,0.3515625,0.14444444
96,100,196,0.3828125,-0.020408163
76,104,180,0.3515625,-0.15555556
80,100,180,0.3515625,-0.11111111
99,80,179,0.34960938,0.10614525
65,111,176,0.34375,-0.26136364
85,81,166,0.32421875,0.024096386
92,77,169,0.33007812,0.088757396
86,92,178,0.34765625,-0.033707865
77,87,164,0.3203125,-0.06097561
78,91,169,0.33007812,-0.076923077
82,74,156,0.3046875,0.051282051
98,88,186,0.36328125,0.053763441
113,75,188,0.3671875,0.20212766
103,83,186,0.36328125,0.10752688
127,68,195,0.38085938,0.3025641
91,90,181,0.35351562,0.0055248619
85,92,177,0.34570312,-0.039548023
88,97,185,0.36132812,-0.048648649
97,83,180,0.3515625,0.077777778
54,127,181,0.35351562,-0.40331492
69,110,179,0.34960938,-0.22905028
64,106,170,0.33203125,-0.24705882
96,109,205,0.40039062,-0.063414634
62,110,172,0.3359375,-0.27906977
87,106,193,0.37695312,-0.098445596
98,81,179,0.34960938,0.094972067
75,98,173,0.33789062,-0.13294798
69,100,169,0.33007812,-0.18343195
87,88,175,0.34179688,-0.0057142857
64,119,183,0.35742188,-0.30054645
85,82,167,0.32617188,0.017964072
84,84,168,0.328125,0
84,104,188,0.3671875,-0.10638298
101,91,192,0.375,0.052083333
60,133,193,0.37695312,-0.37823834
86,90,176,0.34375,-0.022727273
88,95,183,0.35742188,-0.038251366
83,110,193,0.37695312,-0.13989637
73,103,176,0.34375,-0.17045455
104,78,182,0.35546875,0.14285714
83,94,177,0.34570312,-0.062146893
102,70,172,0.3359375,0.18604651
66,121,187,0.36523438,-0.29411765
64,113,177,0.34570312,-0.27683616
86,85,171,0.33398438,0.0058479532
83,99,182,0.35546875,-0.087912088
74,98,172,0.3359375,-0.13953488
105,70,175,0.34179688,0.2
91,94,185,0.36132812,-0.016216216
111,73,184,0.359375,0.20652174
83,91,174,0.33984375,-0.045977011
83,102,185,0.36132812,-0.1027027
87,98,185,0.36132812,-0.059459459
84,95,179,0.34960938,-0.061452514
105,63,168,0.328125,0.25
87,89,176,0.34375,-0.011363636
78,102,180,0.3515625,-0.13333333
78,104,182,0.35546875,-0.14285714
104,71,175,0.34179688,0.18857143
94,77,171,0.33398438,0.099415205
69,126,195,0.38085938,-0.29230769
74,100,174,0.33984375,-0.14942529
85,92,177,0.34570312,-0.039548023
77,96,173,0.33789062,-0.10982659
74,103,177,0.34570312,-0.16384181
89,91,180,0.3515625,-0.011111111
111,66,177,0.34570312,0.25423729
52,128,180,0.3515625,-0.42222222
71,92,163,0.31835938,-0.12883436
97,78,175,0.34179688,0.10857143
72,100,172,0.3359375,-0.1627907
83,111,194,0.37890625,-0.1443299
108,62,170,0.33203125,0.27058824
92,93,185,0.36132812,-0.0054054054
122,75,197,0.38476562,0.23857868
57,123,180,0.3515625,-0.36666667
77,106,183,0.35742188,-0.15846995
86,96,182,0.35546875,-0.054945055
67,127,194,0.37890625,-0.30927835
77,97,174,0.33984375,-0.11494253
79,88,167,0.32617188,-0.053892216
66,106,172,0.3359375,-0.23255814
52,140,192,0.375,-0.45833333
80,95,175,0.34179688,-0.085714286
60,127,187,0.36523438,-0.35828877
77,104,181,0.35351562,-0.14917127
77,103,180,0.3515625,-0.14444444
87,87,174,0.33984375,0
71,89,160,0.3125,-0.1125
104,92,196,0.3828125,0.06122449
103,77,180,0.3515625,0.14444444
93,94,187,0.36523438,-0.0053475936
84,99,183,0.35742188,-0.081967213
88,99,187,0.36523438,-0.058823529
67,114,181,0.35351562,-0.25966851
105,68,173,0.33789062,0.21387283
93,86,179,0.34960938,0.039106145
110,69,179,0.34960938,0.22905028
81,87,168,0.328125,-0.035714286
58,108,166,0.32421875,-0.30120482
89,90,179,0.34960938,-0.0055865922
74,106,180,0.3515625,-0.17777778
91,74,165,0.32226562,0.1030303
113,61,174,0.33984375,0.29885057
97,85,182,0.35546875,0.065934066
112,70,182,0.35546875,0.23076923
112,60,172,0.3359375,0.30232558
69,116,185,0.36132812,-0.25405405
60,118,178,0.34765625,-0.3258427
72,121,193,0.37695312,-0.25388601
91,75,166,0.32421875,0.096385542
121,66,187,0.36523438,0.29411765
90,81,171,0.33398438,0.052631579
106,80,186,0.36328125,0.13978495
119,60,179,0.34960938,0.32960894
68,111,179,0.34960938,-0.24022346
75,89,164,0.3203125,-0.085365854
92,73,165,0.32226562,0.11515152
93,96,189,0.36914062,-0.015873016
84,96,180,0.3515625,-0.066666667
96,85,181,0.35351562,0.060773481
100,85,185,0.36132812,0.081081081
108,72,180,0.3515625,0.2
107,61,168,0.328125,0.27380952
86,82,168,0.328125,0.023809524
101,83,184,0.359375,0.097826087
114,69,183,0.35742188,0.24590164
83,94,177,0.34570312,-0.062146893
78,98,176,0.34375,-0.11363636
72,94,166,0.32421875,-0.13253012
88,97,185,0.36132812,-0.048648649
94,84,178,0.34765625,0.056179775
99,98,197,0.38476562,0.0050761421
94,89,183,0.35742188,0.027322404
71,112,183,0.35742188,-0.22404372
116,77,193,0.37695312,0.20207254
100,85,185,0.36132812,0.081081081
81,103,184,0.359375,-0.11956522
98,83,181,0.35351562,0.082872928
77,110,187,0.36523438,-0.17647059
52,118,170,0.33203125,-0.38823529
84,103,187,0.36523438,-0.10160428
110,70,180,0.3515625,0.22222222
62,114,176,0.34375,-0.29545455
56,137,193,0.37695312,-0.41968912
90,71,161,0.31445312,0.11801242
89,80,169,0.33007812,0.053254438
82,91,173,0.33789062,-0.052023121
95,82,177,0.34570312,0.073446328
95,79,174,0.33984375,0.091954023
94,82,176,0.34375,0.068181818
128,59,187,0.36523438,0.36898396
80,90,170,0.33203125,-0.058823529
86,89,175,0.34179688,-0.017142857
58,126,184,0.359375,-0.36956522
97,79,176,0.34375,0.10227273
103,73,176,0.34375,0.17045455
88,77,165,0.32226562,0.066666667
94,75,169,0.33007812,0.11242604
97,78,175,0.34179688,0.10857143
101,82,183,0.35742188,0.10382514
58,133,191,0.37304688,-0.39267016
104,67,171,0.33398438,0.21637427
83,104,187,0.36523438,-0.11229947
85,92,177,0.34570312,-0.039548023
85,94,179,0.34960938,-0.05027933
95,74,169,0.33007812,0.12426036
90,91,181,0.35351562,-0.0055248619
109,63,172,0.3359375,0.26744186
81,79,160,0.3125,0.0125
73,113,186,0.36328125,-0.21505376
80,101,181,0.35351562,-0.1160221
107,89,196,0.3828125,0.091836735
98,96,194,0.37890625,0.010309278
102,79,181,0.35351562,0.12707182
74,105,179,0.34960938,-0.17318436
103,86,189,0.36914062,0.08994709
56,142,198,0.38671875,-0.43434343
80,77,157,0.30664062,0.01910828
120,85,205,0.40039062,0.17073171
62,106,168,0.328125,-0.26190476
92,85,177,0.34570312,0.039548023
114,72,186,0.36328125,0.22580645
118,69,187,0.36523438,0.26203209
96,87,183,0.35742188,0.049180328
93,87,180,0.3515625,0.033333333
69,103,172,0.3359375,-0.19767442
93,69,162,0.31640625,0.14814815
91,78,169,0.33007812,0.076923077
82,88,170,0.33203125,-0.035294118
112,73,185,0.36132812,0.21081081
93,102,195,0.38085938,-0.046153846
89,91,180,0.3515625,-0.011111111
124,63,187,0.36523438,0.32620321
60,126,186,0.36328125,-0.35483871
77,93,170,0.33203125,-0.094117647
89,95,184,0.359375,-0.032608696
60,125,185,0.36132812,-0.35135135
106,67,173,0.33789062,0.22543353
87,105,192,0.375,-0.09375
107,72,179,0.34960938,0.19553073
74,100,174,0.33984375,-0.14942529
100,89,189,0.36914062,0.058201058
92,81,173,0.33789062,0.063583815
115,60,175,0.34179688,0.31428571
71,112,183,0.35742188,-0.22404372
87,96,183,0.35742188,-0.049180328
62,113,175,0.34179688,-0.29142857
77,101,178,0.34765625,-0.13483146
84,91,175,0.34179688,-0.04
72,102,174,0.33984375,-0.17241379
87,96,183,0.35742188,-0.049180328
75,93,168,0.328125,-0.10714286
73,127,200,0.390625,-0.27
91,77,168,0.328125,0.083333333
76,96,172,0.3359375,-0.11627907
83,74,157,0.30664062,0.057324841
58,118,176,0.34375,-0.34090909
97,80,177,0.34570312,0.096045198
75,96,171,0.33398438,-0.12280702
132,61,193,0.37695312,0.36787565
109,73,182,0.35546875,0.1978022
79,102,181,0.35351562,-0.12707182
84,86,170,0.33203125,-0.011764706
116,53,169,0.33007812,0.37278107
82,102,184,0.359375,-0.10869565
89,91,180,0.3515625,-0.011111111
76,91,167,0.32617188,-0.089820359
93,90,183,0.35742188,0.016393443
96,79,175,0.34179688,0.097142857
92,86,178,0.34765625,0.033707865
118,67,185,0.36132812,0.27567568
112,64,176,0.34375,0.27272727
125,58,183,0.35742188,0.36612022
87,98,185,0.36132812,-0.059459459
81,98,179,0.34960938,-0.094972067
79,98,177,0.34570312,-0.10734463
102,87,189,0.36914062,0.079365079
74,107,181,0.35351562,-0.18232044
115,71,186,0.36328125,0.23655914
115,71,186,0.36328125,0.23655914
89,93,182,0.35546875,-0.021978022
79,100,179,0.34960938,-0.11731844
109,81,190,0.37109375,0.14736842
72,108,180,0.3515625,-0.2
76,106,182,0.35546875,-0.16483516
88,85,173,0.33789062,0.01734104
89,93,182,0.35546875,-0.021978022
79,100,179,0.34960938,-0.11731844
81,103,184,0.359375,-0.11956522
82,103,185,0.36132812,-0.11351351
93,79,172,0.3359375,0.081395349
73,107,180,0.3515625,-0.18888889
117,58,175,0.34179688,0.33714286
98,83,181,0.35351562,0.082872928
130,58,188,0.3671875,0.38297872
72,102,174,0.33984375,-0.17241379
74,97,171,0.33398438,-0.13450292
66,111,177,0.34570312,-0.25423729
87,103,190,0.37109375,-0.084210526
116,65,181,0.35351562,0.28176796
83,83,166,0.32421875,0
113,76,189,0.36914062,0.1957672
90,90,180,0.3515625,0
113,80,193,0.37695312,0.17098446
79,112,191,0.37304688,-0.17277487
94,89,183,0.35742188,0.027322404
128,58,186,0.36328125,0.37634409
94,74,168,0.328125,0.11904762
102,80,182,0.35546875,0.12087912
106,72,178,0.34765625,0.19101124
71,106,177,0.34570312,-0.19774011
103,73,176,0.34375,0.17045455
67,122,189,0.36914062,-0.29100529
76,106,182,0.35546875,-0.16483516
77,107,184,0.359375,-0.16304348
102,88,190,0.37109375,0.073684211
89,94,183,0.35742188,-0.027322404
57,115,172,0.3359375,-0.3372093
97,78,175,0.34179688,0.10857143
78,104,182,0.35546875,-0.14285714
94,80,174,0.33984375,0.08045977
117,74,191,0.37304688,0.22513089
128,59,187,0.36523438,0.36898396
91,99,190,0.37109375,-0.042105263
92,90,182,0.35546875,0.010989011
63,125,188,0.3671875,-0.32978723
81,97,178,0.34765625,-0.08988764
100,79,179,0.34960938,0.11731844
101,81,182,0.35546875,0.10989011
78,115,193,0.37695312,-0.19170984
93,90,183,0.35742188,0.016393443
111,65,176,0.34375,0.26136364
88,92,180,0.3515625,-0.022222222
95,103,198,0.38671875,-0.04040404
101,80,181,0.35351562,0.1160221
95,94,189,0.36914062,0.0052910053
98,88,186,0.36328125,0.053763441
76,99,175,0.34179688,-0.13142857
83,96,179,0.34960938,-0.072625698
96,83,179,0.34960938,0.072625698
83,91,174,0.33984375,-0.045977011
98,83,181,0.35351562,0.082872928
79,98,177,0.34570312,-0.10734463
84,92,176,0.34375,-0.045454545
89,87,176,0.34375,0.011363636
65,102,167,0.32617188,-0.22155689
96,89,185,0.36132812,0.037837838
82,96,178,0.34765625,-0.078651685
115,71,186,0.36328125,0.23655914
79,86,165,0.32226562,-0.042424242
109,64,173,0.33789062,0.26011561
104,66,170,0.33203125,0.22352941
133,62,195,0.38085938,0.36410256
82,100,182,0.35546875,-0.098901099
66,114,180,0.3515625,-0.26666667
72,105,177,0.34570312,-0.18644068
73,101,174,0.33984375,-0.16091954
84,94,178,0.34765625,-0.056179775
94,81,175,0.34179688,0.074285714
79,95,174,0.33984375,-0.091954023
108,88,196,0.3828125,0.10204082
84,93,177,0.34570312,-0.050847458
75,101,176,0.34375,-0.14772727
93,78,171,0.33398438,0.087719298
77,88,165,0.32226562,-0.066666667
91,82,173,0.33789062,0.052023121
73,110,183,0.35742188,-0.20218579
126,68,194,0.37890625,0.29896907
58,132,190,0.37109375,-0.38947368
59,123,182,0.35546875,-0.35164835
80,87,167,0.32617188,-0.041916168
91,94,185,0.36132812,-0.016216216
134,52,186,0.36328125,0.44086022
63,117,180,0.3515625,-0.3
104,100,204,0.3984375,0.019607843
116,61,177,0.34570312,0.31073446
92,92,184,0.359375,0
80,111,191,0.37304688,-0.16230366
105,75,180,0.3515625,0.16666667
101,75,176,0.34375,0.14772727
85,98,183,0.35742188,-0.071038251
92,77,169,0.33007812,0.088757396
120,83,203,0.39648438,0.18226601
62,100,162,0.31640625,-0.2345679
89,98,187,0.36523438,-0.048128342
79,103,182,0.35546875,-0.13186813
76,83,159,0.31054688,-0.044025157
85,101,186,0.36328125,-0.086021505
82,115,197,0.38476562,-0.16751269
80,111,191,0.37304688,-0.16230366
116,61,177,0.34570312,0.31073446
69,90,159,0.31054688,-0.13207547
90,92,182,0.35546875,-0.010989011
67,122,189,0.36914062,-0.29100529
102,81,183,0.35742188,0.1147541
115,61,176,0.34375,0.30681818
98,67,165,0.32226562,0.18787879
90,94,184,0.359375,-0.02173913
95,81,176,0.34375,0.079545455
94,76,170,0.33203125,0.10588235
93,94,187,0.36523438,-0.0053475936
72,98,170,0.33203125,-0.15294118
80,106,186,0.36328125,-0.13978495
134,64,198,0.38671875,0.35353535
115,67,182,0.35546875,0.26373626
94,69,163,0.31835938,0.15337423
115,82,197,0.38476562,0.16751269
64,109,173,0.33789062,-0.26011561
79,99,178,0.34765625,-0.11235955
99,80,179,0.34960938,0.10614525
89,96,185,0.36132812,-0.037837838
75,98,173,0.33789062,-0.13294798
69,118,187,0.36523438,-0.26203209
107,76,183,0.35742188,0.16939891
115,67,182,0.35546875,0.26373626
79,88,167,0.32617188,-0.053892216
97,81,178,0.34765625,0.08988764
93,97,190,0.37109375,-0.021052632
101,65,166,0.32421875,0.21686747
68,104,172,0.3359375,-0.20930233
112,60,172,0.3359375,0.30232558
90,95,185,0.36132812,-0.027027027
100,71,171,0.33398438,0.16959064
83,94,177,0.34570312,-0.062146893
113,76,189,0.36914062,0.1957672
89,108,197,0.38476562,-0.096446701
92,72,164,0.3203125,0.12195122
89,91,180,0.3515625,-0.011111111
95,82,177,0.34570312,0.073446328
74,97,171,0.33398438,-0.13450292
96,76,172,0.3359375,0.11627907
83,94,177,0.34570312,-0.062146893
117,77,194,0.37890625,0.20618557
102,66,168,0.328125,0.21428571
80,82,162,0.31640625,-0.012345679
94,81,175,0.34179688,0.074285714
78,97,175,0.34179688,-0.10857143
67,104,171,0.33398438,-0.21637427
78,109,187,0.36523438,-0.1657754
84,93,177,0.34570312,-0.050847458
82,100,182,0.35546875,-0.098901099
78,105,183,0.35742188,-0.14754098
79,114,193,0.37695312,-0.18134715
96,96,192,0.375,0
99,77,176,0.34375,0.125
65,108,173,0.33789062,-0.24855491
91,85,176,0.34375,0.034090909
92,89,181,0.35351562,0.016574586
108,78,186,0.36328125,0.16129032
106,77,183,0.35742188,0.15846995
119,48,167,0.32617188,0.4251497
107,69,176,0.34375,0.21590909
114,61,175,0.34179688,0.30285714
86,96,182,0.35546875,-0.054945055
74,96,170,0.33203125,-0.12941176
99,76,175,0.34179688,0.13142857
102,72,174,0.33984375,0.17241379
112,64,176,0.34375,0.27272727
95,83,178,0.34765625,0.06741573
74,100,174,0.33984375,-0.14942529
105,65,170,0.33203125,0.23529412
76,97,173,0.33789062,-0.12138728
132,47,179,0.34960938,0.47486034
100,81,181,0.35351562,0.10497238
129,55,184,0.359375,0.40217391
104,65,169,0.33007812,0.23076923
131,62,193,0.37695312,0.35751295
73,94,167,0.32617188,-0.1257485
90,75,165,0.32226562,0.090909091
98,88,186,0.36328125,0.053763441
86,101,187,0.36523438,-0.080213904
81,93,174,0.33984375,-0.068965517
97,85,182,0.35546875,0.065934066
92,88,180,0.3515625,0.022222222
75,114,189,0.36914062,-0.20634921
77,103,180,0.3515625,-0.14444444
74,110,184,0.359375,-0.19565217
90,85,175,0.34179688,0.028571429
106,89,195,0.38085938,0.087179487
78,91,169,0.33007812,-0.076923077
64,126,190,0.37109375,-0.32631579
96,85,181,0.35351562,0.060773481
76,95,171,0.33398438,-0.11111111
70,102,172,0.3359375,-0.18604651
95,94,189,0.36914062,0.0052910053
54,136,190,0.37109375,-0.43157895
99,88,187,0.36523438,0.058823529
66,119,185,0.36132812,-0.28648649
95,83,178,0.34765625,0.06741573
105,92,197,0.38476562,0.065989848
82,103,185,0.36132812,-0.11351351
89,96,185,0.36132812,-0.037837838
90,98,188,0.3671875,-0.042553191
66,106,172,0.3359375,-0.23255814
102,77,179,0.34960938,0.1396648
70,107,177,0.34570312,-0.20903955
82,93,175,0.34179688,-0.062857143
72,111,183,0.35742188,-0.21311475
90,104,194,0.37890625,-0.072164948
100,89,189,0.36914062,0.058201058
68,120,188,0.3671875,-0.27659574
71,97,168,0.328125,-0.1547619
119,65,184,0.359375,0.29347826
68,98,166,0.32421875,-0.18072289
68,88,156,0.3046875,-0.12820513
111,70,181,0.35351562,0.22651934
100,84,184,0.359375,0.086956522
76,97,173,0.33789062,-0.12138728
87,100,187,0.36523438,-0.069518717
135,59,194,0.37890625,0.39175258
73,103,176,0.34375,-0.17045455
114,72,186,0.36328125,0.22580645
90,100,190,0.37109375,-0.052631579
86,97,183,0.35742188,-0.06010929
87,88,175,0.34179688,-0.0057142857
78,92,170,0.33203125,-0.082352941
95,83,178,0.34765625,0.06741573
61,126,187,0.36523438,-0.34759358
110,73,183,0.35742188,0.20218579
75,99,174,0.33984375,-0.13793103
68,102,170,0.33203125,-0.2
95,89,184,0.359375,0.032608696
75,96,171,0.33398438,-0.12280702
85,100,185,0.36132812,-0.081081081
60,122,182,0.35546875,-0.34065934
92,82,174,0.33984375,0.057471264
93,90,183,0.35742188,0.016393443
86,83,169,0.33007812,0.017751479
107,81,188,0.3671875,0.13829787
116,77,193,0.37695312,0.20207254
88,101,189,0.36914062,-0.068783069
122,64,186,0.36328125,0.31182796
82,84,166,0.32421875,-0.012048193
114,68,182,0.35546875,0.25274725
81,95,176,0.34375,-0.079545455
93,87,180,0.3515625,0.033333333
108,86,194,0.37890625,0.11340206
100,94,194,0.37890625,0.030927835
71,111,182,0.35546875,-0.21978022
108,76,184,0.359375,0.17391304
56,134,190,0.37109375,-0.41052632
95,96,191,0.37304688,-0.0052356021
118,68,186,0.36328125,0.2688172
96,70,166,0.32421875,0.15662651
74,100,174,0.33984375,-0.14942529
82,104,186,0.36328125,-0.11827957
99,96,195,0.38085938,0.015384615
55,126,181,0.35351562,-0.39226519
92,89,181,0.35351562,0.016574586
103,79,182,0.35546875,0.13186813
79,99,178,0.34765625,-0.11235955
72,101,173,0.33789062,-0.16763006
92,77,169,0.33007812,0.088757396
73,118,191,0.37304688,-0.23560209
84,86,170,0.33203125,-0.011764706
86,81,167,0.32617188,0.02994012
88,102,190,0.37109375,-0.073684211
64,120,184,0.359375,-0.30434783
91,84,175,0.34179688,0.04
102,81,183,0.35742188,0.1147541
110,72,182,0.35546875,0.20879121
109,73,182,0.35546875,0.1978022
105,81,186,0.36328125,0.12903226
98,68,166,0.32421875,0.18072289
89,90,179,0.34960938,-0.0055865922
108,69,177,0.34570312,0.22033898
115,68,183,0.35742188,0.2568306
96,92,188,0.3671875,0.021276596
89,97,186,0.36328125,-0.043010753
82,98,180,0.3515625,-0.088888889
74,108,182,0.35546875,-0.18681319
81,99,180,0.3515625,-0.1
114,68,182,0.35546875,0.25274725
95,69,164,0.3203125,0.15853659
76,115,191,0.37304688,-0.20418848
100,86,186,0.36328125,0.075268817
72,110,182,0.35546875,-0.20879121
99,80,179,0.34960938,0.10614525
103,84,187,0.36523438,0.10160428
94,82,176,0.34375,0.068181818
120,64,184,0.359375,0.30434783
77,104,181,0.35351562,-0.14917127
65,118,183,0.35742188,-0.28961749
116,57,173,0.33789062,0.34104046
97,81,178,0.34765625,0.08988764
136,53,189,0.36914062,0.43915344
91,84,175,0.34179688,0.04
82,98,180,0.3515625,-0.088888889
115,63,178,0.34765625,0.29213483
107,73,180,0.3515625,0.18888889
112,72,184,0.359375,0.2173913
76,104,180,0.3515625,-0.15555556
114,66,180,0.3515625,0.26666667
59,136,195,0.38085938,-0.39487179
72,95,167,0.32617188,-0.13772455
70,114,184,0.359375,-0.23913043
96,91,187,0.36523438,0.026737968
87,91,178,0.34765625,-0.02247191
103,85,188,0.3671875,0.095744681
65,111,176,0.34375,-0.26136364
79,105,184,0.359375,-0.14130435
87,94,181,0.35351562,-0.038674033
63,110,173,0.33789062,-0.2716763
96,77,173,0.33789062,0.10982659
87,100,187,0.36523438,-0.069518717
100,74,174,0.33984375,0.14942529
80,96,176,0.34375,-0.090909091
66,111,177,0.34570312,-0.25423729
86,97,183,0.35742188,-0.06010929
66,123,189,0.36914062,-0.3015873
79,100,179,0.34960938,-0.11731844
86,85,171,0.33398438,0.0058479532
94,98,192,0.375,-0.020833333
75,104,179,0.34960938,-0.16201117
94,83,177,0.34570312,0.062146893
112,80,192,0.375,0.16666667
108,92,200,0.390625,0.08
82,88,170,0.33203125,-0.035294118
97,92,189,0.36914062,0.026455026
114,71,185,0.36132812,0.23243243
107,88,195,0.38085938,0.097435897
83,87,170,0.33203125,-0.023529412
81,107,188,0.3671875,-0.13829787
81,104,185,0.36132812,-0.12432432
93,95,188,0.3671875,-0.010638298
71,108,179,0.34960938,-0.20670391
96,74,170,0.33203125,0.12941176
99,67,166,0.32421875,0.19277108
122,65,187,0.36523438,0.30481283
76,94,170,0.33203125,-0.10588235
71,102,173,0.33789062,-0.17919075
86,89,175,0.34179688,-0.017142857
58,126,184,0.359375,-0.36956522
52,118,170,0.33203125,-0.38823529
89,97,186,0.36328125,-0.043010753
103,93,196,0.3828125,0.051020408
78,107,185,0.36132812,-0.15675676
61,120,181,0.35351562,-0.32596685
80,102,182,0.35546875,-0.12087912
91,96,187,0.36523438,-0.026737968
90,84,174,0.33984375,0.034482759
80,101,181,0.35351562,-0.1160221
60,119,179,0.34960938,-0.32960894
75,94,169,0.33007812,-0.11242604
83,97,180,0.3515625,-0.077777778
94,84,178,0.34765625,0.056179775
87,105,192,0.375,-0.09375
107,63,170,0.33203125,0.25882353
73,87,160,0.3125,-0.0875
73,113,186,0.36328125,-0.21505376
93,99,192,0.375,-0.03125
116,51,167,0.32617188,0.38922156
93,93,186,0.36328125,0
85,96,181,0.35351562,-0.060773481
71,114,185,0.36132812,-0.23243243
101,89,190,0.37109375,0.063157895
77,100,177,0.34570312,-0.1299435
97,89,186,0.36328125,0.043010753
62,111,173,0.33789062,-0.28323699
90,76,166,0.32421875,0.084337349
75,100,175,0.34179688,-0.14285714
92,99,191,0.37304688,-0.036649215
82,88,170,0.33203125,-0.035294118
102,72,174,0.33984375,0.17241379
100,66,166,0.32421875,0.20481928
94,87,181,0.35351562,0.038674033
49,126,175,0.34179688,-0.44
84,97,181,0.35351562,-0.071823204
97,97,194,0.37890625,0
115,77,192,0.375,0.19791667
72,87,159,0.31054688,-0.094339623
60,119,179,0.34960938,-0.32960894
79,106,185,0.36132812,-0.14594595
82,105,187,0.36523438,-0.12299465
77,122,199,0.38867188,-0.22613065
73,113,186,0.36328125,-0.21505376
94,98,192,0.375,-0.020833333
88,88,176,0.34375,0
84,85,169,0.33007812,-0.0059171598
75,101,176,0.34375,-0.14772727
95,88,183,0.35742188,0.038251366
125,64,189,0.36914062,0.32275132
97,88,185,0.36132812,0.048648649
112,71,183,0.35742188,0.22404372
70,103,173,0.33789062,-0.19075145
110,89,199,0.38867188,0.10552764
130,64,194,0.37890625,0.34020619
85,85,170,0.33203125,0
83,117,200,0.390625,-0.17
73,104,177,0.34570312,-0.17514124
112,81,193,0.37695312,0.16062176
113,71,184,0.359375,0.22826087
90,84,174,0.33984375,0.034482759
121,51,172,0.3359375,0.40697674
83,102,185,0.36132812,-0.1027027
93,89,182,0.35546875,0.021978022
73,110,183,0.35742188,-0.20218579
77,93,170,0.33203125,-0.094117647
94,87,181,0.35351562,0.038674033
74,98,172,0.3359375,-0.13953488
101,82,183,0.35742188,0.10382514
64,121,185,0.36132812,-0.30810811
93,86,179,0.34960938,0.039106145
99,79,178,0.34765625,0.11235955
57,123,180,0.3515625,-0.36666667
102,83,185,0.36132812,0.1027027
110,79,189,0.36914062,0.16402116
93,88,181,0.35351562,0.027624309
90,89,179,0.34960938,0.0055865922
101,89,190,0.37109375,0.063157895
118,79,197,0.38476562,0.19796954
101,89,190,0.37109375,0.063157895
110,76,186,0.36328125,0.1827957
91,103,194,0.37890625,-0.06185567
83,91,174,0.33984375,-0.045977011
97,77,174,0.33984375,0.11494253
70,110,180,0.3515625,-0.22222222
96,91,187,0.36523438,0.026737968
85,100,185,0.36132812,-0.081081081
106,77,183,0.35742188,0.15846995
116,68,184,0.359375,0.26086957
68,104,172,0.3359375,-0.20930233
109,64,173,0.33789062,0.26011561
127,50,177,0.34570312,0.43502825
107,78,185,0.36132812,0.15675676
74,102,176,0.34375,-0.15909091
113,76,189,0.36914062,0.1957672
99,87,186,0.36328125,0.064516129
124,59,183,0.35742188,0.35519126
134,53,187,0.36523438,0.43315508
102,76,178,0.34765625,0.14606742
86,85,171,0.33398438,0.0058479532
98,75,173,0.33789062,0.13294798
83,102,185,0.36132812,-0.1027027
108,73,181,0.35351562,0.19337017
97,89,186,0.36328125,0.043010753
99,75,174,0.33984375,0.13793103
96,86,182,0.35546875,0.054945055
81,95,176,0.34375,-0.079545455
115,69,184,0.359375,0.25
