n_hor,n_ver,n_tot,eta,S
154,155,309,0.60351562,-0.003236246
83,232,315,0.61523438,-0.47301587
105,197,302,0.58984375,-0.30463576
108,206,314,0.61328125,-0.31210191
138,175,313,0.61132812,-0.11821086
168,152,320,0.625,0.05
180,135,315,0.61523438,0.14285714
215,108,323,0.63085938,0.33126935
204,112,316,0.6171875,0.29113924
200,115,315,0.61523438,0.26984127
217,100,317,0.61914062,0.36908517
236,86,322,0.62890625,0.46583851
161,146,307,0.59960938,0.048859935
136,172,308,0.6015625,-0.11688312
97,224,321,0.62695312,-0.39563863
30,298,328,0.640625,-0.81707317
17,311,328,0.640625,-0.89634146
13,312,325,0.63476562,-0.92
10,317,327,0.63867188,-0.93883792
1,319,320,0.625,-0.99375
14,301,315,0.61523438,-0.91111111
62,258,320,0.625,-0.6125
34,290,324,0.6328125,-0.79012346
12,311,323,0.63085938,-0.92569659
22,287,309,0.60351562,-0.85760518
15,308,323,0.63085938,-0.90712074
10,310,320,0.625,-0.9375
18,302,320,0.625,-0.8875
35,283,318,0.62109375,-0.77987421
17,300,317,0.61914062,-0.89274448
8,317,325,0.63476562,-0.95076923
16,301,317,0.61914062,-0.89905363
4,325,329,0.64257812,-0.97568389
4,327,331,0.64648438,-0.97583082
11,318,329,0.64257812,-0.9331307
17,310,327,0.63867188,-0.89602446
99,206,305,0.59570312,-0.35081967
99,202,301,0.58789062,-0.34219269
79,238,317,0.61914062,-0.50157729
102,216,318,0.62109375,-0.35849057
75,238,313,0.61132812,-0.52076677
39,287,326,0.63671875,-0.7607362
43,265,308,0.6015625,-0.72077922
64,252,316,0.6171875,-0.59493671
107,195,302,0.58984375,-0.29139073
36,269,305,0.59570312,-0.76393443
3,326,329,0.64257812,-0.98176292
15,305,320,0.625,-0.90625
11,310,321,0.62695312,-0.93146417
5,316,321,0.62695312,-0.96884735
17,291,308,0.6015625,-0.88961039
18,307,325,0.63476562,-0.88923077
22,294,316,0.6171875,-0.86075949
18,299,317,0.61914062,-0.88643533
10,306,316,0.6171875,-0.93670886
29,281,310,0.60546875,-0.81290323
8,314,322,0.62890625,-0.95031056
30,277,307,0.59960938,-0.80456026
2,337,339,0.66210938,-0.98820059
72,226,298,0.58203125,-0.51677852
36,276,312,0.609375,-0.76923077
60,250,310,0.60546875,-0.61290323
9,316,325,0.63476562,-0.94461538
22,294,316,0.6171875,-0.86075949
39,275,314,0.61328125,-0.75159236
8,320,328,0.640625,-0.95121951
6,309,315,0.61523438,-0.96190476
8,297,305,0.59570312,-0.94754098
15,296,311,0.60742188,-0.90353698
10,311,321,0.62695312,-0.9376947
64,259,323,0.63085938,-0.60371517
89,219,308,0.6015625,-0.42207792
114,184,298,0.58203125,-0.23489933
138,178,316,0.6171875,-0.12658228
158,157,315,0.61523438,0.0031746032
106,189,295,0.57617188,-0.28135593
80,226,306,0.59765625,-0.47712418
70,241,311,0.60742188,-0.54983923
82,234,316,0.6171875,-0.48101266
90,208,298,0.58203125,-0.39597315
80,253,333,0.65039062,-0.51951952
86,237,323,0.63085938,-0.46749226
111,190,301,0.58789062,-0.26245847
125,183,308,0.6015625,-0.18831169
78,243,321,0.62695312,-0.51401869
82,235,317,0.61914062,-0.48264984
87,230,317,0.61914062,-0.4511041
85,241,326,0.63671875,-0.47852761
31,278,309,0.60351562,-0.79935275
89,225,314,0.61328125,-0.43312102
116,200,316,0.6171875,-0.26582278
120,193,313,0.61132812,-0.23322684
105,216,321,0.62695312,-0.34579439
91,212,303,0.59179688,-0.39933993
66,248,314,0.61328125,-0.57961783
11,307,318,0.62109375,-0.93081761
30,294,324,0.6328125,-0.81481481
12,290,302,0.58984375,-0.9205298
40,256,296,0.578125,-0.72972973
16,301,317,0.61914062,-0.89905363
17,298,315,0.61523438,-0.89206349
71,247,318,0.62109375,-0.55345912
3,324,327,0.63867188,-0.98165138
14,318,332,0.6484375,-0.91566265
22,287,309,0.60351562,-0.85760518
0,325,325,0.63476562,-1
7,301,308,0.6015625,-0.95454545
12,310,322,0.62890625,-0.92546584
30,279,309,0.60351562,-0.80582524
51,259,310,0.60546875,-0.67096774
26,292,318,0.62109375,-0.83647799
16,291,307,0.59960938,-0.89576547
45,265,310,0.60546875,-0.70967742
32,291,323,0.63085938,-0.80185759
37,285,322,0.62890625,-0.77018634
101,223,324,0.6328125,-0.37654321
162,147,309,0.60351562,0.048543689
119,183,302,0.58984375,-0.21192053
71,246,317,0.61914062,-0.55205047
24,289,313,0.61132812,-0.84664537
39,290,329,0.64257812,-0.76291793
92,239,331,0.64648438,-0.44410876
87,218,305,0.59570312,-0.4295082
100,223,323,0.63085938,-0.38080495
67,242,309,0.60351562,-0.56634304
41,277,318,0.62109375,-0.74213836
55,262,317,0.61914062,-0.65299685
64,251,315,0.61523438,-0.59365079
36,281,317,0.61914062,-0.77287066
28,276,304,0.59375,-0.81578947
15,300,315,0.61523438,-0.9047619
12,313,325,0.63476562,-0.92615385
14,309,323,0.63085938,-0.91331269
8,309,317,0.61914062,-0.94952681
9,318,327,0.63867188,-0.94495413
10,316,326,0.63671875,-0.93865031
29,273,302,0.58984375,-0.80794702
58,241,299,0.58398438,-0.61204013
83,228,311,0.60742188,-0.46623794
68,260,328,0.640625,-0.58536585
38,281,319,0.62304688,-0.76175549
21,283,304,0.59375,-0.86184211
51,268,319,0.62304688,-0.68025078
91,219,310,0.60546875,-0.41290323
105,216,321,0.62695312,-0.34579439
76,243,319,0.62304688,-0.52351097
35,278,313,0.61132812,-0.77635783
9,311,320,0.625,-0.94375
1,327,328,0.640625,-0.99390244
9,311,320,0.625,-0.94375
18,310,328,0.640625,-0.8902439
55,250,305,0.59570312,-0.63934426
61,257,318,0.62109375,-0.6163522
39,272,311,0.60742188,-0.74919614
12,313,325,0.63476562,-0.92615385
39,274,313,0.61132812,-0.75079872
6,297,303,0.59179688,-0.96039604
15,311,326,0.63671875,-0.90797546
3,317,320,0.625,-0.98125
20,305,325,0.63476562,-0.87692308
17,294,311,0.60742188,-0.89067524
36,284,320,0.625,-0.775
82,236,318,0.62109375,-0.48427673
25,281,306,0.59765625,-0.83660131
50,260,310,0.60546875,-0.67741935
42,281,323,0.63085938,-0.73993808
14,307,321,0.62695312,-0.91277259
1,328,329,0.64257812,-0.99392097
1,319,320,0.625,-0.99375
23,295,318,0.62109375,-0.85534591
28,294,322,0.62890625,-0.82608696
21,304,325,0.63476562,-0.87076923
5,326,331,0.64648438,-0.96978852
26,306,332,0.6484375,-0.84337349
44,279,323,0.63085938,-0.72755418
21,292,313,0.61132812,-0.8658147
40,263,303,0.59179688,-0.7359736
68,249,317,0.61914062,-0.57097792
55,268,323,0.63085938,-0.65944272
44,286,330,0.64453125,-0.73333333
27,297,324,0.6328125,-0.83333333
4,323,327,0.63867188,-0.97553517
42,262,304,0.59375,-0.72368421
9,298,307,0.59960938,-0.94136808
13,308,321,0.62695312,-0.91900312
33,288,321,0.62695312,-0.79439252
29,276,305,0.59570312,-0.80983607
25,294,319,0.62304688,-0.84326019
29,289,318,0.62109375,-0.81761006
26,282,308,0.6015625,-0.83116883
14,302,316,0.6171875,-0.91139241
18,292,310,0.60546875,-0.88387097
32,274,306,0.59765625,-0.79084967
15,314,329,0.64257812,-0.90881459
11,305,316,0.6171875,-0.93037975
4,320,324,0.6328125,-0.97530864
29,278,307,0.59960938,-0.81107492
19,302,321,0.62695312,-0.88161994
25,296,321,0.62695312,-0.84423676
15,304,319,0.62304688,-0.90595611
49,271,320,0.625,-0.69375
38,287,325,0.63476562,-0.76615385
66,238,304,0.59375,-0.56578947
40,266,306,0.59765625,-0.73856209
5,308,313,0.61132812,-0.96805112
5,322,327,0.63867188,-0.96941896
17,306,323,0.63085938,-0.89473684
23,300,323,0.63085938,-0.85758514
23,299,322,0.62890625,-0.85714286
16,310,326,0.63671875,-0.90184049
10,308,318,0.62109375,-0.93710692
10,319,329,0.64257812,-0.93920973
45,282,327,0.63867188,-0.72477064
39,298,337,0.65820312,-0.76854599
41,267,308,0.6015625,-0.73376623
50,277,327,0.63867188,-0.6941896
21,287,308,0.6015625,-0.86363636
9,319,328,0.640625,-0.94512195
4,320,324,0.6328125,-0.97530864
11,313,324,0.6328125,-0.93209877
20,297,317,0.61914062,-0.87381703
107,211,318,0.62109375,-0.32704403
105,185,290,0.56640625,-0.27586207
36,297,333,0.65039062,-0.78378378
20,298,318,0.62109375,-0.87421384
20,302,322,0.62890625,-0.8757764
13,318,331,0.64648438,-0.92145015
35,279,314,0.61328125,-0.77707006
21,291,312,0.609375,-0.86538462
53,259,312,0.609375,-0.66025641
57,264,321,0.62695312,-0.64485981
25,296,321,0.62695312,-0.84423676
0,334,334,0.65234375,-1
54,263,317,0.61914062,-0.65930599
63,247,310,0.60546875,-0.59354839
97,215,312,0.609375,-0.37820513
83,246,329,0.64257812,-0.49544073
75,247,322,0.62890625,-0.53416149
118,198,316,0.6171875,-0.25316456
187,120,307,0.59960938,0.21824104
256,60,316,0.6171875,0.62025316
310,13,323,0.63085938,0.91950464
308,12,320,0.625,0.925
267,41,308,0.6015625,0.73376623
257,57,314,0.61328125,0.63694268
250,63,313,0.61132812,0.59744409
296,29,325,0.63476562,0.82153846
228,68,296,0.578125,0.54054054
155,137,292,0.5703125,0.061643836
144,150,294,0.57421875,-0.020408163
214,92,306,0.59765625,0.39869281
144,148,292,0.5703125,-0.01369863
82,226,308,0.6015625,-0.46753247
36,269,305,0.59570312,-0.76393443
45,267,312,0.609375,-0.71153846
48,264,312,0.609375,-0.69230769
48,272,320,0.625,-0.7
29,287,316,0.6171875,-0.8164557
44,261,305,0.59570312,-0.71147541
27,282,309,0.60351562,-0.82524272
41,276,317,0.61914062,-0.74132492
11,312,323,0.63085938,-0.93188854
1,327,328,0.640625,-0.99390244
17,287,304,0.59375,-0.88815789
8,309,317,0.61914062,-0.94952681
12,323,335,0.65429688,-0.92835821
9,311,320,0.625,-0.94375
11,311,322,0.62890625,-0.93167702
32,271,303,0.59179688,-0.78877888
16,315,331,0.64648438,-0.90332326
27,280,307,0.59960938,-0.82410423
40,275,315,0.61523438,-0.74603175
65,264,329,0.64257812,-0.60486322
13,303,316,0.6171875,-0.91772152
35,287,322,0.62890625,-0.7826087
43,276,319,0.62304688,-0.73040752
47,261,308,0.6015625,-0.69480519
57,255,312,0.609375,-0.63461538
34,282,316,0.6171875,-0.78481013
69,235,304,0.59375,-0.54605263
64,248,312,0.609375,-0.58974359
92,206,298,0.58203125,-0.38255034
70,250,320,0.625,-0.5625
71,257,328,0.640625,-0.56707317
33,292,325,0.63476562,-0.79692308
30,297,327,0.63867188,-0.81651376
45,265,310,0.60546875,-0.70967742
72,247,319,0.62304688,-0.54858934
119,180,299,0.58398438,-0.20401338
100,211,311,0.60742188,-0.35691318
100,209,309,0.60351562,-0.35275081
119,194,313,0.61132812,-0.23961661
100,206,306,0.59765625,-0.34640523
121,190,311,0.60742188,-0.22186495
91,233,324,0.6328125,-0.4382716
66,236,302,0.58984375,-0.56291391
152,167,319,0.62304688,-0.047021944
218,101,319,0.62304688,0.36677116
295,37,332,0.6484375,0.77710843
235,77,312,0.609375,0.50641026
277,37,314,0.61328125,0.76433121
249,69,318,0.62109375,0.56603774
165,166,331,0.64648438,-0.003021148
175,133,308,0.6015625,0.13636364
235,90,325,0.63476562,0.44615385
219,91,310,0.60546875,0.41290323
225,91,316,0.6171875,0.42405063
221,92,313,0.61132812,0.41214058
232,87,319,0.62304688,0.45454545
156,161,317,0.61914062,-0.015772871
145,166,311,0.60742188,-0.067524116
69,243,312,0.609375,-0.55769231
47,263,310,0.60546875,-0.69677419
36,268,304,0.59375,-0.76315789
49,267,316,0.6171875,-0.68987342
37,284,321,0.62695312,-0.7694704
33,280,313,0.61132812,-0.78913738
45,262,307,0.59960938,-0.70684039
11,302,313,0.61132812,-0.92971246
16,293,309,0.60351562,-0.89644013
1,324,325,0.63476562,-0.99384615
64,262,326,0.63671875,-0.60736196
2,311,313,0.61132812,-0.98722045
4,319,323,0.63085938,-0.9752322
11,308,319,0.62304688,-0.93103448
36,288,324,0.6328125,-0.77777778
50,275,325,0.63476562,-0.69230769
83,235,318,0.62109375,-0.47798742
47,269,316,0.6171875,-0.70253165
57,257,314,0.61328125,-0.63694268
24,282,306,0.59765625,-0.84313725
29,284,313,0.61132812,-0.81469649
60,249,309,0.60351562,-0.61165049
59,263,322,0.62890625,-0.63354037
45,276,321,0.62695312,-0.71962617
65,267,332,0.6484375,-0.60843373
33,277,310,0.60546875,-0.78709677
26,288,314,0.61328125,-0.8343949
27,304,331,0.64648438,-0.83685801
4,318,322,0.62890625,-0.97515528
27,287,314,0.61328125,-0.82802548
4,318,322,0.62890625,-0.97515528
16,299,315,0.61523438,-0.8984127
14,319,333,0.65039062,-0.91591592
11,310,321,0.62695312,-0.93146417
56,261,317,0.61914062,-0.6466877
53,260,313,0.61132812,-0.66134185
13,310,323,0.63085938,-0.91950464
3,325,328,0.640625,-0.98170732
50,259,309,0.60351562,-0.6763754
57,249,306,0.59765625,-0.62745098
69,254,323,0.63085938,-0.57275542
76,228,304,0.59375,-0.5
45,265,310,0.60546875,-0.70967742
90,222,312,0.609375,-0.42307692
44,281,325,0.63476562,-0.72923077
34,283,317,0.61914062,-0.78548896
24,313,337,0.65820312,-0.85756677
31,284,315,0.61523438,-0.8031746
16,302,318,0.62109375,-0.89937107
15,299,314,0.61328125,-0.9044586
3,320,323,0.63085938,-0.98142415
21,294,315,0.61523438,-0.86666667
23,300,323,0.63085938,-0.85758514
19,297,316,0.6171875,-0.87974684
71,241,312,0.609375,-0.54487179
57,242,299,0.58398438,-0.6187291
58,256,314,0.61328125,-0.63057325
38,278,316,0.6171875,-0.75949367
63,236,299,0.58398438,-0.57859532
59,247,306,0.59765625,-0.61437908
48,267,315,0.61523438,-0.6952381
64,249,313,0.61132812,-0.59105431
64,251,315,0.61523438,-0.59365079
94,226,320,0.625,-0.4125
48,259,307,0.59960938,-0.68729642
57,255,312,0.609375,-0.63461538
66,253,319,0.62304688,-0.5862069
16,314,330,0.64453125,-0.9030303
22,290,312,0.609375,-0.85897436
36,272,308,0.6015625,-0.76623377
59,243,302,0.58984375,-0.60927152
76,238,314,0.61328125,-0.51592357
87,223,310,0.60546875,-0.43870968
81,218,299,0.58398438,-0.45819398
69,246,315,0.61523438,-0.56190476
77,252,329,0.64257812,-0.53191489
113,208,321,0.62695312,-0.29595016
105,210,315,0.61523438,-0.33333333
79,222,301,0.58789062,-0.47508306
46,268,314,0.61328125,-0.70700637
24,293,317,0.61914062,-0.84858044
19,290,309,0.60351562,-0.87702265
31,288,319,0.62304688,-0.80564263
23,286,309,0.60351562,-0.85113269
83,225,308,0.6015625,-0.46103896
38,265,303,0.59179688,-0.74917492
38,265,303,0.59179688,-0.74917492
96,216,312,0.609375,-0.38461538
116,191,307,0.59960938,-0.24429967
147,167,314,0.61328125,-0.063694268
93,204,297,0.58007812,-0.37373737
116,185,301,0.58789062,-0.22923588
159,147,306,0.59765625,0.039215686
155,148,303,0.59179688,0.02310231
207,102,309,0.60351562,0.33980583
187,121,308,0.6015625,0.21428571
221,94,315,0.61523438,0.4031746
164,142,306,0.59765625,0.071895425
185,137,322,0.62890625,0.14906832
269,58,327,0.63867188,0.64525994
290,22,312,0.609375,0.85897436
295,16,311,0.60742188,0.89710611
289,30,319,0.62304688,0.81191223
251,67,318,0.62109375,0.57861635
262,47,309,0.60351562,0.69579288
225,88,313,0.61132812,0.43769968
216,83,299,0.58398438,0.44481605
248,73,321,0.62695312,0.54517134
248,66,314,0.61328125,0.57961783
237,80,317,0.61914062,0.49526814
226,89,315,0.61523438,0.43492063
157,143,300,0.5859375,0.046666667
206,103,309,0.60351562,0.33333333
124,176,300,0.5859375,-0.17333333
56,261,317,0.61914062,-0.6466877
36,276,312,0.609375,-0.76923077
51,265,316,0.6171875,-0.67721519
18,297,315,0.61523438,-0.88571429
44,254,298,0.58203125,-0.70469799
54,261,315,0.61523438,-0.65714286
43,285,328,0.640625,-0.73780488
34,273,307,0.59960938,-0.77850163
20,300,320,0.625,-0.875
17,286,303,0.59179688,-0.88778878
27,299,326,0.63671875,-0.83435583
35,292,327,0.63867188,-0.78593272
39,284,323,0.63085938,-0.75851393
48,269,317,0.61914062,-0.69716088
72,236,308,0.6015625,-0.53246753
3,319,322,0.62890625,-0.98136646
22,304,326,0.63671875,-0.86503067
29,285,314,0.61328125,-0.81528662
21,297,318,0.62109375,-0.86792453
57,246,303,0.59179688,-0.62376238
32,281,313,0.61132812,-0.79552716
40,262,302,0.58984375,-0.73509934
30,295,325,0.63476562,-0.81538462
6,316,322,0.62890625,-0.96273292
33,275,308,0.6015625,-0.78571429
49,271,320,0.625,-0.69375
74,238,312,0.609375,-0.52564103
109,191,300,0.5859375,-0.27333333
111,205,316,0.6171875,-0.29746835
111,190,301,0.58789062,-0.26245847
92,225,317,0.61914062,-0.41955836
84,221,305,0.59570312,-0.44918033
73,244,317,0.61914062,-0.53943218
62,245,307,0.59960938,-0.59609121
70,235,305,0.59570312,-0.54098361
25,297,322,0.62890625,-0.8447205
12,309,321,0.62695312,-0.92523364
51,255,306,0.59765625,-0.66666667
44,288,332,0.6484375,-0.73493976
8,294,302,0.58984375,-0.94701987
16,312,328,0.640625,-0.90243902
43,272,315,0.61523438,-0.72698413
55,265,320,0.625,-0.65625
56,253,309,0.60351562,-0.63754045
89,227,316,0.6171875,-0.43670886
62,260,322,0.62890625,-0.61490683
88,227,315,0.61523438,-0.44126984
58,255,313,0.61132812,-0.62939297
76,241,317,0.61914062,-0.52050473
23,290,313,0.61132812,-0.85303514
46,258,304,0.59375,-0.69736842
11,290,301,0.58789062,-0.9269103
56,280,336,0.65625,-0.66666667
11,314,325,0.63476562,-0.93230769
13,306,319,0.62304688,-0.9184953
22,296,318,0.62109375,-0.86163522
21,295,316,0.6171875,-0.86708861
17,306,323,0.63085938,-0.89473684
9,327,336,0.65625,-0.94642857
14,305,319,0.62304688,-0.91222571
34,283,317,0.61914062,-0.78548896
70,232,302,0.58984375,-0.53642384
81,238,319,0.62304688,-0.49216301
81,225,306,0.59765625,-0.47058824
59,254,313,0.61132812,-0.62300319
32,279,311,0.60742188,-0.79421222
23,290,313,0.61132812,-0.85303514
7,303,310,0.60546875,-0.95483871
20,297,317,0.61914062,-0.87381703
18,293,311,0.60742188,-0.88424437
6,306,312,0.609375,-0.96153846
1,322,323,0.63085938,-0.99380805
7,314,321,0.62695312,-0.95638629
12,304,316,0.6171875,-0.92405063
13,299,312,0.609375,-0.91666667
11,307,318,0.62109375,-0.93081761
22,302,324,0.6328125,-0.86419753
74,245,319,0.62304688,-0.53605016
95,216,311,0.60742188,-0.38906752
123,191,314,0.61328125,-0.21656051
173,133,306,0.59765625,0.13071895
146,155,301,0.58789062,-0.029900332
106,212,318,0.62109375,-0.33333333
124,188,312,0.609375,-0.20512821
58,264,322,0.62890625,-0.63975155
60,252,312,0.609375,-0.61538462
22,303,325,0.63476562,-0.86461538
10,298,308,0.6015625,-0.93506494
7,308,315,0.61523438,-0.95555556
44,273,317,0.61914062,-0.72239748
72,249,321,0.62695312,-0.55140187
34,288,322,0.62890625,-0.78881988
71,233,304,0.59375,-0.53289474
47,267,314,0.61328125,-0.70063694
29,290,319,0.62304688,-0.81818182
21,303,324,0.6328125,-0.87037037
58,258,316,0.6171875,-0.63291139
54,269,323,0.63085938,-0.66563467
55,273,328,0.640625,-0.66463415
86,221,307,0.59960938,-0.43973941
87,223,310,0.60546875,-0.43870968
122,202,324,0.6328125,-0.24691358
136,170,306,0.59765625,-0.11111111
175,131,306,0.59765625,0.14379085
211,93,304,0.59375,0.38815789
168,136,304,0.59375,0.10526316
171,143,314,0.61328125,0.089171975
94,229,323,0.63085938,-0.41795666
101,226,327,0.63867188,-0.382263
127,183,310,0.60546875,-0.18064516
171,138,309,0.60351562,0.10679612
158,164,322,0.62890625,-0.01863354
112,209,321,0.62695312,-0.30218069
106,195,301,0.58789062,-0.29568106
168,143,311,0.60742188,0.080385852
163,140,303,0.59179688,0.075907591
143,156,299,0.58398438,-0.043478261
135,183,318,0.62109375,-0.1509434
190,118,308,0.6015625,0.23376623
261,66,327,0.63867188,0.59633028
283,35,318,0.62109375,0.77987421
302,25,327,0.63867188,0.8470948
277,47,324,0.6328125,0.70987654
265,41,306,0.59765625,0.73202614
290,20,310,0.60546875,0.87096774
297,13,310,0.60546875,0.91612903
283,39,322,0.62890625,0.75776398
293,29,322,0.62890625,0.81987578
314,15,329,0.64257812,0.90881459
278,33,311,0.60742188,0.78778135
293,16,309,0.60351562,0.89644013
289,27,316,0.6171875,0.82911392
271,37,308,0.6015625,0.75974026
210,104,314,0.61328125,0.33757962
209,98,307,0.59960938,0.36156352
248,73,321,0.62695312,0.54517134
268,47,315,0.61523438,0.7015873
319,6,325,0.63476562,0.96307692
321,4,325,0.63476562,0.97538462
265,41,306,0.59765625,0.73202614
276,30,306,0.59765625,0.80392157
295,27,322,0.62890625,0.83229814
292,23,315,0.61523438,0.85396825
302,20,322,0.62890625,0.8757764
270,45,315,0.61523438,0.71428571
294,28,322,0.62890625,0.82608696
260,55,315,0.61523438,0.65079365
213,89,302,0.58984375,0.41059603
266,55,321,0.62695312,0.65732087
295,21,316,0.6171875,0.86708861
275,37,312,0.609375,0.76282051
285,30,315,0.61523438,0.80952381
295,18,313,0.61132812,0.88498403
273,39,312,0.609375,0.75
231,88,319,0.62304688,0.44827586
256,63,319,0.62304688,0.60501567
242,65,307,0.59960938,0.57654723
239,79,318,0.62109375,0.50314465
187,113,300,0.5859375,0.24666667
244,63,307,0.59960938,0.58957655
237,62,299,0.58398438,0.58528428
252,53,305,0.59570312,0.65245902
194,109,303,0.59179688,0.28052805
131,189,320,0.625,-0.18125
132,185,317,0.61914062,-0.16719243
151,166,317,0.61914062,-0.047318612
120,192,312,0.609375,-0.23076923
121,192,313,0.61132812,-0.22683706
110,201,311,0.60742188,-0.2926045
76,232,308,0.6015625,-0.50649351
67,253,320,0.625,-0.58125
52,256,308,0.6015625,-0.66233766
62,250,312,0.609375,-0.6025641
92,207,299,0.58398438,-0.38461538
70,242,312,0.609375,-0.55128205
116,197,313,0.61132812,-0.25878594
104,207,311,0.60742188,-0.33118971
76,237,313,0.61132812,-0.514377
153,153,306,0.59765625,0
155,159,314,0.61328125,-0.012738854
188,128,316,0.6171875,0.18987342
106,213,319,0.62304688,-0.3354232
92,202,294,0.57421875,-0.37414966
94,219,313,0.61132812,-0.39936102
42,284,326,0.63671875,-0.74233129
24,291,315,0.61523438,-0.84761905
49,256,305,0.59570312,-0.67868852
28,279,307,0.59960938,-0.81758958
14,298,312,0.609375,-0.91025641
22,293,315,0.61523438,-0.86031746
28,276,304,0.59375,-0.81578947
64,246,310,0.60546875,-0.58709677
36,280,316,0.6171875,-0.7721519
46,283,329,0.64257812,-0.72036474
33,292,325,0.63476562,-0.79692308
32,274,306,0.59765625,-0.79084967
90,229,319,0.62304688,-0.43573668
45,260,305,0.59570312,-0.70491803
35,270,305,0.59570312,-0.7704918
0,323,323,0.63085938,-1
26,303,329,0.64257812,-0.84194529
15,298,313,0.61132812,-0.90415335
67,250,317,0.61914062,-0.57728707
81,237,318,0.62109375,-0.49056604
80,241,321,0.62695312,-0.50155763
27,284,311,0.60742188,-0.82636656
27,293,320,0.625,-0.83125
39,276,315,0.61523438,-0.75238095
38,287,325,0.63476562,-0.76615385
46,258,304,0.59375,-0.69736842
94,231,325,0.63476562,-0.42153846
90,212,302,0.58984375,-0.40397351
133,193,326,0.63671875,-0.18404908
80,236,316,0.6171875,-0.49367089
65,245,310,0.60546875,-0.58064516
93,214,307,0.59960938,-0.39413681
154,149,303,0.59179688,0.01650165
197,128,325,0.63476562,0.21230769
210,102,312,0.609375,0.34615385
186,131,317,0.61914062,0.17350158
182,125,307,0.59960938,0.18566775
199,99,298,0.58203125,0.33557047
256,61,317,0.61914062,0.61514196
266,42,308,0.6015625,0.72727273
275,26,301,0.58789062,0.82724252
286,36,322,0.62890625,0.77639752
309,15,324,0.6328125,0.90740741
293,24,317,0.61914062,0.84858044
285,31,316,0.6171875,0.80379747
313,14,327,0.63867188,0.91437309
259,54,313,0.61132812,0.65495208
249,51,300,0.5859375,0.66
285,37,322,0.62890625,0.77018634
200,103,303,0.59179688,0.32013201
262,52,314,0.61328125,0.66878981
213,101,314,0.61328125,0.3566879
259,51,310,0.60546875,0.67096774
266,41,307,0.59960938,0.73289902
275,39,314,0.61328125,0.75159236
215,96,311,0.60742188,0.38263666
235,66,301,0.58789062,0.56146179
299,22,321,0.62695312,0.86292835
315,12,327,0.63867188,0.9266055
281,25,306,0.59765625,0.83660131
290,25,315,0.61523438,0.84126984
306,14,320,0.625,0.9125
293,20,313,0.61132812,0.87220447
253,53,306,0.59765625,0.65359477
281,43,324,0.6328125,0.7345679
329,4,333,0.65039062,0.97597598
247,54,301,0.58789062,0.64119601
199,106,305,0.59570312,0.30491803
222,87,309,0.60351562,0.4368932
276,34,310,0.60546875,0.78064516
267,58,325,0.63476562,0.64307692
241,66,307,0.59960938,0.57003257
254,54,308,0.6015625,0.64935065
263,47,310,0.60546875,0.69677419
263,47,310,0.60546875,0.69677419
228,79,307,0.59960938,0.48534202
233,93,326,0.63671875,0.42944785
210,90,300,0.5859375,0.4
224,93,317,0.61914062,0.41324921
237,75,312,0.609375,0.51923077
258,55,313,0.61132812,0.6485623
233,76,309,0.60351562,0.50809061
324,1,325,0.63476562,0.99384615
291,21,312,0.609375,0.86538462
286,38,324,0.6328125,0.7654321
236,71,307,0.59960938,0.53745928
289,33,322,0.62890625,0.79503106
313,4,317,0.61914062,0.97476341
255,54,309,0.60351562,0.65048544
269,41,310,0.60546875,0.73548387
227,85,312,0.609375,0.45512821
233,87,320,0.625,0.45625
244,79,323,0.63085938,0.51083591
292,37,329,0.64257812,0.77507599
271,34,305,0.59570312,0.77704918
278,27,305,0.59570312,0.82295082
298,27,325,0.63476562,0.83384615
308,17,325,0.63476562,0.89538462
277,33,310,0.60546875,0.78709677
314,23,337,0.65820312,0.86350148
319,17,336,0.65625,0.89880952
324,2,326,0.63671875,0.98773006
320,1,321,0.62695312,0.99376947
314,7,321,0.62695312,0.95638629
292,20,312,0.609375,0.87179487
258,52,310,0.60546875,0.66451613
311,17,328,0.640625,0.89634146
255,50,305,0.59570312,0.67213115
272,35,307,0.59960938,0.77198697
287,31,318,0.62109375,0.80503145
299,15,314,0.61328125,0.9044586
309,15,324,0.6328125,0.90740741
316,12,328,0.640625,0.92682927
314,6,320,0.625,0.9625
228,81,309,0.60351562,0.47572816
204,112,316,0.6171875,0.29113924
181,136,317,0.61914062,0.14195584
138,173,311,0.60742188,-0.11254019
118,195,313,0.61132812,-0.24600639
151,161,312,0.609375,-0.032051282
150,160,310,0.60546875,-0.032258065
151,154,305,0.59570312,-0.0098360656
145,161,306,0.59765625,-0.052287582
139,167,306,0.59765625,-0.091503268
149,170,319,0.62304688,-0.065830721
99,205,304,0.59375,-0.34868421
152,162,314,0.61328125,-0.031847134
168,147,315,0.61523438,0.066666667
97,207,304,0.59375,-0.36184211
130,166,296,0.578125,-0.12162162
150,160,310,0.60546875,-0.032258065
147,163,310,0.60546875,-0.051612903
111,206,317,0.61914062,-0.29968454
142,178,320,0.625,-0.1125
214,99,313,0.61132812,0.36741214
234,72,306,0.59765625,0.52941176
307,6,313,0.61132812,0.96166134
303,20,323,0.63085938,0.87616099
298,34,332,0.6484375,0.79518072
266,53,319,0.62304688,0.6677116
294,18,312,0.609375,0.88461538
308,15,323,0.63085938,0.90712074
249,65,314,0.61328125,0.58598726
282,42,324,0.6328125,0.74074074
300,24,324,0.6328125,0.85185185
262,58,320,0.625,0.6375
280,40,320,0.625,0.75
292,41,333,0.65039062,0.75375375
289,27,316,0.6171875,0.82911392
277,27,304,0.59375,0.82236842
312,13,325,0.63476562,0.92
305,9,314,0.61328125,0.94267516
313,5,318,0.62109375,0.96855346
311,12,323,0.63085938,0.92569659
282,27,309,0.60351562,0.82524272
307,19,326,0.63671875,0.88343558
285,23,308,0.6015625,0.85064935
306,27,333,0.65039062,0.83783784
302,15,317,0.61914062,0.90536278
269,57,326,0.63671875,0.65030675
273,40,313,0.61132812,0.74440895
320,2,322,0.62890625,0.98757764
269,32,301,0.58789062,0.78737542
278,48,326,0.63671875,0.70552147
296,20,316,0.6171875,0.87341772
245,61,306,0.59765625,0.60130719
276,40,316,0.6171875,0.74683544
282,42,324,0.6328125,0.74074074
252,52,304,0.59375,0.65789474
295,33,328,0.640625,0.79878049
285,36,321,0.62695312,0.77570093
281,40,321,0.62695312,0.75077882
255,51,306,0.59765625,0.66666667
307,16,323,0.63085938,0.90092879
266,30,296,0.578125,0.7972973
278,40,318,0.62109375,0.74842767
244,60,304,0.59375,0.60526316
239,62,301,0.58789062,0.58803987
230,88,318,0.62109375,0.44654088
219,90,309,0.60351562,0.41747573
257,63,320,0.625,0.60625
239,60,299,0.58398438,0.59866221
232,72,304,0.59375,0.52631579
227,83,310,0.60546875,0.46451613
240,73,313,0.61132812,0.53354633
202,100,302,0.58984375,0.33774834
217,91,308,0.6015625,0.40909091
179,126,305,0.59570312,0.17377049
183,132,315,0.61523438,0.16190476
204,107,311,0.60742188,0.31189711
220,84,304,0.59375,0.44736842
209,104,313,0.61132812,0.33546326
159,144,303,0.59179688,0.04950495
170,146,316,0.6171875,0.075949367
102,203,305,0.59570312,-0.33114754
141,167,308,0.6015625,-0.084415584
173,132,305,0.59570312,0.13442623
196,105,301,0.58789062,0.30232558
281,33,314,0.61328125,0.78980892
315,11,326,0.63671875,0.93251534
323,12,335,0.65429688,0.92835821
292,20,312,0.609375,0.87179487
311,24,335,0.65429688,0.85671642
211,114,325,0.63476562,0.29846154
267,53,320,0.625,0.66875
268,43,311,0.60742188,0.72347267
290,34,324,0.6328125,0.79012346
306,17,323,0.63085938,0.89473684
289,23,312,0.609375,0.8525641
302,14,316,0.6171875,0.91139241
269,37,306,0.59765625,0.75816993
227,79,306,0.59765625,0.48366013
255,58,313,0.61132812,0.62939297
294,19,313,0.61132812,0.87859425
261,54,315,0.61523438,0.65714286
312,8,320,0.625,0.95
293,24,317,0.61914062,0.84858044
291,39,330,0.64453125,0.76363636
260,71,331,0.64648438,0.57099698
258,62,320,0.625,0.6125
266,58,324,0.6328125,0.64197531
284,30,314,0.61328125,0.8089172
295,26,321,0.62695312,0.83800623
315,8,323,0.63085938,0.9504644
293,15,308,0.6015625,0.9025974
318,5,323,0.63085938,0.96904025
316,5,321,0.62695312,0.96884735
319,5,324,0.6328125,0.9691358
286,47,333,0.65039062,0.71771772
294,24,318,0.62109375,0.8490566
305,6,311,0.60742188,0.96141479
295,29,324,0.6328125,0.82098765
283,24,307,0.59960938,0.84364821
295,16,311,0.60742188,0.89710611
283,28,311,0.60742188,0.81993569
266,62,328,0.640625,0.62195122
295,26,321,0.62695312,0.83800623
279,38,317,0.61914062,0.76025237
323,4,327,0.63867188,0.97553517
294,32,326,0.63671875,0.80368098
311,16,327,0.63867188,0.90214067
255,47,302,0.58984375,0.68874172
262,62,324,0.6328125,0.61728395
294,19,313,0.61132812,0.87859425
300,13,313,0.61132812,0.91693291
290,27,317,0.61914062,0.829653
259,50,309,0.60351562,0.6763754
209,90,299,0.58398438,0.39799331
245,73,318,0.62109375,0.5408805
220,86,306,0.59765625,0.4379085
276,28,304,0.59375,0.81578947
295,32,327,0.63867188,0.80428135
307,8,315,0.61523438,0.94920635
267,43,310,0.60546875,0.72258065
246,69,315,0.61523438,0.56190476
177,138,315,0.61523438,0.12380952
147,161,308,0.6015625,-0.045454545
201,103,304,0.59375,0.32236842
203,95,298,0.58203125,0.36241611
174,138,312,0.609375,0.11538462
146,172,318,0.62109375,-0.081761006
114,198,312,0.609375,-0.26923077
134,181,315,0.61523438,-0.14920635
81,219,300,0.5859375,-0.46
96,218,314,0.61328125,-0.38853503
44,265,309,0.60351562,-0.71521036
21,292,313,0.61132812,-0.8658147
50,265,315,0.61523438,-0.68253968
35,288,323,0.63085938,-0.78328173
24,289,313,0.61132812,-0.84664537
23,291,314,0.61328125,-0.85350318
54,248,302,0.58984375,-0.64238411
53,258,311,0.60742188,-0.65916399
39,271,310,0.60546875,-0.7483871
27,290,317,0.61914062,-0.829653
54,254,308,0.6015625,-0.64935065
107,213,320,0.625,-0.33125
82,232,314,0.61328125,-0.47770701
66,251,317,0.61914062,-0.58359621
98,232,330,0.64453125,-0.40606061
92,220,312,0.609375,-0.41025641
84,226,310,0.60546875,-0.45806452
73,246,319,0.62304688,-0.54231975
68,250,318,0.62109375,-0.57232704
140,178,318,0.62109375,-0.11949686
179,132,311,0.60742188,0.1511254
211,101,312,0.609375,0.3525641
168,155,323,0.63085938,0.040247678
149,164,313,0.61132812,-0.047923323
129,176,305,0.59570312,-0.15409836
42,276,318,0.62109375,-0.73584906
47,268,315,0.61523438,-0.7015873
24,289,313,0.61132812,-0.84664537
18,299,317,0.61914062,-0.88643533
50,273,323,0.63085938,-0.69040248
62,238,300,0.5859375,-0.58666667
54,262,316,0.6171875,-0.65822785
56,264,320,0.625,-0.65
43,263,306,0.59765625,-0.71895425
48,255,303,0.59179688,-0.68316832
27,290,317,0.61914062,-0.829653
25,286,311,0.60742188,-0.8392283
37,277,314,0.61328125,-0.76433121
28,280,308,0.6015625,-0.81818182
33,289,322,0.62890625,-0.79503106
0,322,322,0.62890625,-1
23,285,308,0.6015625,-0.85064935
20,310,330,0.64453125,-0.87878788
29,283,312,0.609375,-0.81410256
28,270,298,0.58203125,-0.81208054
52,246,298,0.58203125,-0.65100671
18,304,322,0.62890625,-0.88819876
21,288,309,0.60351562,-0.86407767
31,282,313,0.61132812,-0.80191693
15,305,320,0.625,-0.90625
45,273,318,0.62109375,-0.71698113
69,242,311,0.60742188,-0.5562701
86,229,315,0.61523438,-0.45396825
95,192,287,0.56054688,-0.33797909
108,198,306,0.59765625,-0.29411765
133,180,313,0.61132812,-0.15015974
213,117,330,0.64453125,0.29090909
230,83,313,0.61132812,0.46964856
238,71,309,0.60351562,0.54045307
236,74,310,0.60546875,0.52258065
297,37,334,0.65234375,0.77844311
259,55,314,0.61328125,0.64968153
231,68,299,0.58398438,0.5451505
234,74,308,0.6015625,0.51948052
238,88,326,0.63671875,0.4601227
228,80,308,0.6015625,0.48051948
225,79,304,0.59375,0.48026316
173,131,304,0.59375,0.13815789
191,131,322,0.62890625,0.1863354
131,198,329,0.64257812,-0.20364742
129,170,299,0.58398438,-0.13712375
175,128,303,0.59179688,0.15511551
213,90,303,0.59179688,0.40594059
218,100,318,0.62109375,0.37106918
227,87,314,0.61328125,0.44585987
220,89,309,0.60351562,0.42394822
210,95,305,0.59570312,0.37704918
226,86,312,0.609375,0.44871795
296,24,320,0.625,0.85
294,28,322,0.62890625,0.82608696
245,63,308,0.6015625,0.59090909
278,38,316,0.6171875,0.75949367
296,17,313,0.61132812,0.8913738
295,15,310,0.60546875,0.90322581
323,8,331,0.64648438,0.95166163
308,7,315,0.61523438,0.95555556
295,13,308,0.6015625,0.91558442
302,18,320,0.625,0.8875
293,26,319,0.62304688,0.8369906
298,17,315,0.61523438,0.89206349
275,51,326,0.63671875,0.68711656
292,27,319,0.62304688,0.830721
298,28,326,0.63671875,0.82822086
278,38,316,0.6171875,0.75949367
278,36,314,0.61328125,0.77070064
312,18,330,0.64453125,0.89090909
267,41,308,0.6015625,0.73376623
272,32,304,0.59375,0.78947368
281,36,317,0.61914062,0.77287066
284,22,306,0.59765625,0.85620915
290,22,312,0.609375,0.85897436
243,64,307,0.59960938,0.58306189
265,46,311,0.60742188,0.70418006
257,59,316,0.6171875,0.62658228
249,69,318,0.62109375,0.56603774
240,80,320,0.625,0.5
262,59,321,0.62695312,0.63239875
319,12,331,0.64648438,0.92749245
272,36,308,0.6015625,0.76623377
305,15,320,0.625,0.90625
279,31,310,0.60546875,0.8
207,108,315,0.61523438,0.31428571
268,38,306,0.59765625,0.75163399
291,20,311,0.60742188,0.87138264
310,0,310,0.60546875,1
289,29,318,0.62109375,0.81761006
256,58,314,0.61328125,0.63057325
213,103,316,0.6171875,0.34810127
219,89,308,0.6015625,0.42207792
231,84,315,0.61523438,0.46666667
231,86,317,0.61914062,0.45741325
237,69,306,0.59765625,0.54901961
246,66,312,0.609375,0.57692308
300,12,312,0.609375,0.92307692
329,4,333,0.65039062,0.97597598
240,65,305,0.59570312,0.57377049
215,98,313,0.61132812,0.37380192
235,73,308,0.6015625,0.52597403
205,117,322,0.62890625,0.27329193
194,118,312,0.609375,0.24358974
224,90,314,0.61328125,0.42675159
196,118,314,0.61328125,0.24840764
272,51,323,0.63085938,0.68421053
260,64,324,0.6328125,0.60493827
230,95,325,0.63476562,0.41538462
228,79,307,0.59960938,0.48534202
215,87,302,0.58984375,0.42384106
194,116,310,0.60546875,0.2516129
175,131,306,0.59765625,0.14379085
164,137,301,0.58789062,0.089700997
142,179,321,0.62695312,-0.1152648
145,178,323,0.63085938,-0.10216718
131,180,311,0.60742188,-0.15755627
163,140,303,0.59179688,0.075907591
119,192,311,0.60742188,-0.23472669
124,181,305,0.59570312,-0.18688525
117,187,304,0.59375,-0.23026316
60,265,325,0.63476562,-0.63076923
37,277,314,0.61328125,-0.76433121
23,296,319,0.62304688,-0.85579937
60,261,321,0.62695312,-0.62616822
45,267,312,0.609375,-0.71153846
30,278,308,0.6015625,-0.80519481
39,273,312,0.609375,-0.75
38,270,308,0.6015625,-0.75324675
95,226,321,0.62695312,-0.40809969
49,271,320,0.625,-0.69375
33,293,326,0.63671875,-0.79754601
46,256,302,0.58984375,-0.69536424
17,306,323,0.63085938,-0.89473684
16,301,317,0.61914062,-0.89905363
29,281,310,0.60546875,-0.81290323
30,274,304,0.59375,-0.80263158
19,292,311,0.60742188,-0.8778135
48,270,318,0.62109375,-0.69811321
66,239,305,0.59570312,-0.56721311
42,275,317,0.61914062,-0.73501577
53,267,320,0.625,-0.66875
72,241,313,0.61132812,-0.5399361
62,244,306,0.59765625,-0.59477124
17,291,308,0.6015625,-0.88961039
15,297,312,0.609375,-0.90384615
50,256,306,0.59765625,-0.67320261
59,243,302,0.58984375,-0.60927152
80,241,321,0.62695312,-0.50155763
56,251,307,0.59960938,-0.63517915
63,254,317,0.61914062,-0.60252366
46,267,313,0.61132812,-0.70607029
121,174,295,0.57617188,-0.17966102
99,210,309,0.60351562,-0.3592233
144,168,312,0.609375,-0.076923077
127,186,313,0.61132812,-0.1884984
158,151,309,0.60351562,0.022653722
169,139,308,0.6015625,0.097402597
189,127,316,0.6171875,0.19620253
307,20,327,0.63867188,0.87767584
276,36,312,0.609375,0.76923077
311,8,319,0.62304688,0.94984326
311,10,321,0.62695312,0.9376947
268,35,303,0.59179688,0.7689769
323,7,330,0.64453125,0.95757576
308,12,320,0.625,0.925
297,18,315,0.61523438,0.88571429
323,8,331,0.64648438,0.95166163
310,4,314,0.61328125,0.97452229
310,16,326,0.63671875,0.90184049
251,62,313,0.61132812,0.60383387
263,58,321,0.62695312,0.63862928
273,44,317,0.61914062,0.72239748
260,45,305,0.59570312,0.70491803
309,8,317,0.61914062,0.94952681
314,13,327,0.63867188,0.9204893
318,0,318,0.62109375,1
288,21,309,0.60351562,0.86407767
307,21,328,0.640625,0.87195122
295,19,314,0.61328125,0.87898089
301,24,325,0.63476562,0.85230769
273,33,306,0.59765625,0.78431373
279,42,321,0.62695312,0.73831776
290,28,318,0.62109375,0.82389937
266,44,310,0.60546875,0.71612903
286,21,307,0.59960938,0.86319218
278,36,314,0.61328125,0.77070064
310,7,317,0.61914062,0.95583596
301,10,311,0.60742188,0.93569132
267,39,306,0.59765625,0.74509804
264,49,313,0.61132812,0.68690096
283,35,318,0.62109375,0.77987421
257,61,318,0.62109375,0.6163522
250,68,318,0.62109375,0.57232704
270,43,313,0.61132812,0.72523962
293,29,322,0.62890625,0.81987578
300,16,316,0.6171875,0.89873418
272,32,304,0.59375,0.78947368
233,79,312,0.609375,0.49358974
204,109,313,0.61132812,0.30351438
245,62,307,0.59960938,0.59609121
200,122,322,0.62890625,0.24223602
120,187,307,0.59960938,-0.21824104
68,241,309,0.60351562,-0.55987055
41,262,303,0.59179688,-0.72937294
37,273,310,0.60546875,-0.76129032
29,279,308,0.6015625,-0.81168831
26,299,325,0.63476562,-0.84
14,303,317,0.61914062,-0.91167192
23,288,311,0.60742188,-0.85209003
21,306,327,0.63867188,-0.87155963
6,306,312,0.609375,-0.96153846
56,263,319,0.62304688,-0.64890282
28,290,318,0.62109375,-0.82389937
42,272,314,0.61328125,-0.73248408
15,304,319,0.62304688,-0.90595611
18,308,326,0.63671875,-0.88957055
22,302,324,0.6328125,-0.86419753
27,299,326,0.63671875,-0.83435583
25,287,312,0.609375,-0.83974359
0,322,322,0.62890625,-1
21,301,322,0.62890625,-0.86956522
43,266,309,0.60351562,-0.72168285
25,304,329,0.64257812,-0.84802432
23,299,322,0.62890625,-0.85714286
35,275,310,0.60546875,-0.77419355
88,236,324,0.6328125,-0.45679012
104,208,312,0.609375,-0.33333333
154,163,317,0.61914062,-0.028391167
89,225,314,0.61328125,-0.43312102
52,277,329,0.64257812,-0.68389058
50,262,312,0.609375,-0.67948718
48,267,315,0.61523438,-0.6952381
36,268,304,0.59375,-0.76315789
25,300,325,0.63476562,-0.84615385
9,301,310,0.60546875,-0.94193548
1,320,321,0.62695312,-0.99376947
6,308,314,0.61328125,-0.96178344
18,308,326,0.63671875,-0.88957055
39,269,308,0.6015625,-0.74675325
46,270,316,0.6171875,-0.70886076
29,280,309,0.60351562,-0.81229773
49,281,330,0.64453125,-0.7030303
54,265,319,0.62304688,-0.66144201
55,252,307,0.59960938,-0.64169381
53,256,309,0.60351562,-0.65695793
18,299,317,0.61914062,-0.88643533
20,297,317,0.61914062,-0.87381703
31,275,306,0.59765625,-0.79738562
27,295,322,0.62890625,-0.83229814
51,269,320,0.625,-0.68125
39,288,327,0.63867188,-0.76146789
44,285,329,0.64257812,-0.7325228
57,247,304,0.59375,-0.625
22,291,313,0.61132812,-0.85942492
99,213,312,0.609375,-0.36538462
74,235,309,0.60351562,-0.5210356
49,269,318,0.62109375,-0.6918239
71,238,309,0.60351562,-0.54045307
34,288,322,0.62890625,-0.78881988
34,272,306,0.59765625,-0.77777778
23,301,324,0.6328125,-0.85802469
48,280,328,0.640625,-0.70731707
62,247,309,0.60351562,-0.5987055
73,242,315,0.61523438,-0.53650794
22,285,307,0.59960938,-0.85667752
37,278,315,0.61523438,-0.76507937
15,309,324,0.6328125,-0.90740741
66,240,306,0.59765625,-0.56862745
23,284,307,0.59960938,-0.85016287
22,297,319,0.62304688,-0.86206897
32,282,314,0.61328125,-0.79617834
62,242,304,0.59375,-0.59210526
65,252,317,0.61914062,-0.58990536
28,294,322,0.62890625,-0.82608696
62,249,311,0.60742188,-0.60128617
49,254,303,0.59179688,-0.67656766
49,256,305,0.59570312,-0.67868852
28,295,323,0.63085938,-0.82662539
16,307,323,0.63085938,-0.90092879
24,286,310,0.60546875,-0.84516129
42,275,317,0.61914062,-0.73501577
93,205,298,0.58203125,-0.37583893
48,264,312,0.609375,-0.69230769
59,254,313,0.61132812,-0.62300319
117,193,310,0.60546875,-0.24516129
59,254,313,0.61132812,-0.62300319
32,281,313,0.61132812,-0.79552716
42,262,304,0.59375,-0.72368421
21,300,321,0.62695312,-0.86915888
31,288,319,0.62304688,-0.80564263
7,301,308,0.6015625,-0.95454545
50,256,306,0.59765625,-0.67320261
72,227,299,0.58398438,-0.51839465
83,225,308,0.6015625,-0.46103896
135,174,309,0.60351562,-0.12621359
217,92,309,0.60351562,0.40453074
265,58,323,0.63085938,0.64086687
245,54,299,0.58398438,0.63879599
268,42,310,0.60546875,0.72903226
220,86,306,0.59765625,0.4379085
198,107,305,0.59570312,0.29836066
264,58,322,0.62890625,0.63975155
310,18,328,0.640625,0.8902439
304,16,320,0.625,0.9
272,47,319,0.62304688,0.70532915
285,19,304,0.59375,0.875
283,31,314,0.61328125,0.80254777
275,53,328,0.640625,0.67682927
233,66,299,0.58398438,0.55852843
181,132,313,0.61132812,0.15654952
212,102,314,0.61328125,0.35031847
180,131,311,0.60742188,0.15755627
125,189,314,0.61328125,-0.20382166
210,105,315,0.61523438,0.33333333
168,141,309,0.60351562,0.087378641
227,93,320,0.625,0.41875
192,123,315,0.61523438,0.21904762
210,90,300,0.5859375,0.4
246,66,312,0.609375,0.57692308
255,56,311,0.60742188,0.63987138
229,85,314,0.61328125,0.45859873
239,64,303,0.59179688,0.57755776
279,31,310,0.60546875,0.8
282,41,323,0.63085938,0.74613003
290,30,320,0.625,0.8125
280,26,306,0.59765625,0.83006536
287,25,312,0.609375,0.83974359
262,45,307,0.59960938,0.70684039
255,60,315,0.61523438,0.61904762
250,66,316,0.6171875,0.58227848
239,59,298,0.58203125,0.60402685
288,28,316,0.6171875,0.82278481
252,41,293,0.57226562,0.72013652
264,39,303,0.59179688,0.74257426
291,24,315,0.61523438,0.84761905
270,47,317,0.61914062,0.70347003
297,16,313,0.61132812,0.89776358
318,10,328,0.640625,0.93902439
317,12,329,0.64257812,0.92705167
313,5,318,0.62109375,0.96855346
305,18,323,0.63085938,0.88854489
292,26,318,0.62109375,0.83647799
322,1,323,0.63085938,0.99380805
287,23,310,0.60546875,0.8516129
301,24,325,0.63476562,0.85230769
266,54,320,0.625,0.6625
260,42,302,0.58984375,0.7218543
216,78,294,0.57421875,0.46938776
222,89,311,0.60742188,0.42765273
200,106,306,0.59765625,0.30718954
162,142,304,0.59375,0.065789474
107,204,311,0.60742188,-0.31189711
65,243,308,0.6015625,-0.57792208
119,191,310,0.60546875,-0.23225806
91,231,322,0.62890625,-0.43478261
101,201,302,0.58984375,-0.33112583
33,291,324,0.6328125,-0.7962963
73,250,323,0.63085938,-0.54798762
95,205,300,0.5859375,-0.36666667
78,212,290,0.56640625,-0.46206897
45,270,315,0.61523438,-0.71428571
42,267,309,0.60351562,-0.72815534
48,262,310,0.60546875,-0.69032258
50,264,314,0.61328125,-0.68152866
30,289,319,0.62304688,-0.81191223
58,259,317,0.61914062,-0.6340694
85,233,318,0.62109375,-0.46540881
41,265,306,0.59765625,-0.73202614
29,287,316,0.6171875,-0.8164557
23,294,317,0.61914062,-0.85488959
0,320,320,0.625,-1
27,278,305,0.59570312,-0.82295082
14,316,330,0.64453125,-0.91515152
6,311,317,0.61914062,-0.96214511
27,294,321,0.62695312,-0.8317757
37,283,320,0.625,-0.76875
45,281,326,0.63671875,-0.72392638
27,301,328,0.640625,-0.83536585
10,303,313,0.61132812,-0.93610224
11,292,303,0.59179688,-0.92739274
19,303,322,0.62890625,-0.88198758
13,301,314,0.61328125,-0.91719745
13,306,319,0.62304688,-0.9184953
26,284,310,0.60546875,-0.83225806
16,295,311,0.60742188,-0.89710611
31,284,315,0.61523438,-0.8031746
20,306,326,0.63671875,-0.87730061
11,300,311,0.60742188,-0.92926045
26,289,315,0.61523438,-0.83492063
21,294,315,0.61523438,-0.86666667
38,268,306,0.59765625,-0.75163399
86,243,329,0.64257812,-0.47720365
147,149,296,0.578125,-0.0067567568
167,145,312,0.609375,0.070512821
155,159,314,0.61328125,-0.012738854
104,207,311,0.60742188,-0.33118971
81,223,304,0.59375,-0.46710526
152,165,317,0.61914062,-0.041009464
138,169,307,0.59960938,-0.1009772
217,103,320,0.625,0.35625
205,118,323,0.63085938,0.26934985
203,104,307,0.59960938,0.32247557
224,87,311,0.60742188,0.44051447
276,36,312,0.609375,0.76923077
242,61,303,0.59179688,0.59735974
275,40,315,0.61523438,0.74603175
277,26,303,0.59179688,0.82838284
311,16,327,0.63867188,0.90214067
319,5,324,0.6328125,0.9691358
302,19,321,0.62695312,0.88161994
313,3,316,0.6171875,0.98101266
281,29,310,0.60546875,0.81290323
267,38,305,0.59570312,0.75081967
274,38,312,0.609375,0.75641026
284,27,311,0.60742188,0.82636656
269,43,312,0.609375,0.72435897
297,16,313,0.61132812,0.89776358
310,10,320,0.625,0.9375
323,4,327,0.63867188,0.97553517
308,10,318,0.62109375,0.93710692
314,16,330,0.64453125,0.9030303
249,67,316,0.6171875,0.57594937
298,22,320,0.625,0.8625
288,29,317,0.61914062,0.8170347
302,15,317,0.61914062,0.90536278
271,34,305,0.59570312,0.77704918
304,13,317,0.61914062,0.91798107
263,39,302,0.58984375,0.74172185
283,38,321,0.62695312,0.76323988
302,26,328,0.640625,0.84146341
268,45,313,0.61132812,0.71246006
251,58,309,0.60351562,0.62459547
277,31,308,0.6015625,0.7987013
288,20,308,0.6015625,0.87012987
301,12,313,0.61132812,0.92332268
284,27,311,0.60742188,0.82636656
283,33,316,0.6171875,0.79113924
276,40,316,0.6171875,0.74683544
291,30,321,0.62695312,0.81308411
281,34,315,0.61523438,0.78412698
216,97,313,0.61132812,0.38019169
197,104,301,0.58789062,0.3089701
149,153,302,0.58984375,-0.013245033
248,72,320,0.625,0.55
286,35,321,0.62695312,0.78193146
265,43,308,0.6015625,0.72077922
288,25,313,0.61132812,0.84025559
275,38,313,0.61132812,0.7571885
313,18,331,0.64648438,0.89123867
319,5,324,0.6328125,0.9691358
310,11,321,0.62695312,0.93146417
301,18,319,0.62304688,0.88714734
294,19,313,0.61132812,0.87859425
268,48,316,0.6171875,0.69620253
273,30,303,0.59179688,0.8019802
334,3,337,0.65820312,0.98219585
233,67,300,0.5859375,0.55333333
275,28,303,0.59179688,0.81518152
288,23,311,0.60742188,0.85209003
292,21,313,0.61132812,0.8658147
288,29,317,0.61914062,0.8170347
272,26,298,0.58203125,0.82550336
323,4,327,0.63867188,0.97553517
300,17,317,0.61914062,0.89274448
295,16,311,0.60742188,0.89710611
279,23,302,0.58984375,0.84768212
284,31,315,0.61523438,0.8031746
273,50,323,0.63085938,0.69040248
247,66,313,0.61132812,0.57827476
311,13,324,0.6328125,0.91975309
319,14,333,0.65039062,0.91591592
263,53,316,0.6171875,0.66455696
244,59,303,0.59179688,0.61056106
287,25,312,0.609375,0.83974359
271,36,307,0.59960938,0.76547231
294,31,325,0.63476562,0.80923077
281,38,319,0.62304688,0.76175549
305,10,315,0.61523438,0.93650794
280,37,317,0.61914062,0.76656151
279,31,310,0.60546875,0.8
312,9,321,0.62695312,0.94392523
304,25,329,0.64257812,0.84802432
299,15,314,0.61328125,0.9044586
305,17,322,0.62890625,0.89440994
292,25,317,0.61914062,0.84227129
296,30,326,0.63671875,0.81595092
276,57,333,0.65039062,0.65765766
305,12,317,0.61914062,0.92429022
308,5,313,0.61132812,0.96805112
302,9,311,0.60742188,0.94212219
284,34,318,0.62109375,0.78616352
288,28,316,0.6171875,0.82278481
304,14,318,0.62109375,0.91194969
288,27,315,0.61523438,0.82857143
242,56,298,0.58203125,0.62416107
201,86,287,0.56054688,0.40069686
202,118,320,0.625,0.2625
176,133,309,0.60351562,0.13915858
139,170,309,0.60351562,-0.10032362
135,181,316,0.6171875,-0.14556962
111,201,312,0.609375,-0.28846154
40,281,321,0.62695312,-0.75077882
49,258,307,0.59960938,-0.68078176
63,242,305,0.59570312,-0.58688525
49,274,323,0.63085938,-0.69659443
41,274,315,0.61523438,-0.73968254
8,318,326,0.63671875,-0.95092025
41,275,316,0.6171875,-0.74050633
32,289,321,0.62695312,-0.80062305
49,267,316,0.6171875,-0.68987342
60,244,304,0.59375,-0.60526316
25,295,320,0.625,-0.84375
28,290,318,0.62109375,-0.82389937
39,269,308,0.6015625,-0.74675325
5,315,320,0.625,-0.96875
10,311,321,0.62695312,-0.9376947
2,330,332,0.6484375,-0.98795181
11,308,319,0.62304688,-0.93103448
6,313,319,0.62304688,-0.96238245
59,247,306,0.59765625,-0.61437908
28,291,319,0.62304688,-0.82445141
42,280,322,0.62890625,-0.73913043
89,224,313,0.61132812,-0.4313099
41,277,318,0.62109375,-0.74213836
82,239,321,0.62695312,-0.48909657
132,179,311,0.60742188,-0.1511254
135,182,317,0.61914062,-0.14826498
51,257,308,0.6015625,-0.66883117
40,272,312,0.609375,-0.74358974
55,256,311,0.60742188,-0.64630225
65,254,319,0.62304688,-0.59247649
55,244,299,0.58398438,-0.63210702
95,212,307,0.59960938,-0.38110749
109,196,305,0.59570312,-0.2852459
187,114,301,0.58789062,0.24252492
192,112,304,0.59375,0.26315789
248,64,312,0.609375,0.58974359
225,92,317,0.61914062,0.41955836
218,103,321,0.62695312,0.35825545
184,126,310,0.60546875,0.18709677
177,133,310,0.60546875,0.14193548
201,120,321,0.62695312,0.25233645
202,106,308,0.6015625,0.31168831
134,176,310,0.60546875,-0.13548387
126,191,317,0.61914062,-0.20504732
91,211,302,0.58984375,-0.39735099
118,202,320,0.625,-0.2625
143,159,302,0.58984375,-0.052980132
201,107,308,0.6015625,0.30519481
150,151,301,0.58789062,-0.0033222591
236,70,306,0.59765625,0.54248366
238,83,321,0.62695312,0.48286604
289,33,322,0.62890625,0.79503106
291,28,319,0.62304688,0.82445141
279,34,313,0.61132812,0.7827476
188,116,304,0.59375,0.23684211
168,149,317,0.61914062,0.059936909
174,138,312,0.609375,0.11538462
188,116,304,0.59375,0.23684211
202,120,322,0.62890625,0.25465839
152,174,326,0.63671875,-0.067484663
148,157,305,0.59570312,-0.029508197
95,206,301,0.58789062,-0.36877076
170,150,320,0.625,0.0625
147,170,317,0.61914062,-0.072555205
199,111,310,0.60546875,0.28387097
210,113,323,0.63085938,0.3003096
218,98,316,0.6171875,0.37974684
207,104,311,0.60742188,0.33118971
211,104,315,0.61523438,0.33968254
177,127,304,0.59375,0.16447368
194,128,322,0.62890625,0.20496894
223,86,309,0.60351562,0.4433657
249,63,312,0.609375,0.59615385
279,40,319,0.62304688,0.7492163
273,48,321,0.62695312,0.70093458
272,37,309,0.60351562,0.7605178
244,57,301,0.58789062,0.62126246
259,52,311,0.60742188,0.66559486
291,23,314,0.61328125,0.85350318
294,35,329,0.64257812,0.78723404
318,3,321,0.62695312,0.98130841
296,23,319,0.62304688,0.85579937
318,5,323,0.63085938,0.96904025
304,17,321,0.62695312,0.894081
288,20,308,0.6015625,0.87012987
295,7,302,0.58984375,0.95364238
317,9,326,0.63671875,0.94478528
318,6,324,0.6328125,0.96296296
308,16,324,0.6328125,0.90123457
264,39,303,0.59179688,0.74257426
315,10,325,0.63476562,0.93846154
251,63,314,0.61328125,0.59872611
289,37,326,0.63671875,0.77300613
272,53,325,0.63476562,0.67384615
220,81,301,0.58789062,0.46179402
235,78,313,0.61132812,0.50159744
182,119,301,0.58789062,0.20930233
139,179,318,0.62109375,-0.12578616
138,175,313,0.61132812,-0.11821086
141,176,317,0.61914062,-0.11041009
106,197,303,0.59179688,-0.30033003
109,190,299,0.58398438,-0.27090301
108,199,307,0.59960938,-0.29641694
98,214,312,0.609375,-0.37179487
77,232,309,0.60351562,-0.50161812
122,200,322,0.62890625,-0.24223602
110,191,301,0.58789062,-0.26910299
125,187,312,0.609375,-0.19871795
136,174,310,0.60546875,-0.12258065
109,195,304,0.59375,-0.28289474
151,160,311,0.60742188,-0.028938907
122,182,304,0.59375,-0.19736842
100,211,311,0.60742188,-0.35691318
64,240,304,0.59375,-0.57894737
43,268,311,0.60742188,-0.72347267
21,289,310,0.60546875,-0.86451613
16,292,308,0.6015625,-0.8961039
3,303,306,0.59765625,-0.98039216
27,292,319,0.62304688,-0.830721
25,291,316,0.6171875,-0.84177215
22,304,326,0.63671875,-0.86503067
18,306,324,0.6328125,-0.88888889
15,301,316,0.6171875,-0.90506329
37,279,316,0.6171875,-0.76582278
10,306,316,0.6171875,-0.93670886
12,310,322,0.62890625,-0.92546584
23,307,330,0.64453125,-0.86060606
32,286,318,0.62109375,-0.79874214
26,293,319,0.62304688,-0.8369906
53,265,318,0.62109375,-0.66666667
7,313,320,0.625,-0.95625
80,237,317,0.61914062,-0.49526814
110,208,318,0.62109375,-0.3081761
93,208,301,0.58789062,-0.3820598
149,160,309,0.60351562,-0.035598706
248,67,315,0.61523438,0.57460317
227,81,308,0.6015625,0.47402597
138,170,308,0.6015625,-0.1038961
139,168,307,0.59960938,-0.094462541
217,102,319,0.62304688,0.36050157
208,106,314,0.61328125,0.32484076
237,80,317,0.61914062,0.49526814
202,110,312,0.609375,0.29487179
239,78,317,0.61914062,0.50788644
248,62,310,0.60546875,0.6
281,25,306,0.59765625,0.83660131
309,24,333,0.65039062,0.85585586
299,25,324,0.6328125,0.84567901
312,13,325,0.63476562,0.92
315,11,326,0.63671875,0.93251534
292,26,318,0.62109375,0.83647799
293,30,323,0.63085938,0.81424149
309,23,332,0.6484375,0.86144578
279,40,319,0.62304688,0.7492163
244,66,310,0.60546875,0.57419355
207,102,309,0.60351562,0.33980583
200,114,314,0.61328125,0.27388535
237,78,315,0.61523438,0.5047619
239,75,314,0.61328125,0.52229299
244,68,312,0.609375,0.56410256
310,9,319,0.62304688,0.94357367
294,19,313,0.61132812,0.87859425
302,20,322,0.62890625,0.8757764
293,34,327,0.63867188,0.79204893
291,33,324,0.6328125,0.7962963
265,39,304,0.59375,0.74342105
200,115,315,0.61523438,0.26984127
147,161,308,0.6015625,-0.045454545
159,151,310,0.60546875,0.025806452
136,164,300,0.5859375,-0.093333333
169,123,292,0.5703125,0.15753425
165,148,313,0.61132812,0.054313099
160,156,316,0.6171875,0.012658228
145,162,307,0.59960938,-0.055374593
163,143,306,0.59765625,0.065359477
218,86,304,0.59375,0.43421053
273,45,318,0.62109375,0.71698113
296,34,330,0.64453125,0.79393939
293,24,317,0.61914062,0.84858044
298,13,311,0.60742188,0.91639871
258,46,304,0.59375,0.69736842
168,136,304,0.59375,0.10526316
206,115,321,0.62695312,0.2834891
215,96,311,0.60742188,0.38263666
199,115,314,0.61328125,0.26751592
222,86,308,0.6015625,0.44155844
228,97,325,0.63476562,0.40307692
258,66,324,0.6328125,0.59259259
239,49,288,0.5625,0.65972222
192,120,312,0.609375,0.23076923
177,134,311,0.60742188,0.13826367
166,132,298,0.58203125,0.11409396
208,107,315,0.61523438,0.32063492
222,81,303,0.59179688,0.46534653
310,6,316,0.6171875,0.96202532
317,5,322,0.62890625,0.9689441
256,46,302,0.58984375,0.69536424
301,22,323,0.63085938,0.86377709
281,31,312,0.609375,0.80128205
267,52,319,0.62304688,0.67398119
311,14,325,0.63476562,0.91384615
297,22,319,0.62304688,0.86206897
326,2,328,0.640625,0.98780488
279,41,320,0.625,0.74375
261,43,304,0.59375,0.71710526
260,49,309,0.60351562,0.6828479
277,36,313,0.61132812,0.76996805
300,34,334,0.65234375,0.79640719
254,57,311,0.60742188,0.63344051
151,145,296,0.578125,0.02027027
195,110,305,0.59570312,0.27868852
185,134,319,0.62304688,0.15987461
192,127,319,0.62304688,0.20376176
213,91,304,0.59375,0.40131579
230,79,309,0.60351562,0.48867314
236,79,315,0.61523438,0.4984127
270,49,319,0.62304688,0.69278997
267,47,314,0.61328125,0.70063694
301,15,316,0.6171875,0.90506329
289,30,319,0.62304688,0.81191223
291,28,319,0.62304688,0.82445141
309,18,327,0.63867188,0.88990826
299,21,320,0.625,0.86875
273,42,315,0.61523438,0.73333333
277,33,310,0.60546875,0.78709677
295,34,329,0.64257812,0.79331307
242,65,307,0.59960938,0.57654723
269,52,321,0.62695312,0.67601246
272,53,325,0.63476562,0.67384615
289,26,315,0.61523438,0.83492063
313,15,328,0.640625,0.90853659
313,10,323,0.63085938,0.9380805
297,29,326,0.63671875,0.82208589
267,42,309,0.60351562,0.72815534
312,20,332,0.6484375,0.87951807
307,15,322,0.62890625,0.9068323
298,13,311,0.60742188,0.91639871
251,49,300,0.5859375,0.67333333
286,36,322,0.62890625,0.77639752
317,14,331,0.64648438,0.91540785
297,31,328,0.640625,0.81097561
233,71,304,0.59375,0.53289474
265,60,325,0.63476562,0.63076923
324,2,326,0.63671875,0.98773006
295,25,320,0.625,0.84375
260,41,301,0.58789062,0.72757475
318,4,322,0.62890625,0.97515528
301,6,307,0.59960938,0.96091205
253,60,313,0.61132812,0.61661342
325,1,326,0.63671875,0.99386503
321,8,329,0.64257812,0.95136778
292,31,323,0.63085938,0.80804954
270,35,305,0.59570312,0.7704918
247,55,302,0.58984375,0.63576159
268,52,320,0.625,0.675
281,38,319,0.62304688,0.76175549
217,99,316,0.6171875,0.37341772
213,86,299,0.58398438,0.42474916
236,77,313,0.61132812,0.50798722
228,86,314,0.61328125,0.4522293
241,89,330,0.64453125,0.46060606
244,67,311,0.60742188,0.56913183
199,94,293,0.57226562,0.35836177
172,136,308,0.6015625,0.11688312
125,185,310,0.60546875,-0.19354839
152,159,311,0.60742188,-0.022508039
193,121,314,0.61328125,0.22929936
177,134,311,0.60742188,0.13826367
127,185,312,0.609375,-0.18589744
204,116,320,0.625,0.275
189,122,311,0.60742188,0.21543408
181,133,314,0.61328125,0.15286624
190,119,309,0.60351562,0.22977346
224,82,306,0.59765625,0.46405229
268,46,314,0.61328125,0.70700637
245,60,305,0.59570312,0.60655738
277,37,314,0.61328125,0.76433121
222,84,306,0.59765625,0.45098039
247,54,301,0.58789062,0.64119601
216,101,317,0.61914062,0.36277603
179,139,318,0.62109375,0.12578616
232,82,314,0.61328125,0.47770701
280,30,310,0.60546875,0.80645161
202,110,312,0.609375,0.29487179
215,88,303,0.59179688,0.41914191
236,71,307,0.59960938,0.53745928
290,20,310,0.60546875,0.87096774
296,18,314,0.61328125,0.88535032
273,38,311,0.60742188,0.75562701
271,47,318,0.62109375,0.70440252
270,44,314,0.61328125,0.71974522
276,41,317,0.61914062,0.74132492
313,11,324,0.6328125,0.93209877
317,15,332,0.6484375,0.90963855
237,76,313,0.61132812,0.514377
265,49,314,0.61328125,0.68789809
282,27,309,0.60351562,0.82524272
242,65,307,0.59960938,0.57654723
287,22,309,0.60351562,0.85760518
280,36,316,0.6171875,0.7721519
303,24,327,0.63867188,0.85321101
321,7,328,0.640625,0.95731707
275,22,297,0.58007812,0.85185185
322,8,330,0.64453125,0.95151515
308,14,322,0.62890625,0.91304348
270,59,329,0.64257812,0.64133739
229,80,309,0.60351562,0.48220065
222,93,315,0.61523438,0.40952381
124,187,311,0.60742188,-0.20257235
128,183,311,0.60742188,-0.17684887
221,95,316,0.6171875,0.39873418
241,72,313,0.61132812,0.5399361
266,37,303,0.59179688,0.75577558
301,19,320,0.625,0.88125
265,47,312,0.609375,0.69871795
290,25,315,0.61523438,0.84126984
310,9,319,0.62304688,0.94357367
270,47,317,0.61914062,0.70347003
214,95,309,0.60351562,0.38511327
223,98,321,0.62695312,0.3894081
229,76,305,0.59570312,0.50163934
196,112,308,0.6015625,0.27272727
168,140,308,0.6015625,0.090909091
226,87,313,0.61132812,0.44408946
206,99,305,0.59570312,0.35081967
193,120,313,0.61132812,0.23322684
149,165,314,0.61328125,-0.050955414
185,130,315,0.61523438,0.17460317
200,109,309,0.60351562,0.29449838
141,168,309,0.60351562,-0.087378641
185,123,308,0.6015625,0.2012987
141,166,307,0.59960938,-0.081433225
216,90,306,0.59765625,0.41176471
209,95,304,0.59375,0.375
207,102,309,0.60351562,0.33980583
143,161,304,0.59375,-0.059210526
219,90,309,0.60351562,0.41747573
229,78,307,0.59960938,0.49185668
264,52,316,0.6171875,0.67088608
250,48,298,0.58203125,0.67785235
295,22,317,0.61914062,0.86119874
276,43,319,0.62304688,0.73040752
260,45,305,0.59570312,0.70491803
243,81,324,0.6328125,0.5
276,42,318,0.62109375,0.73584906
279,36,315,0.61523438,0.77142857
262,53,315,0.61523438,0.66349206
286,33,319,0.62304688,0.79310345
317,13,330,0.64453125,0.92121212
261,53,314,0.61328125,0.66242038
245,75,320,0.625,0.53125
265,61,326,0.63671875,0.62576687
266,45,311,0.60742188,0.71061093
304,18,322,0.62890625,0.88819876
254,62,316,0.6171875,0.60759494
219,93,312,0.609375,0.40384615
256,51,307,0.59960938,0.66775244
294,36,330,0.64453125,0.78181818
275,46,321,0.62695312,0.71339564
265,53,318,0.62109375,0.66666667
195,115,310,0.60546875,0.25806452
235,60,295,0.57617188,0.59322034
212,87,299,0.58398438,0.4180602
268,40,308,0.6015625,0.74025974
236,69,305,0.59570312,0.54754098
241,76,317,0.61914062,0.52050473
234,95,329,0.64257812,0.4224924
210,91,301,0.58789062,0.39534884
249,71,320,0.625,0.55625
236,86,322,0.62890625,0.46583851
187,119,306,0.59765625,0.22222222
161,145,306,0.59765625,0.052287582
180,147,327,0.63867188,0.10091743
133,173,306,0.59765625,-0.13071895
135,193,328,0.640625,-0.17682927
131,184,315,0.61523438,-0.16825397
142,156,298,0.58203125,-0.046979866
71,242,313,0.61132812,-0.54632588
35,271,306,0.59765625,-0.77124183
10,315,325,0.63476562,-0.93846154
24,293,317,0.61914062,-0.84858044
24,297,321,0.62695312,-0.85046729
28,291,319,0.62304688,-0.82445141
92,217,309,0.60351562,-0.40453074
65,249,314,0.61328125,-0.58598726
23,288,311,0.60742188,-0.85209003
27,292,319,0.62304688,-0.830721
18,312,330,0.64453125,-0.89090909
9,313,322,0.62890625,-0.94409938
31,293,324,0.6328125,-0.80864198
41,279,320,0.625,-0.74375
10,318,328,0.640625,-0.93902439
47,261,308,0.6015625,-0.69480519
52,265,317,0.61914062,-0.67192429
45,273,318,0.62109375,-0.71698113
35,278,313,0.61132812,-0.77635783
6,303,309,0.60351562,-0.96116505
12,299,311,0.60742188,-0.92282958
8,319,327,0.63867188,-0.95107034
11,310,321,0.62695312,-0.93146417
30,277,307,0.59960938,-0.80456026
30,287,317,0.61914062,-0.81072555
34,284,318,0.62109375,-0.78616352
45,268,313,0.61132812,-0.71246006
24,292,316,0.6171875,-0.84810127
10,299,309,0.60351562,-0.93527508
3,306,309,0.60351562,-0.98058252
31,289,320,0.625,-0.80625
17,311,328,0.640625,-0.89634146
46,280,326,0.63671875,-0.71779141
25,299,324,0.6328125,-0.84567901
11,297,308,0.6015625,-0.92857143
22,296,318,0.62109375,-0.86163522
17,309,326,0.63671875,-0.89570552
36,279,315,0.61523438,-0.77142857
12,296,308,0.6015625,-0.92207792
54,266,320,0.625,-0.6625
70,250,320,0.625,-0.5625
70,261,331,0.64648438,-0.57703927
139,179,318,0.62109375,-0.12578616
161,149,310,0.60546875,0.038709677
127,173,300,0.5859375,-0.15333333
115,199,314,0.61328125,-0.26751592
135,170,305,0.59570312,-0.1147541
164,158,322,0.62890625,0.01863354
121,183,304,0.59375,-0.20394737
82,226,308,0.6015625,-0.46753247
129,194,323,0.63085938,-0.20123839
148,174,322,0.62890625,-0.080745342
173,127,300,0.5859375,0.15333333
178,132,310,0.60546875,0.1483871
139,166,305,0.59570312,-0.08852459
159,141,300,0.5859375,0.06
223,87,310,0.60546875,0.43870968
262,57,319,0.62304688,0.64263323
238,85,323,0.63085938,0.47368421
246,61,307,0.59960938,0.60260586
176,137,313,0.61132812,0.12460064
185,124,309,0.60351562,0.197411
138,178,316,0.6171875,-0.12658228
130,182,312,0.609375,-0.16666667
78,221,299,0.58398438,-0.47826087
11,302,313,0.61132812,-0.92971246
1,322,323,0.63085938,-0.99380805
18,285,303,0.59179688,-0.88118812
25,285,310,0.60546875,-0.83870968
75,242,317,0.61914062,-0.52681388
73,237,310,0.60546875,-0.52903226
116,196,312,0.609375,-0.25641026
103,214,317,0.61914062,-0.35015773
144,150,294,0.57421875,-0.020408163
125,187,312,0.609375,-0.19871795
99,214,313,0.61132812,-0.36741214
73,228,301,0.58789062,-0.51495017
42,274,316,0.6171875,-0.73417722
43,270,313,0.61132812,-0.72523962
33,280,313,0.61132812,-0.78913738
21,293,314,0.61328125,-0.86624204
20,296,316,0.6171875,-0.87341772
50,258,308,0.6015625,-0.67532468
22,285,307,0.59960938,-0.85667752
6,305,311,0.60742188,-0.96141479
55,261,316,0.6171875,-0.65189873
11,321,332,0.6484375,-0.93373494
14,292,306,0.59765625,-0.90849673
3,323,326,0.63671875,-0.98159509
36,282,318,0.62109375,-0.77358491
32,293,325,0.63476562,-0.80307692
14,300,314,0.61328125,-0.91082803
28,284,312,0.609375,-0.82051282
27,287,314,0.61328125,-0.82802548
21,295,316,0.6171875,-0.86708861
53,265,318,0.62109375,-0.66666667
44,263,307,0.59960938,-0.71335505
71,232,303,0.59179688,-0.53135314
51,255,306,0.59765625,-0.66666667
41,274,315,0.61523438,-0.73968254
59,254,313,0.61132812,-0.62300319
82,240,322,0.62890625,-0.49068323
93,221,314,0.61328125,-0.40764331
40,273,313,0.61132812,-0.74440895
15,301,316,0.6171875,-0.90506329
52,259,311,0.60742188,-0.66559486
41,278,319,0.62304688,-0.74294671
97,220,317,0.61914062,-0.38801262
129,178,307,0.59960938,-0.15960912
87,242,329,0.64257812,-0.47112462
62,225,287,0.56054688,-0.56794425
122,192,314,0.61328125,-0.22292994
100,212,312,0.609375,-0.35897436
98,228,326,0.63671875,-0.39877301
82,230,312,0.609375,-0.47435897
55,258,313,0.61132812,-0.6485623
103,213,316,0.6171875,-0.34810127
70,238,308,0.6015625,-0.54545455
82,232,314,0.61328125,-0.47770701
86,224,310,0.60546875,-0.44516129
49,261,310,0.60546875,-0.68387097
32,283,315,0.61523438,-0.7968254
14,310,324,0.6328125,-0.91358025
18,314,332,0.6484375,-0.89156627
31,287,318,0.62109375,-0.80503145
12,311,323,0.63085938,-0.92569659
13,296,309,0.60351562,-0.91585761
17,307,324,0.6328125,-0.89506173
12,316,328,0.640625,-0.92682927
38,270,308,0.6015625,-0.75324675
40,277,317,0.61914062,-0.74763407
41,279,320,0.625,-0.74375
36,277,313,0.61132812,-0.76996805
49,270,319,0.62304688,-0.69278997
18,288,306,0.59765625,-0.88235294
36,278,314,0.61328125,-0.77070064
44,282,326,0.63671875,-0.73006135
117,200,317,0.61914062,-0.26182965
71,226,297,0.58007812,-0.52188552
47,266,313,0.61132812,-0.69968051
43,286,329,0.64257812,-0.73860182
48,269,317,0.61914062,-0.69716088
35,290,325,0.63476562,-0.78461538
64,234,298,0.58203125,-0.5704698
45,264,309,0.60351562,-0.70873786
63,246,309,0.60351562,-0.59223301
13,312,325,0.63476562,-0.92
17,301,318,0.62109375,-0.89308176
43,283,326,0.63671875,-0.73619632
94,208,302,0.58984375,-0.37748344
128,182,310,0.60546875,-0.17419355
139,178,317,0.61914062,-0.12302839
151,174,325,0.63476562,-0.070769231
91,224,315,0.61523438,-0.42222222
62,253,315,0.61523438,-0.60634921
70,245,315,0.61523438,-0.55555556
29,283,312,0.609375,-0.81410256
15,312,327,0.63867188,-0.90825688
46,271,317,0.61914062,-0.70977918
23,281,304,0.59375,-0.84868421
19,294,313,0.61132812,-0.87859425
14,301,315,0.61523438,-0.91111111
36,290,326,0.63671875,-0.7791411
15,308,323,0.63085938,-0.90712074
51,266,317,0.61914062,-0.67823344
18,305,323,0.63085938,-0.88854489
27,280,307,0.59960938,-0.82410423
15,312,327,0.63867188,-0.90825688
24,298,322,0.62890625,-0.85093168
15,311,326,0.63671875,-0.90797546
33,263,296,0.578125,-0.77702703
13,313,326,0.63671875,-0.9202454
52,265,317,0.61914062,-0.67192429
17,296,313,0.61132812,-0.8913738
45,262,307,0.59960938,-0.70684039
41,277,318,0.62109375,-0.74213836
28,290,318,0.62109375,-0.82389937
5,306,311,0.60742188,-0.96784566
16,312,328,0.640625,-0.90243902
31,291,322,0.62890625,-0.80745342
26,300,326,0.63671875,-0.8404908
21,295,316,0.6171875,-0.86708861
23,292,315,0.61523438,-0.85396825
28,276,304,0.59375,-0.81578947
23,292,315,0.61523438,-0.85396825
19,297,316,0.6171875,-0.87974684
37,284,321,0.62695312,-0.7694704
8,326,334,0.65234375,-0.95209581
7,311,318,0.62109375,-0.95597484
15,277,292,0.5703125,-0.89726027
29,290,319,0.62304688,-0.81818182
5,324,329,0.64257812,-0.96960486
28,287,315,0.61523438,-0.82222222
73,236,309,0.60351562,-0.52750809
46,262,308,0.6015625,-0.7012987
18,298,316,0.6171875,-0.88607595
34,275,309,0.60351562,-0.77993528
36,266,302,0.58984375,-0.7615894
72,239,311,0.60742188,-0.53697749
19,313,332,0.6484375,-0.88554217
44,279,323,0.63085938,-0.72755418
43,261,304,0.59375,-0.71710526
66,240,306,0.59765625,-0.56862745
64,241,305,0.59570312,-0.58032787
26,299,325,0.63476562,-0.84
21,303,324,0.6328125,-0.87037037
19,311,330,0.64453125,-0.88484848
30,283,313,0.61132812,-0.80830671
18,320,338,0.66015625,-0.89349112
18,284,302,0.58984375,-0.8807947
5,309,314,0.61328125,-0.96815287
12,304,316,0.6171875,-0.92405063
5,306,311,0.60742188,-0.96784566
49,280,329,0.64257812,-0.70212766
42,258,300,0.5859375,-0.72
33,273,306,0.59765625,-0.78431373
55,249,304,0.59375,-0.63815789
77,235,312,0.609375,-0.50641026
126,192,318,0.62109375,-0.20754717
110,219,329,0.64257812,-0.33130699
92,210,302,0.58984375,-0.39072848
113,200,313,0.61132812,-0.27795527
129,179,308,0.6015625,-0.16233766
147,162,309,0.60351562,-0.048543689
102,198,300,0.5859375,-0.32
122,194,316,0.6171875,-0.2278481
131,174,305,0.59570312,-0.14098361
164,151,315,0.61523438,0.041269841
94,209,303,0.59179688,-0.37953795
107,206,313,0.61132812,-0.31629393
127,178,305,0.59570312,-0.16721311
179,137,316,0.6171875,0.13291139
215,104,319,0.62304688,0.34796238
216,85,301,0.58789062,0.43521595
169,139,308,0.6015625,0.097402597
112,194,306,0.59765625,-0.26797386
136,174,310,0.60546875,-0.12258065
100,215,315,0.61523438,-0.36507937
109,209,318,0.62109375,-0.31446541
80,232,312,0.609375,-0.48717949
122,189,311,0.60742188,-0.21543408
106,203,309,0.60351562,-0.31391586
75,244,319,0.62304688,-0.52978056
73,240,313,0.61132812,-0.53354633
87,225,312,0.609375,-0.44230769
111,208,319,0.62304688,-0.30407524
103,209,312,0.609375,-0.33974359
106,211,317,0.61914062,-0.33123028
67,252,319,0.62304688,-0.5799373
105,200,305,0.59570312,-0.31147541
91,206,297,0.58007812,-0.38720539
157,150,307,0.59960938,0.022801303
192,115,307,0.59960938,0.25081433
192,117,309,0.60351562,0.24271845
244,67,311,0.60742188,0.56913183
218,93,311,0.60742188,0.40192926
215,103,318,0.62109375,0.35220126
224,92,316,0.6171875,0.41772152
234,73,307,0.59960938,0.52442997
245,69,314,0.61328125,0.56050955
262,55,317,0.61914062,0.65299685
311,7,318,0.62109375,0.95597484
291,23,314,0.61328125,0.85350318
327,0,327,0.63867188,1
284,42,326,0.63671875,0.74233129
241,65,306,0.59765625,0.5751634
210,104,314,0.61328125,0.33757962
254,60,314,0.61328125,0.61783439
199,97,296,0.578125,0.34459459
186,116,302,0.58984375,0.23178808
219,103,322,0.62890625,0.36024845
217,92,309,0.60351562,0.40453074
208,100,308,0.6015625,0.35064935
224,83,307,0.59960938,0.45928339
283,39,322,0.62890625,0.75776398
300,12,312,0.609375,0.92307692
308,11,319,0.62304688,0.93103448
296,9,305,0.59570312,0.94098361
264,54,318,0.62109375,0.66037736
287,35,322,0.62890625,0.7826087
327,15,342,0.66796875,0.9122807
261,55,316,0.6171875,0.65189873
296,19,315,0.61523438,0.87936508
290,29,319,0.62304688,0.81818182
230,85,315,0.61523438,0.46031746
178,123,301,0.58789062,0.18272425
220,71,291,0.56835938,0.51202749
292,16,308,0.6015625,0.8961039
270,49,319,0.62304688,0.69278997
261,57,318,0.62109375,0.64150943
247,77,324,0.6328125,0.52469136
290,23,313,0.61132812,0.85303514
256,52,308,0.6015625,0.66233766
262,57,319,0.62304688,0.64263323
244,69,313,0.61132812,0.55910543
281,36,317,0.61914062,0.77287066
227,72,299,0.58398438,0.51839465
241,66,307,0.59960938,0.57003257
301,16,317,0.61914062,0.89905363
297,16,313,0.61132812,0.89776358
298,12,310,0.60546875,0.92258065
300,20,320,0.625,0.875
279,27,306,0.59765625,0.82352941
299,20,319,0.62304688,0.87460815
312,24,336,0.65625,0.85714286
270,36,306,0.59765625,0.76470588
292,26,318,0.62109375,0.83647799
284,27,311,0.60742188,0.82636656
301,14,315,0.61523438,0.91111111
292,17,309,0.60351562,0.88996764
278,39,317,0.61914062,0.75394322
233,72,305,0.59570312,0.52786885
252,66,318,0.62109375,0.58490566
257,60,317,0.61914062,0.6214511
265,49,314,0.61328125,0.68789809
240,74,314,0.61328125,0.52866242
196,126,322,0.62890625,0.2173913
215,94,309,0.60351562,0.39158576
218,107,325,0.63476562,0.34153846
212,103,315,0.61523438,0.34603175
194,115,309,0.60351562,0.25566343
231,77,308,0.6015625,0.5
203,124,327,0.63867188,0.24159021
218,101,319,0.62304688,0.36677116
257,68,325,0.63476562,0.58153846
287,30,317,0.61914062,0.81072555
276,38,314,0.61328125,0.75796178
208,91,299,0.58398438,0.39130435
221,89,310,0.60546875,0.42580645
222,93,315,0.61523438,0.40952381
227,90,317,0.61914062,0.43217666
254,57,311,0.60742188,0.63344051
238,74,312,0.609375,0.52564103
244,68,312,0.609375,0.56410256
314,18,332,0.6484375,0.89156627
319,13,332,0.6484375,0.92168675
309,2,311,0.60742188,0.98713826
315,8,323,0.63085938,0.9504644
268,57,325,0.63476562,0.64923077
294,28,322,0.62890625,0.82608696
307,13,320,0.625,0.91875
305,13,318,0.62109375,0.91823899
308,12,320,0.625,0.925
311,13,324,0.6328125,0.91975309
258,48,306,0.59765625,0.68627451
220,81,301,0.58789062,0.46179402
222,94,316,0.6171875,0.40506329
200,109,309,0.60351562,0.29449838
233,71,304,0.59375,0.53289474
271,33,304,0.59375,0.78289474
279,33,312,0.609375,0.78846154
288,31,319,0.62304688,0.80564263
301,11,312,0.609375,0.92948718
318,1,319,0.62304688,0.99373041
316,8,324,0.6328125,0.95061728
305,7,312,0.609375,0.95512821
303,24,327,0.63867188,0.85321101
269,49,318,0.62109375,0.6918239
264,50,314,0.61328125,0.68152866
264,49,313,0.61132812,0.68690096
265,63,328,0.640625,0.61585366
268,48,316,0.6171875,0.69620253
294,36,330,0.64453125,0.78181818
266,47,313,0.61132812,0.69968051
276,41,317,0.61914062,0.74132492
316,15,331,0.64648438,0.90936556
284,19,303,0.59179688,0.87458746
307,12,319,0.62304688,0.92476489
269,50,319,0.62304688,0.68652038
270,36,306,0.59765625,0.76470588
236,75,311,0.60742188,0.51768489
201,110,311,0.60742188,0.2926045
138,162,300,0.5859375,-0.08
156,153,309,0.60351562,0.0097087379
136,169,305,0.59570312,-0.10819672
206,102,308,0.6015625,0.33766234
263,45,308,0.6015625,0.70779221
305,12,317,0.61914062,0.92429022
303,26,329,0.64257812,0.84194529
299,25,324,0.6328125,0.84567901
289,20,309,0.60351562,0.87055016
325,3,328,0.640625,0.98170732
283,24,307,0.59960938,0.84364821
318,15,333,0.65039062,0.90990991
267,38,305,0.59570312,0.75081967
262,42,304,0.59375,0.72368421
267,47,314,0.61328125,0.70063694
292,20,312,0.609375,0.87179487
314,6,320,0.625,0.9625
263,53,316,0.6171875,0.66455696
283,26,309,0.60351562,0.83171521
292,31,323,0.63085938,0.80804954
241,67,308,0.6015625,0.56493506
274,48,322,0.62890625,0.70186335
253,65,318,0.62109375,0.59119497
260,57,317,0.61914062,0.64037855
265,48,313,0.61132812,0.69329073
216,87,303,0.59179688,0.42574257
205,111,316,0.6171875,0.29746835
188,121,309,0.60351562,0.21682848
292,21,313,0.61132812,0.8658147
278,46,324,0.6328125,0.71604938
283,20,303,0.59179688,0.8679868
253,49,302,0.58984375,0.67549669
228,90,318,0.62109375,0.43396226
204,97,301,0.58789062,0.35548173
159,152,311,0.60742188,0.022508039
72,243,315,0.61523438,-0.54285714
65,261,326,0.63671875,-0.60122699
65,241,306,0.59765625,-0.5751634
18,305,323,0.63085938,-0.88854489
14,296,310,0.60546875,-0.90967742
32,274,306,0.59765625,-0.79084967
55,269,324,0.6328125,-0.66049383
38,265,303,0.59179688,-0.74917492
33,293,326,0.63671875,-0.79754601
63,256,319,0.62304688,-0.60501567
44,277,321,0.62695312,-0.7258567
37,274,311,0.60742188,-0.76205788
58,249,307,0.59960938,-0.62214984
44,270,314,0.61328125,-0.71974522
73,238,311,0.60742188,-0.53054662
56,253,309,0.60351562,-0.63754045
47,249,296,0.578125,-0.68243243
12,299,311,0.60742188,-0.92282958
40,274,314,0.61328125,-0.74522293
90,220,310,0.60546875,-0.41935484
88,219,307,0.59960938,-0.4267101
52,263,315,0.61523438,-0.66984127
41,279,320,0.625,-0.74375
54,253,307,0.59960938,-0.64820847
59,260,319,0.62304688,-0.63009404
29,287,316,0.6171875,-0.8164557
26,287,313,0.61132812,-0.83386581
12,305,317,0.61914062,-0.92429022
106,221,327,0.63867188,-0.35168196
73,234,307,0.59960938,-0.52442997
34,268,302,0.58984375,-0.77483444
78,233,311,0.60742188,-0.49839228
43,268,311,0.60742188,-0.72347267
43,284,327,0.63867188,-0.73700306
22,294,316,0.6171875,-0.86075949
18,304,322,0.62890625,-0.88819876
12,297,309,0.60351562,-0.9223301
25,296,321,0.62695312,-0.84423676
20,299,319,0.62304688,-0.87460815
38,270,308,0.6015625,-0.75324675
39,277,316,0.6171875,-0.75316456
42,278,320,0.625,-0.7375
66,232,298,0.58203125,-0.55704698
120,180,300,0.5859375,-0.2
141,160,301,0.58789062,-0.063122924
142,173,315,0.61523438,-0.098412698
195,116,311,0.60742188,0.25401929
189,125,314,0.61328125,0.20382166
189,116,305,0.59570312,0.23934426
157,157,314,0.61328125,0
123,193,316,0.6171875,-0.22151899
160,145,305,0.59570312,0.049180328
137,170,307,0.59960938,-0.10749186
206,102,308,0.6015625,0.33766234
214,100,314,0.61328125,0.36305732
195,117,312,0.609375,0.25
205,103,308,0.6015625,0.33116883
169,125,294,0.57421875,0.14965986
218,96,314,0.61328125,0.38853503
199,114,313,0.61132812,0.2715655
147,161,308,0.6015625,-0.045454545
70,244,314,0.61328125,-0.55414013
55,246,301,0.58789062,-0.6345515
90,229,319,0.62304688,-0.43573668
90,224,314,0.61328125,-0.42675159
96,215,311,0.60742188,-0.38263666
76,242,318,0.62109375,-0.52201258
44,264,308,0.6015625,-0.71428571
10,308,318,0.62109375,-0.93710692
27,298,325,0.63476562,-0.83384615
40,277,317,0.61914062,-0.74763407
14,308,322,0.62890625,-0.91304348
37,279,316,0.6171875,-0.76582278
55,273,328,0.640625,-0.66463415
60,258,318,0.62109375,-0.62264151
41,263,304,0.59375,-0.73026316
76,231,307,0.59960938,-0.50488599
28,284,312,0.609375,-0.82051282
4,312,316,0.6171875,-0.97468354
13,314,327,0.63867188,-0.9204893
27,286,313,0.61132812,-0.82747604
54,261,315,0.61523438,-0.65714286
25,288,313,0.61132812,-0.84025559
12,312,324,0.6328125,-0.92592593
66,269,335,0.65429688,-0.60597015
53,259,312,0.609375,-0.66025641
18,307,325,0.63476562,-0.88923077
8,308,316,0.6171875,-0.94936709
14,295,309,0.60351562,-0.90938511
7,309,316,0.6171875,-0.9556962
28,299,327,0.63867188,-0.82874618
41,277,318,0.62109375,-0.74213836
26,280,306,0.59765625,-0.83006536
24,294,318,0.62109375,-0.8490566
48,257,305,0.59570312,-0.6852459
36,289,325,0.63476562,-0.77846154
18,292,310,0.60546875,-0.88387097
39,296,335,0.65429688,-0.76716418
56,265,321,0.62695312,-0.65109034
112,203,315,0.61523438,-0.28888889
123,171,294,0.57421875,-0.16326531
185,127,312,0.609375,0.18589744
167,131,298,0.58203125,0.12080537
181,108,289,0.56445312,0.25259516
238,80,318,0.62109375,0.49685535
260,46,306,0.59765625,0.69934641
296,22,318,0.62109375,0.86163522
293,33,326,0.63671875,0.79754601
267,52,319,0.62304688,0.67398119
185,111,296,0.578125,0.25
258,41,299,0.58398438,0.72575251
274,49,323,0.63085938,0.69659443
295,27,322,0.62890625,0.83229814
277,28,305,0.59570312,0.81639344
268,39,307,0.59960938,0.74592834
312,1,313,0.61132812,0.99361022
316,6,322,0.62890625,0.96273292
306,13,319,0.62304688,0.9184953
296,23,319,0.62304688,0.85579937
266,44,310,0.60546875,0.71612903
297,23,320,0.625,0.85625
283,30,313,0.61132812,0.80830671
305,15,320,0.625,0.90625
241,63,304,0.59375,0.58552632
195,109,304,0.59375,0.28289474
169,134,303,0.59179688,0.11551155
147,170,317,0.61914062,-0.072555205
167,150,317,0.61914062,0.05362776
169,143,312,0.609375,0.083333333
214,94,308,0.6015625,0.38961039
248,44,292,0.5703125,0.69863014
286,25,311,0.60742188,0.8392283
316,6,322,0.62890625,0.96273292
305,13,318,0.62109375,0.91823899
291,21,312,0.609375,0.86538462
274,40,314,0.61328125,0.74522293
312,11,323,0.63085938,0.93188854
324,2,326,0.63671875,0.98773006
326,6,332,0.6484375,0.96385542
303,14,317,0.61914062,0.91167192
290,19,309,0.60351562,0.87702265
301,25,326,0.63671875,0.84662577
242,62,304,0.59375,0.59210526
218,97,315,0.61523438,0.38412698
233,75,308,0.6015625,0.51298701
274,37,311,0.60742188,0.76205788
312,21,333,0.65039062,0.87387387
292,31,323,0.63085938,0.80804954
266,51,317,0.61914062,0.67823344
289,26,315,0.61523438,0.83492063
270,42,312,0.609375,0.73076923
283,25,308,0.6015625,0.83766234
274,31,305,0.59570312,0.79672131
306,25,331,0.64648438,0.8489426
227,78,305,0.59570312,0.48852459
229,74,303,0.59179688,0.51155116
196,114,310,0.60546875,0.26451613
206,111,317,0.61914062,0.29968454
275,44,319,0.62304688,0.72413793
249,60,309,0.60351562,0.61165049
186,120,306,0.59765625,0.21568627
218,98,316,0.6171875,0.37974684
196,105,301,0.58789062,0.30232558
227,78,305,0.59570312,0.48852459
185,136,321,0.62695312,0.15264798
102,212,314,0.61328125,-0.35031847
116,214,330,0.64453125,-0.2969697
109,209,318,0.62109375,-0.31446541
41,280,321,0.62695312,-0.74454829
55,252,307,0.59960938,-0.64169381
81,240,321,0.62695312,-0.4953271
68,232,300,0.5859375,-0.54666667
106,192,298,0.58203125,-0.2885906
100,204,304,0.59375,-0.34210526
99,212,311,0.60742188,-0.36334405
106,211,317,0.61914062,-0.33123028
134,184,318,0.62109375,-0.1572327
101,186,287,0.56054688,-0.29616725
103,204,307,0.59960938,-0.32899023
64,241,305,0.59570312,-0.58032787
78,227,305,0.59570312,-0.48852459
130,183,313,0.61132812,-0.16932907
56,260,316,0.6171875,-0.64556962
59,260,319,0.62304688,-0.63009404
24,284,308,0.6015625,-0.84415584
23,311,334,0.65234375,-0.86227545
18,305,323,0.63085938,-0.88854489
14,312,326,0.63671875,-0.91411043
11,301,312,0.609375,-0.92948718
49,261,310,0.60546875,-0.68387097
37,291,328,0.640625,-0.77439024
26,283,309,0.60351562,-0.83171521
11,300,311,0.60742188,-0.92926045
16,298,314,0.61328125,-0.89808917
26,290,316,0.6171875,-0.83544304
30,282,312,0.609375,-0.80769231
7,318,325,0.63476562,-0.95692308
12,310,322,0.62890625,-0.92546584
87,214,301,0.58789062,-0.42192691
66,257,323,0.63085938,-0.59133127
51,248,299,0.58398438,-0.65886288
26,297,323,0.63085938,-0.83900929
25,278,303,0.59179688,-0.8349835
11,307,318,0.62109375,-0.93081761
50,259,309,0.60351562,-0.6763754
36,287,323,0.63085938,-0.77708978
24,284,308,0.6015625,-0.84415584
21,298,319,0.62304688,-0.86833856
19,286,305,0.59570312,-0.87540984
11,314,325,0.63476562,-0.93230769
10,304,314,0.61328125,-0.93630573
29,285,314,0.61328125,-0.81528662
35,281,316,0.6171875,-0.77848101
33,297,330,0.64453125,-0.8
42,270,312,0.609375,-0.73076923
4,319,323,0.63085938,-0.9752322
19,310,329,0.64257812,-0.88449848
63,259,322,0.62890625,-0.60869565
20,304,324,0.6328125,-0.87654321
31,284,315,0.61523438,-0.8031746
5,320,325,0.63476562,-0.96923077
3,323,326,0.63671875,-0.98159509
5,307,312,0.609375,-0.96794872
33,288,321,0.62695312,-0.79439252
42,272,314,0.61328125,-0.73248408
121,193,314,0.61328125,-0.22929936
144,163,307,0.59960938,-0.061889251
150,159,309,0.60351562,-0.029126214
166,148,314,0.61328125,0.057324841
131,166,297,0.58007812,-0.11784512
129,169,298,0.58203125,-0.13422819
124,177,301,0.58789062,-0.17607973
150,165,315,0.61523438,-0.047619048
165,142,307,0.59960938,0.074918567
218,97,315,0.61523438,0.38412698
258,57,315,0.61523438,0.63809524
228,78,306,0.59765625,0.49019608
242,76,318,0.62109375,0.52201258
261,59,320,0.625,0.63125
267,48,315,0.61523438,0.6952381
264,56,320,0.625,0.65
262,49,311,0.60742188,0.68488746
272,52,324,0.6328125,0.67901235
271,40,311,0.60742188,0.74276527
325,5,330,0.64453125,0.96969697
286,28,314,0.61328125,0.82165605
278,39,317,0.61914062,0.75394322
291,27,318,0.62109375,0.83018868
286,30,316,0.6171875,0.81012658
241,59,300,0.5859375,0.60666667
217,92,309,0.60351562,0.40453074
202,96,298,0.58203125,0.3557047
184,112,296,0.578125,0.24324324
100,215,315,0.61523438,-0.36507937
87,216,303,0.59179688,-0.42574257
115,185,300,0.5859375,-0.23333333
135,175,310,0.60546875,-0.12903226
174,155,329,0.64257812,0.05775076
152,155,307,0.59960938,-0.009771987
184,118,302,0.58984375,0.21854305
230,84,314,0.61328125,0.46496815
229,71,300,0.5859375,0.52666667
294,35,329,0.64257812,0.78723404
319,6,325,0.63476562,0.96307692
307,19,326,0.63671875,0.88343558
256,57,313,0.61132812,0.63578275
273,36,309,0.60351562,0.76699029
263,51,314,0.61328125,0.67515924
272,44,316,0.6171875,0.72151899
281,39,320,0.625,0.75625
268,46,314,0.61328125,0.70700637
220,83,303,0.59179688,0.45214521
258,51,309,0.60351562,0.66990291
244,70,314,0.61328125,0.55414013
256,55,311,0.60742188,0.64630225
281,41,322,0.62890625,0.74534161
253,64,317,0.61914062,0.59621451
256,56,312,0.609375,0.64102564
261,65,326,0.63671875,0.60122699
276,45,321,0.62695312,0.71962617
296,21,317,0.61914062,0.86750789
280,29,309,0.60351562,0.81229773
320,14,334,0.65234375,0.91616766
300,18,318,0.62109375,0.88679245
256,45,301,0.58789062,0.70099668
264,57,321,0.62695312,0.64485981
221,90,311,0.60742188,0.42122186
192,116,308,0.6015625,0.24675325
147,151,298,0.58203125,-0.013422819
114,197,311,0.60742188,-0.26688103
92,207,299,0.58398438,-0.38461538
65,255,320,0.625,-0.59375
6,318,324,0.6328125,-0.96296296
11,302,313,0.61132812,-0.92971246
18,302,320,0.625,-0.8875
17,308,325,0.63476562,-0.89538462
21,281,302,0.58984375,-0.86092715
27,295,322,0.62890625,-0.83229814
27,286,313,0.61132812,-0.82747604
13,300,313,0.61132812,-0.91693291
61,248,309,0.60351562,-0.60517799
64,256,320,0.625,-0.6
139,165,304,0.59375,-0.085526316
111,194,305,0.59570312,-0.27213115
110,210,320,0.625,-0.3125
117,185,302,0.58984375,-0.22516556
68,247,315,0.61523438,-0.56825397
25,304,329,0.64257812,-0.84802432
25,294,319,0.62304688,-0.84326019
41,271,312,0.609375,-0.73717949
46,267,313,0.61132812,-0.70607029
15,313,328,0.640625,-0.90853659
41,270,311,0.60742188,-0.73633441
37,280,317,0.61914062,-0.76656151
38,258,296,0.578125,-0.74324324
36,284,320,0.625,-0.775
91,221,312,0.609375,-0.41666667
45,275,320,0.625,-0.71875
36,288,324,0.6328125,-0.77777778
42,257,299,0.58398438,-0.71906355
45,274,319,0.62304688,-0.71786834
61,246,307,0.59960938,-0.60260586
65,242,307,0.59960938,-0.57654723
42,265,307,0.59960938,-0.72638436
32,279,311,0.60742188,-0.79421222
22,275,297,0.58007812,-0.85185185
35,279,314,0.61328125,-0.77707006
30,296,326,0.63671875,-0.81595092
10,308,318,0.62109375,-0.93710692
37,278,315,0.61523438,-0.76507937
77,236,313,0.61132812,-0.50798722
66,252,318,0.62109375,-0.58490566
96,216,312,0.609375,-0.38461538
61,244,305,0.59570312,-0.6
75,242,317,0.61914062,-0.52681388
73,238,311,0.60742188,-0.53054662
53,253,306,0.59765625,-0.65359477
19,299,318,0.62109375,-0.88050314
81,233,314,0.61328125,-0.48407643
71,246,317,0.61914062,-0.55205047
58,255,313,0.61132812,-0.62939297
63,254,317,0.61914062,-0.60252366
32,280,312,0.609375,-0.79487179
30,290,320,0.625,-0.8125
17,283,300,0.5859375,-0.88666667
10,322,332,0.6484375,-0.93975904
10,311,321,0.62695312,-0.9376947
3,312,315,0.61523438,-0.98095238
3,318,321,0.62695312,-0.98130841
23,298,321,0.62695312,-0.85669782
19,280,299,0.58398438,-0.8729097
17,306,323,0.63085938,-0.89473684
3,311,314,0.61328125,-0.98089172
46,265,311,0.60742188,-0.70418006
32,287,319,0.62304688,-0.79937304
42,282,324,0.6328125,-0.74074074
12,307,319,0.62304688,-0.92476489
23,287,310,0.60546875,-0.8516129
27,300,327,0.63867188,-0.83486239
26,293,319,0.62304688,-0.8369906
49,256,305,0.59570312,-0.67868852
90,217,307,0.59960938,-0.41368078
68,244,312,0.609375,-0.56410256
44,276,320,0.625,-0.725
42,269,311,0.60742188,-0.72990354
12,306,318,0.62109375,-0.9245283
15,308,323,0.63085938,-0.90712074
41,278,319,0.62304688,-0.74294671
32,276,308,0.6015625,-0.79220779
3,326,329,0.64257812,-0.98176292
52,260,312,0.609375,-0.66666667
21,288,309,0.60351562,-0.86407767
52,267,319,0.62304688,-0.67398119
26,281,307,0.59960938,-0.83061889
40,284,324,0.6328125,-0.75308642
33,275,308,0.6015625,-0.78571429
35,284,319,0.62304688,-0.78056426
21,297,318,0.62109375,-0.86792453
23,295,318,0.62109375,-0.85534591
18,297,315,0.61523438,-0.88571429
12,294,306,0.59765625,-0.92156863
6,312,318,0.62109375,-0.96226415
15,313,328,0.640625,-0.90853659
19,299,318,0.62109375,-0.88050314
14,306,320,0.625,-0.9125
1,319,320,0.625,-0.99375
12,290,302,0.58984375,-0.9205298
4,322,326,0.63671875,-0.97546012
1,313,314,0.61328125,-0.99363057
18,310,328,0.640625,-0.8902439
11,301,312,0.609375,-0.92948718
86,233,319,0.62304688,-0.46081505
93,210,303,0.59179688,-0.38613861
87,235,322,0.62890625,-0.45962733
94,189,283,0.55273438,-0.33568905
81,223,304,0.59375,-0.46710526
65,255,320,0.625,-0.59375
42,273,315,0.61523438,-0.73333333
26,283,309,0.60351562,-0.83171521
9,315,324,0.6328125,-0.94444444
0,323,323,0.63085938,-1
15,291,306,0.59765625,-0.90196078
16,311,327,0.63867188,-0.90214067
14,303,317,0.61914062,-0.91167192
10,312,322,0.62890625,-0.9378882
81,223,304,0.59375,-0.46710526
96,214,310,0.60546875,-0.38064516
30,288,318,0.62109375,-0.81132075
38,285,323,0.63085938,-0.76470588
32,288,320,0.625,-0.8
52,259,311,0.60742188,-0.66559486
0,320,320,0.625,-1
18,301,319,0.62304688,-0.88714734
41,288,329,0.64257812,-0.75075988
42,258,300,0.5859375,-0.72
33,289,322,0.62890625,-0.79503106
45,264,309,0.60351562,-0.70873786
61,261,322,0.62890625,-0.62111801
100,201,301,0.58789062,-0.33554817
63,242,305,0.59570312,-0.58688525
61,246,307,0.59960938,-0.60260586
37,263,300,0.5859375,-0.75333333
75,231,306,0.59765625,-0.50980392
68,244,312,0.609375,-0.56410256
46,269,315,0.61523438,-0.70793651
46,254,300,0.5859375,-0.69333333
26,295,321,0.62695312,-0.83800623
50,268,318,0.62109375,-0.68553459
55,266,321,0.62695312,-0.65732087
18,303,321,0.62695312,-0.88785047
9,310,319,0.62304688,-0.94357367
16,307,323,0.63085938,-0.90092879
27,280,307,0.59960938,-0.82410423
34,282,316,0.6171875,-0.78481013
25,288,313,0.61132812,-0.84025559
31,284,315,0.61523438,-0.8031746
23,291,314,0.61328125,-0.85350318
11,297,308,0.6015625,-0.92857143
8,308,316,0.6171875,-0.94936709
18,294,312,0.609375,-0.88461538
25,299,324,0.6328125,-0.84567901
25,288,313,0.61132812,-0.84025559
74,244,318,0.62109375,-0.53459119
100,212,312,0.609375,-0.35897436
85,222,307,0.59960938,-0.44625407
135,175,310,0.60546875,-0.12903226
180,135,315,0.61523438,0.14285714
189,130,319,0.62304688,0.18495298
247,80,327,0.63867188,0.51070336
226,92,318,0.62109375,0.42138365
238,75,313,0.61132812,0.52076677
172,141,313,0.61132812,0.099041534
180,137,317,0.61914062,0.13564669
165,143,308,0.6015625,0.071428571
190,129,319,0.62304688,0.19122257
169,145,314,0.61328125,0.076433121
146,176,322,0.62890625,-0.093167702
90,219,309,0.60351562,-0.41747573
67,240,307,0.59960938,-0.56351792
112,200,312,0.609375,-0.28205128
163,157,320,0.625,0.01875
242,68,310,0.60546875,0.56129032
265,45,310,0.60546875,0.70967742
316,16,332,0.6484375,0.90361446
287,39,326,0.63671875,0.7607362
301,23,324,0.6328125,0.85802469
284,19,303,0.59179688,0.87458746
310,2,312,0.609375,0.98717949
290,27,317,0.61914062,0.829653
249,60,309,0.60351562,0.61165049
207,107,314,0.61328125,0.31847134
202,107,309,0.60351562,0.30744337
226,83,309,0.60351562,0.46278317
233,79,312,0.609375,0.49358974
231,82,313,0.61132812,0.47603834
218,94,312,0.609375,0.3974359
229,68,297,0.58007812,0.54208754
294,15,309,0.60351562,0.90291262
220,71,291,0.56835938,0.51202749
305,22,327,0.63867188,0.86544343
263,46,309,0.60351562,0.70226537
302,31,333,0.65039062,0.81381381
264,54,318,0.62109375,0.66037736
286,28,314,0.61328125,0.82165605
252,54,306,0.59765625,0.64705882
314,6,320,0.625,0.9625
297,21,318,0.62109375,0.86792453
290,28,318,0.62109375,0.82389937
267,46,313,0.61132812,0.70607029
281,44,325,0.63476562,0.72923077
212,96,308,0.6015625,0.37662338
240,72,312,0.609375,0.53846154
275,44,319,0.62304688,0.72413793
289,30,319,0.62304688,0.81191223
304,14,318,0.62109375,0.91194969
281,34,315,0.61523438,0.78412698
320,6,326,0.63671875,0.96319018
290,25,315,0.61523438,0.84126984
243,69,312,0.609375,0.55769231
230,82,312,0.609375,0.47435897
198,120,318,0.62109375,0.24528302
203,104,307,0.59960938,0.32247557
166,151,317,0.61914062,0.047318612
251,67,318,0.62109375,0.57861635
221,86,307,0.59960938,0.43973941
192,114,306,0.59765625,0.25490196
269,52,321,0.62695312,0.67601246
299,19,318,0.62109375,0.88050314
317,6,323,0.63085938,0.9628483
280,35,315,0.61523438,0.77777778
265,41,306,0.59765625,0.73202614
251,55,306,0.59765625,0.64052288
301,16,317,0.61914062,0.89905363
320,8,328,0.640625,0.95121951
278,43,321,0.62695312,0.73208723
295,29,324,0.6328125,0.82098765
303,12,315,0.61523438,0.92380952
253,51,304,0.59375,0.66447368
337,1,338,0.66015625,0.99408284
310,4,314,0.61328125,0.97452229
251,62,313,0.61132812,0.60383387
222,80,302,0.58984375,0.47019868
178,145,323,0.63085938,0.10216718
188,137,325,0.63476562,0.15692308
199,102,301,0.58789062,0.32225914
187,119,306,0.59765625,0.22222222
226,83,309,0.60351562,0.46278317
213,92,305,0.59570312,0.39672131
227,89,316,0.6171875,0.43670886
229,86,315,0.61523438,0.45396825
190,124,314,0.61328125,0.21019108
160,152,312,0.609375,0.025641026
116,195,311,0.60742188,-0.25401929
118,192,310,0.60546875,-0.23870968
142,173,315,0.61523438,-0.098412698
168,146,314,0.61328125,0.070063694
217,102,319,0.62304688,0.36050157
290,28,318,0.62109375,0.82389937
290,16,306,0.59765625,0.89542484
265,49,314,0.61328125,0.68789809
240,60,300,0.5859375,0.6
280,23,303,0.59179688,0.84818482
301,12,313,0.61132812,0.92332268
306,5,311,0.60742188,0.96784566
287,44,331,0.64648438,0.73413897
254,61,315,0.61523438,0.61269841
243,53,296,0.578125,0.64189189
272,50,322,0.62890625,0.68944099
288,25,313,0.61132812,0.84025559
299,22,321,0.62695312,0.86292835
320,3,323,0.63085938,0.98142415
226,89,315,0.61523438,0.43492063
202,106,308,0.6015625,0.31168831
207,123,330,0.64453125,0.25454545
170,149,319,0.62304688,0.065830721
148,163,311,0.60742188,-0.048231511
184,129,313,0.61132812,0.17571885
151,147,298,0.58203125,0.013422819
204,103,307,0.59960938,0.32899023
239,67,306,0.59765625,0.5620915
213,93,306,0.59765625,0.39215686
211,103,314,0.61328125,0.34394904
203,116,319,0.62304688,0.27272727
154,159,313,0.61132812,-0.015974441
202,96,298,0.58203125,0.3557047
175,144,319,0.62304688,0.097178683
196,121,317,0.61914062,0.23659306
207,107,314,0.61328125,0.31847134
191,123,314,0.61328125,0.21656051
207,108,315,0.61523438,0.31428571
228,99,327,0.63867188,0.39449541
209,98,307,0.59960938,0.36156352
210,99,309,0.60351562,0.3592233
191,115,306,0.59765625,0.24836601
216,107,323,0.63085938,0.3374613
236,75,311,0.60742188,0.51768489
211,98,309,0.60351562,0.36569579
206,104,310,0.60546875,0.32903226
254,76,330,0.64453125,0.53939394
228,74,302,0.58984375,0.50993377
255,65,320,0.625,0.59375
248,62,310,0.60546875,0.6
300,19,319,0.62304688,0.88087774
280,44,324,0.6328125,0.72839506
277,37,314,0.61328125,0.76433121
285,35,320,0.625,0.78125
247,57,304,0.59375,0.625
241,55,296,0.578125,0.62837838
267,42,309,0.60351562,0.72815534
275,51,326,0.63671875,0.68711656
275,42,317,0.61914062,0.73501577
288,30,318,0.62109375,0.81132075
272,34,306,0.59765625,0.77777778
272,52,324,0.6328125,0.67901235
282,37,319,0.62304688,0.76802508
271,40,311,0.60742188,0.74276527
297,27,324,0.6328125,0.83333333
226,80,306,0.59765625,0.47712418
245,64,309,0.60351562,0.58576052
250,67,317,0.61914062,0.57728707
278,31,309,0.60351562,0.79935275
269,43,312,0.609375,0.72435897
264,46,310,0.60546875,0.70322581
289,34,323,0.63085938,0.78947368
299,22,321,0.62695312,0.86292835
298,23,321,0.62695312,0.85669782
281,16,297,0.58007812,0.89225589
299,14,313,0.61132812,0.91054313
289,30,319,0.62304688,0.81191223
320,9,329,0.64257812,0.94528875
282,30,312,0.609375,0.80769231
304,27,331,0.64648438,0.83685801
284,32,316,0.6171875,0.79746835
280,43,323,0.63085938,0.73374613
281,22,303,0.59179688,0.85478548
298,17,315,0.61523438,0.89206349
276,29,305,0.59570312,0.80983607
259,55,314,0.61328125,0.64968153
246,66,312,0.609375,0.57692308
252,60,312,0.609375,0.61538462
295,23,318,0.62109375,0.85534591
243,56,299,0.58398438,0.62541806
244,56,300,0.5859375,0.62666667
228,87,315,0.61523438,0.44761905
217,98,315,0.61523438,0.37777778
243,70,313,0.61132812,0.55271565
313,10,323,0.63085938,0.9380805
288,31,319,0.62304688,0.80564263
270,40,310,0.60546875,0.74193548
241,63,304,0.59375,0.58552632
227,79,306,0.59765625,0.48366013
291,14,305,0.59570312,0.90819672
329,0,329,0.64257812,1
270,39,309,0.60351562,0.74757282
275,48,323,0.63085938,0.70278638
235,92,327,0.63867188,0.43730887
200,118,318,0.62109375,0.25786164
158,141,299,0.58398438,0.056856187
146,173,319,0.62304688,-0.084639498
101,200,301,0.58789062,-0.32890365
133,187,320,0.625,-0.16875
124,200,324,0.6328125,-0.2345679
61,255,316,0.6171875,-0.61392405
36,277,313,0.61132812,-0.76996805
82,223,305,0.59570312,-0.46229508
54,261,315,0.61523438,-0.65714286
73,232,305,0.59570312,-0.52131148
93,217,310,0.60546875,-0.4
73,250,323,0.63085938,-0.54798762
33,275,308,0.6015625,-0.78571429
27,294,321,0.62695312,-0.8317757
40,287,327,0.63867188,-0.75535168
16,308,324,0.6328125,-0.90123457
3,311,314,0.61328125,-0.98089172
4,328,332,0.6484375,-0.97590361
31,278,309,0.60351562,-0.79935275
16,295,311,0.60742188,-0.89710611
15,289,304,0.59375,-0.90131579
18,299,317,0.61914062,-0.88643533
15,310,325,0.63476562,-0.90769231
35,290,325,0.63476562,-0.78461538
53,256,309,0.60351562,-0.65695793
62,252,314,0.61328125,-0.60509554
90,213,303,0.59179688,-0.40594059
86,232,318,0.62109375,-0.4591195
88,213,301,0.58789062,-0.41528239
61,245,306,0.59765625,-0.60130719
72,236,308,0.6015625,-0.53246753
70,221,291,0.56835938,-0.51890034
77,231,308,0.6015625,-0.5
23,309,332,0.6484375,-0.86144578
36,292,328,0.640625,-0.7804878
77,245,322,0.62890625,-0.52173913
90,217,307,0.59960938,-0.41368078
96,227,323,0.63085938,-0.40557276
88,214,302,0.58984375,-0.41721854
103,195,298,0.58203125,-0.30872483
118,210,328,0.640625,-0.2804878
156,155,311,0.60742188,0.0032154341
150,151,301,0.58789062,-0.0033222591
186,132,318,0.62109375,0.16981132
217,79,296,0.578125,0.46621622
290,30,320,0.625,0.8125
298,18,316,0.6171875,0.88607595
268,47,315,0.61523438,0.7015873
287,27,314,0.61328125,0.82802548
270,38,308,0.6015625,0.75324675
307,17,324,0.6328125,0.89506173
310,6,316,0.6171875,0.96202532
286,30,316,0.6171875,0.81012658
272,53,325,0.63476562,0.67384615
265,46,311,0.60742188,0.70418006
254,62,316,0.6171875,0.60759494
287,41,328,0.640625,0.75
278,26,304,0.59375,0.82894737
298,13,311,0.60742188,0.91639871
305,17,322,0.62890625,0.89440994
297,25,322,0.62890625,0.8447205
291,19,310,0.60546875,0.87741935
296,12,308,0.6015625,0.92207792
296,27,323,0.63085938,0.83281734
307,11,318,0.62109375,0.93081761
278,38,316,0.6171875,0.75949367
311,4,315,0.61523438,0.97460317
317,9,326,0.63671875,0.94478528
259,60,319,0.62304688,0.62382445
295,20,315,0.61523438,0.87301587
304,5,309,0.60351562,0.96763754
304,10,314,0.61328125,0.93630573
300,24,324,0.6328125,0.85185185
283,39,322,0.62890625,0.75776398
276,35,311,0.60742188,0.77491961
291,25,316,0.6171875,0.84177215
298,18,316,0.6171875,0.88607595
288,32,320,0.625,0.8
269,45,314,0.61328125,0.7133758
298,4,302,0.58984375,0.97350993
271,31,302,0.58984375,0.79470199
284,38,322,0.62890625,0.76397516
298,21,319,0.62304688,0.86833856
303,14,317,0.61914062,0.91167192
318,11,329,0.64257812,0.9331307
303,29,332,0.6484375,0.8253012
317,5,322,0.62890625,0.9689441
264,48,312,0.609375,0.69230769
316,4,320,0.625,0.975
297,24,321,0.62695312,0.85046729
296,18,314,0.61328125,0.88535032
314,14,328,0.640625,0.91463415
287,36,323,0.63085938,0.77708978
302,16,318,0.62109375,0.89937107
302,16,318,0.62109375,0.89937107
303,20,323,0.63085938,0.87616099
298,25,323,0.63085938,0.84520124
276,36,312,0.609375,0.76923077
243,59,302,0.58984375,0.60927152
277,43,320,0.625,0.73125
288,32,320,0.625,0.8
270,51,321,0.62695312,0.68224299
253,66,319,0.62304688,0.5862069
264,44,308,0.6015625,0.71428571
194,113,307,0.59960938,0.26384365
211,107,318,0.62109375,0.32704403
186,128,314,0.61328125,0.18471338
270,36,306,0.59765625,0.76470588
306,19,325,0.63476562,0.88307692
300,15,315,0.61523438,0.9047619
318,10,328,0.640625,0.93902439
256,57,313,0.61132812,0.63578275
220,92,312,0.609375,0.41025641
246,70,316,0.6171875,0.55696203
269,50,319,0.62304688,0.68652038
229,76,305,0.59570312,0.50163934
226,87,313,0.61132812,0.44408946
255,61,316,0.6171875,0.61392405
275,31,306,0.59765625,0.79738562
282,42,324,0.6328125,0.74074074
292,23,315,0.61523438,0.85396825
333,1,334,0.65234375,0.99401198
276,26,302,0.58984375,0.82781457
312,8,320,0.625,0.95
291,19,310,0.60546875,0.87741935
302,20,322,0.62890625,0.8757764
313,15,328,0.640625,0.90853659
277,33,310,0.60546875,0.78709677
289,28,317,0.61914062,0.82334385
313,16,329,0.64257812,0.90273556
287,37,324,0.6328125,0.77160494
290,17,307,0.59960938,0.88925081
259,56,315,0.61523438,0.64444444
233,74,307,0.59960938,0.51791531
247,67,314,0.61328125,0.57324841
225,87,312,0.609375,0.44230769
231,78,309,0.60351562,0.49514563
268,46,314,0.61328125,0.70700637
252,68,320,0.625,0.575
164,140,304,0.59375,0.078947368
246,71,317,0.61914062,0.55205047
185,110,295,0.57617188,0.25423729
224,84,308,0.6015625,0.45454545
232,88,320,0.625,0.45
305,24,329,0.64257812,0.85410334
315,19,334,0.65234375,0.88622754
303,12,315,0.61523438,0.92380952
288,24,312,0.609375,0.84615385
329,0,329,0.64257812,1
322,1,323,0.63085938,0.99380805
307,4,311,0.60742188,0.97427653
290,31,321,0.62695312,0.80685358
267,54,321,0.62695312,0.6635514
314,13,327,0.63867188,0.9204893
292,27,319,0.62304688,0.830721
255,61,316,0.6171875,0.61392405
254,64,318,0.62109375,0.59748428
214,91,305,0.59570312,0.40327869
243,81,324,0.6328125,0.5
257,49,306,0.59765625,0.67973856
257,60,317,0.61914062,0.6214511
241,64,305,0.59570312,0.58032787
298,21,319,0.62304688,0.86833856
276,33,309,0.60351562,0.78640777
302,22,324,0.6328125,0.86419753
277,41,318,0.62109375,0.74213836
247,57,304,0.59375,0.625
211,95,306,0.59765625,0.37908497
199,115,314,0.61328125,0.26751592
181,127,308,0.6015625,0.17532468
111,201,312,0.609375,-0.28846154
160,142,302,0.58984375,0.059602649
163,152,315,0.61523438,0.034920635
192,124,316,0.6171875,0.21518987
196,131,327,0.63867188,0.19877676
203,121,324,0.6328125,0.25308642
200,127,327,0.63867188,0.22324159
175,130,305,0.59570312,0.14754098
165,160,325,0.63476562,0.015384615
137,176,313,0.61132812,-0.12460064
83,235,318,0.62109375,-0.47798742
57,263,320,0.625,-0.64375
44,269,313,0.61132812,-0.71884984
30,281,311,0.60742188,-0.80707395
29,283,312,0.609375,-0.81410256
27,297,324,0.6328125,-0.83333333
49,277,326,0.63671875,-0.6993865
40,279,319,0.62304688,-0.7492163
18,288,306,0.59765625,-0.88235294
15,299,314,0.61328125,-0.9044586
40,265,305,0.59570312,-0.73770492
19,300,319,0.62304688,-0.88087774
36,294,330,0.64453125,-0.78181818
40,280,320,0.625,-0.75
100,211,311,0.60742188,-0.35691318
85,221,306,0.59765625,-0.44444444
21,290,311,0.60742188,-0.86495177
29,282,311,0.60742188,-0.81350482
31,281,312,0.609375,-0.80128205
56,248,304,0.59375,-0.63157895
61,246,307,0.59960938,-0.60260586
85,230,315,0.61523438,-0.46031746
72,230,302,0.58984375,-0.52317881
59,259,318,0.62109375,-0.62893082
84,226,310,0.60546875,-0.45806452
113,201,314,0.61328125,-0.28025478
139,178,317,0.61914062,-0.12302839
137,178,315,0.61523438,-0.13015873
105,197,302,0.58984375,-0.30463576
117,204,321,0.62695312,-0.27102804
148,156,304,0.59375,-0.026315789
166,131,297,0.58007812,0.11784512
206,114,320,0.625,0.2875
258,57,315,0.61523438,0.63809524
304,31,335,0.65429688,0.81492537
321,9,330,0.64453125,0.94545455
228,85,313,0.61132812,0.45686901
205,113,318,0.62109375,0.28930818
213,98,311,0.60742188,0.36977492
233,66,299,0.58398438,0.55852843
237,79,316,0.6171875,0.5
249,74,323,0.63085938,0.54179567
227,91,318,0.62109375,0.42767296
238,71,309,0.60351562,0.54045307
179,121,300,0.5859375,0.19333333
87,223,310,0.60546875,-0.43870968
141,157,298,0.58203125,-0.053691275
202,109,311,0.60742188,0.29903537
170,140,310,0.60546875,0.096774194
214,94,308,0.6015625,0.38961039
207,88,295,0.57617188,0.40338983
189,132,321,0.62695312,0.17757009
201,112,313,0.61132812,0.28434505
176,141,317,0.61914062,0.11041009
155,161,316,0.6171875,-0.018987342
159,138,297,0.58007812,0.070707071
172,136,308,0.6015625,0.11688312
118,187,305,0.59570312,-0.22622951
125,190,315,0.61523438,-0.20634921
148,152,300,0.5859375,-0.013333333
136,174,310,0.60546875,-0.12258065
111,197,308,0.6015625,-0.27922078
59,258,317,0.61914062,-0.62776025
52,269,321,0.62695312,-0.67601246
25,308,333,0.65039062,-0.84984985
29,278,307,0.59960938,-0.81107492
55,254,309,0.60351562,-0.64401294
56,257,313,0.61132812,-0.64217252
48,262,310,0.60546875,-0.69032258
74,238,312,0.609375,-0.52564103
11,306,317,0.61914062,-0.93059937
6,328,334,0.65234375,-0.96407186
26,306,332,0.6484375,-0.84337349
31,299,330,0.64453125,-0.81212121
31,273,304,0.59375,-0.79605263
39,290,329,0.64257812,-0.76291793
36,276,312,0.609375,-0.76923077
44,276,320,0.625,-0.725
132,184,316,0.6171875,-0.16455696
122,194,316,0.6171875,-0.2278481
123,194,317,0.61914062,-0.22397476
181,126,307,0.59960938,0.17915309
153,152,305,0.59570312,0.0032786885
104,213,317,0.61914062,-0.34384858
79,233,312,0.609375,-0.49358974
104,215,319,0.62304688,-0.34796238
108,204,312,0.609375,-0.30769231
107,206,313,0.61132812,-0.31629393
112,185,297,0.58007812,-0.24579125
134,175,309,0.60351562,-0.13268608
61,247,308,0.6015625,-0.6038961
35,286,321,0.62695312,-0.78193146
17,300,317,0.61914062,-0.89274448
87,229,316,0.6171875,-0.44936709
45,262,307,0.59960938,-0.70684039
31,291,322,0.62890625,-0.80745342
61,266,327,0.63867188,-0.62691131
33,293,326,0.63671875,-0.79754601
81,228,309,0.60351562,-0.47572816
45,269,314,0.61328125,-0.7133758
64,244,308,0.6015625,-0.58441558
52,256,308,0.6015625,-0.66233766
80,237,317,0.61914062,-0.49526814
87,234,321,0.62695312,-0.45794393
95,209,304,0.59375,-0.375
74,248,322,0.62890625,-0.54037267
41,273,314,0.61328125,-0.7388535
21,289,310,0.60546875,-0.86451613
17,309,326,0.63671875,-0.89570552
29,285,314,0.61328125,-0.81528662
37,273,310,0.60546875,-0.76129032
61,246,307,0.59960938,-0.60260586
120,184,304,0.59375,-0.21052632
95,212,307,0.59960938,-0.38110749
115,188,303,0.59179688,-0.24092409
73,249,322,0.62890625,-0.54658385
72,226,298,0.58203125,-0.51677852
51,258,309,0.60351562,-0.66990291
119,183,302,0.58984375,-0.21192053
116,196,312,0.609375,-0.25641026
103,211,314,0.61328125,-0.34394904
75,233,308,0.6015625,-0.51298701
47,262,309,0.60351562,-0.69579288
15,299,314,0.61328125,-0.9044586
3,312,315,0.61523438,-0.98095238
21,295,316,0.6171875,-0.86708861
13,302,315,0.61523438,-0.91746032
42,275,317,0.61914062,-0.73501577
11,309,320,0.625,-0.93125
27,293,320,0.625,-0.83125
12,318,330,0.64453125,-0.92727273
14,318,332,0.6484375,-0.91566265
33,285,318,0.62109375,-0.79245283
16,305,321,0.62695312,-0.90031153
6,314,320,0.625,-0.9625
9,319,328,0.640625,-0.94512195
9,303,312,0.609375,-0.94230769
22,281,303,0.59179688,-0.85478548
28,292,320,0.625,-0.825
33,288,321,0.62695312,-0.79439252
33,286,319,0.62304688,-0.79310345
5,327,332,0.6484375,-0.96987952
21,290,311,0.60742188,-0.86495177
30,284,314,0.61328125,-0.8089172
47,281,328,0.640625,-0.71341463
55,275,330,0.64453125,-0.66666667
40,270,310,0.60546875,-0.74193548
17,292,309,0.60351562,-0.88996764
35,266,301,0.58789062,-0.76744186
60,265,325,0.63476562,-0.63076923
34,280,314,0.61328125,-0.78343949
17,298,315,0.61523438,-0.89206349
1,329,330,0.64453125,-0.99393939
19,290,309,0.60351562,-0.87702265
39,281,320,0.625,-0.75625
112,207,319,0.62304688,-0.29780564
80,235,315,0.61523438,-0.49206349
73,247,320,0.625,-0.54375
81,251,332,0.6484375,-0.51204819
114,192,306,0.59765625,-0.25490196
171,126,297,0.58007812,0.15151515
157,150,307,0.59960938,0.022801303
161,160,321,0.62695312,0.0031152648
173,135,308,0.6015625,0.12337662
147,159,306,0.59765625,-0.039215686
199,113,312,0.609375,0.27564103
222,92,314,0.61328125,0.41401274
213,125,338,0.66015625,0.26035503
211,105,316,0.6171875,0.33544304
234,81,315,0.61523438,0.48571429
269,31,300,0.5859375,0.79333333
281,38,319,0.62304688,0.76175549
268,42,310,0.60546875,0.72903226
255,53,308,0.6015625,0.65584416
269,48,317,0.61914062,0.69716088
276,36,312,0.609375,0.76923077
251,57,308,0.6015625,0.62987013
280,39,319,0.62304688,0.75548589
263,41,304,0.59375,0.73026316
284,38,322,0.62890625,0.76397516
238,70,308,0.6015625,0.54545455
271,48,319,0.62304688,0.69905956
260,60,320,0.625,0.625
288,24,312,0.609375,0.84615385
286,33,319,0.62304688,0.79310345
258,59,317,0.61914062,0.62776025
279,38,317,0.61914062,0.76025237
299,15,314,0.61328125,0.9044586
249,60,309,0.60351562,0.61165049
290,23,313,0.61132812,0.85303514
260,52,312,0.609375,0.66666667
305,12,317,0.61914062,0.92429022
307,11,318,0.62109375,0.93081761
289,29,318,0.62109375,0.81761006
309,20,329,0.64257812,0.87841945
302,10,312,0.609375,0.93589744
323,6,329,0.64257812,0.96352584
304,17,321,0.62695312,0.894081
314,8,322,0.62890625,0.95031056
279,30,309,0.60351562,0.80582524
259,56,315,0.61523438,0.64444444
245,76,321,0.62695312,0.52647975
242,75,317,0.61914062,0.52681388
282,42,324,0.6328125,0.74074074
275,29,304,0.59375,0.80921053
311,8,319,0.62304688,0.94984326
279,33,312,0.609375,0.78846154
318,10,328,0.640625,0.93902439
266,41,307,0.59960938,0.73289902
242,75,317,0.61914062,0.52681388
220,93,313,0.61132812,0.4057508
229,80,309,0.60351562,0.48220065
208,97,305,0.59570312,0.36393443
241,77,318,0.62109375,0.51572327
256,48,304,0.59375,0.68421053
271,46,317,0.61914062,0.70977918
255,50,305,0.59570312,0.67213115
209,101,310,0.60546875,0.3483871
222,89,311,0.60742188,0.42765273
226,87,313,0.61132812,0.44408946
233,93,326,0.63671875,0.42944785
154,159,313,0.61132812,-0.015974441
133,174,307,0.59960938,-0.13355049
108,194,302,0.58984375,-0.28476821
85,234,319,0.62304688,-0.46708464
45,275,320,0.625,-0.71875
20,296,316,0.6171875,-0.87341772
6,309,315,0.61523438,-0.96190476
15,297,312,0.609375,-0.90384615
27,290,317,0.61914062,-0.829653
11,304,315,0.61523438,-0.93015873
36,289,325,0.63476562,-0.77846154
45,274,319,0.62304688,-0.71786834
24,285,309,0.60351562,-0.84466019
31,289,320,0.625,-0.80625
57,244,301,0.58789062,-0.62126246
41,276,317,0.61914062,-0.74132492
58,260,318,0.62109375,-0.63522013
79,240,319,0.62304688,-0.50470219
92,221,313,0.61132812,-0.41214058
100,207,307,0.59960938,-0.3485342
64,256,320,0.625,-0.6
136,183,319,0.62304688,-0.14733542
142,154,296,0.578125,-0.040540541
151,159,310,0.60546875,-0.025806452
134,184,318,0.62109375,-0.1572327
82,220,302,0.58984375,-0.45695364
48,269,317,0.61914062,-0.69716088
84,231,315,0.61523438,-0.46666667
59,255,314,0.61328125,-0.62420382
65,247,312,0.609375,-0.58333333
147,181,328,0.640625,-0.10365854
91,223,314,0.61328125,-0.42038217
147,167,314,0.61328125,-0.063694268
63,255,318,0.62109375,-0.60377358
70,235,305,0.59570312,-0.54098361
91,220,311,0.60742188,-0.414791
89,216,305,0.59570312,-0.41639344
90,206,296,0.578125,-0.39189189
43,255,298,0.58203125,-0.7114094
32,288,320,0.625,-0.8
24,285,309,0.60351562,-0.84466019
31,290,321,0.62695312,-0.80685358
22,296,318,0.62109375,-0.86163522
8,319,327,0.63867188,-0.95107034
10,310,320,0.625,-0.9375
13,293,306,0.59765625,-0.91503268
40,286,326,0.63671875,-0.75460123
49,270,319,0.62304688,-0.69278997
13,312,325,0.63476562,-0.92
34,292,326,0.63671875,-0.79141104
43,281,324,0.6328125,-0.7345679
35,282,317,0.61914062,-0.77917981
45,278,323,0.63085938,-0.72136223
10,298,308,0.6015625,-0.93506494
25,288,313,0.61132812,-0.84025559
18,303,321,0.62695312,-0.88785047
42,271,313,0.61132812,-0.73162939
18,305,323,0.63085938,-0.88854489
38,275,313,0.61132812,-0.7571885
50,265,315,0.61523438,-0.68253968
54,251,305,0.59570312,-0.64590164
21,283,304,0.59375,-0.86184211
47,278,325,0.63476562,-0.71076923
30,274,304,0.59375,-0.80263158
25,291,316,0.6171875,-0.84177215
13,302,315,0.61523438,-0.91746032
2,313,315,0.61523438,-0.98730159
25,295,320,0.625,-0.84375
55,263,318,0.62109375,-0.65408805
80,230,310,0.60546875,-0.48387097
136,171,307,0.59960938,-0.11400651
131,180,311,0.60742188,-0.15755627
164,149,313,0.61132812,0.047923323
168,150,318,0.62109375,0.056603774
159,164,323,0.63085938,-0.015479876
121,198,319,0.62304688,-0.24137931
128,171,299,0.58398438,-0.14381271
94,215,309,0.60351562,-0.39158576
188,120,308,0.6015625,0.22077922
193,122,315,0.61523438,0.22539683
236,71,307,0.59960938,0.53745928
243,70,313,0.61132812,0.55271565
220,86,306,0.59765625,0.4379085
234,79,313,0.61132812,0.49520767
299,34,333,0.65039062,0.7957958
263,53,316,0.6171875,0.66455696
283,32,315,0.61523438,0.7968254
277,38,315,0.61523438,0.75873016
267,55,322,0.62890625,0.65838509
282,37,319,0.62304688,0.76802508
289,32,321,0.62695312,0.80062305
277,36,313,0.61132812,0.76996805
294,22,316,0.6171875,0.86075949
296,28,324,0.6328125,0.82716049
279,26,305,0.59570312,0.8295082
320,6,326,0.63671875,0.96319018
315,15,330,0.64453125,0.90909091
314,17,331,0.64648438,0.89728097
294,30,324,0.6328125,0.81481481
258,64,322,0.62890625,0.60248447
267,59,326,0.63671875,0.63803681
305,16,321,0.62695312,0.90031153
320,7,327,0.63867188,0.95718654
279,24,303,0.59179688,0.84158416
271,47,318,0.62109375,0.70440252
245,73,318,0.62109375,0.5408805
224,91,315,0.61523438,0.42222222
229,84,313,0.61132812,0.46325879
306,12,318,0.62109375,0.9245283
263,50,313,0.61132812,0.68051118
266,40,306,0.59765625,0.73856209
226,77,303,0.59179688,0.49174917
189,124,313,0.61132812,0.20766773
221,108,329,0.64257812,0.34346505
216,95,311,0.60742188,0.38906752
212,108,320,0.625,0.325
190,126,316,0.6171875,0.20253165
138,164,302,0.58984375,-0.086092715
152,156,308,0.6015625,-0.012987013
168,147,315,0.61523438,0.066666667
259,51,310,0.60546875,0.67096774
264,52,316,0.6171875,0.67088608
244,57,301,0.58789062,0.62126246
272,52,324,0.6328125,0.67901235
250,52,302,0.58984375,0.65562914
319,7,326,0.63671875,0.95705521
296,29,325,0.63476562,0.82153846
317,15,332,0.6484375,0.90963855
284,32,316,0.6171875,0.79746835
308,12,320,0.625,0.925
304,13,317,0.61914062,0.91798107
269,46,315,0.61523438,0.70793651
264,44,308,0.6015625,0.71428571
307,16,323,0.63085938,0.90092879
318,12,330,0.64453125,0.92727273
313,28,341,0.66601562,0.83577713
297,14,311,0.60742188,0.90996785
277,41,318,0.62109375,0.74213836
255,53,308,0.6015625,0.65584416
259,51,310,0.60546875,0.67096774
230,89,319,0.62304688,0.44200627
214,91,305,0.59570312,0.40327869
198,117,315,0.61523438,0.25714286
158,159,317,0.61914062,-0.0031545741
134,176,310,0.60546875,-0.13548387
101,208,309,0.60351562,-0.34627832
133,163,296,0.578125,-0.10135135
96,216,312,0.609375,-0.38461538
193,127,320,0.625,0.20625
160,146,306,0.59765625,0.045751634
173,137,310,0.60546875,0.11612903
238,64,302,0.58984375,0.57615894
298,23,321,0.62695312,0.85669782
284,37,321,0.62695312,0.7694704
283,38,321,0.62695312,0.76323988
257,47,304,0.59375,0.69078947
226,89,315,0.61523438,0.43492063
248,74,322,0.62890625,0.54037267
235,83,318,0.62109375,0.47798742
189,119,308,0.6015625,0.22727273
129,184,313,0.61132812,-0.17571885
204,111,315,0.61523438,0.2952381
198,115,313,0.61132812,0.26517572
243,84,327,0.63867188,0.48623853
187,126,313,0.61132812,0.19488818
187,124,311,0.60742188,0.20257235
148,161,309,0.60351562,-0.042071197
88,225,313,0.61132812,-0.43769968
49,277,326,0.63671875,-0.6993865
43,273,316,0.6171875,-0.7278481
67,245,312,0.609375,-0.57051282
45,254,299,0.58398438,-0.69899666
28,289,317,0.61914062,-0.82334385
51,258,309,0.60351562,-0.66990291
21,313,334,0.65234375,-0.8742515
18,300,318,0.62109375,-0.88679245
22,296,318,0.62109375,-0.86163522
59,257,316,0.6171875,-0.62658228
72,236,308,0.6015625,-0.53246753
61,245,306,0.59765625,-0.60130719
35,273,308,0.6015625,-0.77272727
32,264,296,0.578125,-0.78378378
29,287,316,0.6171875,-0.8164557
0,327,327,0.63867188,-1
19,304,323,0.63085938,-0.88235294
42,273,315,0.61523438,-0.73333333
16,303,319,0.62304688,-0.89968652
31,296,327,0.63867188,-0.81039755
109,182,291,0.56835938,-0.25085911
118,197,315,0.61523438,-0.25079365
138,168,306,0.59765625,-0.098039216
157,151,308,0.6015625,0.019480519
169,132,301,0.58789062,0.12292359
206,114,320,0.625,0.2875
263,50,313,0.61132812,0.68051118
248,67,315,0.61523438,0.57460317
141,162,303,0.59179688,-0.069306931
160,141,301,0.58789062,0.063122924
138,161,299,0.58398438,-0.076923077
115,196,311,0.60742188,-0.26045016
154,151,305,0.59570312,0.0098360656
137,179,316,0.6171875,-0.13291139
162,155,317,0.61914062,0.022082019
60,251,311,0.60742188,-0.61414791
2,306,308,0.6015625,-0.98701299
33,271,304,0.59375,-0.78289474
10,309,319,0.62304688,-0.93730408
7,318,325,0.63476562,-0.95692308
6,320,326,0.63671875,-0.96319018
3,328,331,0.64648438,-0.98187311
13,305,318,0.62109375,-0.91823899
32,283,315,0.61523438,-0.7968254
44,285,329,0.64257812,-0.7325228
38,276,314,0.61328125,-0.75796178
47,271,318,0.62109375,-0.70440252
20,287,307,0.59960938,-0.86970684
28,272,300,0.5859375,-0.81333333
3,320,323,0.63085938,-0.98142415
11,292,303,0.59179688,-0.92739274
18,301,319,0.62304688,-0.88714734
38,280,318,0.62109375,-0.76100629
9,306,315,0.61523438,-0.94285714
38,283,321,0.62695312,-0.76323988
13,293,306,0.59765625,-0.91503268
11,311,322,0.62890625,-0.93167702
31,281,312,0.609375,-0.80128205
19,289,308,0.6015625,-0.87662338
49,272,321,0.62695312,-0.69470405
50,272,322,0.62890625,-0.68944099
73,237,310,0.60546875,-0.52903226
108,208,316,0.6171875,-0.3164557
114,198,312,0.609375,-0.26923077
51,252,303,0.59179688,-0.66336634
105,202,307,0.59960938,-0.31596091
22,294,316,0.6171875,-0.86075949
37,277,314,0.61328125,-0.76433121
20,303,323,0.63085938,-0.87616099
47,277,324,0.6328125,-0.70987654
47,264,311,0.60742188,-0.6977492
9,320,329,0.64257812,-0.94528875
26,295,321,0.62695312,-0.83800623
59,260,319,0.62304688,-0.63009404
32,289,321,0.62695312,-0.80062305
33,289,322,0.62890625,-0.79503106
19,297,316,0.6171875,-0.87974684
18,304,322,0.62890625,-0.88819876
8,312,320,0.625,-0.95
38,266,304,0.59375,-0.75
79,222,301,0.58789062,-0.47508306
26,286,312,0.609375,-0.83333333
25,301,326,0.63671875,-0.84662577
30,275,305,0.59570312,-0.80327869
31,295,326,0.63671875,-0.80981595
23,295,318,0.62109375,-0.85534591
34,269,303,0.59179688,-0.77557756
52,269,321,0.62695312,-0.67601246
27,283,310,0.60546875,-0.82580645
21,288,309,0.60351562,-0.86407767
23,288,311,0.60742188,-0.85209003
19,297,316,0.6171875,-0.87974684
25,279,304,0.59375,-0.83552632
2,311,313,0.61132812,-0.98722045
43,268,311,0.60742188,-0.72347267
74,243,317,0.61914062,-0.53312303
78,226,304,0.59375,-0.48684211
71,240,311,0.60742188,-0.54340836
39,275,314,0.61328125,-0.75159236
49,259,308,0.6015625,-0.68181818
15,305,320,0.625,-0.90625
12,292,304,0.59375,-0.92105263
4,321,325,0.63476562,-0.97538462
26,274,300,0.5859375,-0.82666667
15,316,331,0.64648438,-0.90936556
17,292,309,0.60351562,-0.88996764
20,306,326,0.63671875,-0.87730061
14,309,323,0.63085938,-0.91331269
6,321,327,0.63867188,-0.96330275
42,276,318,0.62109375,-0.73584906
49,264,313,0.61132812,-0.68690096
106,194,300,0.5859375,-0.29333333
105,193,298,0.58203125,-0.29530201
116,188,304,0.59375,-0.23684211
181,135,316,0.6171875,0.14556962
229,91,320,0.625,0.43125
303,27,330,0.64453125,0.83636364
323,3,326,0.63671875,0.98159509
286,22,308,0.6015625,0.85714286
250,60,310,0.60546875,0.61290323
215,102,317,0.61914062,0.35646688
249,65,314,0.61328125,0.58598726
275,50,325,0.63476562,0.69230769
274,32,306,0.59765625,0.79084967
300,15,315,0.61523438,0.9047619
307,8,315,0.61523438,0.94920635
276,25,301,0.58789062,0.83388704
308,9,317,0.61914062,0.94321767
313,16,329,0.64257812,0.90273556
297,28,325,0.63476562,0.82769231
252,65,317,0.61914062,0.58990536
291,28,319,0.62304688,0.82445141
262,51,313,0.61132812,0.67412141
313,12,325,0.63476562,0.92615385
289,19,308,0.6015625,0.87662338
302,27,329,0.64257812,0.83586626
288,18,306,0.59765625,0.88235294
293,35,328,0.640625,0.78658537
249,60,309,0.60351562,0.61165049
239,66,305,0.59570312,0.56721311
246,56,302,0.58984375,0.62913907
311,9,320,0.625,0.94375
310,16,326,0.63671875,0.90184049
316,10,326,0.63671875,0.93865031
297,14,311,0.60742188,0.90996785
293,30,323,0.63085938,0.81424149
295,12,307,0.59960938,0.9218241
264,44,308,0.6015625,0.71428571
267,36,303,0.59179688,0.76237624
279,47,326,0.63671875,0.71165644
254,66,320,0.625,0.5875
220,99,319,0.62304688,0.37931034
163,137,300,0.5859375,0.086666667
138,173,311,0.60742188,-0.11254019
293,24,317,0.61914062,0.84858044
269,50,319,0.62304688,0.68652038
260,60,320,0.625,0.625
220,99,319,0.62304688,0.37931034
287,23,310,0.60546875,0.8516129
310,8,318,0.62109375,0.94968553
320,2,322,0.62890625,0.98757764
326,6,332,0.6484375,0.96385542
282,35,317,0.61914062,0.77917981
324,3,327,0.63867188,0.98165138
281,41,322,0.62890625,0.74534161
248,74,322,0.62890625,0.54037267
276,36,312,0.609375,0.76923077
228,86,314,0.61328125,0.4522293
258,61,319,0.62304688,0.61755486
256,58,314,0.61328125,0.63057325
309,15,324,0.6328125,0.90740741
286,30,316,0.6171875,0.81012658
310,2,312,0.609375,0.98717949
285,29,314,0.61328125,0.81528662
299,25,324,0.6328125,0.84567901
266,40,306,0.59765625,0.73856209
295,16,311,0.60742188,0.89710611
305,18,323,0.63085938,0.88854489
283,28,311,0.60742188,0.81993569
298,27,325,0.63476562,0.83384615
300,10,310,0.60546875,0.93548387
290,22,312,0.609375,0.85897436
278,22,300,0.5859375,0.85333333
306,16,322,0.62890625,0.90062112
316,9,325,0.63476562,0.94461538
298,22,320,0.625,0.8625
310,13,323,0.63085938,0.91950464
299,20,319,0.62304688,0.87460815
284,48,332,0.6484375,0.71084337
211,106,317,0.61914062,0.33123028
241,81,322,0.62890625,0.49689441
210,104,314,0.61328125,0.33757962
166,146,312,0.609375,0.064102564
224,84,308,0.6015625,0.45454545
227,83,310,0.60546875,0.46451613
184,131,315,0.61523438,0.16825397
188,120,308,0.6015625,0.22077922
251,56,307,0.59960938,0.63517915
266,55,321,0.62695312,0.65732087
296,8,304,0.59375,0.94736842
301,25,326,0.63671875,0.84662577
288,32,320,0.625,0.8
321,15,336,0.65625,0.91071429
305,21,326,0.63671875,0.87116564
309,11,320,0.625,0.93125
288,31,319,0.62304688,0.80564263
267,48,315,0.61523438,0.6952381
323,2,325,0.63476562,0.98769231
298,19,317,0.61914062,0.88012618
311,8,319,0.62304688,0.94984326
289,35,324,0.6328125,0.78395062
282,30,312,0.609375,0.80769231
230,78,308,0.6015625,0.49350649
209,91,300,0.5859375,0.39333333
263,45,308,0.6015625,0.70779221
301,16,317,0.61914062,0.89905363
312,9,321,0.62695312,0.94392523
296,9,305,0.59570312,0.94098361
270,49,319,0.62304688,0.69278997
255,61,316,0.6171875,0.61392405
254,55,309,0.60351562,0.64401294
218,108,326,0.63671875,0.33742331
250,51,301,0.58789062,0.66112957
254,59,313,0.61132812,0.62300319
214,96,310,0.60546875,0.38064516
252,53,305,0.59570312,0.65245902
251,61,312,0.609375,0.60897436
289,33,322,0.62890625,0.79503106
271,50,321,0.62695312,0.68847352
197,112,309,0.60351562,0.27508091
175,132,307,0.59960938,0.14006515
164,149,313,0.61132812,0.047923323
89,229,318,0.62109375,-0.44025157
94,218,312,0.609375,-0.3974359
132,186,318,0.62109375,-0.16981132
159,147,306,0.59765625,0.039215686
59,246,305,0.59570312,-0.61311475
68,237,305,0.59570312,-0.55409836
22,303,325,0.63476562,-0.86461538
50,275,325,0.63476562,-0.69230769
39,271,310,0.60546875,-0.7483871
24,290,314,0.61328125,-0.84713376
87,218,305,0.59570312,-0.4295082
76,225,301,0.58789062,-0.49501661
68,248,316,0.6171875,-0.56962025
83,224,307,0.59960938,-0.45928339
90,217,307,0.59960938,-0.41368078
161,156,317,0.61914062,0.015772871
128,168,296,0.578125,-0.13513514
104,211,315,0.61523438,-0.33968254
81,236,317,0.61914062,-0.48895899
61,253,314,0.61328125,-0.61146497
28,282,310,0.60546875,-0.81935484
37,268,305,0.59570312,-0.75737705
41,270,311,0.60742188,-0.73633441
1,328,329,0.64257812,-0.99392097
10,305,315,0.61523438,-0.93650794
59,247,306,0.59765625,-0.61437908
64,259,323,0.63085938,-0.60371517
52,260,312,0.609375,-0.66666667
60,254,314,0.61328125,-0.61783439
14,304,318,0.62109375,-0.91194969
23,290,313,0.61132812,-0.85303514
21,313,334,0.65234375,-0.8742515
23,301,324,0.6328125,-0.85802469
21,299,320,0.625,-0.86875
14,295,309,0.60351562,-0.90938511
8,318,326,0.63671875,-0.95092025
7,316,323,0.63085938,-0.95665635
46,271,317,0.61914062,-0.70977918
33,289,322,0.62890625,-0.79503106
18,297,315,0.61523438,-0.88571429
34,284,318,0.62109375,-0.78616352
38,283,321,0.62695312,-0.76323988
42,278,320,0.625,-0.7375
7,302,309,0.60351562,-0.95469256
17,296,313,0.61132812,-0.8913738
42,276,318,0.62109375,-0.73584906
62,259,321,0.62695312,-0.61370717
68,256,324,0.6328125,-0.58024691
30,281,311,0.60742188,-0.80707395
52,276,328,0.640625,-0.68292683
81,238,319,0.62304688,-0.49216301
110,198,308,0.6015625,-0.28571429
38,281,319,0.62304688,-0.76175549
38,255,293,0.57226562,-0.74061433
37,291,328,0.640625,-0.77439024
44,261,305,0.59570312,-0.71147541
43,259,302,0.58984375,-0.71523179
30,280,310,0.60546875,-0.80645161
70,242,312,0.609375,-0.55128205
29,278,307,0.59960938,-0.81107492
23,305,328,0.640625,-0.8597561
7,315,322,0.62890625,-0.95652174
18,299,317,0.61914062,-0.88643533
24,297,321,0.62695312,-0.85046729
18,298,316,0.6171875,-0.88607595
40,276,316,0.6171875,-0.74683544
57,247,304,0.59375,-0.625
40,275,315,0.61523438,-0.74603175
48,257,305,0.59570312,-0.6852459
42,263,305,0.59570312,-0.72459016
56,245,301,0.58789062,-0.62790698
37,280,317,0.61914062,-0.76656151
37,290,327,0.63867188,-0.77370031
11,311,322,0.62890625,-0.93167702
28,287,315,0.61523438,-0.82222222
39,281,320,0.625,-0.75625
37,281,318,0.62109375,-0.7672956
27,279,306,0.59765625,-0.82352941
2,320,322,0.62890625,-0.98757764
24,292,316,0.6171875,-0.84810127
14,301,315,0.61523438,-0.91111111
5,303,308,0.6015625,-0.96753247
2,305,307,0.59960938,-0.98697068
14,304,318,0.62109375,-0.91194969
17,306,323,0.63085938,-0.89473684
7,314,321,0.62695312,-0.95638629
16,313,329,0.64257812,-0.90273556
42,279,321,0.62695312,-0.73831776
21,303,324,0.6328125,-0.87037037
94,211,305,0.59570312,-0.38360656
121,173,294,0.57421875,-0.17687075
102,215,317,0.61914062,-0.35646688
60,252,312,0.609375,-0.61538462
27,292,319,0.62304688,-0.830721
77,242,319,0.62304688,-0.51724138
51,274,325,0.63476562,-0.68615385
5,322,327,0.63867188,-0.96941896
33,279,312,0.609375,-0.78846154
30,287,317,0.61914062,-0.81072555
26,291,317,0.61914062,-0.83596215
4,331,335,0.65429688,-0.9761194
35,279,314,0.61328125,-0.77707006
6,313,319,0.62304688,-0.96238245
17,301,318,0.62109375,-0.89308176
16,300,316,0.6171875,-0.89873418
30,283,313,0.61132812,-0.80830671
22,294,316,0.6171875,-0.86075949
44,275,319,0.62304688,-0.72413793
82,227,309,0.60351562,-0.46925566
120,197,317,0.61914062,-0.24290221
109,190,299,0.58398438,-0.27090301
123,201,324,0.6328125,-0.24074074
94,218,312,0.609375,-0.3974359
81,227,308,0.6015625,-0.47402597
114,190,304,0.59375,-0.25
61,247,308,0.6015625,-0.6038961
18,307,325,0.63476562,-0.88923077
37,288,325,0.63476562,-0.77230769
23,298,321,0.62695312,-0.85669782
49,270,319,0.62304688,-0.69278997
18,299,317,0.61914062,-0.88643533
16,309,325,0.63476562,-0.90153846
39,283,322,0.62890625,-0.75776398
34,290,324,0.6328125,-0.79012346
21,286,307,0.59960938,-0.86319218
44,260,304,0.59375,-0.71052632
21,307,328,0.640625,-0.87195122
58,243,301,0.58789062,-0.61461794
72,233,305,0.59570312,-0.52786885
23,287,310,0.60546875,-0.8516129
7,311,318,0.62109375,-0.95597484
14,300,314,0.61328125,-0.91082803
26,293,319,0.62304688,-0.8369906
13,298,311,0.60742188,-0.91639871
20,308,328,0.640625,-0.87804878
39,265,304,0.59375,-0.74342105
90,219,309,0.60351562,-0.41747573
21,290,311,0.60742188,-0.86495177
50,268,318,0.62109375,-0.68553459
77,233,310,0.60546875,-0.50322581
85,224,309,0.60351562,-0.44983819
13,307,320,0.625,-0.91875
18,296,314,0.61328125,-0.88535032
55,257,312,0.609375,-0.6474359
56,258,314,0.61328125,-0.6433121
70,242,312,0.609375,-0.55128205
38,282,320,0.625,-0.7625
62,250,312,0.609375,-0.6025641
33,280,313,0.61132812,-0.78913738
44,272,316,0.6171875,-0.72151899
49,265,314,0.61328125,-0.68789809
65,257,322,0.62890625,-0.59627329
59,254,313,0.61132812,-0.62300319
29,284,313,0.61132812,-0.81469649
62,242,304,0.59375,-0.59210526
87,226,313,0.61132812,-0.44408946
44,278,322,0.62890625,-0.72670807
45,273,318,0.62109375,-0.71698113
64,259,323,0.63085938,-0.60371517
111,205,316,0.6171875,-0.29746835
100,197,297,0.58007812,-0.32659933
190,125,315,0.61523438,0.20634921
145,171,316,0.6171875,-0.082278481
114,207,321,0.62695312,-0.28971963
126,183,309,0.60351562,-0.18446602
152,164,316,0.6171875,-0.037974684
142,174,316,0.6171875,-0.10126582
199,106,305,0.59570312,0.30491803
264,56,320,0.625,0.65
258,43,301,0.58789062,0.71428571
252,72,324,0.6328125,0.55555556
191,117,308,0.6015625,0.24025974
241,66,307,0.59960938,0.57003257
285,30,315,0.61523438,0.80952381
272,40,312,0.609375,0.74358974
297,33,330,0.64453125,0.8
254,51,305,0.59570312,0.66557377
260,52,312,0.609375,0.66666667
228,81,309,0.60351562,0.47572816
282,35,317,0.61914062,0.77917981
289,14,303,0.59179688,0.90759076
301,19,320,0.625,0.88125
306,9,315,0.61523438,0.94285714
317,1,318,0.62109375,0.99371069
284,24,308,0.6015625,0.84415584
288,28,316,0.6171875,0.82278481
279,37,316,0.6171875,0.76582278
264,42,306,0.59765625,0.7254902
283,24,307,0.59960938,0.84364821
238,88,326,0.63671875,0.4601227
252,66,318,0.62109375,0.58490566
200,104,304,0.59375,0.31578947
162,160,322,0.62890625,0.0062111801
144,167,311,0.60742188,-0.073954984
132,171,303,0.59179688,-0.12871287
84,239,323,0.63085938,-0.47987616
79,228,307,0.59960938,-0.48534202
124,182,306,0.59765625,-0.18954248
126,189,315,0.61523438,-0.2
67,242,309,0.60351562,-0.56634304
95,232,327,0.63867188,-0.41896024
101,205,306,0.59765625,-0.33986928
65,241,306,0.59765625,-0.5751634
99,201,300,0.5859375,-0.34
75,240,315,0.61523438,-0.52380952
64,255,319,0.62304688,-0.59874608
92,224,316,0.6171875,-0.41772152
100,198,298,0.58203125,-0.32885906
88,214,302,0.58984375,-0.41721854
94,214,308,0.6015625,-0.38961039
149,154,303,0.59179688,-0.01650165
169,145,314,0.61328125,0.076433121
180,126,306,0.59765625,0.17647059
193,104,297,0.58007812,0.2996633
241,86,327,0.63867188,0.47400612
201,110,311,0.60742188,0.2926045
210,102,312,0.609375,0.34615385
224,91,315,0.61523438,0.42222222
244,68,312,0.609375,0.56410256
301,21,322,0.62890625,0.86956522
274,38,312,0.609375,0.75641026
278,52,330,0.64453125,0.68484848
237,70,307,0.59960938,0.54397394
271,37,308,0.6015625,0.75974026
288,21,309,0.60351562,0.86407767
264,49,313,0.61132812,0.68690096
266,47,313,0.61132812,0.69968051
264,43,307,0.59960938,0.71986971
273,50,323,0.63085938,0.69040248
285,39,324,0.6328125,0.75925926
284,33,317,0.61914062,0.79179811
225,83,308,0.6015625,0.46103896
279,45,324,0.6328125,0.72222222
263,57,320,0.625,0.64375
276,43,319,0.62304688,0.73040752
260,51,311,0.60742188,0.67202572
279,41,320,0.625,0.74375
260,61,321,0.62695312,0.61993769
259,67,326,0.63671875,0.58895706
268,38,306,0.59765625,0.75163399
253,67,320,0.625,0.58125
273,32,305,0.59570312,0.79016393
310,10,320,0.625,0.9375
270,35,305,0.59570312,0.7704918
286,25,311,0.60742188,0.8392283
268,52,320,0.625,0.675
243,71,314,0.61328125,0.5477707
299,15,314,0.61328125,0.9044586
286,39,325,0.63476562,0.76
301,8,309,0.60351562,0.94822006
281,24,305,0.59570312,0.84262295
312,5,317,0.61914062,0.96845426
319,4,323,0.63085938,0.9752322
304,19,323,0.63085938,0.88235294
302,22,324,0.6328125,0.86419753
271,36,307,0.59960938,0.76547231
288,25,313,0.61132812,0.84025559
252,58,310,0.60546875,0.62580645
266,45,311,0.60742188,0.71061093
280,31,311,0.60742188,0.80064309
294,21,315,0.61523438,0.86666667
248,66,314,0.61328125,0.57961783
317,13,330,0.64453125,0.92121212
295,28,323,0.63085938,0.82662539
285,19,304,0.59375,0.875
291,23,314,0.61328125,0.85350318
290,20,310,0.60546875,0.87096774
314,6,320,0.625,0.9625
271,41,312,0.609375,0.73717949
307,20,327,0.63867188,0.87767584
278,32,310,0.60546875,0.79354839
271,44,315,0.61523438,0.72063492
287,34,321,0.62695312,0.78816199
269,41,310,0.60546875,0.73548387
287,25,312,0.609375,0.83974359
287,32,319,0.62304688,0.79937304
263,43,306,0.59765625,0.71895425
265,45,310,0.60546875,0.70967742
262,36,298,0.58203125,0.75838926
209,85,294,0.57421875,0.42176871
209,95,304,0.59375,0.375
157,139,296,0.578125,0.060810811
180,131,311,0.60742188,0.15755627
140,168,308,0.6015625,-0.090909091
138,175,313,0.61132812,-0.11821086
114,202,316,0.6171875,-0.27848101
103,207,310,0.60546875,-0.33548387
136,174,310,0.60546875,-0.12258065
140,170,310,0.60546875,-0.096774194
159,149,308,0.6015625,0.032467532
192,117,309,0.60351562,0.24271845
214,93,307,0.59960938,0.39413681
240,82,322,0.62890625,0.49068323
245,66,311,0.60742188,0.5755627
264,40,304,0.59375,0.73684211
271,39,310,0.60546875,0.7483871
278,44,322,0.62890625,0.72670807
307,14,321,0.62695312,0.91277259
278,41,319,0.62304688,0.74294671
312,14,326,0.63671875,0.91411043
311,18,329,0.64257812,0.89057751
310,6,316,0.6171875,0.96202532
292,16,308,0.6015625,0.8961039
308,11,319,0.62304688,0.93103448
300,23,323,0.63085938,0.85758514
306,21,327,0.63867188,0.87155963
299,29,328,0.640625,0.82317073
301,16,317,0.61914062,0.89905363
254,58,312,0.609375,0.62820513
261,59,320,0.625,0.63125
323,12,335,0.65429688,0.92835821
325,3,328,0.640625,0.98170732
281,28,309,0.60351562,0.81877023
213,98,311,0.60742188,0.36977492
234,80,314,0.61328125,0.49044586
294,24,318,0.62109375,0.8490566
279,22,301,0.58789062,0.8538206
284,31,315,0.61523438,0.8031746
268,50,318,0.62109375,0.68553459
215,86,301,0.58789062,0.42857143
171,150,321,0.62695312,0.065420561
193,115,308,0.6015625,0.25324675
254,58,312,0.609375,0.62820513
257,65,322,0.62890625,0.59627329
203,102,305,0.59570312,0.33114754
234,76,310,0.60546875,0.50967742
244,64,308,0.6015625,0.58441558
203,103,306,0.59765625,0.32679739
236,79,315,0.61523438,0.4984127
262,53,315,0.61523438,0.66349206
286,22,308,0.6015625,0.85714286
317,11,328,0.640625,0.93292683
300,16,316,0.6171875,0.89873418
309,11,320,0.625,0.93125
303,23,326,0.63671875,0.85889571
260,53,313,0.61132812,0.66134185
294,9,303,0.59179688,0.94059406
310,11,321,0.62695312,0.93146417
308,7,315,0.61523438,0.95555556
311,4,315,0.61523438,0.97460317
298,24,322,0.62890625,0.85093168
296,10,306,0.59765625,0.93464052
308,15,323,0.63085938,0.90712074
319,7,326,0.63671875,0.95705521
294,13,307,0.59960938,0.91530945
236,76,312,0.609375,0.51282051
293,24,317,0.61914062,0.84858044
220,92,312,0.609375,0.41025641
193,119,312,0.609375,0.23717949
249,63,312,0.609375,0.59615385
295,33,328,0.640625,0.79878049
246,67,313,0.61132812,0.57188498
251,63,314,0.61328125,0.59872611
157,149,306,0.59765625,0.026143791
132,174,306,0.59765625,-0.1372549
165,138,303,0.59179688,0.089108911
107,192,299,0.58398438,-0.28428094
72,240,312,0.609375,-0.53846154
71,247,318,0.62109375,-0.55345912
32,287,319,0.62304688,-0.79937304
22,293,315,0.61523438,-0.86031746
6,323,329,0.64257812,-0.96352584
5,300,305,0.59570312,-0.96721311
4,312,316,0.6171875,-0.97468354
47,265,312,0.609375,-0.69871795
108,211,319,0.62304688,-0.32288401
90,220,310,0.60546875,-0.41935484
71,241,312,0.609375,-0.54487179
32,295,327,0.63867188,-0.80428135
61,251,312,0.609375,-0.60897436
20,302,322,0.62890625,-0.8757764
6,323,329,0.64257812,-0.96352584
21,285,306,0.59765625,-0.8627451
47,257,304,0.59375,-0.69078947
26,293,319,0.62304688,-0.8369906
