n_hor,n_ver,n_tot,eta,S
151,168,319,0.62304688,-0.053291536
165,158,323,0.63085938,0.021671827
157,178,335,0.65429688,-0.062686567
176,140,316,0.6171875,0.11392405
233,101,334,0.65234375,0.39520958
279,59,338,0.66015625,0.65088757
251,77,328,0.640625,0.5304878
239,75,314,0.61328125,0.52229299
251,77,328,0.640625,0.5304878
212,128,340,0.6640625,0.24705882
279,55,334,0.65234375,0.67065868
297,38,335,0.65429688,0.77313433
301,27,328,0.640625,0.83536585
304,25,329,0.64257812,0.84802432
290,41,331,0.64648438,0.75226586
301,27,328,0.640625,0.83536585
320,5,325,0.63476562,0.96923077
315,8,323,0.63085938,0.9504644
314,18,332,0.6484375,0.89156627
316,20,336,0.65625,0.88095238
315,7,322,0.62890625,0.95652174
303,27,330,0.64453125,0.83636364
305,13,318,0.62109375,0.91823899
335,4,339,0.66210938,0.97640118
298,28,326,0.63671875,0.82822086
293,37,330,0.64453125,0.77575758
316,20,336,0.65625,0.88095238
315,23,338,0.66015625,0.86390533
315,20,335,0.65429688,0.88059701
314,19,333,0.65039062,0.88588589
308,27,335,0.65429688,0.83880597
279,44,323,0.63085938,0.72755418
278,45,323,0.63085938,0.72136223
300,32,332,0.6484375,0.80722892
289,32,321,0.62695312,0.80062305
292,34,326,0.63671875,0.79141104
309,36,345,0.67382812,0.79130435
328,12,340,0.6640625,0.92941176
314,14,328,0.640625,0.91463415
321,7,328,0.640625,0.95731707
307,29,336,0.65625,0.82738095
333,6,339,0.66210938,0.96460177
328,12,340,0.6640625,0.92941176
319,12,331,0.64648438,0.92749245
313,27,340,0.6640625,0.84117647
333,11,344,0.671875,0.93604651
321,16,337,0.65820312,0.90504451
321,5,326,0.63671875,0.96932515
321,16,337,0.65820312,0.90504451
314,27,341,0.66601562,0.84164223
305,27,332,0.6484375,0.8373494
343,7,350,0.68359375,0.96
337,0,337,0.65820312,1
322,17,339,0.66210938,0.89970501
302,28,330,0.64453125,0.83030303
344,0,344,0.671875,1
335,4,339,0.66210938,0.97640118
334,8,342,0.66796875,0.95321637
318,14,332,0.6484375,0.91566265
322,13,335,0.65429688,0.92238806
325,7,332,0.6484375,0.95783133
310,22,332,0.6484375,0.86746988
311,19,330,0.64453125,0.88484848
308,24,332,0.6484375,0.85542169
282,42,324,0.6328125,0.74074074
249,76,325,0.63476562,0.53230769
262,64,326,0.63671875,0.60736196
319,17,336,0.65625,0.89880952
341,6,347,0.67773438,0.96541787
329,12,341,0.66601562,0.92961877
337,4,341,0.66601562,0.97653959
335,12,347,0.67773438,0.93083573
318,11,329,0.64257812,0.9331307
305,11,316,0.6171875,0.93037975
306,21,327,0.63867188,0.87155963
300,27,327,0.63867188,0.83486239
314,12,326,0.63671875,0.92638037
330,2,332,0.6484375,0.98795181
292,42,334,0.65234375,0.74850299
316,21,337,0.65820312,0.87537092
319,13,332,0.6484375,0.92168675
310,18,328,0.640625,0.8902439
327,19,346,0.67578125,0.89017341
317,13,330,0.64453125,0.92121212
314,19,333,0.65039062,0.88588589
320,2,322,0.62890625,0.98757764
328,7,335,0.65429688,0.95820896
328,8,336,0.65625,0.95238095
316,18,334,0.65234375,0.89221557
326,11,337,0.65820312,0.9347181
319,17,336,0.65625,0.89880952
320,18,338,0.66015625,0.89349112
331,13,344,0.671875,0.9244186
350,1,351,0.68554688,0.99430199
314,16,330,0.64453125,0.9030303
329,8,337,0.65820312,0.95252226
342,1,343,0.66992188,0.9941691
331,4,335,0.65429688,0.9761194
324,19,343,0.66992188,0.88921283
318,13,331,0.64648438,0.92145015
288,56,344,0.671875,0.6744186
317,19,336,0.65625,0.88690476
285,39,324,0.6328125,0.75925926
294,31,325,0.63476562,0.80923077
300,32,332,0.6484375,0.80722892
279,55,334,0.65234375,0.67065868
321,16,337,0.65820312,0.90504451
331,6,337,0.65820312,0.96439169
327,4,331,0.64648438,0.97583082
326,3,329,0.64257812,0.98176292
323,9,332,0.6484375,0.94578313
332,7,339,0.66210938,0.95870206
338,9,347,0.67773438,0.9481268
296,35,331,0.64648438,0.78851964
307,25,332,0.6484375,0.84939759
308,27,335,0.65429688,0.83880597
303,26,329,0.64257812,0.84194529
294,31,325,0.63476562,0.80923077
311,20,331,0.64648438,0.87915408
314,31,345,0.67382812,0.82028986
298,28,326,0.63671875,0.82822086
314,28,342,0.66796875,0.83625731
322,6,328,0.640625,0.96341463
311,35,346,0.67578125,0.79768786
296,37,333,0.65039062,0.77777778
311,14,325,0.63476562,0.91384615
329,2,331,0.64648438,0.98791541
331,14,345,0.67382812,0.91884058
335,1,336,0.65625,0.99404762
334,1,335,0.65429688,0.99402985
315,29,344,0.671875,0.83139535
335,8,343,0.66992188,0.95335277
322,13,335,0.65429688,0.92238806
309,27,336,0.65625,0.83928571
303,23,326,0.63671875,0.85889571
286,40,326,0.63671875,0.75460123
308,19,327,0.63867188,0.88379205
304,15,319,0.62304688,0.90595611
298,29,327,0.63867188,0.82262997
262,60,322,0.62890625,0.62732919
276,58,334,0.65234375,0.65269461
270,62,332,0.6484375,0.62650602
250,70,320,0.625,0.5625
212,112,324,0.6328125,0.30864198
199,127,326,0.63671875,0.2208589
185,150,335,0.65429688,0.10447761
206,112,318,0.62109375,0.29559748
158,171,329,0.64257812,-0.039513678
131,182,313,0.61132812,-0.1629393
124,207,331,0.64648438,-0.25075529
111,204,315,0.61523438,-0.2952381
83,236,319,0.62304688,-0.47962382
58,255,313,0.61132812,-0.62939297
42,277,319,0.62304688,-0.73667712
13,317,330,0.64453125,-0.92121212
3,335,338,0.66015625,-0.98224852
2,344,346,0.67578125,-0.98843931
1,331,332,0.6484375,-0.9939759
17,309,326,0.63671875,-0.89570552
0,346,346,0.67578125,-1
21,292,313,0.61132812,-0.8658147
73,263,336,0.65625,-0.56547619
73,256,329,0.64257812,-0.556231
78,256,334,0.65234375,-0.53293413
53,262,315,0.61523438,-0.66349206
56,282,338,0.66015625,-0.66863905
69,269,338,0.66015625,-0.59171598
24,309,333,0.65039062,-0.85585586
3,325,328,0.640625,-0.98170732
16,327,343,0.66992188,-0.90670554
21,315,336,0.65625,-0.875
33,302,335,0.65429688,-0.80298507
14,315,329,0.64257812,-0.91489362
24,304,328,0.640625,-0.85365854
16,316,332,0.6484375,-0.90361446
4,326,330,0.64453125,-0.97575758
8,322,330,0.64453125,-0.95151515
4,339,343,0.66992188,-0.97667638
10,315,325,0.63476562,-0.93846154
0,337,337,0.65820312,-1
8,321,329,0.64257812,-0.95136778
3,327,330,0.64453125,-0.98181818
22,309,331,0.64648438,-0.86706949
14,313,327,0.63867188,-0.91437309
12,328,340,0.6640625,-0.92941176
11,321,332,0.6484375,-0.93373494
9,332,341,0.66601562,-0.94721408
11,311,322,0.62890625,-0.93167702
5,339,344,0.671875,-0.97093023
7,328,335,0.65429688,-0.95820896
13,315,328,0.640625,-0.92073171
52,277,329,0.64257812,-0.68389058
44,267,311,0.60742188,-0.7170418
39,294,333,0.65039062,-0.76576577
31,298,329,0.64257812,-0.81155015
9,337,346,0.67578125,-0.94797688
17,326,343,0.66992188,-0.90087464
9,324,333,0.65039062,-0.94594595
18,311,329,0.64257812,-0.89057751
1,329,330,0.64453125,-0.99393939
19,313,332,0.6484375,-0.88554217
6,326,332,0.6484375,-0.96385542
17,315,332,0.6484375,-0.89759036
29,301,330,0.64453125,-0.82424242
53,283,336,0.65625,-0.68452381
76,261,337,0.65820312,-0.54896142
22,298,320,0.625,-0.8625
13,325,338,0.66015625,-0.92307692
10,334,344,0.671875,-0.94186047
29,308,337,0.65820312,-0.82789318
38,302,340,0.6640625,-0.77647059
32,303,335,0.65429688,-0.80895522
54,291,345,0.67382812,-0.68695652
52,282,334,0.65234375,-0.68862275
19,298,317,0.61914062,-0.88012618
5,327,332,0.6484375,-0.96987952
35,291,326,0.63671875,-0.78527607
47,276,323,0.63085938,-0.70897833
58,268,326,0.63671875,-0.64417178
29,303,332,0.6484375,-0.8253012
20,306,326,0.63671875,-0.87730061
21,319,340,0.6640625,-0.87647059
8,318,326,0.63671875,-0.95092025
3,323,326,0.63671875,-0.98159509
3,340,343,0.66992188,-0.98250729
4,334,338,0.66015625,-0.97633136
12,324,336,0.65625,-0.92857143
23,305,328,0.640625,-0.8597561
30,302,332,0.6484375,-0.81927711
51,279,330,0.64453125,-0.69090909
29,306,335,0.65429688,-0.82686567
24,298,322,0.62890625,-0.85093168
14,322,336,0.65625,-0.91666667
12,328,340,0.6640625,-0.92941176
2,331,333,0.65039062,-0.98798799
18,313,331,0.64648438,-0.89123867
8,341,349,0.68164062,-0.95415473
9,331,340,0.6640625,-0.94705882
5,333,338,0.66015625,-0.9704142
23,318,341,0.66601562,-0.86510264
46,292,338,0.66015625,-0.72781065
24,305,329,0.64257812,-0.85410334
5,332,337,0.65820312,-0.97032641
20,318,338,0.66015625,-0.8816568
1,344,345,0.67382812,-0.9942029
5,329,334,0.65234375,-0.97005988
6,336,342,0.66796875,-0.96491228
6,323,329,0.64257812,-0.96352584
7,322,329,0.64257812,-0.95744681
13,317,330,0.64453125,-0.92121212
39,295,334,0.65234375,-0.76646707
25,301,326,0.63671875,-0.84662577
27,305,332,0.6484375,-0.8373494
16,326,342,0.66796875,-0.90643275
37,297,334,0.65234375,-0.77844311
45,288,333,0.65039062,-0.72972973
53,292,345,0.67382812,-0.69275362
66,265,331,0.64648438,-0.60120846
78,249,327,0.63867188,-0.52293578
52,265,317,0.61914062,-0.67192429
19,318,337,0.65820312,-0.88724036
13,331,344,0.671875,-0.9244186
6,330,336,0.65625,-0.96428571
0,333,333,0.65039062,-1
17,314,331,0.64648438,-0.89728097
16,326,342,0.66796875,-0.90643275
0,329,329,0.64257812,-1
18,319,337,0.65820312,-0.89317507
30,295,325,0.63476562,-0.81538462
50,288,338,0.66015625,-0.70414201
54,286,340,0.6640625,-0.68235294
62,267,329,0.64257812,-0.6231003
78,257,335,0.65429688,-0.53432836
95,223,318,0.62109375,-0.40251572
56,266,322,0.62890625,-0.65217391
23,294,317,0.61914062,-0.85488959
18,313,331,0.64648438,-0.89123867
14,321,335,0.65429688,-0.91641791
1,350,351,0.68554688,-0.99430199
1,332,333,0.65039062,-0.99399399
5,327,332,0.6484375,-0.96987952
4,327,331,0.64648438,-0.97583082
48,280,328,0.640625,-0.70731707
17,323,340,0.6640625,-0.9
5,326,331,0.64648438,-0.96978852
3,326,329,0.64257812,-0.98176292
18,321,339,0.66210938,-0.89380531
1,329,330,0.64453125,-0.99393939
5,326,331,0.64648438,-0.96978852
9,325,334,0.65234375,-0.94610778
11,311,322,0.62890625,-0.93167702
8,334,342,0.66796875,-0.95321637
5,324,329,0.64257812,-0.96960486
17,310,327,0.63867188,-0.89602446
25,298,323,0.63085938,-0.84520124
25,294,319,0.62304688,-0.84326019
13,320,333,0.65039062,-0.92192192
10,341,351,0.68554688,-0.94301994
36,294,330,0.64453125,-0.78181818
5,329,334,0.65234375,-0.97005988
2,335,337,0.65820312,-0.98813056
2,339,341,0.66601562,-0.98826979
7,334,341,0.66601562,-0.95894428
2,331,333,0.65039062,-0.98798799
4,325,329,0.64257812,-0.97568389
19,306,325,0.63476562,-0.88307692
15,312,327,0.63867188,-0.90825688
13,327,340,0.6640625,-0.92352941
0,335,335,0.65429688,-1
13,321,334,0.65234375,-0.92215569
2,338,340,0.6640625,-0.98823529
13,324,337,0.65820312,-0.92284866
12,326,338,0.66015625,-0.92899408
26,315,341,0.66601562,-0.84750733
1,340,341,0.66601562,-0.9941349
7,331,338,0.66015625,-0.95857988
18,309,327,0.63867188,-0.88990826
0,341,341,0.66601562,-1
2,331,333,0.65039062,-0.98798799
22,304,326,0.63671875,-0.86503067
28,300,328,0.640625,-0.82926829
28,304,332,0.6484375,-0.8313253
8,330,338,0.66015625,-0.95266272
14,313,327,0.63867188,-0.91437309
5,324,329,0.64257812,-0.96960486
7,326,333,0.65039062,-0.95795796
16,323,339,0.66210938,-0.90560472
52,275,327,0.63867188,-0.68195719
32,291,323,0.63085938,-0.80185759
29,299,328,0.640625,-0.82317073
25,306,331,0.64648438,-0.8489426
24,308,332,0.6484375,-0.85542169
6,326,332,0.6484375,-0.96385542
21,315,336,0.65625,-0.875
4,313,317,0.61914062,-0.97476341
23,324,347,0.67773438,-0.86743516
19,310,329,0.64257812,-0.88449848
30,297,327,0.63867188,-0.81651376
58,261,319,0.62304688,-0.63636364
81,242,323,0.63085938,-0.49845201
41,279,320,0.625,-0.74375
4,325,329,0.64257812,-0.97568389
16,320,336,0.65625,-0.9047619
7,320,327,0.63867188,-0.95718654
16,323,339,0.66210938,-0.90560472
8,337,345,0.67382812,-0.95362319
12,317,329,0.64257812,-0.92705167
37,294,331,0.64648438,-0.77643505
32,298,330,0.64453125,-0.80606061
26,320,346,0.67578125,-0.84971098
26,307,333,0.65039062,-0.84384384
30,296,326,0.63671875,-0.81595092
16,327,343,0.66992188,-0.90670554
14,323,337,0.65820312,-0.91691395
27,308,335,0.65429688,-0.83880597
65,264,329,0.64257812,-0.60486322
38,301,339,0.66210938,-0.77581121
32,303,335,0.65429688,-0.80895522
66,260,326,0.63671875,-0.59509202
69,258,327,0.63867188,-0.57798165
42,281,323,0.63085938,-0.73993808
84,251,335,0.65429688,-0.49850746
7,321,328,0.640625,-0.95731707
16,327,343,0.66992188,-0.90670554
2,324,326,0.63671875,-0.98773006
15,314,329,0.64257812,-0.90881459
1,329,330,0.64453125,-0.99393939
4,334,338,0.66015625,-0.97633136
0,338,338,0.66015625,-1
34,299,333,0.65039062,-0.7957958
9,308,317,0.61914062,-0.94321767
10,321,331,0.64648438,-0.93957704
11,328,339,0.66210938,-0.93510324
8,337,345,0.67382812,-0.95362319
6,327,333,0.65039062,-0.96396396
15,327,342,0.66796875,-0.9122807
19,310,329,0.64257812,-0.88449848
58,272,330,0.64453125,-0.64848485
11,321,332,0.6484375,-0.93373494
13,321,334,0.65234375,-0.92215569
1,337,338,0.66015625,-0.99408284
3,329,332,0.6484375,-0.98192771
25,312,337,0.65820312,-0.85163205
7,330,337,0.65820312,-0.95845697
5,335,340,0.6640625,-0.97058824
0,326,326,0.63671875,-1
3,336,339,0.66210938,-0.98230088
9,328,337,0.65820312,-0.94658754
21,309,330,0.64453125,-0.87272727
3,332,335,0.65429688,-0.98208955
13,308,321,0.62695312,-0.91900312
40,300,340,0.6640625,-0.76470588
18,318,336,0.65625,-0.89285714
5,329,334,0.65234375,-0.97005988
17,322,339,0.66210938,-0.89970501
2,345,347,0.67773438,-0.98847262
7,329,336,0.65625,-0.95833333
1,327,328,0.640625,-0.99390244
19,318,337,0.65820312,-0.88724036
4,331,335,0.65429688,-0.9761194
27,303,330,0.64453125,-0.83636364
21,312,333,0.65039062,-0.87387387
2,340,342,0.66796875,-0.98830409
7,323,330,0.64453125,-0.95757576
23,312,335,0.65429688,-0.86268657
2,340,342,0.66796875,-0.98830409
15,295,310,0.60546875,-0.90322581
31,299,330,0.64453125,-0.81212121
26,307,333,0.65039062,-0.84384384
10,326,336,0.65625,-0.94047619
1,335,336,0.65625,-0.99404762
13,314,327,0.63867188,-0.9204893
2,334,336,0.65625,-0.98809524
9,334,343,0.66992188,-0.94752187
3,336,339,0.66210938,-0.98230088
14,317,331,0.64648438,-0.91540785
3,325,328,0.640625,-0.98170732
8,322,330,0.64453125,-0.95151515
14,325,339,0.66210938,-0.91740413
17,317,334,0.65234375,-0.89820359
25,298,323,0.63085938,-0.84520124
68,257,325,0.63476562,-0.58153846
70,256,326,0.63671875,-0.57055215
29,314,343,0.66992188,-0.83090379
8,341,349,0.68164062,-0.95415473
1,335,336,0.65625,-0.99404762
20,320,340,0.6640625,-0.88235294
22,297,319,0.62304688,-0.86206897
7,331,338,0.66015625,-0.95857988
19,312,331,0.64648438,-0.88519637
22,308,330,0.64453125,-0.86666667
34,294,328,0.640625,-0.79268293
25,306,331,0.64648438,-0.8489426
21,316,337,0.65820312,-0.87537092
20,309,329,0.64257812,-0.87841945
15,326,341,0.66601562,-0.91202346
16,313,329,0.64257812,-0.90273556
14,326,340,0.6640625,-0.91764706
5,339,344,0.671875,-0.97093023
2,341,343,0.66992188,-0.98833819
14,315,329,0.64257812,-0.91489362
25,294,319,0.62304688,-0.84326019
21,315,336,0.65625,-0.875
30,280,310,0.60546875,-0.80645161
13,329,342,0.66796875,-0.92397661
7,318,325,0.63476562,-0.95692308
5,324,329,0.64257812,-0.96960486
10,330,340,0.6640625,-0.94117647
3,337,340,0.6640625,-0.98235294
22,312,334,0.65234375,-0.86826347
29,304,333,0.65039062,-0.82582583
43,279,322,0.62890625,-0.73291925
69,258,327,0.63867188,-0.57798165
64,273,337,0.65820312,-0.62017804
13,310,323,0.63085938,-0.91950464
11,315,326,0.63671875,-0.93251534
15,319,334,0.65234375,-0.91017964
8,328,336,0.65625,-0.95238095
2,327,329,0.64257812,-0.98784195
9,331,340,0.6640625,-0.94705882
13,328,341,0.66601562,-0.92375367
25,304,329,0.64257812,-0.84802432
40,296,336,0.65625,-0.76190476
31,301,332,0.6484375,-0.81325301
31,303,334,0.65234375,-0.81437126
25,288,313,0.61132812,-0.84025559
77,258,335,0.65429688,-0.54029851
77,240,317,0.61914062,-0.51419558
62,269,331,0.64648438,-0.62537764
34,297,331,0.64648438,-0.79456193
58,279,337,0.65820312,-0.65578635
49,265,314,0.61328125,-0.68789809
26,295,321,0.62695312,-0.83800623
12,317,329,0.64257812,-0.92705167
15,315,330,0.64453125,-0.90909091
16,311,327,0.63867188,-0.90214067
4,327,331,0.64648438,-0.97583082
15,322,337,0.65820312,-0.91097923
24,293,317,0.61914062,-0.84858044
11,319,330,0.64453125,-0.93333333
32,300,332,0.6484375,-0.80722892
13,313,326,0.63671875,-0.9202454
14,333,347,0.67773438,-0.91930836
0,334,334,0.65234375,-1
25,311,336,0.65625,-0.85119048
41,282,323,0.63085938,-0.74613003
27,311,338,0.66015625,-0.84023669
7,323,330,0.64453125,-0.95757576
11,327,338,0.66015625,-0.93491124
26,306,332,0.6484375,-0.84337349
12,339,351,0.68554688,-0.93162393
7,329,336,0.65625,-0.95833333
16,320,336,0.65625,-0.9047619
33,292,325,0.63476562,-0.79692308
23,312,335,0.65429688,-0.86268657
11,316,327,0.63867188,-0.93272171
8,329,337,0.65820312,-0.95252226
13,312,325,0.63476562,-0.92
1,344,345,0.67382812,-0.9942029
3,335,338,0.66015625,-0.98224852
12,325,337,0.65820312,-0.92878338
19,305,324,0.6328125,-0.88271605
9,320,329,0.64257812,-0.94528875
10,339,349,0.68164062,-0.94269341
5,323,328,0.640625,-0.9695122
3,330,333,0.65039062,-0.98198198
13,315,328,0.640625,-0.92073171
3,328,331,0.64648438,-0.98187311
0,334,334,0.65234375,-1
8,322,330,0.64453125,-0.95151515
9,332,341,0.66601562,-0.94721408
32,308,340,0.6640625,-0.81176471
89,243,332,0.6484375,-0.46385542
102,224,326,0.63671875,-0.37423313
161,166,327,0.63867188,-0.01529052
197,123,320,0.625,0.23125
214,117,331,0.64648438,0.29305136
175,143,318,0.62109375,0.10062893
207,122,329,0.64257812,0.25835866
186,146,332,0.6484375,0.12048193
210,118,328,0.640625,0.2804878
170,135,305,0.59570312,0.1147541
147,174,321,0.62695312,-0.08411215
175,145,320,0.625,0.09375
209,115,324,0.6328125,0.29012346
197,120,317,0.61914062,0.24290221
227,96,323,0.63085938,0.40557276
262,57,319,0.62304688,0.64263323
267,48,315,0.61523438,0.6952381
263,56,319,0.62304688,0.64890282
311,25,336,0.65625,0.85119048
314,24,338,0.66015625,0.85798817
284,50,334,0.65234375,0.7005988
299,27,326,0.63671875,0.83435583
313,12,325,0.63476562,0.92615385
307,25,332,0.6484375,0.84939759
289,32,321,0.62695312,0.80062305
289,27,316,0.6171875,0.82911392
266,57,323,0.63085938,0.64705882
267,61,328,0.640625,0.62804878
283,41,324,0.6328125,0.74691358
317,10,327,0.63867188,0.93883792
300,34,334,0.65234375,0.79640719
299,33,332,0.6484375,0.80120482
334,7,341,0.66601562,0.95894428
309,22,331,0.64648438,0.86706949
275,43,318,0.62109375,0.72955975
285,45,330,0.64453125,0.72727273
292,37,329,0.64257812,0.77507599
303,27,330,0.64453125,0.83636364
305,28,333,0.65039062,0.83183183
325,11,336,0.65625,0.93452381
329,9,338,0.66015625,0.94674556
333,11,344,0.671875,0.93604651
330,0,330,0.64453125,1
321,8,329,0.64257812,0.95136778
321,5,326,0.63671875,0.96932515
326,16,342,0.66796875,0.90643275
300,28,328,0.640625,0.82926829
328,5,333,0.65039062,0.96996997
340,5,345,0.67382812,0.97101449
342,0,342,0.66796875,1
321,11,332,0.6484375,0.93373494
319,15,334,0.65234375,0.91017964
314,18,332,0.6484375,0.89156627
299,20,319,0.62304688,0.87460815
326,18,344,0.671875,0.89534884
311,22,333,0.65039062,0.86786787
297,26,323,0.63085938,0.83900929
320,20,340,0.6640625,0.88235294
320,13,333,0.65039062,0.92192192
305,28,333,0.65039062,0.83183183
288,43,331,0.64648438,0.74018127
265,62,327,0.63867188,0.62079511
286,38,324,0.6328125,0.7654321
332,4,336,0.65625,0.97619048
321,13,334,0.65234375,0.92215569
335,5,340,0.6640625,0.97058824
315,30,345,0.67382812,0.82608696
298,32,330,0.64453125,0.80606061
276,58,334,0.65234375,0.65269461
273,57,330,0.64453125,0.65454545
294,36,330,0.64453125,0.78181818
286,53,339,0.66210938,0.68731563
282,40,322,0.62890625,0.7515528
274,60,334,0.65234375,0.64071856
289,43,332,0.6484375,0.74096386
314,20,334,0.65234375,0.88023952
292,28,320,0.625,0.825
316,19,335,0.65429688,0.88656716
331,6,337,0.65820312,0.96439169
343,1,344,0.671875,0.99418605
298,37,335,0.65429688,0.77910448
261,61,322,0.62890625,0.62111801
303,30,333,0.65039062,0.81981982
327,0,327,0.63867188,1
333,1,334,0.65234375,0.99401198
302,22,324,0.6328125,0.86419753
323,20,343,0.66992188,0.88338192
332,12,344,0.671875,0.93023256
335,9,344,0.671875,0.94767442
316,8,324,0.6328125,0.95061728
327,16,343,0.66992188,0.90670554
330,14,344,0.671875,0.91860465
351,0,351,0.68554688,1
322,10,332,0.6484375,0.93975904
302,44,346,0.67578125,0.74566474
303,33,336,0.65625,0.80357143
317,21,338,0.66015625,0.87573964
302,31,333,0.65039062,0.81381381
274,50,324,0.6328125,0.69135802
295,40,335,0.65429688,0.76119403
275,59,334,0.65234375,0.64670659
256,72,328,0.640625,0.56097561
272,63,335,0.65429688,0.6238806
275,51,326,0.63671875,0.68711656
236,85,321,0.62695312,0.47040498
293,48,341,0.66601562,0.71847507
282,47,329,0.64257812,0.71428571
323,14,337,0.65820312,0.91691395
319,23,342,0.66796875,0.86549708
308,24,332,0.6484375,0.85542169
291,35,326,0.63671875,0.78527607
281,34,315,0.61523438,0.78412698
317,25,342,0.66796875,0.85380117
337,5,342,0.66796875,0.97076023
330,11,341,0.66601562,0.93548387
301,35,336,0.65625,0.79166667
310,24,334,0.65234375,0.85628743
347,0,347,0.67773438,1
309,15,324,0.6328125,0.90740741
297,25,322,0.62890625,0.8447205
313,29,342,0.66796875,0.83040936
302,25,327,0.63867188,0.8470948
314,20,334,0.65234375,0.88023952
298,30,328,0.640625,0.81707317
312,16,328,0.640625,0.90243902
315,8,323,0.63085938,0.9504644
329,1,330,0.64453125,0.99393939
296,33,329,0.64257812,0.7993921
326,10,336,0.65625,0.94047619
302,31,333,0.65039062,0.81381381
319,6,325,0.63476562,0.96307692
324,13,337,0.65820312,0.92284866
322,12,334,0.65234375,0.92814371
318,24,342,0.66796875,0.85964912
326,6,332,0.6484375,0.96385542
310,31,341,0.66601562,0.81818182
304,24,328,0.640625,0.85365854
315,20,335,0.65429688,0.88059701
311,35,346,0.67578125,0.79768786
292,37,329,0.64257812,0.77507599
266,62,328,0.640625,0.62195122
236,81,317,0.61914062,0.48895899
307,22,329,0.64257812,0.8662614
321,18,339,0.66210938,0.89380531
328,4,332,0.6484375,0.97590361
347,0,347,0.67773438,1
311,19,330,0.64453125,0.88484848
328,5,333,0.65039062,0.96996997
326,13,339,0.66210938,0.92330383
319,6,325,0.63476562,0.96307692
300,26,326,0.63671875,0.8404908
316,15,331,0.64648438,0.90936556
286,27,313,0.61132812,0.82747604
275,44,319,0.62304688,0.72413793
291,35,326,0.63671875,0.78527607
317,30,347,0.67773438,0.82708934
319,9,328,0.640625,0.94512195
321,5,326,0.63671875,0.96932515
325,12,337,0.65820312,0.92878338
316,6,322,0.62890625,0.96273292
303,28,331,0.64648438,0.83081571
312,18,330,0.64453125,0.89090909
294,36,330,0.64453125,0.78181818
257,70,327,0.63867188,0.57186544
288,42,330,0.64453125,0.74545455
307,30,337,0.65820312,0.82195846
307,25,332,0.6484375,0.84939759
310,31,341,0.66601562,0.81818182
320,17,337,0.65820312,0.89910979
314,17,331,0.64648438,0.89728097
331,6,337,0.65820312,0.96439169
334,17,351,0.68554688,0.9031339
321,10,331,0.64648438,0.93957704
325,3,328,0.640625,0.98170732
322,16,338,0.66015625,0.90532544
316,19,335,0.65429688,0.88656716
298,39,337,0.65820312,0.76854599
323,14,337,0.65820312,0.91691395
330,12,342,0.66796875,0.92982456
328,11,339,0.66210938,0.93510324
318,7,325,0.63476562,0.95692308
281,43,324,0.6328125,0.7345679
327,11,338,0.66015625,0.93491124
314,17,331,0.64648438,0.89728097
301,28,329,0.64257812,0.82978723
304,20,324,0.6328125,0.87654321
325,16,341,0.66601562,0.90615836
324,6,330,0.64453125,0.96363636
292,43,335,0.65429688,0.74328358
270,64,334,0.65234375,0.61676647
274,69,343,0.66992188,0.59766764
322,18,340,0.6640625,0.89411765
338,1,339,0.66210938,0.99410029
331,0,331,0.64648438,1
315,14,329,0.64257812,0.91489362
305,13,318,0.62109375,0.91823899
332,2,334,0.65234375,0.98802395
339,9,348,0.6796875,0.94827586
334,10,344,0.671875,0.94186047
303,26,329,0.64257812,0.84194529
294,20,314,0.61328125,0.87261146
311,16,327,0.63867188,0.90214067
341,6,347,0.67773438,0.96541787
299,30,329,0.64257812,0.81762918
312,23,335,0.65429688,0.86268657
284,37,321,0.62695312,0.7694704
283,35,318,0.62109375,0.77987421
322,18,340,0.6640625,0.89411765
329,7,336,0.65625,0.95833333
335,5,340,0.6640625,0.97058824
342,2,344,0.671875,0.98837209
326,5,331,0.64648438,0.96978852
305,27,332,0.6484375,0.8373494
303,29,332,0.6484375,0.8253012
302,27,329,0.64257812,0.83586626
296,40,336,0.65625,0.76190476
297,22,319,0.62304688,0.86206897
330,4,334,0.65234375,0.9760479
279,42,321,0.62695312,0.73831776
286,47,333,0.65039062,0.71771772
310,23,333,0.65039062,0.86186186
303,32,335,0.65429688,0.80895522
296,32,328,0.640625,0.80487805
324,15,339,0.66210938,0.91150442
320,13,333,0.65039062,0.92192192
339,0,339,0.66210938,1
340,0,340,0.6640625,1
308,20,328,0.640625,0.87804878
299,29,328,0.640625,0.82317073
336,0,336,0.65625,1
316,15,331,0.64648438,0.90936556
324,12,336,0.65625,0.92857143
343,1,344,0.671875,0.99418605
329,6,335,0.65429688,0.9641791
306,25,331,0.64648438,0.8489426
321,16,337,0.65820312,0.90504451
335,2,337,0.65820312,0.98813056
310,22,332,0.6484375,0.86746988
346,0,346,0.67578125,1
310,10,320,0.625,0.9375
323,9,332,0.6484375,0.94578313
340,2,342,0.66796875,0.98830409
325,3,328,0.640625,0.98170732
330,12,342,0.66796875,0.92982456
352,0,352,0.6875,1
326,7,333,0.65039062,0.95795796
328,9,337,0.65820312,0.94658754
337,9,346,0.67578125,0.94797688
318,10,328,0.640625,0.93902439
320,24,344,0.671875,0.86046512
320,17,337,0.65820312,0.89910979
278,41,319,0.62304688,0.74294671
303,38,341,0.66601562,0.7771261
243,64,307,0.59960938,0.58306189
263,69,332,0.6484375,0.58433735
250,69,319,0.62304688,0.56739812
239,88,327,0.63867188,0.4617737
268,64,332,0.6484375,0.61445783
256,72,328,0.640625,0.56097561
306,34,340,0.6640625,0.8
337,16,353,0.68945312,0.90934844
306,17,323,0.63085938,0.89473684
339,1,340,0.6640625,0.99411765
316,11,327,0.63867188,0.93272171
329,4,333,0.65039062,0.97597598
327,11,338,0.66015625,0.93491124
324,13,337,0.65820312,0.92284866
284,45,329,0.64257812,0.72644377
301,30,331,0.64648438,0.81873112
298,36,334,0.65234375,0.78443114
303,32,335,0.65429688,0.80895522
345,7,352,0.6875,0.96022727
315,19,334,0.65234375,0.88622754
306,25,331,0.64648438,0.8489426
305,23,328,0.640625,0.8597561
335,17,352,0.6875,0.90340909
344,1,345,0.67382812,0.9942029
319,17,336,0.65625,0.89880952
335,8,343,0.66992188,0.95335277
328,6,334,0.65234375,0.96407186
332,7,339,0.66210938,0.95870206
325,1,326,0.63671875,0.99386503
332,13,345,0.67382812,0.92463768
345,8,353,0.68945312,0.95467422
324,17,341,0.66601562,0.90029326
292,36,328,0.640625,0.7804878
333,7,340,0.6640625,0.95882353
331,11,342,0.66796875,0.93567251
328,2,330,0.64453125,0.98787879
309,21,330,0.64453125,0.87272727
298,32,330,0.64453125,0.80606061
288,44,332,0.6484375,0.73493976
260,72,332,0.6484375,0.56626506
204,112,316,0.6171875,0.29113924
209,117,326,0.63671875,0.28220859
213,114,327,0.63867188,0.30275229
212,108,320,0.625,0.325
173,145,318,0.62109375,0.088050314
187,141,328,0.640625,0.1402439
146,164,310,0.60546875,-0.058064516
130,183,313,0.61132812,-0.16932907
84,250,334,0.65234375,-0.49700599
80,247,327,0.63867188,-0.51070336
83,243,326,0.63671875,-0.49079755
152,179,331,0.64648438,-0.081570997
93,222,315,0.61523438,-0.40952381
91,255,346,0.67578125,-0.47398844
89,232,321,0.62695312,-0.44548287
82,249,331,0.64648438,-0.50453172
129,205,334,0.65234375,-0.22754491
129,199,328,0.640625,-0.21341463
164,160,324,0.6328125,0.012345679
190,148,338,0.66015625,0.12426036
196,138,334,0.65234375,0.17365269
190,137,327,0.63867188,0.16207951
193,131,324,0.6328125,0.19135802
206,118,324,0.6328125,0.27160494
202,122,324,0.6328125,0.24691358
255,64,319,0.62304688,0.59874608
298,32,330,0.64453125,0.80606061
274,57,331,0.64648438,0.65558912
274,55,329,0.64257812,0.6656535
273,53,326,0.63671875,0.67484663
254,67,321,0.62695312,0.58255452
231,85,316,0.6171875,0.46202532
249,75,324,0.6328125,0.53703704
253,72,325,0.63476562,0.55692308
290,37,327,0.63867188,0.77370031
319,12,331,0.64648438,0.92749245
337,8,345,0.67382812,0.95362319
319,22,341,0.66601562,0.87096774
323,8,331,0.64648438,0.95166163
305,14,319,0.62304688,0.91222571
285,31,316,0.6171875,0.80379747
317,18,335,0.65429688,0.89253731
304,21,325,0.63476562,0.87076923
337,3,340,0.6640625,0.98235294
325,10,335,0.65429688,0.94029851
294,45,339,0.66210938,0.73451327
262,70,332,0.6484375,0.57831325
265,69,334,0.65234375,0.58682635
284,49,333,0.65039062,0.70570571
288,33,321,0.62695312,0.79439252
310,15,325,0.63476562,0.90769231
324,11,335,0.65429688,0.93432836
308,16,324,0.6328125,0.90123457
300,42,342,0.66796875,0.75438596
271,52,323,0.63085938,0.67801858
260,74,334,0.65234375,0.55688623
276,54,330,0.64453125,0.67272727
297,39,336,0.65625,0.76785714
342,1,343,0.66992188,0.9941691
318,20,338,0.66015625,0.8816568
336,9,345,0.67382812,0.94782609
323,5,328,0.640625,0.9695122
326,8,334,0.65234375,0.95209581
322,10,332,0.6484375,0.93975904
348,2,350,0.68359375,0.98857143
319,12,331,0.64648438,0.92749245
300,31,331,0.64648438,0.81268882
319,15,334,0.65234375,0.91017964
341,2,343,0.66992188,0.98833819
310,5,315,0.61523438,0.96825397
285,35,320,0.625,0.78125
331,12,343,0.66992188,0.93002915
328,7,335,0.65429688,0.95820896
347,5,352,0.6875,0.97159091
326,9,335,0.65429688,0.94626866
333,18,351,0.68554688,0.8974359
308,23,331,0.64648438,0.86102719
294,29,323,0.63085938,0.82043344
319,12,331,0.64648438,0.92749245
318,15,333,0.65039062,0.90990991
326,5,331,0.64648438,0.96978852
322,2,324,0.6328125,0.98765432
344,0,344,0.671875,1
301,32,333,0.65039062,0.80780781
302,22,324,0.6328125,0.86419753
303,20,323,0.63085938,0.87616099
332,6,338,0.66015625,0.96449704
320,10,330,0.64453125,0.93939394
328,5,333,0.65039062,0.96996997
320,10,330,0.64453125,0.93939394
331,2,333,0.65039062,0.98798799
327,14,341,0.66601562,0.91788856
308,33,341,0.66601562,0.80645161
283,40,323,0.63085938,0.75232198
294,40,334,0.65234375,0.76047904
310,13,323,0.63085938,0.91950464
325,11,336,0.65625,0.93452381
320,23,343,0.66992188,0.86588921
332,1,333,0.65039062,0.99399399
332,5,337,0.65820312,0.97032641
304,25,329,0.64257812,0.84802432
342,0,342,0.66796875,1
331,0,331,0.64648438,1
345,5,350,0.68359375,0.97142857
324,13,337,0.65820312,0.92284866
288,40,328,0.640625,0.75609756
267,57,324,0.6328125,0.64814815
270,55,325,0.63476562,0.66153846
289,53,342,0.66796875,0.69005848
244,87,331,0.64648438,0.47432024
216,90,306,0.59765625,0.41176471
255,68,323,0.63085938,0.57894737
258,76,334,0.65234375,0.54491018
275,52,327,0.63867188,0.68195719
290,48,338,0.66015625,0.71597633
310,31,341,0.66601562,0.81818182
291,42,333,0.65039062,0.74774775
334,14,348,0.6796875,0.91954023
323,10,333,0.65039062,0.93993994
336,4,340,0.6640625,0.97647059
317,23,340,0.6640625,0.86470588
300,28,328,0.640625,0.82926829
279,38,317,0.61914062,0.76025237
282,41,323,0.63085938,0.74613003
295,40,335,0.65429688,0.76119403
299,35,334,0.65234375,0.79041916
311,16,327,0.63867188,0.90214067
320,15,335,0.65429688,0.91044776
283,30,313,0.61132812,0.80830671
293,33,326,0.63671875,0.79754601
330,5,335,0.65429688,0.97014925
322,1,323,0.63085938,0.99380805
337,2,339,0.66210938,0.98820059
328,17,345,0.67382812,0.90144928
332,4,336,0.65625,0.97619048
306,23,329,0.64257812,0.86018237
326,6,332,0.6484375,0.96385542
321,10,331,0.64648438,0.93957704
325,15,340,0.6640625,0.91176471
294,39,333,0.65039062,0.76576577
255,64,319,0.62304688,0.59874608
299,30,329,0.64257812,0.81762918
313,21,334,0.65234375,0.8742515
328,5,333,0.65039062,0.96996997
325,5,330,0.64453125,0.96969697
323,11,334,0.65234375,0.93413174
323,12,335,0.65429688,0.92835821
323,5,328,0.640625,0.9695122
287,31,318,0.62109375,0.80503145
321,11,332,0.6484375,0.93373494
319,21,340,0.6640625,0.87647059
312,15,327,0.63867188,0.90825688
337,1,338,0.66015625,0.99408284
321,11,332,0.6484375,0.93373494
328,11,339,0.66210938,0.93510324
310,31,341,0.66601562,0.81818182
330,7,337,0.65820312,0.95845697
327,6,333,0.65039062,0.96396396
337,7,344,0.671875,0.95930233
295,19,314,0.61328125,0.87898089
306,15,321,0.62695312,0.90654206
338,3,341,0.66601562,0.98240469
341,0,341,0.66601562,1
311,23,334,0.65234375,0.86227545
307,19,326,0.63671875,0.88343558
314,21,335,0.65429688,0.87462687
321,7,328,0.640625,0.95731707
338,1,339,0.66210938,0.99410029
315,23,338,0.66015625,0.86390533
340,1,341,0.66601562,0.9941349
324,7,331,0.64648438,0.95770393
348,0,348,0.6796875,1
314,12,326,0.63671875,0.92638037
287,38,325,0.63476562,0.76615385
274,61,335,0.65429688,0.6358209
240,87,327,0.63867188,0.46788991
223,103,326,0.63671875,0.36809816
205,129,334,0.65234375,0.22754491
201,124,325,0.63476562,0.23692308
199,125,324,0.6328125,0.22839506
201,123,324,0.6328125,0.24074074
231,101,332,0.6484375,0.39156627
174,148,322,0.62890625,0.080745342
240,91,331,0.64648438,0.45015106
273,54,327,0.63867188,0.66972477
273,60,333,0.65039062,0.63963964
268,65,333,0.65039062,0.60960961
280,46,326,0.63671875,0.71779141
306,37,343,0.66992188,0.78425656
317,18,335,0.65429688,0.89253731
337,5,342,0.66796875,0.97076023
300,19,319,0.62304688,0.88087774
328,6,334,0.65234375,0.96407186
332,8,340,0.6640625,0.95294118
313,19,332,0.6484375,0.88554217
310,16,326,0.63671875,0.90184049
314,29,343,0.66992188,0.83090379
276,56,332,0.6484375,0.6626506
282,45,327,0.63867188,0.72477064
273,35,308,0.6015625,0.77272727
338,0,338,0.66015625,1
273,45,318,0.62109375,0.71698113
292,43,335,0.65429688,0.74328358
287,41,328,0.640625,0.75
334,3,337,0.65820312,0.98219585
321,24,345,0.67382812,0.86086957
321,25,346,0.67578125,0.85549133
312,17,329,0.64257812,0.89665653
325,14,339,0.66210938,0.91740413
355,0,355,0.69335938,1
342,6,348,0.6796875,0.96551724
335,4,339,0.66210938,0.97640118
275,56,331,0.64648438,0.66163142
319,20,339,0.66210938,0.8820059
313,5,318,0.62109375,0.96855346
334,0,334,0.65234375,1
322,11,333,0.65039062,0.93393393
338,7,345,0.67382812,0.95942029
343,5,348,0.6796875,0.97126437
319,9,328,0.640625,0.94512195
339,0,339,0.66210938,1
309,28,337,0.65820312,0.83382789
316,6,322,0.62890625,0.96273292
314,9,323,0.63085938,0.94427245
311,25,336,0.65625,0.85119048
284,54,338,0.66015625,0.68047337
256,69,325,0.63476562,0.57538462
271,61,332,0.6484375,0.63253012
275,52,327,0.63867188,0.68195719
290,43,333,0.65039062,0.74174174
264,59,323,0.63085938,0.63467492
282,50,332,0.6484375,0.69879518
269,59,328,0.640625,0.6402439
276,57,333,0.65039062,0.65765766
249,62,311,0.60742188,0.60128617
262,78,340,0.6640625,0.54117647
244,79,323,0.63085938,0.51083591
270,46,316,0.6171875,0.70886076
299,36,335,0.65429688,0.78507463
318,17,335,0.65429688,0.89850746
309,19,328,0.640625,0.88414634
332,12,344,0.671875,0.93023256
325,20,345,0.67382812,0.88405797
320,4,324,0.6328125,0.97530864
320,12,332,0.6484375,0.92771084
306,22,328,0.640625,0.86585366
337,10,347,0.67773438,0.94236311
323,22,345,0.67382812,0.87246377
314,19,333,0.65039062,0.88588589
317,20,337,0.65820312,0.88130564
316,14,330,0.64453125,0.91515152
292,33,325,0.63476562,0.79692308
280,47,327,0.63867188,0.71253823
294,33,327,0.63867188,0.79816514
313,13,326,0.63671875,0.9202454
320,15,335,0.65429688,0.91044776
347,1,348,0.6796875,0.99425287
313,17,330,0.64453125,0.8969697
315,19,334,0.65234375,0.88622754
297,39,336,0.65625,0.76785714
288,37,325,0.63476562,0.77230769
308,25,333,0.65039062,0.84984985
310,22,332,0.6484375,0.86746988
315,24,339,0.66210938,0.85840708
335,0,335,0.65429688,1
302,31,333,0.65039062,0.81381381
322,18,340,0.6640625,0.89411765
327,10,337,0.65820312,0.94065282
351,0,351,0.68554688,1
327,12,339,0.66210938,0.92920354
279,38,317,0.61914062,0.76025237
304,20,324,0.6328125,0.87654321
321,22,343,0.66992188,0.87172012
325,5,330,0.64453125,0.96969697
327,5,332,0.6484375,0.96987952
326,19,345,0.67382812,0.88985507
276,61,337,0.65820312,0.6379822
320,14,334,0.65234375,0.91616766
325,8,333,0.65039062,0.95195195
318,15,333,0.65039062,0.90990991
316,24,340,0.6640625,0.85882353
289,41,330,0.64453125,0.75151515
326,8,334,0.65234375,0.95209581
317,12,329,0.64257812,0.92705167
299,32,331,0.64648438,0.80664653
326,10,336,0.65625,0.94047619
308,7,315,0.61523438,0.95555556
318,20,338,0.66015625,0.8816568
339,2,341,0.66601562,0.98826979
341,0,341,0.66601562,1
319,21,340,0.6640625,0.87647059
271,51,322,0.62890625,0.68322981
321,18,339,0.66210938,0.89380531
299,29,328,0.640625,0.82317073
302,30,332,0.6484375,0.81927711
312,13,325,0.63476562,0.92
308,16,324,0.6328125,0.90123457
303,23,326,0.63671875,0.85889571
318,26,344,0.671875,0.84883721
331,7,338,0.66015625,0.95857988
328,12,340,0.6640625,0.92941176
273,52,325,0.63476562,0.68
275,55,330,0.64453125,0.66666667
275,45,320,0.625,0.71875
237,91,328,0.640625,0.44512195
243,91,334,0.65234375,0.45508982
277,51,328,0.640625,0.68902439
280,53,333,0.65039062,0.68168168
296,31,327,0.63867188,0.81039755
328,5,333,0.65039062,0.96996997
331,7,338,0.66015625,0.95857988
325,2,327,0.63867188,0.98776758
320,7,327,0.63867188,0.95718654
344,6,350,0.68359375,0.96571429
311,20,331,0.64648438,0.87915408
277,43,320,0.625,0.73125
249,76,325,0.63476562,0.53230769
234,89,323,0.63085938,0.44891641
254,74,328,0.640625,0.54878049
270,64,334,0.65234375,0.61676647
271,64,335,0.65429688,0.61791045
258,65,323,0.63085938,0.59752322
289,50,339,0.66210938,0.70501475
280,46,326,0.63671875,0.71779141
263,67,330,0.64453125,0.59393939
308,28,336,0.65625,0.83333333
339,0,339,0.66210938,1
330,13,343,0.66992188,0.92419825
311,19,330,0.64453125,0.88484848
299,42,341,0.66601562,0.75366569
265,61,326,0.63671875,0.62576687
316,21,337,0.65820312,0.87537092
306,27,333,0.65039062,0.83783784
299,29,328,0.640625,0.82317073
306,29,335,0.65429688,0.82686567
309,27,336,0.65625,0.83928571
293,28,321,0.62695312,0.82554517
289,29,318,0.62109375,0.81761006
315,18,333,0.65039062,0.89189189
321,1,322,0.62890625,0.99378882
292,26,318,0.62109375,0.83647799
255,59,314,0.61328125,0.62420382
278,53,331,0.64648438,0.67975831
297,35,332,0.6484375,0.78915663
299,39,338,0.66015625,0.76923077
288,54,342,0.66796875,0.68421053
266,60,326,0.63671875,0.63190184
328,13,341,0.66601562,0.92375367
295,42,337,0.65820312,0.75074184
311,17,328,0.640625,0.89634146
312,15,327,0.63867188,0.90825688
314,7,321,0.62695312,0.95638629
330,11,341,0.66601562,0.93548387
302,19,321,0.62695312,0.88161994
329,6,335,0.65429688,0.9641791
322,14,336,0.65625,0.91666667
323,12,335,0.65429688,0.92835821
328,14,342,0.66796875,0.91812865
326,17,343,0.66992188,0.90087464
330,8,338,0.66015625,0.95266272
336,11,347,0.67773438,0.93659942
318,12,330,0.64453125,0.92727273
331,10,341,0.66601562,0.94134897
329,1,330,0.64453125,0.99393939
320,5,325,0.63476562,0.96923077
336,0,336,0.65625,1
321,17,338,0.66015625,0.89940828
288,41,329,0.64257812,0.75075988
283,53,336,0.65625,0.68452381
295,29,324,0.6328125,0.82098765
304,32,336,0.65625,0.80952381
300,32,332,0.6484375,0.80722892
310,13,323,0.63085938,0.91950464
336,1,337,0.65820312,0.99406528
325,6,331,0.64648438,0.96374622
284,47,331,0.64648438,0.71601208
265,67,332,0.6484375,0.59638554
278,45,323,0.63085938,0.72136223
295,35,330,0.64453125,0.78787879
267,52,319,0.62304688,0.67398119
245,78,323,0.63085938,0.51702786
197,124,321,0.62695312,0.22741433
235,89,324,0.6328125,0.45061728
270,59,329,0.64257812,0.64133739
313,18,331,0.64648438,0.89123867
298,35,333,0.65039062,0.78978979
285,47,332,0.6484375,0.71686747
292,37,329,0.64257812,0.77507599
253,79,332,0.6484375,0.52409639
292,38,330,0.64453125,0.76969697
318,28,346,0.67578125,0.83815029
259,63,322,0.62890625,0.60869565
307,25,332,0.6484375,0.84939759
298,30,328,0.640625,0.81707317
319,21,340,0.6640625,0.87647059
309,19,328,0.640625,0.88414634
334,0,334,0.65234375,1
341,15,356,0.6953125,0.91573034
285,39,324,0.6328125,0.75925926
316,21,337,0.65820312,0.87537092
316,22,338,0.66015625,0.86982249
288,54,342,0.66796875,0.68421053
273,56,329,0.64257812,0.65957447
295,40,335,0.65429688,0.76119403
315,18,333,0.65039062,0.89189189
323,24,347,0.67773438,0.86167147
334,5,339,0.66210938,0.97050147
330,1,331,0.64648438,0.9939577
319,7,326,0.63671875,0.95705521
318,17,335,0.65429688,0.89850746
335,3,338,0.66015625,0.98224852
315,16,331,0.64648438,0.90332326
319,14,333,0.65039062,0.91591592
333,7,340,0.6640625,0.95882353
324,17,341,0.66601562,0.90029326
332,15,347,0.67773438,0.91354467
324,3,327,0.63867188,0.98165138
290,25,315,0.61523438,0.84126984
299,32,331,0.64648438,0.80664653
323,10,333,0.65039062,0.93993994
306,26,332,0.6484375,0.84337349
314,17,331,0.64648438,0.89728097
304,26,330,0.64453125,0.84242424
337,5,342,0.66796875,0.97076023
334,8,342,0.66796875,0.95321637
332,9,341,0.66601562,0.94721408
341,1,342,0.66796875,0.99415205
284,30,314,0.61328125,0.8089172
303,28,331,0.64648438,0.83081571
290,39,329,0.64257812,0.76291793
292,41,333,0.65039062,0.75375375
316,24,340,0.6640625,0.85882353
278,50,328,0.640625,0.69512195
292,34,326,0.63671875,0.79141104
287,32,319,0.62304688,0.79937304
337,7,344,0.671875,0.95930233
326,4,330,0.64453125,0.97575758
319,24,343,0.66992188,0.86005831
292,38,330,0.64453125,0.76969697
297,31,328,0.640625,0.81097561
298,29,327,0.63867188,0.82262997
291,37,328,0.640625,0.77439024
311,24,335,0.65429688,0.85671642
294,27,321,0.62695312,0.8317757
293,36,329,0.64257812,0.78115502
260,69,329,0.64257812,0.58054711
290,41,331,0.64648438,0.75226586
284,41,325,0.63476562,0.74769231
304,20,324,0.6328125,0.87654321
299,42,341,0.66601562,0.75366569
298,38,336,0.65625,0.77380952
279,56,335,0.65429688,0.66567164
245,81,326,0.63671875,0.50306748
250,87,337,0.65820312,0.48367953
276,55,331,0.64648438,0.66767372
261,75,336,0.65625,0.55357143
286,39,325,0.63476562,0.76
288,36,324,0.6328125,0.77777778
332,7,339,0.66210938,0.95870206
340,1,341,0.66601562,0.9941349
309,21,330,0.64453125,0.87272727
295,39,334,0.65234375,0.76646707
272,61,333,0.65039062,0.63363363
220,114,334,0.65234375,0.31736527
245,83,328,0.640625,0.49390244
282,45,327,0.63867188,0.72477064
320,21,341,0.66601562,0.87683284
308,14,322,0.62890625,0.91304348
327,6,333,0.65039062,0.96396396
284,32,316,0.6171875,0.79746835
309,12,321,0.62695312,0.92523364
328,16,344,0.671875,0.90697674
295,34,329,0.64257812,0.79331307
293,40,333,0.65039062,0.75975976
305,20,325,0.63476562,0.87692308
321,12,333,0.65039062,0.92792793
306,24,330,0.64453125,0.85454545
275,45,320,0.625,0.71875
293,41,334,0.65234375,0.75449102
298,29,327,0.63867188,0.82262997
328,13,341,0.66601562,0.92375367
327,8,335,0.65429688,0.95223881
324,14,338,0.66015625,0.91715976
293,36,329,0.64257812,0.78115502
268,58,326,0.63671875,0.64417178
301,27,328,0.640625,0.83536585
324,9,333,0.65039062,0.94594595
335,3,338,0.66015625,0.98224852
315,19,334,0.65234375,0.88622754
322,7,329,0.64257812,0.95744681
338,6,344,0.671875,0.96511628
327,10,337,0.65820312,0.94065282
309,14,323,0.63085938,0.91331269
340,1,341,0.66601562,0.9941349
329,7,336,0.65625,0.95833333
250,58,308,0.6015625,0.62337662
301,31,332,0.6484375,0.81325301
277,50,327,0.63867188,0.6941896
253,81,334,0.65234375,0.51497006
237,85,322,0.62890625,0.47204969
236,97,333,0.65039062,0.41741742
283,44,327,0.63867188,0.73088685
263,72,335,0.65429688,0.57014925
294,42,336,0.65625,0.75
307,20,327,0.63867188,0.87767584
288,34,322,0.62890625,0.78881988
318,9,327,0.63867188,0.94495413
332,4,336,0.65625,0.97619048
330,7,337,0.65820312,0.95845697
334,3,337,0.65820312,0.98219585
318,3,321,0.62695312,0.98130841
320,16,336,0.65625,0.9047619
329,7,336,0.65625,0.95833333
297,28,325,0.63476562,0.82769231
298,43,341,0.66601562,0.74780059
309,27,336,0.65625,0.83928571
311,9,320,0.625,0.94375
332,11,343,0.66992188,0.93586006
332,4,336,0.65625,0.97619048
291,34,325,0.63476562,0.79076923
322,22,344,0.671875,0.87209302
333,13,346,0.67578125,0.92485549
321,9,330,0.64453125,0.94545455
316,28,344,0.671875,0.8372093
281,50,331,0.64648438,0.6978852
281,41,322,0.62890625,0.74534161
280,67,347,0.67773438,0.61383285
277,51,328,0.640625,0.68902439
291,36,327,0.63867188,0.77981651
337,4,341,0.66601562,0.97653959
327,19,346,0.67578125,0.89017341
328,10,338,0.66015625,0.9408284
321,10,331,0.64648438,0.93957704
316,7,323,0.63085938,0.95665635
316,24,340,0.6640625,0.85882353
342,2,344,0.671875,0.98837209
322,9,331,0.64648438,0.94561934
294,24,318,0.62109375,0.8490566
291,33,324,0.6328125,0.7962963
305,22,327,0.63867188,0.86544343
300,26,326,0.63671875,0.8404908
326,10,336,0.65625,0.94047619
340,7,347,0.67773438,0.95965418
305,23,328,0.640625,0.8597561
291,43,334,0.65234375,0.74251497
303,31,334,0.65234375,0.81437126
317,8,325,0.63476562,0.95076923
302,19,321,0.62695312,0.88161994
299,30,329,0.64257812,0.81762918
302,29,331,0.64648438,0.82477341
309,22,331,0.64648438,0.86706949
306,12,318,0.62109375,0.9245283
313,12,325,0.63476562,0.92615385
322,8,330,0.64453125,0.95151515
343,6,349,0.68164062,0.96561605
338,0,338,0.66015625,1
320,7,327,0.63867188,0.95718654
342,2,344,0.671875,0.98837209
336,6,342,0.66796875,0.96491228
301,36,337,0.65820312,0.78635015
296,33,329,0.64257812,0.7993921
276,47,323,0.63085938,0.70897833
253,77,330,0.64453125,0.53333333
238,86,324,0.6328125,0.4691358
253,67,320,0.625,0.58125
244,80,324,0.6328125,0.50617284
227,92,319,0.62304688,0.42319749
244,68,312,0.609375,0.56410256
239,80,319,0.62304688,0.4984326
229,99,328,0.640625,0.39634146
258,80,338,0.66015625,0.52662722
234,82,316,0.6171875,0.48101266
259,72,331,0.64648438,0.56495468
267,63,330,0.64453125,0.61818182
269,61,330,0.64453125,0.63030303
293,40,333,0.65039062,0.75975976
272,47,319,0.62304688,0.70532915
309,27,336,0.65625,0.83928571
285,32,317,0.61914062,0.79810726
321,6,327,0.63867188,0.96330275
308,23,331,0.64648438,0.86102719
326,10,336,0.65625,0.94047619
314,13,327,0.63867188,0.9204893
339,2,341,0.66601562,0.98826979
331,4,335,0.65429688,0.9761194
324,4,328,0.640625,0.97560976
323,4,327,0.63867188,0.97553517
304,33,337,0.65820312,0.8041543
255,80,335,0.65429688,0.52238806
293,44,337,0.65820312,0.7388724
288,48,336,0.65625,0.71428571
338,6,344,0.671875,0.96511628
335,6,341,0.66601562,0.96480938
317,12,329,0.64257812,0.92705167
309,27,336,0.65625,0.83928571
305,22,327,0.63867188,0.86544343
328,9,337,0.65820312,0.94658754
345,1,346,0.67578125,0.99421965
321,15,336,0.65625,0.91071429
291,46,337,0.65820312,0.72700297
227,105,332,0.6484375,0.36746988
254,78,332,0.6484375,0.53012048
221,106,327,0.63867188,0.35168196
237,90,327,0.63867188,0.44954128
184,146,330,0.64453125,0.11515152
148,174,322,0.62890625,-0.080745342
161,158,319,0.62304688,0.0094043887
191,130,321,0.62695312,0.19003115
242,85,327,0.63867188,0.48012232
243,91,334,0.65234375,0.45508982
329,17,346,0.67578125,0.9017341
293,35,328,0.640625,0.78658537
306,28,334,0.65234375,0.83233533
320,23,343,0.66992188,0.86588921
315,13,328,0.640625,0.92073171
337,2,339,0.66210938,0.98820059
326,0,326,0.63671875,1
324,5,329,0.64257812,0.96960486
284,34,318,0.62109375,0.78616352
271,60,331,0.64648438,0.63746224
247,79,326,0.63671875,0.51533742
241,84,325,0.63476562,0.48307692
256,72,328,0.640625,0.56097561
266,67,333,0.65039062,0.5975976
232,89,321,0.62695312,0.44548287
247,76,323,0.63085938,0.52941176
222,103,325,0.63476562,0.36615385
247,76,323,0.63085938,0.52941176
279,44,323,0.63085938,0.72755418
265,58,323,0.63085938,0.64086687
261,63,324,0.6328125,0.61111111
273,56,329,0.64257812,0.65957447
264,70,334,0.65234375,0.58083832
261,66,327,0.63867188,0.59633028
287,48,335,0.65429688,0.71343284
293,30,323,0.63085938,0.81424149
322,13,335,0.65429688,0.92238806
272,53,325,0.63476562,0.67384615
289,34,323,0.63085938,0.78947368
330,18,348,0.6796875,0.89655172
324,6,330,0.64453125,0.96363636
345,1,346,0.67578125,0.99421965
321,13,334,0.65234375,0.92215569
324,11,335,0.65429688,0.93432836
331,6,337,0.65820312,0.96439169
312,18,330,0.64453125,0.89090909
331,8,339,0.66210938,0.95280236
280,46,326,0.63671875,0.71779141
306,29,335,0.65429688,0.82686567
301,30,331,0.64648438,0.81873112
316,8,324,0.6328125,0.95061728
318,4,322,0.62890625,0.97515528
310,9,319,0.62304688,0.94357367
305,24,329,0.64257812,0.85410334
336,2,338,0.66015625,0.98816568
339,4,343,0.66992188,0.97667638
334,10,344,0.671875,0.94186047
291,24,315,0.61523438,0.84761905
294,28,322,0.62890625,0.82608696
307,22,329,0.64257812,0.8662614
295,29,324,0.6328125,0.82098765
315,19,334,0.65234375,0.88622754
329,8,337,0.65820312,0.95252226
321,2,323,0.63085938,0.9876161
342,1,343,0.66992188,0.9941691
346,0,346,0.67578125,1
319,9,328,0.640625,0.94512195
328,15,343,0.66992188,0.91253644
317,12,329,0.64257812,0.92705167
335,5,340,0.6640625,0.97058824
313,0,313,0.61132812,1
288,39,327,0.63867188,0.76146789
345,4,349,0.68164062,0.97707736
327,3,330,0.64453125,0.98181818
313,27,340,0.6640625,0.84117647
296,26,322,0.62890625,0.83850932
346,0,346,0.67578125,1
330,18,348,0.6796875,0.89655172
324,20,344,0.671875,0.88372093
299,25,324,0.6328125,0.84567901
321,14,335,0.65429688,0.91641791
335,0,335,0.65429688,1
325,8,333,0.65039062,0.95195195
342,0,342,0.66796875,1
302,24,326,0.63671875,0.85276074
283,45,328,0.640625,0.72560976
313,23,336,0.65625,0.86309524
280,30,310,0.60546875,0.80645161
313,31,344,0.671875,0.81976744
279,43,322,0.62890625,0.73291925
313,13,326,0.63671875,0.9202454
307,13,320,0.625,0.91875
316,26,342,0.66796875,0.84795322
333,8,341,0.66601562,0.95307918
297,26,323,0.63085938,0.83900929
320,12,332,0.6484375,0.92771084
341,2,343,0.66992188,0.98833819
330,1,331,0.64648438,0.9939577
309,16,325,0.63476562,0.90153846
323,15,338,0.66015625,0.9112426
332,9,341,0.66601562,0.94721408
320,15,335,0.65429688,0.91044776
340,6,346,0.67578125,0.96531792
342,1,343,0.66992188,0.9941691
331,0,331,0.64648438,1
342,2,344,0.671875,0.98837209
341,1,342,0.66796875,0.99415205
322,15,337,0.65820312,0.91097923
310,33,343,0.66992188,0.80758017
322,15,337,0.65820312,0.91097923
310,16,326,0.63671875,0.90184049
303,37,340,0.6640625,0.78235294
263,63,326,0.63671875,0.61349693
293,36,329,0.64257812,0.78115502
323,15,338,0.66015625,0.9112426
346,2,348,0.6796875,0.98850575
284,35,319,0.62304688,0.78056426
324,16,340,0.6640625,0.90588235
313,12,325,0.63476562,0.92615385
323,11,334,0.65234375,0.93413174
343,1,344,0.671875,0.99418605
338,2,340,0.6640625,0.98823529
328,8,336,0.65625,0.95238095
307,19,326,0.63671875,0.88343558
327,17,344,0.671875,0.90116279
284,44,328,0.640625,0.73170732
292,34,326,0.63671875,0.79141104
244,74,318,0.62109375,0.53459119
304,30,334,0.65234375,0.82035928
274,47,321,0.62695312,0.70716511
277,59,336,0.65625,0.64880952
277,48,325,0.63476562,0.70461538
229,93,322,0.62890625,0.42236025
256,64,320,0.625,0.6
293,37,330,0.64453125,0.77575758
295,34,329,0.64257812,0.79331307
287,37,324,0.6328125,0.77160494
272,61,333,0.65039062,0.63363363
269,53,322,0.62890625,0.67080745
301,40,341,0.66601562,0.76539589
286,50,336,0.65625,0.70238095
286,41,327,0.63867188,0.74923547
287,39,326,0.63671875,0.7607362
328,7,335,0.65429688,0.95820896
313,20,333,0.65039062,0.87987988
338,2,340,0.6640625,0.98823529
284,43,327,0.63867188,0.73700306
257,78,335,0.65429688,0.53432836
264,77,341,0.66601562,0.5483871
269,61,330,0.64453125,0.63030303
314,37,351,0.68554688,0.78917379
264,58,322,0.62890625,0.63975155
269,66,335,0.65429688,0.60597015
307,17,324,0.6328125,0.89506173
310,19,329,0.64257812,0.88449848
317,16,333,0.65039062,0.9039039
292,31,323,0.63085938,0.80804954
308,28,336,0.65625,0.83333333
326,17,343,0.66992188,0.90087464
324,11,335,0.65429688,0.93432836
329,7,336,0.65625,0.95833333
341,4,345,0.67382812,0.97681159
322,8,330,0.64453125,0.95151515
327,3,330,0.64453125,0.98181818
334,5,339,0.66210938,0.97050147
332,1,333,0.65039062,0.99399399
321,13,334,0.65234375,0.92215569
320,13,333,0.65039062,0.92192192
327,7,334,0.65234375,0.95808383
329,7,336,0.65625,0.95833333
313,16,329,0.64257812,0.90273556
319,1,320,0.625,0.99375
319,13,332,0.6484375,0.92168675
320,9,329,0.64257812,0.94528875
322,16,338,0.66015625,0.90532544
323,17,340,0.6640625,0.9
343,6,349,0.68164062,0.96561605
309,16,325,0.63476562,0.90153846
298,19,317,0.61914062,0.88012618
318,19,337,0.65820312,0.88724036
310,21,331,0.64648438,0.87311178
311,19,330,0.64453125,0.88484848
328,0,328,0.640625,1
320,13,333,0.65039062,0.92192192
319,13,332,0.6484375,0.92168675
311,18,329,0.64257812,0.89057751
286,45,331,0.64648438,0.72809668
283,47,330,0.64453125,0.71515152
289,42,331,0.64648438,0.74622356
263,62,325,0.63476562,0.61846154
311,15,326,0.63671875,0.90797546
331,12,343,0.66992188,0.93002915
311,27,338,0.66015625,0.84023669
283,55,338,0.66015625,0.67455621
285,42,327,0.63867188,0.74311927
300,31,331,0.64648438,0.81268882
259,61,320,0.625,0.61875
334,4,338,0.66015625,0.97633136
301,30,331,0.64648438,0.81873112
265,64,329,0.64257812,0.61094225
266,47,313,0.61132812,0.69968051
261,59,320,0.625,0.63125
279,46,325,0.63476562,0.71692308
321,25,346,0.67578125,0.85549133
318,19,337,0.65820312,0.88724036
314,13,327,0.63867188,0.9204893
326,9,335,0.65429688,0.94626866
289,42,331,0.64648438,0.74622356
315,19,334,0.65234375,0.88622754
307,24,331,0.64648438,0.85498489
326,7,333,0.65039062,0.95795796
306,22,328,0.640625,0.86585366
315,12,327,0.63867188,0.9266055
304,22,326,0.63671875,0.86503067
297,26,323,0.63085938,0.83900929
308,11,319,0.62304688,0.93103448
303,32,335,0.65429688,0.80895522
286,48,334,0.65234375,0.71257485
313,21,334,0.65234375,0.8742515
309,29,338,0.66015625,0.82840237
299,31,330,0.64453125,0.81212121
295,20,315,0.61523438,0.87301587
303,32,335,0.65429688,0.80895522
278,51,329,0.64257812,0.6899696
299,30,329,0.64257812,0.81762918
278,41,319,0.62304688,0.74294671
312,38,350,0.68359375,0.78285714
341,3,344,0.671875,0.98255814
335,0,335,0.65429688,1
335,11,346,0.67578125,0.93641618
303,16,319,0.62304688,0.89968652
323,11,334,0.65234375,0.93413174
336,7,343,0.66992188,0.95918367
309,28,337,0.65820312,0.83382789
303,21,324,0.6328125,0.87037037
329,10,339,0.66210938,0.94100295
315,15,330,0.64453125,0.90909091
265,56,321,0.62695312,0.65109034
244,86,330,0.64453125,0.47878788
246,86,332,0.6484375,0.48192771
251,67,318,0.62109375,0.57861635
262,69,331,0.64648438,0.58308157
302,37,339,0.66210938,0.78171091
287,41,328,0.640625,0.75
279,51,330,0.64453125,0.69090909
311,25,336,0.65625,0.85119048
317,21,338,0.66015625,0.87573964
302,31,333,0.65039062,0.81381381
292,37,329,0.64257812,0.77507599
303,27,330,0.64453125,0.83636364
297,30,327,0.63867188,0.81651376
318,14,332,0.6484375,0.91566265
326,2,328,0.640625,0.98780488
335,13,348,0.6796875,0.92528736
322,8,330,0.64453125,0.95151515
338,2,340,0.6640625,0.98823529
324,19,343,0.66992188,0.88921283
302,16,318,0.62109375,0.89937107
324,7,331,0.64648438,0.95770393
334,6,340,0.6640625,0.96470588
318,13,331,0.64648438,0.92145015
320,18,338,0.66015625,0.89349112
323,12,335,0.65429688,0.92835821
337,2,339,0.66210938,0.98820059
324,16,340,0.6640625,0.90588235
298,32,330,0.64453125,0.80606061
261,58,319,0.62304688,0.63636364
318,16,334,0.65234375,0.90419162
330,9,339,0.66210938,0.94690265
334,0,334,0.65234375,1
284,38,322,0.62890625,0.76397516
302,24,326,0.63671875,0.85276074
293,43,336,0.65625,0.74404762
247,82,329,0.64257812,0.50151976
273,52,325,0.63476562,0.68
300,23,323,0.63085938,0.85758514
317,20,337,0.65820312,0.88130564
329,5,334,0.65234375,0.97005988
334,10,344,0.671875,0.94186047
320,12,332,0.6484375,0.92771084
308,16,324,0.6328125,0.90123457
332,14,346,0.67578125,0.91907514
342,2,344,0.671875,0.98837209
327,10,337,0.65820312,0.94065282
308,23,331,0.64648438,0.86102719
337,0,337,0.65820312,1
336,2,338,0.66015625,0.98816568
330,4,334,0.65234375,0.9760479
324,15,339,0.66210938,0.91150442
306,27,333,0.65039062,0.83783784
302,27,329,0.64257812,0.83586626
311,27,338,0.66015625,0.84023669
315,8,323,0.63085938,0.9504644
338,2,340,0.6640625,0.98823529
320,13,333,0.65039062,0.92192192
327,7,334,0.65234375,0.95808383
316,17,333,0.65039062,0.8978979
324,18,342,0.66796875,0.89473684
330,12,342,0.66796875,0.92982456
319,12,331,0.64648438,0.92749245
322,15,337,0.65820312,0.91097923
323,13,336,0.65625,0.92261905
339,3,342,0.66796875,0.98245614
333,4,337,0.65820312,0.97626113
320,4,324,0.6328125,0.97530864
303,40,343,0.66992188,0.76676385
317,10,327,0.63867188,0.93883792
304,16,320,0.625,0.9
296,40,336,0.65625,0.76190476
284,49,333,0.65039062,0.70570571
328,10,338,0.66015625,0.9408284
352,0,352,0.6875,1
327,4,331,0.64648438,0.97583082
326,5,331,0.64648438,0.96978852
337,6,343,0.66992188,0.96501458
306,10,316,0.6171875,0.93670886
332,1,333,0.65039062,0.99399399
328,15,343,0.66992188,0.91253644
321,23,344,0.671875,0.86627907
327,7,334,0.65234375,0.95808383
318,18,336,0.65625,0.89285714
326,13,339,0.66210938,0.92330383
315,11,326,0.63671875,0.93251534
335,2,337,0.65820312,0.98813056
342,1,343,0.66992188,0.9941691
348,0,348,0.6796875,1
326,0,326,0.63671875,1
294,35,329,0.64257812,0.78723404
290,36,326,0.63671875,0.7791411
291,46,337,0.65820312,0.72700297
300,27,327,0.63867188,0.83486239
325,10,335,0.65429688,0.94029851
328,7,335,0.65429688,0.95820896
340,10,350,0.68359375,0.94285714
334,13,347,0.67773438,0.92507205
309,20,329,0.64257812,0.87841945
309,29,338,0.66015625,0.82840237
273,47,320,0.625,0.70625
302,37,339,0.66210938,0.78171091
296,35,331,0.64648438,0.78851964
319,17,336,0.65625,0.89880952
312,22,334,0.65234375,0.86826347
323,3,326,0.63671875,0.98159509
332,3,335,0.65429688,0.98208955
332,7,339,0.66210938,0.95870206
298,26,324,0.6328125,0.83950617
309,27,336,0.65625,0.83928571
312,14,326,0.63671875,0.91411043
320,13,333,0.65039062,0.92192192
341,0,341,0.66601562,1
332,11,343,0.66992188,0.93586006
322,18,340,0.6640625,0.89411765
272,58,330,0.64453125,0.64848485
283,50,333,0.65039062,0.6996997
292,41,333,0.65039062,0.75375375
285,34,319,0.62304688,0.78683386
288,38,326,0.63671875,0.76687117
319,26,345,0.67382812,0.84927536
283,40,323,0.63085938,0.75232198
289,40,329,0.64257812,0.75683891
333,11,344,0.671875,0.93604651
307,22,329,0.64257812,0.8662614
302,33,335,0.65429688,0.80298507
293,40,333,0.65039062,0.75975976
323,16,339,0.66210938,0.90560472
302,26,328,0.640625,0.84146341
321,16,337,0.65820312,0.90504451
305,32,337,0.65820312,0.81008902
328,7,335,0.65429688,0.95820896
339,9,348,0.6796875,0.94827586
299,32,331,0.64648438,0.80664653
291,41,332,0.6484375,0.75301205
290,34,324,0.6328125,0.79012346
319,9,328,0.640625,0.94512195
337,0,337,0.65820312,1
303,23,326,0.63671875,0.85889571
306,22,328,0.640625,0.86585366
317,17,334,0.65234375,0.89820359
326,3,329,0.64257812,0.98176292
304,22,326,0.63671875,0.86503067
330,11,341,0.66601562,0.93548387
324,10,334,0.65234375,0.94011976
331,7,338,0.66015625,0.95857988
320,18,338,0.66015625,0.89349112
280,48,328,0.640625,0.70731707
297,37,334,0.65234375,0.77844311
292,35,327,0.63867188,0.78593272
317,24,341,0.66601562,0.85923754
326,7,333,0.65039062,0.95795796
324,13,337,0.65820312,0.92284866
333,3,336,0.65625,0.98214286
307,26,333,0.65039062,0.84384384
340,5,345,0.67382812,0.97101449
288,42,330,0.64453125,0.74545455
257,72,329,0.64257812,0.56231003
242,81,323,0.63085938,0.49845201
241,76,317,0.61914062,0.52050473
273,53,326,0.63671875,0.67484663
305,23,328,0.640625,0.8597561
312,12,324,0.6328125,0.92592593
310,21,331,0.64648438,0.87311178
322,17,339,0.66210938,0.89970501
329,5,334,0.65234375,0.97005988
338,0,338,0.66015625,1
318,18,336,0.65625,0.89285714
317,23,340,0.6640625,0.86470588
316,18,334,0.65234375,0.89221557
338,7,345,0.67382812,0.95942029
328,7,335,0.65429688,0.95820896
305,41,346,0.67578125,0.76300578
302,25,327,0.63867188,0.8470948
313,15,328,0.640625,0.90853659
304,31,335,0.65429688,0.81492537
314,19,333,0.65039062,0.88588589
319,11,330,0.64453125,0.93333333
296,23,319,0.62304688,0.85579937
332,8,340,0.6640625,0.95294118
339,4,343,0.66992188,0.97667638
309,18,327,0.63867188,0.88990826
331,9,340,0.6640625,0.94705882
311,13,324,0.6328125,0.91975309
342,3,345,0.67382812,0.9826087
333,14,347,0.67773438,0.91930836
331,9,340,0.6640625,0.94705882
326,7,333,0.65039062,0.95795796
311,22,333,0.65039062,0.86786787
297,21,318,0.62109375,0.86792453
310,17,327,0.63867188,0.89602446
342,0,342,0.66796875,1
326,6,332,0.6484375,0.96385542
320,11,331,0.64648438,0.93353474
315,11,326,0.63671875,0.93251534
337,7,344,0.671875,0.95930233
329,6,335,0.65429688,0.9641791
305,26,331,0.64648438,0.8429003
317,19,336,0.65625,0.88690476
301,24,325,0.63476562,0.85230769
313,26,339,0.66210938,0.84660767
336,8,344,0.671875,0.95348837
331,6,337,0.65820312,0.96439169
302,24,326,0.63671875,0.85276074
287,51,338,0.66015625,0.69822485
282,48,330,0.64453125,0.70909091
291,37,328,0.640625,0.77439024
291,38,329,0.64257812,0.76899696
266,64,330,0.64453125,0.61212121
247,77,324,0.6328125,0.52469136
235,84,319,0.62304688,0.47335423
204,126,330,0.64453125,0.23636364
157,156,313,0.61132812,0.0031948882
104,228,332,0.6484375,-0.37349398
109,226,335,0.65429688,-0.34925373
46,277,323,0.63085938,-0.71517028
88,235,323,0.63085938,-0.45510836
104,230,334,0.65234375,-0.37724551
125,192,317,0.61914062,-0.21135647
137,186,323,0.63085938,-0.15170279
168,158,326,0.63671875,0.030674847
188,145,333,0.65039062,0.12912913
174,147,321,0.62695312,0.08411215
188,131,319,0.62304688,0.17868339
172,150,322,0.62890625,0.068322981
147,180,327,0.63867188,-0.10091743
98,221,319,0.62304688,-0.38557994
99,228,327,0.63867188,-0.39449541
92,232,324,0.6328125,-0.43209877
91,233,324,0.6328125,-0.4382716
30,304,334,0.65234375,-0.82035928
8,322,330,0.64453125,-0.95151515
10,325,335,0.65429688,-0.94029851
30,286,316,0.6171875,-0.81012658
65,256,321,0.62695312,-0.59501558
61,267,328,0.640625,-0.62804878
100,227,327,0.63867188,-0.3883792
61,261,322,0.62890625,-0.62111801
67,272,339,0.66210938,-0.60471976
62,262,324,0.6328125,-0.61728395
82,237,319,0.62304688,-0.48589342
70,257,327,0.63867188,-0.57186544
43,288,331,0.64648438,-0.74018127
38,296,334,0.65234375,-0.77245509
30,290,320,0.625,-0.8125
1,333,334,0.65234375,-0.99401198
18,316,334,0.65234375,-0.89221557
11,319,330,0.64453125,-0.93333333
4,337,341,0.66601562,-0.97653959
5,323,328,0.640625,-0.9695122
27,310,337,0.65820312,-0.83976261
27,303,330,0.64453125,-0.83636364
4,333,337,0.65820312,-0.97626113
10,320,330,0.64453125,-0.93939394
14,312,326,0.63671875,-0.91411043
16,325,341,0.66601562,-0.90615836
37,305,342,0.66796875,-0.78362573
8,316,324,0.6328125,-0.95061728
49,285,334,0.65234375,-0.70658683
7,336,343,0.66992188,-0.95918367
14,323,337,0.65820312,-0.91691395
4,333,337,0.65820312,-0.97626113
18,324,342,0.66796875,-0.89473684
3,325,328,0.640625,-0.98170732
19,321,340,0.6640625,-0.88823529
58,258,316,0.6171875,-0.63291139
82,242,324,0.6328125,-0.49382716
54,281,335,0.65429688,-0.67761194
85,243,328,0.640625,-0.48170732
75,252,327,0.63867188,-0.5412844
82,240,322,0.62890625,-0.49068323
66,271,337,0.65820312,-0.60830861
13,321,334,0.65234375,-0.92215569
9,316,325,0.63476562,-0.94461538
8,323,331,0.64648438,-0.95166163
2,328,330,0.64453125,-0.98787879
14,327,341,0.66601562,-0.91788856
30,298,328,0.640625,-0.81707317
34,296,330,0.64453125,-0.79393939
58,269,327,0.63867188,-0.64525994
11,326,337,0.65820312,-0.9347181
2,325,327,0.63867188,-0.98776758
21,311,332,0.6484375,-0.87349398
2,336,338,0.66015625,-0.98816568
19,318,337,0.65820312,-0.88724036
38,301,339,0.66210938,-0.77581121
21,313,334,0.65234375,-0.8742515
14,317,331,0.64648438,-0.91540785
15,304,319,0.62304688,-0.90595611
16,305,321,0.62695312,-0.90031153
21,308,329,0.64257812,-0.87234043
19,309,328,0.640625,-0.88414634
8,328,336,0.65625,-0.95238095
3,335,338,0.66015625,-0.98224852
6,333,339,0.66210938,-0.96460177
26,304,330,0.64453125,-0.84242424
11,324,335,0.65429688,-0.93432836
11,321,332,0.6484375,-0.93373494
26,294,320,0.625,-0.8375
14,323,337,0.65820312,-0.91691395
4,324,328,0.640625,-0.97560976
15,333,348,0.6796875,-0.9137931
4,325,329,0.64257812,-0.97568389
20,315,335,0.65429688,-0.88059701
34,301,335,0.65429688,-0.79701493
15,310,325,0.63476562,-0.90769231
17,325,342,0.66796875,-0.9005848
18,323,341,0.66601562,-0.89442815
3,339,342,0.66796875,-0.98245614
26,309,335,0.65429688,-0.84477612
39,296,335,0.65429688,-0.76716418
34,295,329,0.64257812,-0.79331307
32,300,332,0.6484375,-0.80722892
3,334,337,0.65820312,-0.98219585
22,319,341,0.66601562,-0.87096774
35,287,322,0.62890625,-0.7826087
12,314,326,0.63671875,-0.92638037
1,337,338,0.66015625,-0.99408284
15,328,343,0.66992188,-0.91253644
10,324,334,0.65234375,-0.94011976
0,328,328,0.640625,-1
2,330,332,0.6484375,-0.98795181
27,294,321,0.62695312,-0.8317757
22,310,332,0.6484375,-0.86746988
42,267,309,0.60351562,-0.72815534
40,290,330,0.64453125,-0.75757576
54,272,326,0.63671875,-0.66871166
51,291,342,0.66796875,-0.70175439
38,285,323,0.63085938,-0.76470588
39,283,322,0.62890625,-0.75776398
35,303,338,0.66015625,-0.79289941
12,322,334,0.65234375,-0.92814371
42,292,334,0.65234375,-0.74850299
20,316,336,0.65625,-0.88095238
13,320,333,0.65039062,-0.92192192
14,310,324,0.6328125,-0.91358025
45,291,336,0.65625,-0.73214286
58,271,329,0.64257812,-0.64741641
35,296,331,0.64648438,-0.78851964
69,253,322,0.62890625,-0.57142857
84,231,315,0.61523438,-0.46666667
35,303,338,0.66015625,-0.79289941
23,306,329,0.64257812,-0.86018237
28,304,332,0.6484375,-0.8313253
16,315,331,0.64648438,-0.90332326
14,315,329,0.64257812,-0.91489362
4,335,339,0.66210938,-0.97640118
25,315,340,0.6640625,-0.85294118
0,335,335,0.65429688,-1
33,301,334,0.65234375,-0.80239521
34,304,338,0.66015625,-0.79881657
52,276,328,0.640625,-0.68292683
21,317,338,0.66015625,-0.87573964
6,335,341,0.66601562,-0.96480938
17,329,346,0.67578125,-0.9017341
9,316,325,0.63476562,-0.94461538
29,317,346,0.67578125,-0.83236994
11,320,331,0.64648438,-0.93353474
15,316,331,0.64648438,-0.90936556
6,337,343,0.66992188,-0.96501458
22,307,329,0.64257812,-0.8662614
21,324,345,0.67382812,-0.87826087
23,310,333,0.65039062,-0.86186186
26,309,335,0.65429688,-0.84477612
7,323,330,0.64453125,-0.95757576
8,338,346,0.67578125,-0.95375723
14,314,328,0.640625,-0.91463415
0,329,329,0.64257812,-1
13,317,330,0.64453125,-0.92121212
36,300,336,0.65625,-0.78571429
30,296,326,0.63671875,-0.81595092
21,309,330,0.64453125,-0.87272727
29,295,324,0.6328125,-0.82098765
2,335,337,0.65820312,-0.98813056
10,315,325,0.63476562,-0.93846154
11,327,338,0.66015625,-0.93491124
14,327,341,0.66601562,-0.91788856
13,303,316,0.6171875,-0.91772152
30,292,322,0.62890625,-0.8136646
10,325,335,0.65429688,-0.94029851
16,321,337,0.65820312,-0.90504451
23,299,322,0.62890625,-0.85714286
10,327,337,0.65820312,-0.94065282
25,301,326,0.63671875,-0.84662577
4,334,338,0.66015625,-0.97633136
33,296,329,0.64257812,-0.7993921
31,300,331,0.64648438,-0.81268882
10,329,339,0.66210938,-0.94100295
14,311,325,0.63476562,-0.91384615
21,313,334,0.65234375,-0.8742515
0,329,329,0.64257812,-1
1,334,335,0.65429688,-0.99402985
0,336,336,0.65625,-1
2,337,339,0.66210938,-0.98820059
4,327,331,0.64648438,-0.97583082
26,309,335,0.65429688,-0.84477612
38,285,323,0.63085938,-0.76470588
11,316,327,0.63867188,-0.93272171
2,334,336,0.65625,-0.98809524
31,297,328,0.640625,-0.81097561
0,337,337,0.65820312,-1
3,321,324,0.6328125,-0.98148148
12,316,328,0.640625,-0.92682927
7,333,340,0.6640625,-0.95882353
13,323,336,0.65625,-0.92261905
13,318,331,0.64648438,-0.92145015
23,309,332,0.6484375,-0.86144578
26,299,325,0.63476562,-0.84
23,313,336,0.65625,-0.86309524
26,313,339,0.66210938,-0.84660767
15,323,338,0.66015625,-0.9112426
25,308,333,0.65039062,-0.84984985
26,311,337,0.65820312,-0.84569733
10,328,338,0.66015625,-0.9408284
28,311,339,0.66210938,-0.83480826
47,294,341,0.66601562,-0.72434018
40,277,317,0.61914062,-0.74763407
19,316,335,0.65429688,-0.88656716
11,318,329,0.64257812,-0.9331307
18,324,342,0.66796875,-0.89473684
31,293,324,0.6328125,-0.80864198
41,286,327,0.63867188,-0.74923547
28,304,332,0.6484375,-0.8313253
46,283,329,0.64257812,-0.72036474
36,291,327,0.63867188,-0.77981651
15,322,337,0.65820312,-0.91097923
31,285,316,0.6171875,-0.80379747
43,292,335,0.65429688,-0.74328358
26,310,336,0.65625,-0.8452381
21,299,320,0.625,-0.86875
3,316,319,0.62304688,-0.98119122
2,338,340,0.6640625,-0.98823529
7,317,324,0.6328125,-0.95679012
23,298,321,0.62695312,-0.85669782
35,291,326,0.63671875,-0.78527607
51,265,316,0.6171875,-0.67721519
68,265,333,0.65039062,-0.59159159
48,273,321,0.62695312,-0.70093458
46,271,317,0.61914062,-0.70977918
42,293,335,0.65429688,-0.74925373
31,300,331,0.64648438,-0.81268882
15,314,329,0.64257812,-0.90881459
20,316,336,0.65625,-0.88095238
67,277,344,0.671875,-0.61046512
86,233,319,0.62304688,-0.46081505
64,263,327,0.63867188,-0.60856269
119,206,325,0.63476562,-0.26769231
116,204,320,0.625,-0.275
120,207,327,0.63867188,-0.26605505
205,120,325,0.63476562,0.26153846
259,81,340,0.6640625,0.52352941
242,73,315,0.61523438,0.53650794
300,34,334,0.65234375,0.79640719
333,13,346,0.67578125,0.92485549
320,3,323,0.63085938,0.98142415
332,6,338,0.66015625,0.96449704
307,10,317,0.61914062,0.93690852
309,29,338,0.66015625,0.82840237
293,33,326,0.63671875,0.79754601
266,72,338,0.66015625,0.5739645
277,47,324,0.6328125,0.70987654
273,56,329,0.64257812,0.65957447
234,86,320,0.625,0.4625
262,77,339,0.66210938,0.54572271
263,67,330,0.64453125,0.59393939
311,22,333,0.65039062,0.86786787
292,31,323,0.63085938,0.80804954
279,40,319,0.62304688,0.7492163
281,49,330,0.64453125,0.7030303
240,82,322,0.62890625,0.49068323
281,40,321,0.62695312,0.75077882
300,34,334,0.65234375,0.79640719
334,11,345,0.67382812,0.93623188
293,23,316,0.6171875,0.85443038
330,9,339,0.66210938,0.94690265
335,1,336,0.65625,0.99404762
344,0,344,0.671875,1
314,7,321,0.62695312,0.95638629
325,9,334,0.65234375,0.94610778
322,6,328,0.640625,0.96341463
323,12,335,0.65429688,0.92835821
314,15,329,0.64257812,0.90881459
302,24,326,0.63671875,0.85276074
293,29,322,0.62890625,0.81987578
305,32,337,0.65820312,0.81008902
303,35,338,0.66015625,0.79289941
314,17,331,0.64648438,0.89728097
308,23,331,0.64648438,0.86102719
323,7,330,0.64453125,0.95757576
335,1,336,0.65625,0.99404762
330,13,343,0.66992188,0.92419825
337,0,337,0.65820312,1
338,3,341,0.66601562,0.98240469
329,12,341,0.66601562,0.92961877
312,20,332,0.6484375,0.87951807
311,20,331,0.64648438,0.87915408
347,2,349,0.68164062,0.98853868
341,3,344,0.671875,0.98255814
343,3,346,0.67578125,0.98265896
323,10,333,0.65039062,0.93993994
313,15,328,0.640625,0.90853659
312,28,340,0.6640625,0.83529412
317,17,334,0.65234375,0.89820359
335,1,336,0.65625,0.99404762
342,4,346,0.67578125,0.97687861
345,5,350,0.68359375,0.97142857
352,0,352,0.6875,1
335,4,339,0.66210938,0.97640118
315,14,329,0.64257812,0.91489362
301,35,336,0.65625,0.79166667
275,48,323,0.63085938,0.70278638
296,29,325,0.63476562,0.82153846
318,23,341,0.66601562,0.86510264
295,26,321,0.62695312,0.83800623
337,3,340,0.6640625,0.98235294
320,9,329,0.64257812,0.94528875
310,16,326,0.63671875,0.90184049
319,10,329,0.64257812,0.93920973
316,17,333,0.65039062,0.8978979
320,12,332,0.6484375,0.92771084
328,9,337,0.65820312,0.94658754
318,11,329,0.64257812,0.9331307
328,15,343,0.66992188,0.91253644
326,10,336,0.65625,0.94047619
303,30,333,0.65039062,0.81981982
329,6,335,0.65429688,0.9641791
319,16,335,0.65429688,0.90447761
329,3,332,0.6484375,0.98192771
330,11,341,0.66601562,0.93548387
334,4,338,0.66015625,0.97633136
337,2,339,0.66210938,0.98820059
334,6,340,0.6640625,0.96470588
319,5,324,0.6328125,0.9691358
318,17,335,0.65429688,0.89850746
333,1,334,0.65234375,0.99401198
318,17,335,0.65429688,0.89850746
310,16,326,0.63671875,0.90184049
333,13,346,0.67578125,0.92485549
338,8,346,0.67578125,0.95375723
331,6,337,0.65820312,0.96439169
342,0,342,0.66796875,1
320,14,334,0.65234375,0.91616766
310,22,332,0.6484375,0.86746988
310,17,327,0.63867188,0.89602446
310,12,322,0.62890625,0.92546584
341,0,341,0.66601562,1
323,10,333,0.65039062,0.93993994
326,0,326,0.63671875,1
348,0,348,0.6796875,1
320,19,339,0.66210938,0.8879056
325,20,345,0.67382812,0.88405797
315,11,326,0.63671875,0.93251534
307,22,329,0.64257812,0.8662614
320,3,323,0.63085938,0.98142415
326,16,342,0.66796875,0.90643275
308,18,326,0.63671875,0.88957055
286,41,327,0.63867188,0.74923547
314,28,342,0.66796875,0.83625731
279,48,327,0.63867188,0.70642202
260,64,324,0.6328125,0.60493827
251,58,309,0.60351562,0.62459547
310,21,331,0.64648438,0.87311178
322,19,341,0.66601562,0.88856305
325,4,329,0.64257812,0.97568389
343,3,346,0.67578125,0.98265896
330,5,335,0.65429688,0.97014925
265,68,333,0.65039062,0.59159159
264,58,322,0.62890625,0.63975155
276,59,335,0.65429688,0.64776119
315,16,331,0.64648438,0.90332326
287,38,325,0.63476562,0.76615385
291,34,325,0.63476562,0.79076923
297,23,320,0.625,0.85625
313,18,331,0.64648438,0.89123867
298,30,328,0.640625,0.81707317
310,20,330,0.64453125,0.87878788
257,66,323,0.63085938,0.59133127
267,58,325,0.63476562,0.64307692
241,80,321,0.62695312,0.50155763
254,71,325,0.63476562,0.56307692
279,54,333,0.65039062,0.67567568
293,27,320,0.625,0.83125
303,24,327,0.63867188,0.85321101
315,21,336,0.65625,0.875
311,13,324,0.6328125,0.91975309
319,15,334,0.65234375,0.91017964
337,14,351,0.68554688,0.92022792
293,24,317,0.61914062,0.84858044
309,20,329,0.64257812,0.87841945
302,28,330,0.64453125,0.83030303
287,30,317,0.61914062,0.81072555
283,44,327,0.63867188,0.73088685
334,8,342,0.66796875,0.95321637
328,9,337,0.65820312,0.94658754
338,3,341,0.66601562,0.98240469
289,41,330,0.64453125,0.75151515
295,37,332,0.6484375,0.77710843
319,10,329,0.64257812,0.93920973
324,8,332,0.6484375,0.95180723
270,52,322,0.62890625,0.67701863
287,40,327,0.63867188,0.75535168
281,47,328,0.640625,0.71341463
272,71,343,0.66992188,0.58600583
226,100,326,0.63671875,0.38650307
224,110,334,0.65234375,0.34131737
225,112,337,0.65820312,0.33531157
231,96,327,0.63867188,0.41284404
243,82,325,0.63476562,0.49538462
259,55,314,0.61328125,0.64968153
282,49,331,0.64648438,0.70392749
267,50,317,0.61914062,0.68454259
233,83,316,0.6171875,0.47468354
243,77,320,0.625,0.51875
271,56,327,0.63867188,0.65749235
260,55,315,0.61523438,0.65079365
292,35,327,0.63867188,0.78593272
311,24,335,0.65429688,0.85671642
271,59,330,0.64453125,0.64242424
329,6,335,0.65429688,0.9641791
309,22,331,0.64648438,0.86706949
319,17,336,0.65625,0.89880952
322,6,328,0.640625,0.96341463
340,0,340,0.6640625,1
329,8,337,0.65820312,0.95252226
337,2,339,0.66210938,0.98820059
313,23,336,0.65625,0.86309524
321,16,337,0.65820312,0.90504451
330,6,336,0.65625,0.96428571
318,10,328,0.640625,0.93902439
305,16,321,0.62695312,0.90031153
306,21,327,0.63867188,0.87155963
330,7,337,0.65820312,0.95845697
321,7,328,0.640625,0.95731707
293,31,324,0.6328125,0.80864198
273,46,319,0.62304688,0.71159875
317,18,335,0.65429688,0.89253731
303,20,323,0.63085938,0.87616099
316,16,332,0.6484375,0.90361446
320,18,338,0.66015625,0.89349112
282,46,328,0.640625,0.7195122
286,45,331,0.64648438,0.72809668
294,33,327,0.63867188,0.79816514
262,62,324,0.6328125,0.61728395
302,36,338,0.66015625,0.78698225
270,58,328,0.640625,0.64634146
278,55,333,0.65039062,0.66966967
255,68,323,0.63085938,0.57894737
261,63,324,0.6328125,0.61111111
238,76,314,0.61328125,0.51592357
234,75,309,0.60351562,0.51456311
291,44,335,0.65429688,0.73731343
285,34,319,0.62304688,0.78683386
264,67,331,0.64648438,0.59516616
301,36,337,0.65820312,0.78635015
271,42,313,0.61132812,0.73162939
283,47,330,0.64453125,0.71515152
303,33,336,0.65625,0.80357143
290,56,346,0.67578125,0.67630058
293,47,340,0.6640625,0.72352941
318,19,337,0.65820312,0.88724036
280,53,333,0.65039062,0.68168168
304,32,336,0.65625,0.80952381
332,5,337,0.65820312,0.97032641
303,26,329,0.64257812,0.84194529
306,19,325,0.63476562,0.88307692
310,22,332,0.6484375,0.86746988
324,9,333,0.65039062,0.94594595
330,6,336,0.65625,0.96428571
327,14,341,0.66601562,0.91788856
312,13,325,0.63476562,0.92
330,8,338,0.66015625,0.95266272
347,0,347,0.67773438,1
317,8,325,0.63476562,0.95076923
295,37,332,0.6484375,0.77710843
300,27,327,0.63867188,0.83486239
329,8,337,0.65820312,0.95252226
330,8,338,0.66015625,0.95266272
314,11,325,0.63476562,0.93230769
318,11,329,0.64257812,0.9331307
333,4,337,0.65820312,0.97626113
328,11,339,0.66210938,0.93510324
326,18,344,0.671875,0.89534884
312,33,345,0.67382812,0.80869565
306,20,326,0.63671875,0.87730061
306,12,318,0.62109375,0.9245283
326,3,329,0.64257812,0.98176292
301,20,321,0.62695312,0.87538941
328,10,338,0.66015625,0.9408284
292,33,325,0.63476562,0.79692308
297,35,332,0.6484375,0.78915663
312,22,334,0.65234375,0.86826347
298,29,327,0.63867188,0.82262997
290,31,321,0.62695312,0.80685358
298,32,330,0.64453125,0.80606061
294,39,333,0.65039062,0.76576577
315,22,337,0.65820312,0.8694362
330,4,334,0.65234375,0.9760479
317,9,326,0.63671875,0.94478528
328,5,333,0.65039062,0.96996997
291,34,325,0.63476562,0.79076923
265,59,324,0.6328125,0.63580247
305,40,345,0.67382812,0.76811594
275,47,322,0.62890625,0.70807453
298,36,334,0.65234375,0.78443114
333,1,334,0.65234375,0.99401198
327,11,338,0.66015625,0.93491124
333,1,334,0.65234375,0.99401198
334,6,340,0.6640625,0.96470588
328,10,338,0.66015625,0.9408284
331,8,339,0.66210938,0.95280236
334,7,341,0.66601562,0.95894428
309,22,331,0.64648438,0.86706949
308,20,328,0.640625,0.87804878
321,8,329,0.64257812,0.95136778
312,25,337,0.65820312,0.85163205
310,22,332,0.6484375,0.86746988
309,21,330,0.64453125,0.87272727
306,26,332,0.6484375,0.84337349
307,20,327,0.63867188,0.87767584
327,5,332,0.6484375,0.96987952
318,14,332,0.6484375,0.91566265
304,33,337,0.65820312,0.8041543
314,30,344,0.671875,0.8255814
334,6,340,0.6640625,0.96470588
330,7,337,0.65820312,0.95845697
313,18,331,0.64648438,0.89123867
328,15,343,0.66992188,0.91253644
307,28,335,0.65429688,0.83283582
323,11,334,0.65234375,0.93413174
315,13,328,0.640625,0.92073171
315,7,322,0.62890625,0.95652174
330,6,336,0.65625,0.96428571
331,6,337,0.65820312,0.96439169
317,18,335,0.65429688,0.89253731
302,34,336,0.65625,0.79761905
303,36,339,0.66210938,0.78761062
325,20,345,0.67382812,0.88405797
262,49,311,0.60742188,0.68488746
265,60,325,0.63476562,0.63076923
260,70,330,0.64453125,0.57575758
301,37,338,0.66015625,0.78106509
309,21,330,0.64453125,0.87272727
321,3,324,0.6328125,0.98148148
326,5,331,0.64648438,0.96978852
313,22,335,0.65429688,0.86865672
330,12,342,0.66796875,0.92982456
343,2,345,0.67382812,0.9884058
314,18,332,0.6484375,0.89156627
311,21,332,0.6484375,0.87349398
321,15,336,0.65625,0.91071429
319,11,330,0.64453125,0.93333333
338,5,343,0.66992188,0.97084548
331,6,337,0.65820312,0.96439169
307,25,332,0.6484375,0.84939759
282,42,324,0.6328125,0.74074074
306,23,329,0.64257812,0.86018237
342,1,343,0.66992188,0.9941691
321,10,331,0.64648438,0.93957704
328,4,332,0.6484375,0.97590361
305,21,326,0.63671875,0.87116564
318,7,325,0.63476562,0.95692308
324,12,336,0.65625,0.92857143
321,8,329,0.64257812,0.95136778
317,19,336,0.65625,0.88690476
320,11,331,0.64648438,0.93353474
307,23,330,0.64453125,0.86060606
296,33,329,0.64257812,0.7993921
283,47,330,0.64453125,0.71515152
281,50,331,0.64648438,0.6978852
305,31,336,0.65625,0.81547619
327,18,345,0.67382812,0.89565217
315,18,333,0.65039062,0.89189189
320,14,334,0.65234375,0.91616766
320,24,344,0.671875,0.86046512
314,11,325,0.63476562,0.93230769
327,5,332,0.6484375,0.96987952
322,3,325,0.63476562,0.98153846
334,12,346,0.67578125,0.93063584
338,4,342,0.66796875,0.97660819
319,16,335,0.65429688,0.90447761
316,16,332,0.6484375,0.90361446
303,26,329,0.64257812,0.84194529
246,68,314,0.61328125,0.56687898
234,90,324,0.6328125,0.44444444
244,84,328,0.640625,0.48780488
260,71,331,0.64648438,0.57099698
278,47,325,0.63476562,0.71076923
292,27,319,0.62304688,0.830721
342,0,342,0.66796875,1
339,6,345,0.67382812,0.96521739
280,40,320,0.625,0.75
267,58,325,0.63476562,0.64307692
295,36,331,0.64648438,0.78247734
321,7,328,0.640625,0.95731707
321,23,344,0.671875,0.86627907
257,54,311,0.60742188,0.65273312
296,37,333,0.65039062,0.77777778
279,52,331,0.64648438,0.6858006
266,69,335,0.65429688,0.5880597
284,46,330,0.64453125,0.72121212
289,35,324,0.6328125,0.78395062
333,7,340,0.6640625,0.95882353
307,29,336,0.65625,0.82738095
303,22,325,0.63476562,0.86461538
312,21,333,0.65039062,0.87387387
316,22,338,0.66015625,0.86982249
292,34,326,0.63671875,0.79141104
285,30,315,0.61523438,0.80952381
322,6,328,0.640625,0.96341463
327,9,336,0.65625,0.94642857
305,19,324,0.6328125,0.88271605
310,22,332,0.6484375,0.86746988
328,19,347,0.67773438,0.89048991
333,8,341,0.66601562,0.95307918
326,4,330,0.64453125,0.97575758
320,13,333,0.65039062,0.92192192
304,29,333,0.65039062,0.82582583
330,4,334,0.65234375,0.9760479
322,14,336,0.65625,0.91666667
345,2,347,0.67773438,0.98847262
334,4,338,0.66015625,0.97633136
343,0,343,0.66992188,1
306,24,330,0.64453125,0.85454545
269,58,327,0.63867188,0.64525994
300,31,331,0.64648438,0.81268882
313,10,323,0.63085938,0.9380805
312,22,334,0.65234375,0.86826347
320,21,341,0.66601562,0.87683284
327,4,331,0.64648438,0.97583082
311,12,323,0.63085938,0.92569659
313,11,324,0.6328125,0.93209877
318,6,324,0.6328125,0.96296296
316,17,333,0.65039062,0.8978979
327,10,337,0.65820312,0.94065282
319,6,325,0.63476562,0.96307692
284,46,330,0.64453125,0.72121212
274,53,327,0.63867188,0.67584098
288,37,325,0.63476562,0.77230769
305,37,342,0.66796875,0.78362573
308,27,335,0.65429688,0.83880597
311,35,346,0.67578125,0.79768786
235,82,317,0.61914062,0.48264984
293,42,335,0.65429688,0.74925373
302,32,334,0.65234375,0.80838323
279,57,336,0.65625,0.66071429
280,49,329,0.64257812,0.70212766
244,79,323,0.63085938,0.51083591
267,51,318,0.62109375,0.67924528
295,28,323,0.63085938,0.82662539
291,41,332,0.6484375,0.75301205
334,16,350,0.68359375,0.90857143
310,29,339,0.66210938,0.82890855
273,53,326,0.63671875,0.67484663
281,48,329,0.64257812,0.70820669
280,53,333,0.65039062,0.68168168
321,11,332,0.6484375,0.93373494
345,1,346,0.67578125,0.99421965
330,3,333,0.65039062,0.98198198
314,15,329,0.64257812,0.90881459
339,3,342,0.66796875,0.98245614
325,9,334,0.65234375,0.94610778
328,4,332,0.6484375,0.97590361
324,6,330,0.64453125,0.96363636
337,0,337,0.65820312,1
315,13,328,0.640625,0.92073171
324,11,335,0.65429688,0.93432836
301,26,327,0.63867188,0.84097859
286,44,330,0.64453125,0.73333333
327,11,338,0.66015625,0.93491124
312,16,328,0.640625,0.90243902
331,2,333,0.65039062,0.98798799
331,6,337,0.65820312,0.96439169
307,22,329,0.64257812,0.8662614
338,0,338,0.66015625,1
315,16,331,0.64648438,0.90332326
329,13,342,0.66796875,0.92397661
303,25,328,0.640625,0.84756098
321,8,329,0.64257812,0.95136778
283,48,331,0.64648438,0.70996979
325,23,348,0.6796875,0.86781609
333,5,338,0.66015625,0.9704142
333,5,338,0.66015625,0.9704142
324,5,329,0.64257812,0.96960486
287,36,323,0.63085938,0.77708978
298,38,336,0.65625,0.77380952
281,52,333,0.65039062,0.68768769
294,44,338,0.66015625,0.73964497
300,27,327,0.63867188,0.83486239
310,20,330,0.64453125,0.87878788
296,30,326,0.63671875,0.81595092
257,62,319,0.62304688,0.61128527
229,86,315,0.61523438,0.45396825
211,112,323,0.63085938,0.30650155
295,38,333,0.65039062,0.77177177
352,0,352,0.6875,1
334,3,337,0.65820312,0.98219585
286,45,331,0.64648438,0.72809668
290,35,325,0.63476562,0.78461538
294,36,330,0.64453125,0.78181818
282,41,323,0.63085938,0.74613003
268,63,331,0.64648438,0.61933535
285,52,337,0.65820312,0.69139466
303,40,343,0.66992188,0.76676385
283,38,321,0.62695312,0.76323988
334,10,344,0.671875,0.94186047
308,21,329,0.64257812,0.87234043
336,5,341,0.66601562,0.97067449
341,0,341,0.66601562,1
315,16,331,0.64648438,0.90332326
347,2,349,0.68164062,0.98853868
321,21,342,0.66796875,0.87719298
340,0,340,0.6640625,1
292,40,332,0.6484375,0.75903614
337,1,338,0.66015625,0.99408284
306,20,326,0.63671875,0.87730061
314,17,331,0.64648438,0.89728097
319,12,331,0.64648438,0.92749245
338,4,342,0.66796875,0.97660819
326,12,338,0.66015625,0.92899408
317,12,329,0.64257812,0.92705167
316,14,330,0.64453125,0.91515152
326,15,341,0.66601562,0.91202346
319,15,334,0.65234375,0.91017964
336,1,337,0.65820312,0.99406528
335,6,341,0.66601562,0.96480938
319,15,334,0.65234375,0.91017964
310,8,318,0.62109375,0.94968553
309,17,326,0.63671875,0.89570552
308,32,340,0.6640625,0.81176471
339,2,341,0.66601562,0.98826979
313,18,331,0.64648438,0.89123867
307,27,334,0.65234375,0.83832335
315,11,326,0.63671875,0.93251534
319,10,329,0.64257812,0.93920973
334,5,339,0.66210938,0.97050147
353,3,356,0.6953125,0.98314607
329,11,340,0.6640625,0.93529412
335,1,336,0.65625,0.99404762
323,1,324,0.6328125,0.99382716
279,28,307,0.59960938,0.81758958
274,56,330,0.64453125,0.66060606
272,48,320,0.625,0.7
295,32,327,0.63867188,0.80428135
265,54,319,0.62304688,0.66144201
303,37,340,0.6640625,0.78235294
319,19,338,0.66015625,0.88757396
307,24,331,0.64648438,0.85498489
339,8,347,0.67773438,0.95389049
328,7,335,0.65429688,0.95820896
307,24,331,0.64648438,0.85498489
318,18,336,0.65625,0.89285714
328,6,334,0.65234375,0.96407186
306,12,318,0.62109375,0.9245283
320,13,333,0.65039062,0.92192192
313,25,338,0.66015625,0.85207101
324,12,336,0.65625,0.92857143
335,4,339,0.66210938,0.97640118
328,5,333,0.65039062,0.96996997
316,24,340,0.6640625,0.85882353
324,6,330,0.64453125,0.96363636
311,6,317,0.61914062,0.96214511
334,4,338,0.66015625,0.97633136
315,14,329,0.64257812,0.91489362
299,37,336,0.65625,0.7797619
270,55,325,0.63476562,0.66153846
303,32,335,0.65429688,0.80895522
325,20,345,0.67382812,0.88405797
308,12,320,0.625,0.925
330,14,344,0.671875,0.91860465
304,34,338,0.66015625,0.79881657
299,32,331,0.64648438,0.80664653
323,10,333,0.65039062,0.93993994
338,5,343,0.66992188,0.97084548
304,27,331,0.64648438,0.83685801
256,68,324,0.6328125,0.58024691
260,65,325,0.63476562,0.6
292,45,337,0.65820312,0.73293769
311,22,333,0.65039062,0.86786787
323,15,338,0.66015625,0.9112426
295,42,337,0.65820312,0.75074184
286,50,336,0.65625,0.70238095
264,62,326,0.63671875,0.6196319
261,71,332,0.6484375,0.57228916
272,59,331,0.64648438,0.64350453
216,99,315,0.61523438,0.37142857
283,48,331,0.64648438,0.70996979
291,45,336,0.65625,0.73214286
319,16,335,0.65429688,0.90447761
298,44,342,0.66796875,0.74269006
290,39,329,0.64257812,0.76291793
304,27,331,0.64648438,0.83685801
284,42,326,0.63671875,0.74233129
257,73,330,0.64453125,0.55757576
246,77,323,0.63085938,0.52321981
228,104,332,0.6484375,0.37349398
246,82,328,0.640625,0.5
254,81,335,0.65429688,0.51641791
280,52,332,0.6484375,0.68674699
294,38,332,0.6484375,0.77108434
323,15,338,0.66015625,0.9112426
318,7,325,0.63476562,0.95692308
338,9,347,0.67773438,0.9481268
301,23,324,0.6328125,0.85802469
323,10,333,0.65039062,0.93993994
352,0,352,0.6875,1
314,28,342,0.66796875,0.83625731
310,20,330,0.64453125,0.87878788
325,6,331,0.64648438,0.96374622
320,20,340,0.6640625,0.88235294
328,1,329,0.64257812,0.99392097
317,6,323,0.63085938,0.9628483
308,15,323,0.63085938,0.90712074
326,10,336,0.65625,0.94047619
312,31,343,0.66992188,0.81924198
271,59,330,0.64453125,0.64242424
281,49,330,0.64453125,0.7030303
264,64,328,0.640625,0.6097561
277,51,328,0.640625,0.68902439
329,11,340,0.6640625,0.93529412
310,18,328,0.640625,0.8902439
308,22,330,0.64453125,0.86666667
332,7,339,0.66210938,0.95870206
334,0,334,0.65234375,1
309,9,318,0.62109375,0.94339623
299,33,332,0.6484375,0.80120482
325,11,336,0.65625,0.93452381
341,2,343,0.66992188,0.98833819
336,4,340,0.6640625,0.97647059
322,14,336,0.65625,0.91666667
284,47,331,0.64648438,0.71601208
241,89,330,0.64453125,0.46060606
243,90,333,0.65039062,0.45945946
229,100,329,0.64257812,0.39209726
219,98,317,0.61914062,0.38170347
220,97,317,0.61914062,0.38801262
216,109,325,0.63476562,0.32923077
215,107,322,0.62890625,0.33540373
231,107,338,0.66015625,0.36686391
214,108,322,0.62890625,0.32919255
185,129,314,0.61328125,0.17834395
248,96,344,0.671875,0.44186047
235,98,333,0.65039062,0.41141141
259,66,325,0.63476562,0.59384615
262,73,335,0.65429688,0.5641791
261,74,335,0.65429688,0.55820896
257,69,326,0.63671875,0.57668712
194,135,329,0.64257812,0.17933131
217,109,326,0.63671875,0.33128834
207,116,323,0.63085938,0.28173375
239,79,318,0.62109375,0.50314465
260,63,323,0.63085938,0.60990712
274,51,325,0.63476562,0.68615385
322,22,344,0.671875,0.87209302
319,1,320,0.625,0.99375
312,19,331,0.64648438,0.88519637
306,22,328,0.640625,0.86585366
295,40,335,0.65429688,0.76119403
289,32,321,0.62695312,0.80062305
316,8,324,0.6328125,0.95061728
274,62,336,0.65625,0.63095238
310,26,336,0.65625,0.8452381
330,12,342,0.66796875,0.92982456
331,2,333,0.65039062,0.98798799
320,13,333,0.65039062,0.92192192
310,23,333,0.65039062,0.86186186
324,23,347,0.67773438,0.86743516
325,13,338,0.66015625,0.92307692
324,5,329,0.64257812,0.96960486
338,9,347,0.67773438,0.9481268
326,12,338,0.66015625,0.92899408
318,15,333,0.65039062,0.90990991
320,20,340,0.6640625,0.88235294
310,20,330,0.64453125,0.87878788
283,43,326,0.63671875,0.73619632
332,9,341,0.66601562,0.94721408
311,15,326,0.63671875,0.90797546
328,18,346,0.67578125,0.89595376
315,19,334,0.65234375,0.88622754
324,12,336,0.65625,0.92857143
337,3,340,0.6640625,0.98235294
320,18,338,0.66015625,0.89349112
325,12,337,0.65820312,0.92878338
314,25,339,0.66210938,0.85250737
314,26,340,0.6640625,0.84705882
324,11,335,0.65429688,0.93432836
345,0,345,0.67382812,1
313,11,324,0.6328125,0.93209877
293,21,314,0.61328125,0.86624204
324,13,337,0.65820312,0.92284866
325,4,329,0.64257812,0.97568389
331,5,336,0.65625,0.9702381
324,11,335,0.65429688,0.93432836
293,45,338,0.66015625,0.73372781
326,8,334,0.65234375,0.95209581
309,30,339,0.66210938,0.82300885
294,26,320,0.625,0.8375
309,22,331,0.64648438,0.86706949
324,5,329,0.64257812,0.96960486
330,3,333,0.65039062,0.98198198
317,12,329,0.64257812,0.92705167
341,3,344,0.671875,0.98255814
323,12,335,0.65429688,0.92835821
329,1,330,0.64453125,0.99393939
333,2,335,0.65429688,0.9880597
300,28,328,0.640625,0.82926829
324,7,331,0.64648438,0.95770393
332,11,343,0.66992188,0.93586006
301,26,327,0.63867188,0.84097859
321,14,335,0.65429688,0.91641791
325,18,343,0.66992188,0.89504373
341,7,348,0.6796875,0.95977011
327,5,332,0.6484375,0.96987952
320,13,333,0.65039062,0.92192192
330,10,340,0.6640625,0.94117647
309,15,324,0.6328125,0.90740741
292,44,336,0.65625,0.73809524
310,16,326,0.63671875,0.90184049
298,29,327,0.63867188,0.82262997
297,31,328,0.640625,0.81097561
302,27,329,0.64257812,0.83586626
311,25,336,0.65625,0.85119048
336,3,339,0.66210938,0.98230088
324,11,335,0.65429688,0.93432836
339,2,341,0.66601562,0.98826979
334,5,339,0.66210938,0.97050147
284,47,331,0.64648438,0.71601208
299,21,320,0.625,0.86875
285,42,327,0.63867188,0.74311927
287,49,336,0.65625,0.70833333
308,42,350,0.68359375,0.76
273,58,331,0.64648438,0.64954683
303,26,329,0.64257812,0.84194529
305,21,326,0.63671875,0.87116564
316,17,333,0.65039062,0.8978979
341,2,343,0.66992188,0.98833819
324,13,337,0.65820312,0.92284866
324,2,326,0.63671875,0.98773006
317,7,324,0.6328125,0.95679012
332,5,337,0.65820312,0.97032641
334,7,341,0.66601562,0.95894428
326,2,328,0.640625,0.98780488
310,31,341,0.66601562,0.81818182
311,23,334,0.65234375,0.86227545
316,6,322,0.62890625,0.96273292
345,0,345,0.67382812,1
317,11,328,0.640625,0.93292683
312,20,332,0.6484375,0.87951807
287,39,326,0.63671875,0.7607362
294,41,335,0.65429688,0.75522388
323,8,331,0.64648438,0.95166163
337,5,342,0.66796875,0.97076023
322,7,329,0.64257812,0.95744681
295,33,328,0.640625,0.79878049
319,21,340,0.6640625,0.87647059
318,9,327,0.63867188,0.94495413
296,28,324,0.6328125,0.82716049
309,18,327,0.63867188,0.88990826
299,30,329,0.64257812,0.81762918
255,65,320,0.625,0.59375
273,71,344,0.671875,0.5872093
246,74,320,0.625,0.5375
211,110,321,0.62695312,0.31464174
225,100,325,0.63476562,0.38461538
269,56,325,0.63476562,0.65538462
306,33,339,0.66210938,0.80530973
321,5,326,0.63671875,0.96932515
340,0,340,0.6640625,1
316,14,330,0.64453125,0.91515152
326,0,326,0.63671875,1
312,20,332,0.6484375,0.87951807
285,45,330,0.64453125,0.72727273
285,41,326,0.63671875,0.74846626
329,7,336,0.65625,0.95833333
329,18,347,0.67773438,0.8962536
335,12,347,0.67773438,0.93083573
344,3,347,0.67773438,0.98270893
326,4,330,0.64453125,0.97575758
314,6,320,0.625,0.9625
326,8,334,0.65234375,0.95209581
329,9,338,0.66015625,0.94674556
325,6,331,0.64648438,0.96374622
308,9,317,0.61914062,0.94321767
337,5,342,0.66796875,0.97076023
315,18,333,0.65039062,0.89189189
271,47,318,0.62109375,0.70440252
280,52,332,0.6484375,0.68674699
314,17,331,0.64648438,0.89728097
316,23,339,0.66210938,0.86430678
317,14,331,0.64648438,0.91540785
300,18,318,0.62109375,0.88679245
300,34,334,0.65234375,0.79640719
253,64,317,0.61914062,0.59621451
316,15,331,0.64648438,0.90936556
311,19,330,0.64453125,0.88484848
314,21,335,0.65429688,0.87462687
278,49,327,0.63867188,0.70030581
322,12,334,0.65234375,0.92814371
313,23,336,0.65625,0.86309524
339,3,342,0.66796875,0.98245614
331,2,333,0.65039062,0.98798799
333,2,335,0.65429688,0.9880597
338,5,343,0.66992188,0.97084548
320,17,337,0.65820312,0.89910979
313,18,331,0.64648438,0.89123867
305,22,327,0.63867188,0.86544343
346,0,346,0.67578125,1
336,3,339,0.66210938,0.98230088
283,38,321,0.62695312,0.76323988
263,66,329,0.64257812,0.59878419
280,44,324,0.6328125,0.72839506
289,46,335,0.65429688,0.72537313
297,40,337,0.65820312,0.76261128
331,10,341,0.66601562,0.94134897
324,15,339,0.66210938,0.91150442
322,23,345,0.67382812,0.86666667
331,2,333,0.65039062,0.98798799
328,0,328,0.640625,1
329,7,336,0.65625,0.95833333
334,3,337,0.65820312,0.98219585
317,14,331,0.64648438,0.91540785
317,19,336,0.65625,0.88690476
320,12,332,0.6484375,0.92771084
330,11,341,0.66601562,0.93548387
320,18,338,0.66015625,0.89349112
272,55,327,0.63867188,0.66360856
271,48,319,0.62304688,0.69905956
277,54,331,0.64648438,0.67371601
250,68,318,0.62109375,0.57232704
309,18,327,0.63867188,0.88990826
318,14,332,0.6484375,0.91566265
301,27,328,0.640625,0.83536585
327,6,333,0.65039062,0.96396396
326,11,337,0.65820312,0.9347181
312,23,335,0.65429688,0.86268657
301,28,329,0.64257812,0.82978723
307,27,334,0.65234375,0.83832335
339,4,343,0.66992188,0.97667638
297,28,325,0.63476562,0.82769231
269,50,319,0.62304688,0.68652038
260,77,337,0.65820312,0.54302671
279,57,336,0.65625,0.66071429
303,29,332,0.6484375,0.8253012
297,34,331,0.64648438,0.79456193
308,27,335,0.65429688,0.83880597
259,76,335,0.65429688,0.54626866
274,62,336,0.65625,0.63095238
270,37,307,0.59960938,0.75895765
310,16,326,0.63671875,0.90184049
340,0,340,0.6640625,1
323,8,331,0.64648438,0.95166163
331,15,346,0.67578125,0.9132948
326,0,326,0.63671875,1
318,21,339,0.66210938,0.87610619
291,30,321,0.62695312,0.81308411
310,16,326,0.63671875,0.90184049
336,2,338,0.66015625,0.98816568
316,14,330,0.64453125,0.91515152
279,46,325,0.63476562,0.71692308
280,57,337,0.65820312,0.66172107
291,34,325,0.63476562,0.79076923
323,18,341,0.66601562,0.89442815
324,13,337,0.65820312,0.92284866
316,8,324,0.6328125,0.95061728
305,23,328,0.640625,0.8597561
347,1,348,0.6796875,0.99425287
314,13,327,0.63867188,0.9204893
301,33,334,0.65234375,0.80239521
285,50,335,0.65429688,0.70149254
285,44,329,0.64257812,0.7325228
284,46,330,0.64453125,0.72121212
295,28,323,0.63085938,0.82662539
327,12,339,0.66210938,0.92920354
303,22,325,0.63476562,0.86461538
334,8,342,0.66796875,0.95321637
324,13,337,0.65820312,0.92284866
335,14,349,0.68164062,0.91977077
328,6,334,0.65234375,0.96407186
292,29,321,0.62695312,0.81931464
325,11,336,0.65625,0.93452381
305,26,331,0.64648438,0.8429003
315,21,336,0.65625,0.875
328,12,340,0.6640625,0.92941176
342,0,342,0.66796875,1
320,13,333,0.65039062,0.92192192
321,12,333,0.65039062,0.92792793
329,10,339,0.66210938,0.94100295
335,2,337,0.65820312,0.98813056
298,32,330,0.64453125,0.80606061
331,11,342,0.66796875,0.93567251
310,9,319,0.62304688,0.94357367
312,19,331,0.64648438,0.88519637
294,41,335,0.65429688,0.75522388
290,34,324,0.6328125,0.79012346
324,13,337,0.65820312,0.92284866
319,23,342,0.66796875,0.86549708
326,11,337,0.65820312,0.9347181
324,13,337,0.65820312,0.92284866
327,11,338,0.66015625,0.93491124
329,3,332,0.6484375,0.98192771
325,5,330,0.64453125,0.96969697
295,30,325,0.63476562,0.81538462
302,28,330,0.64453125,0.83030303
316,15,331,0.64648438,0.90936556
292,44,336,0.65625,0.73809524
330,3,333,0.65039062,0.98198198
317,15,332,0.6484375,0.90963855
320,10,330,0.64453125,0.93939394
331,8,339,0.66210938,0.95280236
324,19,343,0.66992188,0.88921283
323,20,343,0.66992188,0.88338192
316,24,340,0.6640625,0.85882353
274,52,326,0.63671875,0.6809816
262,46,308,0.6015625,0.7012987
209,102,311,0.60742188,0.34405145
261,72,333,0.65039062,0.56756757
249,67,316,0.6171875,0.57594937
288,45,333,0.65039062,0.72972973
309,28,337,0.65820312,0.83382789
333,4,337,0.65820312,0.97626113
315,16,331,0.64648438,0.90332326
328,17,345,0.67382812,0.90144928
293,24,317,0.61914062,0.84858044
319,10,329,0.64257812,0.93920973
317,21,338,0.66015625,0.87573964
313,13,326,0.63671875,0.9202454
326,1,327,0.63867188,0.99388379
312,12,324,0.6328125,0.92592593
329,15,344,0.671875,0.9127907
298,32,330,0.64453125,0.80606061
304,30,334,0.65234375,0.82035928
294,29,323,0.63085938,0.82043344
338,1,339,0.66210938,0.99410029
313,15,328,0.640625,0.90853659
317,16,333,0.65039062,0.9039039
327,9,336,0.65625,0.94642857
319,4,323,0.63085938,0.9752322
330,9,339,0.66210938,0.94690265
321,13,334,0.65234375,0.92215569
330,4,334,0.65234375,0.9760479
305,18,323,0.63085938,0.88854489
299,25,324,0.6328125,0.84567901
289,51,340,0.6640625,0.7
322,11,333,0.65039062,0.93393393
303,17,320,0.625,0.89375
319,22,341,0.66601562,0.87096774
317,12,329,0.64257812,0.92705167
323,17,340,0.6640625,0.9
281,46,327,0.63867188,0.71865443
314,23,337,0.65820312,0.86350148
315,18,333,0.65039062,0.89189189
323,5,328,0.640625,0.9695122
306,16,322,0.62890625,0.90062112
307,24,331,0.64648438,0.85498489
300,28,328,0.640625,0.82926829
311,13,324,0.6328125,0.91975309
330,3,333,0.65039062,0.98198198
306,20,326,0.63671875,0.87730061
326,2,328,0.640625,0.98780488
328,9,337,0.65820312,0.94658754
303,32,335,0.65429688,0.80895522
297,33,330,0.64453125,0.8
296,34,330,0.64453125,0.79393939
306,26,332,0.6484375,0.84337349
310,16,326,0.63671875,0.90184049
326,16,342,0.66796875,0.90643275
302,18,320,0.625,0.8875
309,13,322,0.62890625,0.91925466
328,3,331,0.64648438,0.98187311
330,7,337,0.65820312,0.95845697
311,16,327,0.63867188,0.90214067
318,13,331,0.64648438,0.92145015
323,13,336,0.65625,0.92261905
298,35,333,0.65039062,0.78978979
298,29,327,0.63867188,0.82262997
352,0,352,0.6875,1
338,7,345,0.67382812,0.95942029
326,11,337,0.65820312,0.9347181
329,16,345,0.67382812,0.90724638
331,0,331,0.64648438,1
318,10,328,0.640625,0.93902439
307,24,331,0.64648438,0.85498489
297,36,333,0.65039062,0.78378378
284,38,322,0.62890625,0.76397516
285,47,332,0.6484375,0.71686747
275,52,327,0.63867188,0.68195719
294,33,327,0.63867188,0.79816514
286,46,332,0.6484375,0.72289157
247,83,330,0.64453125,0.4969697
231,106,337,0.65820312,0.37091988
246,89,335,0.65429688,0.46865672
254,85,339,0.66210938,0.49852507
242,83,325,0.63476562,0.48923077
178,145,323,0.63085938,0.10216718
197,133,330,0.64453125,0.19393939
195,137,332,0.6484375,0.1746988
228,96,324,0.6328125,0.40740741
238,89,327,0.63867188,0.45565749
203,121,324,0.6328125,0.25308642
187,127,314,0.61328125,0.1910828
192,133,325,0.63476562,0.18153846
206,114,320,0.625,0.2875
231,97,328,0.640625,0.40853659
251,78,329,0.64257812,0.52583587
228,100,328,0.640625,0.3902439
249,91,340,0.6640625,0.46470588
212,106,318,0.62109375,0.33333333
240,82,322,0.62890625,0.49068323
224,95,319,0.62304688,0.40438871
216,113,329,0.64257812,0.31306991
227,101,328,0.640625,0.38414634
216,109,325,0.63476562,0.32923077
177,138,315,0.61523438,0.12380952
174,158,332,0.6484375,0.048192771
122,193,315,0.61523438,-0.22539683
142,183,325,0.63476562,-0.12615385
151,172,323,0.63085938,-0.06501548
133,191,324,0.6328125,-0.17901235
102,219,321,0.62695312,-0.36448598
87,238,325,0.63476562,-0.46461538
70,254,324,0.6328125,-0.56790123
19,319,338,0.66015625,-0.88757396
12,309,321,0.62695312,-0.92523364
10,331,341,0.66601562,-0.94134897
17,306,323,0.63085938,-0.89473684
16,316,332,0.6484375,-0.90361446
1,327,328,0.640625,-0.99390244
26,310,336,0.65625,-0.8452381
35,292,327,0.63867188,-0.78593272
15,314,329,0.64257812,-0.90881459
41,302,343,0.66992188,-0.76093294
4,329,333,0.65039062,-0.97597598
14,324,338,0.66015625,-0.91715976
34,287,321,0.62695312,-0.78816199
30,303,333,0.65039062,-0.81981982
7,340,347,0.67773438,-0.95965418
16,303,319,0.62304688,-0.89968652
13,326,339,0.66210938,-0.92330383
20,314,334,0.65234375,-0.88023952
20,318,338,0.66015625,-0.8816568
10,310,320,0.625,-0.9375
15,316,331,0.64648438,-0.90936556
13,313,326,0.63671875,-0.9202454
5,336,341,0.66601562,-0.97067449
19,318,337,0.65820312,-0.88724036
15,306,321,0.62695312,-0.90654206
29,309,338,0.66015625,-0.82840237
46,283,329,0.64257812,-0.72036474
29,308,337,0.65820312,-0.82789318
29,298,327,0.63867188,-0.82262997
27,304,331,0.64648438,-0.83685801
12,317,329,0.64257812,-0.92705167
5,324,329,0.64257812,-0.96960486
1,335,336,0.65625,-0.99404762
1,328,329,0.64257812,-0.99392097
16,313,329,0.64257812,-0.90273556
13,325,338,0.66015625,-0.92307692
3,338,341,0.66601562,-0.98240469
5,323,328,0.640625,-0.9695122
22,302,324,0.6328125,-0.86419753
12,338,350,0.68359375,-0.93142857
34,293,327,0.63867188,-0.79204893
9,338,347,0.67773438,-0.9481268
5,328,333,0.65039062,-0.96996997
4,342,346,0.67578125,-0.97687861
7,329,336,0.65625,-0.95833333
30,294,324,0.6328125,-0.81481481
15,312,327,0.63867188,-0.90825688
15,322,337,0.65820312,-0.91097923
18,319,337,0.65820312,-0.89317507
33,301,334,0.65234375,-0.80239521
15,311,326,0.63671875,-0.90797546
6,325,331,0.64648438,-0.96374622
11,324,335,0.65429688,-0.93432836
20,305,325,0.63476562,-0.87692308
15,317,332,0.6484375,-0.90963855
29,312,341,0.66601562,-0.82991202
41,287,328,0.640625,-0.75
48,289,337,0.65820312,-0.71513353
45,284,329,0.64257812,-0.72644377
28,311,339,0.66210938,-0.83480826
57,264,321,0.62695312,-0.64485981
27,298,325,0.63476562,-0.83384615
33,297,330,0.64453125,-0.8
14,326,340,0.6640625,-0.91764706
2,326,328,0.640625,-0.98780488
1,333,334,0.65234375,-0.99401198
5,329,334,0.65234375,-0.97005988
25,306,331,0.64648438,-0.8489426
52,262,314,0.61328125,-0.66878981
54,267,321,0.62695312,-0.6635514
33,299,332,0.6484375,-0.80120482
54,271,325,0.63476562,-0.66769231
24,308,332,0.6484375,-0.85542169
13,327,340,0.6640625,-0.92352941
33,296,329,0.64257812,-0.7993921
21,311,332,0.6484375,-0.87349398
7,338,345,0.67382812,-0.95942029
20,302,322,0.62890625,-0.8757764
2,339,341,0.66601562,-0.98826979
16,307,323,0.63085938,-0.90092879
9,338,347,0.67773438,-0.9481268
6,319,325,0.63476562,-0.96307692
5,326,331,0.64648438,-0.96978852
11,321,332,0.6484375,-0.93373494
13,320,333,0.65039062,-0.92192192
15,321,336,0.65625,-0.91071429
33,293,326,0.63671875,-0.79754601
21,308,329,0.64257812,-0.87234043
25,305,330,0.64453125,-0.84848485
21,320,341,0.66601562,-0.87683284
78,265,343,0.66992188,-0.5451895
77,251,328,0.640625,-0.5304878
36,301,337,0.65820312,-0.78635015
62,251,313,0.61132812,-0.60383387
55,273,328,0.640625,-0.66463415
50,284,334,0.65234375,-0.7005988
78,241,319,0.62304688,-0.51097179
52,271,323,0.63085938,-0.67801858
39,294,333,0.65039062,-0.76576577
24,305,329,0.64257812,-0.85410334
20,314,334,0.65234375,-0.88023952
28,304,332,0.6484375,-0.8313253
51,283,334,0.65234375,-0.69461078
44,294,338,0.66015625,-0.73964497
27,300,327,0.63867188,-0.83486239
81,236,317,0.61914062,-0.48895899
17,323,340,0.6640625,-0.9
35,295,330,0.64453125,-0.78787879
93,230,323,0.63085938,-0.42414861
71,249,320,0.625,-0.55625
94,238,332,0.6484375,-0.43373494
90,250,340,0.6640625,-0.47058824
34,284,318,0.62109375,-0.78616352
21,314,335,0.65429688,-0.87462687
6,332,338,0.66015625,-0.96449704
12,327,339,0.66210938,-0.92920354
11,321,332,0.6484375,-0.93373494
9,321,330,0.64453125,-0.94545455
6,324,330,0.64453125,-0.96363636
8,322,330,0.64453125,-0.95151515
11,319,330,0.64453125,-0.93333333
21,319,340,0.6640625,-0.87647059
69,274,343,0.66992188,-0.59766764
4,330,334,0.65234375,-0.9760479
10,327,337,0.65820312,-0.94065282
1,329,330,0.64453125,-0.99393939
20,312,332,0.6484375,-0.87951807
18,319,337,0.65820312,-0.89317507
33,289,322,0.62890625,-0.79503106
41,293,334,0.65234375,-0.75449102
58,271,329,0.64257812,-0.64741641
43,280,323,0.63085938,-0.73374613
10,320,330,0.64453125,-0.93939394
10,338,348,0.6796875,-0.94252874
7,328,335,0.65429688,-0.95820896
9,325,334,0.65234375,-0.94610778
9,314,323,0.63085938,-0.94427245
23,319,342,0.66796875,-0.86549708
3,326,329,0.64257812,-0.98176292
11,334,345,0.67382812,-0.93623188
11,328,339,0.66210938,-0.93510324
3,338,341,0.66601562,-0.98240469
16,314,330,0.64453125,-0.9030303
20,315,335,0.65429688,-0.88059701
3,323,326,0.63671875,-0.98159509
1,354,355,0.69335938,-0.9943662
3,341,344,0.671875,-0.98255814
6,321,327,0.63867188,-0.96330275
12,320,332,0.6484375,-0.92771084
17,307,324,0.6328125,-0.89506173
10,329,339,0.66210938,-0.94100295
19,326,345,0.67382812,-0.88985507
34,310,344,0.671875,-0.80232558
25,320,345,0.67382812,-0.85507246
28,295,323,0.63085938,-0.82662539
33,292,325,0.63476562,-0.79692308
38,301,339,0.66210938,-0.77581121
26,304,330,0.64453125,-0.84242424
44,284,328,0.640625,-0.73170732
23,310,333,0.65039062,-0.86186186
43,278,321,0.62695312,-0.73208723
40,292,332,0.6484375,-0.75903614
16,293,309,0.60351562,-0.89644013
42,293,335,0.65429688,-0.74925373
49,284,333,0.65039062,-0.70570571
18,312,330,0.64453125,-0.89090909
17,306,323,0.63085938,-0.89473684
21,293,314,0.61328125,-0.86624204
74,259,333,0.65039062,-0.55555556
65,261,326,0.63671875,-0.60122699
41,271,312,0.609375,-0.73717949
37,300,337,0.65820312,-0.78041543
8,325,333,0.65039062,-0.95195195
18,317,335,0.65429688,-0.89253731
28,291,319,0.62304688,-0.82445141
39,280,319,0.62304688,-0.75548589
47,284,331,0.64648438,-0.71601208
46,281,327,0.63867188,-0.71865443
36,285,321,0.62695312,-0.77570093
7,340,347,0.67773438,-0.95965418
19,314,333,0.65039062,-0.88588589
8,316,324,0.6328125,-0.95061728
19,311,330,0.64453125,-0.88484848
27,308,335,0.65429688,-0.83880597
57,289,346,0.67578125,-0.67052023
22,293,315,0.61523438,-0.86031746
20,314,334,0.65234375,-0.88023952
18,308,326,0.63671875,-0.88957055
5,334,339,0.66210938,-0.97050147
11,331,342,0.66796875,-0.93567251
24,324,348,0.6796875,-0.86206897
35,295,330,0.64453125,-0.78787879
33,290,323,0.63085938,-0.79566563
5,324,329,0.64257812,-0.96960486
13,318,331,0.64648438,-0.92145015
10,322,332,0.6484375,-0.93975904
28,317,345,0.67382812,-0.83768116
17,321,338,0.66015625,-0.89940828
10,319,329,0.64257812,-0.93920973
16,325,341,0.66601562,-0.90615836
13,314,327,0.63867188,-0.9204893
40,288,328,0.640625,-0.75609756
85,236,321,0.62695312,-0.47040498
24,315,339,0.66210938,-0.85840708
30,301,331,0.64648438,-0.81873112
19,314,333,0.65039062,-0.88588589
7,333,340,0.6640625,-0.95882353
8,332,340,0.6640625,-0.95294118
4,320,324,0.6328125,-0.97530864
3,347,350,0.68359375,-0.98285714
0,346,346,0.67578125,-1
36,297,333,0.65039062,-0.78378378
11,328,339,0.66210938,-0.93510324
19,313,332,0.6484375,-0.88554217
16,320,336,0.65625,-0.9047619
12,327,339,0.66210938,-0.92920354
39,289,328,0.640625,-0.76219512
51,273,324,0.6328125,-0.68518519
42,278,320,0.625,-0.7375
26,302,328,0.640625,-0.84146341
18,319,337,0.65820312,-0.89317507
41,292,333,0.65039062,-0.75375375
36,291,327,0.63867188,-0.77981651
32,305,337,0.65820312,-0.81008902
90,230,320,0.625,-0.4375
144,182,326,0.63671875,-0.11656442
103,235,338,0.66015625,-0.39053254
85,247,332,0.6484375,-0.48795181
88,239,327,0.63867188,-0.4617737
107,221,328,0.640625,-0.34756098
72,252,324,0.6328125,-0.55555556
42,295,337,0.65820312,-0.75074184
19,309,328,0.640625,-0.88414634
28,310,338,0.66015625,-0.83431953
23,309,332,0.6484375,-0.86144578
30,284,314,0.61328125,-0.8089172
17,315,332,0.6484375,-0.89759036
12,332,344,0.671875,-0.93023256
12,334,346,0.67578125,-0.93063584
15,322,337,0.65820312,-0.91097923
20,314,334,0.65234375,-0.88023952
24,305,329,0.64257812,-0.85410334
20,319,339,0.66210938,-0.8820059
9,326,335,0.65429688,-0.94626866
0,348,348,0.6796875,-1
8,318,326,0.63671875,-0.95092025
2,325,327,0.63867188,-0.98776758
46,294,340,0.6640625,-0.72941176
54,281,335,0.65429688,-0.67761194
47,278,325,0.63476562,-0.71076923
55,273,328,0.640625,-0.66463415
38,286,324,0.6328125,-0.7654321
12,330,342,0.66796875,-0.92982456
0,329,329,0.64257812,-1
9,332,341,0.66601562,-0.94721408
25,312,337,0.65820312,-0.85163205
28,306,334,0.65234375,-0.83233533
1,326,327,0.63867188,-0.99388379
35,292,327,0.63867188,-0.78593272
63,266,329,0.64257812,-0.61702128
75,250,325,0.63476562,-0.53846154
49,279,328,0.640625,-0.70121951
58,283,341,0.66601562,-0.65982405
29,295,324,0.6328125,-0.82098765
28,310,338,0.66015625,-0.83431953
26,302,328,0.640625,-0.84146341
6,327,333,0.65039062,-0.96396396
11,331,342,0.66796875,-0.93567251
14,322,336,0.65625,-0.91666667
55,268,323,0.63085938,-0.65944272
29,317,346,0.67578125,-0.83236994
45,280,325,0.63476562,-0.72307692
84,249,333,0.65039062,-0.4954955
55,268,323,0.63085938,-0.65944272
23,314,337,0.65820312,-0.86350148
5,327,332,0.6484375,-0.96987952
62,271,333,0.65039062,-0.62762763
50,288,338,0.66015625,-0.70414201
49,280,329,0.64257812,-0.70212766
64,264,328,0.640625,-0.6097561
22,305,327,0.63867188,-0.86544343
31,294,325,0.63476562,-0.80923077
16,303,319,0.62304688,-0.89968652
2,344,346,0.67578125,-0.98843931
10,319,329,0.64257812,-0.93920973
5,346,351,0.68554688,-0.97150997
16,317,333,0.65039062,-0.9039039
6,311,317,0.61914062,-0.96214511
20,317,337,0.65820312,-0.88130564
33,306,339,0.66210938,-0.80530973
43,282,325,0.63476562,-0.73538462
46,291,337,0.65820312,-0.72700297
16,315,331,0.64648438,-0.90332326
13,322,335,0.65429688,-0.92238806
39,289,328,0.640625,-0.76219512
45,286,331,0.64648438,-0.72809668
39,284,323,0.63085938,-0.75851393
12,317,329,0.64257812,-0.92705167
30,289,319,0.62304688,-0.81191223
21,311,332,0.6484375,-0.87349398
26,313,339,0.66210938,-0.84660767
45,294,339,0.66210938,-0.73451327
12,316,328,0.640625,-0.92682927
20,312,332,0.6484375,-0.87951807
20,308,328,0.640625,-0.87804878
32,286,318,0.62109375,-0.79874214
35,282,317,0.61914062,-0.77917981
8,325,333,0.65039062,-0.95195195
28,315,343,0.66992188,-0.83673469
21,317,338,0.66015625,-0.87573964
31,288,319,0.62304688,-0.80564263
18,323,341,0.66601562,-0.89442815
39,288,327,0.63867188,-0.76146789
58,258,316,0.6171875,-0.63291139
27,308,335,0.65429688,-0.83880597
55,273,328,0.640625,-0.66463415
27,306,333,0.65039062,-0.83783784
15,311,326,0.63671875,-0.90797546
26,315,341,0.66601562,-0.84750733
26,294,320,0.625,-0.8375
7,327,334,0.65234375,-0.95808383
24,316,340,0.6640625,-0.85882353
26,297,323,0.63085938,-0.83900929
4,337,341,0.66601562,-0.97653959
3,342,345,0.67382812,-0.9826087
3,330,333,0.65039062,-0.98198198
22,310,332,0.6484375,-0.86746988
21,303,324,0.6328125,-0.87037037
11,310,321,0.62695312,-0.93146417
30,289,319,0.62304688,-0.81191223
23,307,330,0.64453125,-0.86060606
31,295,326,0.63671875,-0.80981595
68,243,311,0.60742188,-0.56270096
42,288,330,0.64453125,-0.74545455
33,312,345,0.67382812,-0.80869565
14,308,322,0.62890625,-0.91304348
21,313,334,0.65234375,-0.8742515
21,298,319,0.62304688,-0.86833856
10,325,335,0.65429688,-0.94029851
4,324,328,0.640625,-0.97560976
25,303,328,0.640625,-0.84756098
18,330,348,0.6796875,-0.89655172
11,311,322,0.62890625,-0.93167702
26,289,315,0.61523438,-0.83492063
22,308,330,0.64453125,-0.86666667
20,297,317,0.61914062,-0.87381703
14,320,334,0.65234375,-0.91616766
8,324,332,0.6484375,-0.95180723
33,308,341,0.66601562,-0.80645161
17,311,328,0.640625,-0.89634146
1,337,338,0.66015625,-0.99408284
16,319,335,0.65429688,-0.90447761
57,275,332,0.6484375,-0.65662651
54,267,321,0.62695312,-0.6635514
71,245,316,0.6171875,-0.55063291
33,304,337,0.65820312,-0.8041543
18,323,341,0.66601562,-0.89442815
35,289,324,0.6328125,-0.78395062
10,320,330,0.64453125,-0.93939394
21,313,334,0.65234375,-0.8742515
3,341,344,0.671875,-0.98255814
42,293,335,0.65429688,-0.74925373
70,241,311,0.60742188,-0.54983923
80,245,325,0.63476562,-0.50769231
79,240,319,0.62304688,-0.50470219
65,242,307,0.59960938,-0.57654723
17,316,333,0.65039062,-0.8978979
26,298,324,0.6328125,-0.83950617
30,303,333,0.65039062,-0.81981982
36,288,324,0.6328125,-0.77777778
35,298,333,0.65039062,-0.78978979
29,298,327,0.63867188,-0.82262997
1,345,346,0.67578125,-0.99421965
6,332,338,0.66015625,-0.96449704
10,323,333,0.65039062,-0.93993994
9,333,342,0.66796875,-0.94736842
10,312,322,0.62890625,-0.9378882
19,310,329,0.64257812,-0.88449848
17,302,319,0.62304688,-0.89341693
20,297,317,0.61914062,-0.87381703
64,263,327,0.63867188,-0.60856269
80,246,326,0.63671875,-0.50920245
86,245,331,0.64648438,-0.48036254
64,260,324,0.6328125,-0.60493827
88,232,320,0.625,-0.45
73,252,325,0.63476562,-0.55076923
50,282,332,0.6484375,-0.69879518
60,266,326,0.63671875,-0.63190184
64,270,334,0.65234375,-0.61676647
65,274,339,0.66210938,-0.61651917
50,280,330,0.64453125,-0.6969697
6,323,329,0.64257812,-0.96352584
6,326,332,0.6484375,-0.96385542
5,337,342,0.66796875,-0.97076023
3,340,343,0.66992188,-0.98250729
8,328,336,0.65625,-0.95238095
23,304,327,0.63867188,-0.85932722
42,292,334,0.65234375,-0.74850299
32,305,337,0.65820312,-0.81008902
45,287,332,0.6484375,-0.72891566
10,321,331,0.64648438,-0.93957704
8,319,327,0.63867188,-0.95107034
30,298,328,0.640625,-0.81707317
18,308,326,0.63671875,-0.88957055
2,339,341,0.66601562,-0.98826979
17,324,341,0.66601562,-0.90029326
7,335,342,0.66796875,-0.95906433
11,330,341,0.66601562,-0.93548387
19,317,336,0.65625,-0.88690476
15,322,337,0.65820312,-0.91097923
32,291,323,0.63085938,-0.80185759
63,271,334,0.65234375,-0.62275449
35,294,329,0.64257812,-0.78723404
18,308,326,0.63671875,-0.88957055
14,316,330,0.64453125,-0.91515152
5,339,344,0.671875,-0.97093023
53,272,325,0.63476562,-0.67384615
25,304,329,0.64257812,-0.84802432
41,301,342,0.66796875,-0.76023392
10,324,334,0.65234375,-0.94011976
3,330,333,0.65039062,-0.98198198
6,319,325,0.63476562,-0.96307692
4,335,339,0.66210938,-0.97640118
1,346,347,0.67773438,-0.99423631
6,329,335,0.65429688,-0.9641791
4,331,335,0.65429688,-0.9761194
17,299,316,0.6171875,-0.89240506
3,321,324,0.6328125,-0.98148148
2,331,333,0.65039062,-0.98798799
30,296,326,0.63671875,-0.81595092
84,236,320,0.625,-0.475
71,243,314,0.61328125,-0.5477707
66,261,327,0.63867188,-0.59633028
6,335,341,0.66601562,-0.96480938
26,312,338,0.66015625,-0.84615385
33,303,336,0.65625,-0.80357143
27,309,336,0.65625,-0.83928571
27,305,332,0.6484375,-0.8373494
20,305,325,0.63476562,-0.87692308
44,298,342,0.66796875,-0.74269006
32,301,333,0.65039062,-0.80780781
8,321,329,0.64257812,-0.95136778
12,323,335,0.65429688,-0.92835821
23,326,349,0.68164062,-0.86819484
25,310,335,0.65429688,-0.85074627
28,291,319,0.62304688,-0.82445141
15,323,338,0.66015625,-0.9112426
2,330,332,0.6484375,-0.98795181
25,308,333,0.65039062,-0.84984985
11,333,344,0.671875,-0.93604651
6,319,325,0.63476562,-0.96307692
11,319,330,0.64453125,-0.93333333
20,324,344,0.671875,-0.88372093
14,315,329,0.64257812,-0.91489362
28,306,334,0.65234375,-0.83233533
17,323,340,0.6640625,-0.9
1,352,353,0.68945312,-0.99433428
5,333,338,0.66015625,-0.9704142
16,307,323,0.63085938,-0.90092879
15,320,335,0.65429688,-0.91044776
0,330,330,0.64453125,-1
19,318,337,0.65820312,-0.88724036
5,330,335,0.65429688,-0.97014925
11,324,335,0.65429688,-0.93432836
22,313,335,0.65429688,-0.86865672
17,310,327,0.63867188,-0.89602446
21,320,341,0.66601562,-0.87683284
0,339,339,0.66210938,-1
18,320,338,0.66015625,-0.89349112
7,333,340,0.6640625,-0.95882353
12,324,336,0.65625,-0.92857143
7,335,342,0.66796875,-0.95906433
7,331,338,0.66015625,-0.95857988
9,329,338,0.66015625,-0.94674556
13,324,337,0.65820312,-0.92284866
16,313,329,0.64257812,-0.90273556
8,326,334,0.65234375,-0.95209581
9,343,352,0.6875,-0.94886364
20,318,338,0.66015625,-0.8816568
12,317,329,0.64257812,-0.92705167
1,330,331,0.64648438,-0.9939577
9,323,332,0.6484375,-0.94578313
18,305,323,0.63085938,-0.88854489
17,322,339,0.66210938,-0.89970501
15,321,336,0.65625,-0.91071429
32,305,337,0.65820312,-0.81008902
34,291,325,0.63476562,-0.79076923
37,288,325,0.63476562,-0.77230769
3,323,326,0.63671875,-0.98159509
19,316,335,0.65429688,-0.88656716
18,327,345,0.67382812,-0.89565217
18,328,346,0.67578125,-0.89595376
30,300,330,0.64453125,-0.81818182
5,328,333,0.65039062,-0.96996997
20,312,332,0.6484375,-0.87951807
16,321,337,0.65820312,-0.90504451
18,304,322,0.62890625,-0.88819876
15,317,332,0.6484375,-0.90963855
34,283,317,0.61914062,-0.78548896
13,316,329,0.64257812,-0.92097264
23,314,337,0.65820312,-0.86350148
18,329,347,0.67773438,-0.8962536
8,343,351,0.68554688,-0.95441595
0,336,336,0.65625,-1
26,309,335,0.65429688,-0.84477612
26,310,336,0.65625,-0.8452381
18,310,328,0.640625,-0.8902439
4,326,330,0.64453125,-0.97575758
19,316,335,0.65429688,-0.88656716
11,328,339,0.66210938,-0.93510324
10,316,326,0.63671875,-0.93865031
15,319,334,0.65234375,-0.91017964
26,308,334,0.65234375,-0.84431138
20,306,326,0.63671875,-0.87730061
16,325,341,0.66601562,-0.90615836
15,311,326,0.63671875,-0.90797546
19,322,341,0.66601562,-0.88856305
2,340,342,0.66796875,-0.98830409
23,320,343,0.66992188,-0.86588921
41,289,330,0.64453125,-0.75151515
19,304,323,0.63085938,-0.88235294
84,239,323,0.63085938,-0.47987616
57,260,317,0.61914062,-0.64037855
74,244,318,0.62109375,-0.53459119
61,268,329,0.64257812,-0.62917933
88,241,329,0.64257812,-0.46504559
66,267,333,0.65039062,-0.6036036
50,282,332,0.6484375,-0.69879518
88,227,315,0.61523438,-0.44126984
86,232,318,0.62109375,-0.4591195
131,204,335,0.65429688,-0.21791045
92,234,326,0.63671875,-0.43558282
96,229,325,0.63476562,-0.40923077
112,205,317,0.61914062,-0.29337539
112,204,316,0.6171875,-0.29113924
113,216,329,0.64257812,-0.31306991
37,285,322,0.62890625,-0.77018634
34,297,331,0.64648438,-0.79456193
31,312,343,0.66992188,-0.81924198
4,340,344,0.671875,-0.97674419
11,327,338,0.66015625,-0.93491124
19,311,330,0.64453125,-0.88484848
13,320,333,0.65039062,-0.92192192
2,343,345,0.67382812,-0.9884058
17,309,326,0.63671875,-0.89570552
22,316,338,0.66015625,-0.86982249
21,325,346,0.67578125,-0.87861272
14,325,339,0.66210938,-0.91740413
27,312,339,0.66210938,-0.84070796
46,293,339,0.66210938,-0.72861357
67,262,329,0.64257812,-0.59270517
59,269,328,0.640625,-0.6402439
77,256,333,0.65039062,-0.53753754
45,283,328,0.640625,-0.72560976
74,254,328,0.640625,-0.54878049
70,264,334,0.65234375,-0.58083832
70,250,320,0.625,-0.5625
50,292,342,0.66796875,-0.70760234
10,332,342,0.66796875,-0.94152047
19,312,331,0.64648438,-0.88519637
40,296,336,0.65625,-0.76190476
49,291,340,0.6640625,-0.71176471
63,270,333,0.65039062,-0.62162162
16,318,334,0.65234375,-0.90419162
12,314,326,0.63671875,-0.92638037
3,333,336,0.65625,-0.98214286
14,327,341,0.66601562,-0.91788856
17,317,334,0.65234375,-0.89820359
1,328,329,0.64257812,-0.99392097
13,332,345,0.67382812,-0.92463768
9,335,344,0.671875,-0.94767442
4,323,327,0.63867188,-0.97553517
11,327,338,0.66015625,-0.93491124
8,332,340,0.6640625,-0.95294118
5,327,332,0.6484375,-0.96987952
0,334,334,0.65234375,-1
21,304,325,0.63476562,-0.87076923
28,308,336,0.65625,-0.83333333
36,294,330,0.64453125,-0.78181818
7,322,329,0.64257812,-0.95744681
13,305,318,0.62109375,-0.91823899
19,314,333,0.65039062,-0.88588589
30,301,331,0.64648438,-0.81873112
36,285,321,0.62695312,-0.77570093
32,311,343,0.66992188,-0.81341108
1,342,343,0.66992188,-0.9941691
4,334,338,0.66015625,-0.97633136
6,334,340,0.6640625,-0.96470588
19,310,329,0.64257812,-0.88449848
15,299,314,0.61328125,-0.9044586
19,318,337,0.65820312,-0.88724036
6,313,319,0.62304688,-0.96238245
5,324,329,0.64257812,-0.96960486
14,339,353,0.68945312,-0.92067989
12,326,338,0.66015625,-0.92899408
9,325,334,0.65234375,-0.94610778
26,302,328,0.640625,-0.84146341
47,282,329,0.64257812,-0.71428571
27,301,328,0.640625,-0.83536585
49,279,328,0.640625,-0.70121951
55,271,326,0.63671875,-0.66257669
85,246,331,0.64648438,-0.48640483
75,263,338,0.66015625,-0.55621302
29,306,335,0.65429688,-0.82686567
27,298,325,0.63476562,-0.83384615
30,303,333,0.65039062,-0.81981982
26,301,327,0.63867188,-0.84097859
43,288,331,0.64648438,-0.74018127
34,279,313,0.61132812,-0.7827476
50,299,349,0.68164062,-0.71346705
43,286,329,0.64257812,-0.73860182
56,278,334,0.65234375,-0.66467066
10,319,329,0.64257812,-0.93920973
16,323,339,0.66210938,-0.90560472
10,323,333,0.65039062,-0.93993994
9,319,328,0.640625,-0.94512195
23,306,329,0.64257812,-0.86018237
7,327,334,0.65234375,-0.95808383
0,335,335,0.65429688,-1
9,324,333,0.65039062,-0.94594595
13,322,335,0.65429688,-0.92238806
0,339,339,0.66210938,-1
4,319,323,0.63085938,-0.9752322
5,326,331,0.64648438,-0.96978852
8,332,340,0.6640625,-0.95294118
13,315,328,0.640625,-0.92073171
5,329,334,0.65234375,-0.97005988
12,319,331,0.64648438,-0.92749245
3,342,345,0.67382812,-0.9826087
2,340,342,0.66796875,-0.98830409
12,332,344,0.671875,-0.93023256
3,335,338,0.66015625,-0.98224852
2,335,337,0.65820312,-0.98813056
3,349,352,0.6875,-0.98295455
16,321,337,0.65820312,-0.90504451
34,306,340,0.6640625,-0.8
31,306,337,0.65820312,-0.81602374
15,331,346,0.67578125,-0.9132948
6,336,342,0.66796875,-0.96491228
2,331,333,0.65039062,-0.98798799
1,343,344,0.671875,-0.99418605
10,324,334,0.65234375,-0.94011976
30,299,329,0.64257812,-0.81762918
28,309,337,0.65820312,-0.83382789
20,301,321,0.62695312,-0.87538941
36,286,322,0.62890625,-0.77639752
38,284,322,0.62890625,-0.76397516
5,317,322,0.62890625,-0.9689441
19,312,331,0.64648438,-0.88519637
4,328,332,0.6484375,-0.97590361
5,324,329,0.64257812,-0.96960486
3,328,331,0.64648438,-0.98187311
2,322,324,0.6328125,-0.98765432
3,329,332,0.6484375,-0.98192771
0,337,337,0.65820312,-1
19,325,344,0.671875,-0.88953488
38,297,335,0.65429688,-0.77313433
34,297,331,0.64648438,-0.79456193
40,289,329,0.64257812,-0.75683891
19,313,332,0.6484375,-0.88554217
2,337,339,0.66210938,-0.98820059
6,324,330,0.64453125,-0.96363636
27,309,336,0.65625,-0.83928571
19,312,331,0.64648438,-0.88519637
22,309,331,0.64648438,-0.86706949
18,312,330,0.64453125,-0.89090909
34,305,339,0.66210938,-0.79941003
56,265,321,0.62695312,-0.65109034
37,310,347,0.67773438,-0.78674352
55,266,321,0.62695312,-0.65732087
63,253,316,0.6171875,-0.60126582
77,262,339,0.66210938,-0.54572271
95,234,329,0.64257812,-0.4224924
100,222,322,0.62890625,-0.37888199
111,212,323,0.63085938,-0.3126935
150,175,325,0.63476562,-0.076923077
100,222,322,0.62890625,-0.37888199
69,270,339,0.66210938,-0.59292035
40,284,324,0.6328125,-0.75308642
30,284,314,0.61328125,-0.8089172
49,287,336,0.65625,-0.70833333
13,321,334,0.65234375,-0.92215569
8,322,330,0.64453125,-0.95151515
5,325,330,0.64453125,-0.96969697
26,297,323,0.63085938,-0.83900929
5,327,332,0.6484375,-0.96987952
12,301,313,0.61132812,-0.92332268
26,295,321,0.62695312,-0.83800623
36,291,327,0.63867188,-0.77981651
29,304,333,0.65039062,-0.82582583
20,306,326,0.63671875,-0.87730061
32,307,339,0.66210938,-0.81120944
10,315,325,0.63476562,-0.93846154
27,310,337,0.65820312,-0.83976261
28,298,326,0.63671875,-0.82822086
37,303,340,0.6640625,-0.78235294
38,294,332,0.6484375,-0.77108434
45,286,331,0.64648438,-0.72809668
66,252,318,0.62109375,-0.58490566
112,202,314,0.61328125,-0.2866242
101,218,319,0.62304688,-0.36677116
88,242,330,0.64453125,-0.46666667
84,236,320,0.625,-0.475
56,278,334,0.65234375,-0.66467066
80,246,326,0.63671875,-0.50920245
55,271,326,0.63671875,-0.66257669
36,282,318,0.62109375,-0.77358491
8,318,326,0.63671875,-0.95092025
49,300,349,0.68164062,-0.71919771
16,318,334,0.65234375,-0.90419162
2,322,324,0.6328125,-0.98765432
35,300,335,0.65429688,-0.79104478
17,319,336,0.65625,-0.89880952
2,334,336,0.65625,-0.98809524
13,328,341,0.66601562,-0.92375367
34,299,333,0.65039062,-0.7957958
14,309,323,0.63085938,-0.91331269
50,282,332,0.6484375,-0.69879518
86,263,349,0.68164062,-0.50716332
55,274,329,0.64257812,-0.6656535
89,232,321,0.62695312,-0.44548287
65,268,333,0.65039062,-0.60960961
86,240,326,0.63671875,-0.47239264
62,260,322,0.62890625,-0.61490683
46,283,329,0.64257812,-0.72036474
37,296,333,0.65039062,-0.77777778
11,315,326,0.63671875,-0.93251534
21,322,343,0.66992188,-0.87755102
7,340,347,0.67773438,-0.95965418
9,317,326,0.63671875,-0.94478528
4,339,343,0.66992188,-0.97667638
24,311,335,0.65429688,-0.85671642
66,263,329,0.64257812,-0.59878419
44,288,332,0.6484375,-0.73493976
24,311,335,0.65429688,-0.85671642
9,326,335,0.65429688,-0.94626866
8,312,320,0.625,-0.95
53,278,331,0.64648438,-0.67975831
22,314,336,0.65625,-0.86904762
34,292,326,0.63671875,-0.79141104
24,306,330,0.64453125,-0.85454545
11,323,334,0.65234375,-0.93413174
25,321,346,0.67578125,-0.85549133
21,314,335,0.65429688,-0.87462687
13,305,318,0.62109375,-0.91823899
4,335,339,0.66210938,-0.97640118
17,314,331,0.64648438,-0.89728097
5,335,340,0.6640625,-0.97058824
13,319,332,0.6484375,-0.92168675
21,308,329,0.64257812,-0.87234043
8,325,333,0.65039062,-0.95195195
0,330,330,0.64453125,-1
24,300,324,0.6328125,-0.85185185
42,302,344,0.671875,-0.75581395
38,286,324,0.6328125,-0.7654321
49,288,337,0.65820312,-0.70919881
17,311,328,0.640625,-0.89634146
9,328,337,0.65820312,-0.94658754
24,309,333,0.65039062,-0.85585586
6,326,332,0.6484375,-0.96385542
12,320,332,0.6484375,-0.92771084
28,299,327,0.63867188,-0.82874618
20,326,346,0.67578125,-0.88439306
10,320,330,0.64453125,-0.93939394
2,335,337,0.65820312,-0.98813056
12,318,330,0.64453125,-0.92727273
18,313,331,0.64648438,-0.89123867
86,240,326,0.63671875,-0.47239264
66,257,323,0.63085938,-0.59133127
55,271,326,0.63671875,-0.66257669
7,328,335,0.65429688,-0.95820896
2,339,341,0.66601562,-0.98826979
18,324,342,0.66796875,-0.89473684
6,321,327,0.63867188,-0.96330275
5,329,334,0.65234375,-0.97005988
18,321,339,0.66210938,-0.89380531
1,333,334,0.65234375,-0.99401198
21,312,333,0.65039062,-0.87387387
52,274,326,0.63671875,-0.6809816
59,285,344,0.671875,-0.65697674
72,254,326,0.63671875,-0.55828221
61,276,337,0.65820312,-0.6379822
41,289,330,0.64453125,-0.75151515
43,289,332,0.6484375,-0.74096386
115,219,334,0.65234375,-0.31137725
106,216,322,0.62890625,-0.34161491
110,209,319,0.62304688,-0.31034483
132,186,318,0.62109375,-0.16981132
150,189,339,0.66210938,-0.11504425
170,153,323,0.63085938,0.052631579
168,168,336,0.65625,0
112,200,312,0.609375,-0.28205128
122,192,314,0.61328125,-0.22292994
148,179,327,0.63867188,-0.094801223
88,233,321,0.62695312,-0.4517134
108,215,323,0.63085938,-0.33126935
137,179,316,0.6171875,-0.13291139
156,172,328,0.640625,-0.048780488
135,183,318,0.62109375,-0.1509434
108,232,340,0.6640625,-0.36470588
110,202,312,0.609375,-0.29487179
91,242,333,0.65039062,-0.45345345
52,270,322,0.62890625,-0.67701863
41,285,326,0.63671875,-0.74846626
51,263,314,0.61328125,-0.67515924
57,268,325,0.63476562,-0.64923077
49,275,324,0.6328125,-0.69753086
64,260,324,0.6328125,-0.60493827
36,284,320,0.625,-0.775
26,294,320,0.625,-0.8375
28,296,324,0.6328125,-0.82716049
7,336,343,0.66992188,-0.95918367
21,295,316,0.6171875,-0.86708861
19,324,343,0.66992188,-0.88921283
0,331,331,0.64648438,-1
27,299,326,0.63671875,-0.83435583
23,300,323,0.63085938,-0.85758514
37,304,341,0.66601562,-0.7829912
1,336,337,0.65820312,-0.99406528
12,321,333,0.65039062,-0.92792793
44,288,332,0.6484375,-0.73493976
57,274,331,0.64648438,-0.65558912
22,307,329,0.64257812,-0.8662614
39,282,321,0.62695312,-0.75700935
45,284,329,0.64257812,-0.72644377
32,298,330,0.64453125,-0.80606061
16,312,328,0.640625,-0.90243902
12,320,332,0.6484375,-0.92771084
9,329,338,0.66015625,-0.94674556
7,335,342,0.66796875,-0.95906433
16,316,332,0.6484375,-0.90361446
20,312,332,0.6484375,-0.87951807
44,304,348,0.6796875,-0.74712644
32,290,322,0.62890625,-0.80124224
49,275,324,0.6328125,-0.69753086
44,273,317,0.61914062,-0.72239748
23,313,336,0.65625,-0.86309524
35,283,318,0.62109375,-0.77987421
45,281,326,0.63671875,-0.72392638
13,307,320,0.625,-0.91875
35,288,323,0.63085938,-0.78328173
48,295,343,0.66992188,-0.72011662
29,298,327,0.63867188,-0.82262997
28,300,328,0.640625,-0.82926829
27,300,327,0.63867188,-0.83486239
14,306,320,0.625,-0.9125
27,305,332,0.6484375,-0.8373494
35,282,317,0.61914062,-0.77917981
38,293,331,0.64648438,-0.77039275
10,324,334,0.65234375,-0.94011976
23,310,333,0.65039062,-0.86186186
27,302,329,0.64257812,-0.83586626
35,295,330,0.64453125,-0.78787879
8,325,333,0.65039062,-0.95195195
1,341,342,0.66796875,-0.99415205
23,332,355,0.69335938,-0.87042254
8,323,331,0.64648438,-0.95166163
34,291,325,0.63476562,-0.79076923
56,278,334,0.65234375,-0.66467066
52,276,328,0.640625,-0.68292683
21,311,332,0.6484375,-0.87349398
16,304,320,0.625,-0.9
19,316,335,0.65429688,-0.88656716
1,346,347,0.67773438,-0.99423631
7,326,333,0.65039062,-0.95795796
3,351,354,0.69140625,-0.98305085
23,304,327,0.63867188,-0.85932722
11,303,314,0.61328125,-0.92993631
26,289,315,0.61523438,-0.83492063
10,325,335,0.65429688,-0.94029851
12,319,331,0.64648438,-0.92749245
9,319,328,0.640625,-0.94512195
4,325,329,0.64257812,-0.97568389
2,329,331,0.64648438,-0.98791541
19,308,327,0.63867188,-0.88379205
10,317,327,0.63867188,-0.93883792
1,344,345,0.67382812,-0.9942029
7,326,333,0.65039062,-0.95795796
7,333,340,0.6640625,-0.95882353
11,320,331,0.64648438,-0.93353474
8,321,329,0.64257812,-0.95136778
15,313,328,0.640625,-0.90853659
9,334,343,0.66992188,-0.94752187
28,287,315,0.61523438,-0.82222222
4,332,336,0.65625,-0.97619048
13,324,337,0.65820312,-0.92284866
47,287,334,0.65234375,-0.71856287
26,319,345,0.67382812,-0.84927536
39,273,312,0.609375,-0.75
44,287,331,0.64648438,-0.73413897
46,282,328,0.640625,-0.7195122
37,300,337,0.65820312,-0.78041543
37,302,339,0.66210938,-0.78171091
39,289,328,0.640625,-0.76219512
26,300,326,0.63671875,-0.8404908
50,275,325,0.63476562,-0.69230769
16,310,326,0.63671875,-0.90184049
17,322,339,0.66210938,-0.89970501
6,327,333,0.65039062,-0.96396396
20,288,308,0.6015625,-0.87012987
17,314,331,0.64648438,-0.89728097
42,283,325,0.63476562,-0.74153846
31,297,328,0.640625,-0.81097561
32,306,338,0.66015625,-0.81065089
30,300,330,0.64453125,-0.81818182
58,271,329,0.64257812,-0.64741641
43,288,331,0.64648438,-0.74018127
19,317,336,0.65625,-0.88690476
12,322,334,0.65234375,-0.92814371
15,316,331,0.64648438,-0.90936556
33,296,329,0.64257812,-0.7993921
27,303,330,0.64453125,-0.83636364
3,330,333,0.65039062,-0.98198198
8,328,336,0.65625,-0.95238095
6,324,330,0.64453125,-0.96363636
23,304,327,0.63867188,-0.85932722
2,315,317,0.61914062,-0.9873817
10,320,330,0.64453125,-0.93939394
5,326,331,0.64648438,-0.96978852
15,325,340,0.6640625,-0.91176471
9,320,329,0.64257812,-0.94528875
26,296,322,0.62890625,-0.83850932
5,319,324,0.6328125,-0.9691358
6,315,321,0.62695312,-0.96261682
23,313,336,0.65625,-0.86309524
37,289,326,0.63671875,-0.77300613
45,280,325,0.63476562,-0.72307692
37,306,343,0.66992188,-0.78425656
28,307,335,0.65429688,-0.83283582
7,340,347,0.67773438,-0.95965418
14,318,332,0.6484375,-0.91566265
31,318,349,0.68164062,-0.82234957
20,313,333,0.65039062,-0.87987988
48,290,338,0.66015625,-0.71597633
73,253,326,0.63671875,-0.55214724
79,261,340,0.6640625,-0.53529412
59,253,312,0.609375,-0.62179487
