n_hor,n_ver,n_tot,eta,S
103,75,178,0.34765625,0.15730337
93,92,185,0.36132812,0.0054054054
99,74,173,0.33789062,0.14450867
99,74,173,0.33789062,0.14450867
93,80,173,0.33789062,0.075144509
85,85,170,0.33203125,0
93,88,181,0.35351562,0.027624309
84,95,179,0.34960938,-0.061452514
114,61,175,0.34179688,0.30285714
89,97,186,0.36328125,-0.043010753
78,106,184,0.359375,-0.15217391
107,81,188,0.3671875,0.13829787
81,104,185,0.36132812,-0.12432432
120,54,174,0.33984375,0.37931034
84,106,190,0.37109375,-0.11578947
87,89,176,0.34375,-0.011363636
110,67,177,0.34570312,0.24293785
135,41,176,0.34375,0.53409091
98,79,177,0.34570312,0.10734463
107,87,194,0.37890625,0.10309278
58,126,184,0.359375,-0.36956522
87,102,189,0.36914062,-0.079365079
99,82,181,0.35351562,0.093922652
56,120,176,0.34375,-0.36363636
91,90,181,0.35351562,0.0055248619
74,112,186,0.36328125,-0.20430108
100,93,193,0.37695312,0.03626943
95,78,173,0.33789062,0.098265896
98,72,170,0.33203125,0.15294118
74,105,179,0.34960938,-0.17318436
66,100,166,0.32421875,-0.20481928
90,93,183,0.35742188,-0.016393443
52,116,168,0.328125,-0.38095238
91,94,185,0.36132812,-0.016216216
110,84,194,0.37890625,0.13402062
105,73,178,0.34765625,0.17977528
96,72,168,0.328125,0.14285714
87,102,189,0.36914062,-0.079365079
63,99,162,0.31640625,-0.22222222
72,112,184,0.359375,-0.2173913
85,94,179,0.34960938,-0.05027933
76,106,182,0.35546875,-0.16483516
94,77,171,0.33398438,0.099415205
80,105,185,0.36132812,-0.13513514
106,82,188,0.3671875,0.12765957
67,110,177,0.34570312,-0.24293785
72,115,187,0.36523438,-0.22994652
84,93,177,0.34570312,-0.050847458
91,89,180,0.3515625,0.011111111
95,82,177,0.34570312,0.073446328
118,62,180,0.3515625,0.31111111
79,99,178,0.34765625,-0.11235955
72,106,178,0.34765625,-0.19101124
97,87,184,0.359375,0.054347826
106,87,193,0.37695312,0.098445596
101,76,177,0.34570312,0.14124294
80,96,176,0.34375,-0.090909091
106,75,181,0.35351562,0.17127072
72,95,167,0.32617188,-0.13772455
113,77,190,0.37109375,0.18947368
76,103,179,0.34960938,-0.15083799
95,87,182,0.35546875,0.043956044
98,80,178,0.34765625,0.1011236
87,83,170,0.33203125,0.023529412
61,122,183,0.35742188,-0.33333333
67,123,190,0.37109375,-0.29473684
85,88,173,0.33789062,-0.01734104
91,86,177,0.34570312,0.028248588
93,85,178,0.34765625,0.04494382
68,113,181,0.35351562,-0.24861878
78,97,175,0.34179688,-0.10857143
111,71,182,0.35546875,0.21978022
89,72,161,0.31445312,0.10559006
106,65,171,0.33398438,0.23976608
106,71,177,0.34570312,0.19774011
114,68,182,0.35546875,0.25274725
105,75,180,0.3515625,0.16666667
73,106,179,0.34960938,-0.18435754
92,85,177,0.34570312,0.039548023
90,82,172,0.3359375,0.046511628
92,82,174,0.33984375,0.057471264
87,89,176,0.34375,-0.011363636
86,96,182,0.35546875,-0.054945055
99,88,187,0.36523438,0.058823529
90,83,173,0.33789062,0.040462428
61,131,192,0.375,-0.36458333
113,69,182,0.35546875,0.24175824
96,80,176,0.34375,0.090909091
108,73,181,0.35351562,0.19337017
93,95,188,0.3671875,-0.010638298
108,55,163,0.31835938,0.32515337
82,109,191,0.37304688,-0.14136126
95,95,190,0.37109375,0
75,104,179,0.34960938,-0.16201117
76,125,201,0.39257812,-0.24378109
126,62,188,0.3671875,0.34042553
100,80,180,0.3515625,0.11111111
62,131,193,0.37695312,-0.35751295
103,84,187,0.36523438,0.10160428
96,84,180,0.3515625,0.066666667
59,126,185,0.36132812,-0.36216216
88,81,169,0.33007812,0.041420118
69,118,187,0.36523438,-0.26203209
52,132,184,0.359375,-0.43478261
122,54,176,0.34375,0.38636364
119,58,177,0.34570312,0.34463277
103,76,179,0.34960938,0.15083799
86,107,193,0.37695312,-0.10880829
70,95,165,0.32226562,-0.15151515
107,67,174,0.33984375,0.22988506
82,100,182,0.35546875,-0.098901099
85,83,168,0.328125,0.011904762
99,85,184,0.359375,0.076086957
94,93,187,0.36523438,0.0053475936
86,101,187,0.36523438,-0.080213904
70,114,184,0.359375,-0.23913043
92,72,164,0.3203125,0.12195122
110,77,187,0.36523438,0.17647059
90,82,172,0.3359375,0.046511628
80,87,167,0.32617188,-0.041916168
91,101,192,0.375,-0.052083333
90,94,184,0.359375,-0.02173913
111,71,182,0.35546875,0.21978022
114,79,193,0.37695312,0.18134715
68,121,189,0.36914062,-0.28042328
79,102,181,0.35351562,-0.12707182
89,80,169,0.33007812,0.053254438
94,88,182,0.35546875,0.032967033
103,75,178,0.34765625,0.15730337
78,94,172,0.3359375,-0.093023256
63,107,170,0.33203125,-0.25882353
97,81,178,0.34765625,0.08988764
112,73,185,0.36132812,0.21081081
95,90,185,0.36132812,0.027027027
107,79,186,0.36328125,0.15053763
75,96,171,0.33398438,-0.12280702
83,103,186,0.36328125,-0.10752688
79,108,187,0.36523438,-0.15508021
59,113,172,0.3359375,-0.31395349
76,92,168,0.328125,-0.095238095
69,111,180,0.3515625,-0.23333333
94,83,177,0.34570312,0.062146893
87,83,170,0.33203125,0.023529412
104,89,193,0.37695312,0.077720207
109,63,172,0.3359375,0.26744186
92,84,176,0.34375,0.045454545
93,91,184,0.359375,0.010869565
93,77,170,0.33203125,0.094117647
105,79,184,0.359375,0.14130435
88,90,178,0.34765625,-0.011235955
70,101,171,0.33398438,-0.18128655
76,92,168,0.328125,-0.095238095
73,88,161,0.31445312,-0.093167702
83,102,185,0.36132812,-0.1027027
66,92,158,0.30859375,-0.16455696
69,108,177,0.34570312,-0.22033898
112,67,179,0.34960938,0.25139665
106,67,173,0.33789062,0.22543353
91,74,165,0.32226562,0.1030303
91,93,184,0.359375,-0.010869565
61,117,178,0.34765625,-0.31460674
123,74,197,0.38476562,0.24873096
94,75,169,0.33007812,0.11242604
106,67,173,0.33789062,0.22543353
93,101,194,0.37890625,-0.041237113
112,51,163,0.31835938,0.37423313
90,77,167,0.32617188,0.077844311
98,73,171,0.33398438,0.14619883
73,117,190,0.37109375,-0.23157895
102,80,182,0.35546875,0.12087912
79,100,179,0.34960938,-0.11731844
74,102,176,0.34375,-0.15909091
81,103,184,0.359375,-0.11956522
83,104,187,0.36523438,-0.11229947
72,110,182,0.35546875,-0.20879121
95,85,180,0.3515625,0.055555556
59,114,173,0.33789062,-0.31791908
96,84,180,0.3515625,0.066666667
117,66,183,0.35742188,0.27868852
73,90,163,0.31835938,-0.10429448
60,121,181,0.35351562,-0.33701657
117,58,175,0.34179688,0.33714286
57,110,167,0.32617188,-0.31736527
104,77,181,0.35351562,0.14917127
117,59,176,0.34375,0.32954545
108,64,172,0.3359375,0.25581395
63,112,175,0.34179688,-0.28
108,70,178,0.34765625,0.21348315
108,84,192,0.375,0.125
91,85,176,0.34375,0.034090909
99,77,176,0.34375,0.125
87,84,171,0.33398438,0.01754386
82,89,171,0.33398438,-0.040935673
121,61,182,0.35546875,0.32967033
84,93,177,0.34570312,-0.050847458
118,67,185,0.36132812,0.27567568
96,86,182,0.35546875,0.054945055
75,106,181,0.35351562,-0.17127072
102,88,190,0.37109375,0.073684211
105,85,190,0.37109375,0.10526316
116,75,191,0.37304688,0.21465969
89,92,181,0.35351562,-0.016574586
88,83,171,0.33398438,0.029239766
74,102,176,0.34375,-0.15909091
79,90,169,0.33007812,-0.065088757
91,97,188,0.3671875,-0.031914894
72,97,169,0.33007812,-0.14792899
116,71,187,0.36523438,0.24064171
96,80,176,0.34375,0.090909091
94,85,179,0.34960938,0.05027933
81,96,177,0.34570312,-0.084745763
81,90,171,0.33398438,-0.052631579
111,68,179,0.34960938,0.24022346
86,83,169,0.33007812,0.017751479
97,85,182,0.35546875,0.065934066
116,67,183,0.35742188,0.26775956
120,80,200,0.390625,0.2
87,92,179,0.34960938,-0.027932961
96,98,194,0.37890625,-0.010309278
114,67,181,0.35351562,0.25966851
127,56,183,0.35742188,0.38797814
100,76,176,0.34375,0.13636364
83,94,177,0.34570312,-0.062146893
91,84,175,0.34179688,0.04
90,79,169,0.33007812,0.065088757
72,105,177,0.34570312,-0.18644068
80,95,175,0.34179688,-0.085714286
126,51,177,0.34570312,0.42372881
96,75,171,0.33398438,0.12280702
101,71,172,0.3359375,0.1744186
128,60,188,0.3671875,0.36170213
103,78,181,0.35351562,0.13812155
92,94,186,0.36328125,-0.010752688
92,94,186,0.36328125,-0.010752688
136,47,183,0.35742188,0.4863388
115,73,188,0.3671875,0.22340426
92,91,183,0.35742188,0.0054644809
56,128,184,0.359375,-0.39130435
103,75,178,0.34765625,0.15730337
88,102,190,0.37109375,-0.073684211
99,77,176,0.34375,0.125
101,80,181,0.35351562,0.1160221
99,71,170,0.33203125,0.16470588
87,79,166,0.32421875,0.048192771
76,92,168,0.328125,-0.095238095
86,94,180,0.3515625,-0.044444444
84,82,166,0.32421875,0.012048193
93,74,167,0.32617188,0.11377246
91,101,192,0.375,-0.052083333
96,87,183,0.35742188,0.049180328
73,97,170,0.33203125,-0.14117647
74,109,183,0.35742188,-0.19125683
75,92,167,0.32617188,-0.10179641
113,67,180,0.3515625,0.25555556
99,76,175,0.34179688,0.13142857
83,102,185,0.36132812,-0.1027027
104,60,164,0.3203125,0.26829268
70,111,181,0.35351562,-0.22651934
117,67,184,0.359375,0.27173913
115,55,170,0.33203125,0.35294118
86,87,173,0.33789062,-0.0057803468
76,97,173,0.33789062,-0.12138728
61,118,179,0.34960938,-0.31843575
103,79,182,0.35546875,0.13186813
66,91,157,0.30664062,-0.15923567
96,69,165,0.32226562,0.16363636
54,109,163,0.31835938,-0.33742331
74,101,175,0.34179688,-0.15428571
81,93,174,0.33984375,-0.068965517
108,75,183,0.35742188,0.18032787
83,97,180,0.3515625,-0.077777778
91,84,175,0.34179688,0.04
94,80,174,0.33984375,0.08045977
86,104,190,0.37109375,-0.094736842
111,55,166,0.32421875,0.3373494
82,98,180,0.3515625,-0.088888889
106,76,182,0.35546875,0.16483516
106,80,186,0.36328125,0.13978495
85,89,174,0.33984375,-0.022988506
77,107,184,0.359375,-0.16304348
111,62,173,0.33789062,0.28323699
83,83,166,0.32421875,0
93,95,188,0.3671875,-0.010638298
86,93,179,0.34960938,-0.039106145
76,108,184,0.359375,-0.17391304
58,113,171,0.33398438,-0.32163743
85,107,192,0.375,-0.11458333
99,79,178,0.34765625,0.11235955
96,89,185,0.36132812,0.037837838
85,92,177,0.34570312,-0.039548023
73,107,180,0.3515625,-0.18888889
84,94,178,0.34765625,-0.056179775
90,87,177,0.34570312,0.016949153
62,105,167,0.32617188,-0.25748503
76,93,169,0.33007812,-0.10059172
78,95,173,0.33789062,-0.098265896
82,106,188,0.3671875,-0.12765957
80,101,181,0.35351562,-0.1160221
98,64,162,0.31640625,0.20987654
93,87,180,0.3515625,0.033333333
112,63,175,0.34179688,0.28
62,114,176,0.34375,-0.29545455
97,91,188,0.3671875,0.031914894
77,108,185,0.36132812,-0.16756757
92,101,193,0.37695312,-0.046632124
84,108,192,0.375,-0.125
79,98,177,0.34570312,-0.10734463
87,80,167,0.32617188,0.041916168
85,100,185,0.36132812,-0.081081081
110,69,179,0.34960938,0.22905028
88,86,174,0.33984375,0.011494253
102,84,186,0.36328125,0.096774194
107,80,187,0.36523438,0.14438503
62,103,165,0.32226562,-0.24848485
93,80,173,0.33789062,0.075144509
101,81,182,0.35546875,0.10989011
93,82,175,0.34179688,0.062857143
111,70,181,0.35351562,0.22651934
111,83,194,0.37890625,0.1443299
120,62,182,0.35546875,0.31868132
91,85,176,0.34375,0.034090909
77,99,176,0.34375,-0.125
124,53,177,0.34570312,0.40112994
80,84,164,0.3203125,-0.024390244
94,79,173,0.33789062,0.086705202
100,89,189,0.36914062,0.058201058
62,99,161,0.31445312,-0.22981366
87,84,171,0.33398438,0.01754386
66,120,186,0.36328125,-0.29032258
117,71,188,0.3671875,0.24468085
105,84,189,0.36914062,0.11111111
88,96,184,0.359375,-0.043478261
86,92,178,0.34765625,-0.033707865
72,93,165,0.32226562,-0.12727273
89,91,180,0.3515625,-0.011111111
103,77,180,0.3515625,0.14444444
63,111,174,0.33984375,-0.27586207
67,104,171,0.33398438,-0.21637427
111,74,185,0.36132812,0.2
85,72,157,0.30664062,0.082802548
83,100,183,0.35742188,-0.092896175
78,110,188,0.3671875,-0.17021277
89,107,196,0.3828125,-0.091836735
101,77,178,0.34765625,0.13483146
73,117,190,0.37109375,-0.23157895
65,99,164,0.3203125,-0.20731707
91,82,173,0.33789062,0.052023121
111,83,194,0.37890625,0.1443299
104,78,182,0.35546875,0.14285714
94,84,178,0.34765625,0.056179775
48,132,180,0.3515625,-0.46666667
98,84,182,0.35546875,0.076923077
102,71,173,0.33789062,0.17919075
106,73,179,0.34960938,0.18435754
82,106,188,0.3671875,-0.12765957
113,79,192,0.375,0.17708333
56,125,181,0.35351562,-0.38121547
88,98,186,0.36328125,-0.053763441
105,70,175,0.34179688,0.2
104,80,184,0.359375,0.13043478
96,82,178,0.34765625,0.078651685
79,93,172,0.3359375,-0.081395349
73,114,187,0.36523438,-0.21925134
85,86,171,0.33398438,-0.0058479532
85,96,181,0.35351562,-0.060773481
95,95,190,0.37109375,0
95,86,181,0.35351562,0.049723757
90,92,182,0.35546875,-0.010989011
101,85,186,0.36328125,0.086021505
76,101,177,0.34570312,-0.14124294
97,83,180,0.3515625,0.077777778
98,75,173,0.33789062,0.13294798
113,74,187,0.36523438,0.20855615
82,93,175,0.34179688,-0.062857143
84,91,175,0.34179688,-0.04
48,118,166,0.32421875,-0.42168675
87,88,175,0.34179688,-0.0057142857
104,67,171,0.33398438,0.21637427
89,94,183,0.35742188,-0.027322404
119,59,178,0.34765625,0.33707865
90,93,183,0.35742188,-0.016393443
91,97,188,0.3671875,-0.031914894
62,115,177,0.34570312,-0.29943503
107,78,185,0.36132812,0.15675676
98,76,174,0.33984375,0.12643678
108,80,188,0.3671875,0.14893617
77,96,173,0.33789062,-0.10982659
115,65,180,0.3515625,0.27777778
91,78,169,0.33007812,0.076923077
85,96,181,0.35351562,-0.060773481
95,81,176,0.34375,0.079545455
98,90,188,0.3671875,0.042553191
65,101,166,0.32421875,-0.21686747
94,87,181,0.35351562,0.038674033
124,57,181,0.35351562,0.37016575
99,88,187,0.36523438,0.058823529
78,114,192,0.375,-0.1875
78,97,175,0.34179688,-0.10857143
81,100,181,0.35351562,-0.10497238
111,68,179,0.34960938,0.24022346
53,122,175,0.34179688,-0.39428571
78,101,179,0.34960938,-0.12849162
57,131,188,0.3671875,-0.39361702
104,88,192,0.375,0.083333333
75,98,173,0.33789062,-0.13294798
107,71,178,0.34765625,0.20224719
115,64,179,0.34960938,0.2849162
96,88,184,0.359375,0.043478261
100,73,173,0.33789062,0.15606936
98,99,197,0.38476562,-0.0050761421
88,83,171,0.33398438,0.029239766
84,109,193,0.37695312,-0.12953368
89,101,190,0.37109375,-0.063157895
101,83,184,0.359375,0.097826087
84,94,178,0.34765625,-0.056179775
62,115,177,0.34570312,-0.29943503
110,78,188,0.3671875,0.17021277
73,98,171,0.33398438,-0.14619883
79,106,185,0.36132812,-0.14594595
100,76,176,0.34375,0.13636364
101,98,199,0.38867188,0.015075377
87,93,180,0.3515625,-0.033333333
88,96,184,0.359375,-0.043478261
70,96,166,0.32421875,-0.15662651
87,95,182,0.35546875,-0.043956044
81,100,181,0.35351562,-0.10497238
98,90,188,0.3671875,0.042553191
90,84,174,0.33984375,0.034482759
102,59,161,0.31445312,0.26708075
91,69,160,0.3125,0.1375
88,103,191,0.37304688,-0.078534031
98,82,180,0.3515625,0.088888889
77,111,188,0.3671875,-0.18085106
74,115,189,0.36914062,-0.21693122
93,78,171,0.33398438,0.087719298
113,75,188,0.3671875,0.20212766
95,75,170,0.33203125,0.11764706
100,62,162,0.31640625,0.2345679
75,113,188,0.3671875,-0.20212766
72,91,163,0.31835938,-0.11656442
89,95,184,0.359375,-0.032608696
83,98,181,0.35351562,-0.082872928
102,70,172,0.3359375,0.18604651
70,93,163,0.31835938,-0.14110429
106,69,175,0.34179688,0.21142857
96,93,189,0.36914062,0.015873016
84,89,173,0.33789062,-0.028901734
113,67,180,0.3515625,0.25555556
68,114,182,0.35546875,-0.25274725
102,64,166,0.32421875,0.22891566
61,109,170,0.33203125,-0.28235294
100,85,185,0.36132812,0.081081081
87,99,186,0.36328125,-0.064516129
86,103,189,0.36914062,-0.08994709
76,87,163,0.31835938,-0.067484663
79,95,174,0.33984375,-0.091954023
74,109,183,0.35742188,-0.19125683
98,88,186,0.36328125,0.053763441
77,108,185,0.36132812,-0.16756757
94,89,183,0.35742188,0.027322404
85,98,183,0.35742188,-0.071038251
85,99,184,0.359375,-0.076086957
76,90,166,0.32421875,-0.084337349
86,92,178,0.34765625,-0.033707865
98,83,181,0.35351562,0.082872928
80,103,183,0.35742188,-0.12568306
106,74,180,0.3515625,0.17777778
109,68,177,0.34570312,0.23163842
88,81,169,0.33007812,0.041420118
114,75,189,0.36914062,0.20634921
97,74,171,0.33398438,0.13450292
75,113,188,0.3671875,-0.20212766
101,84,185,0.36132812,0.091891892
110,83,193,0.37695312,0.13989637
113,68,181,0.35351562,0.24861878
86,79,165,0.32226562,0.042424242
96,91,187,0.36523438,0.026737968
73,81,154,0.30078125,-0.051948052
89,89,178,0.34765625,0
110,64,174,0.33984375,0.26436782
106,84,190,0.37109375,0.11578947
92,80,172,0.3359375,0.069767442
78,90,168,0.328125,-0.071428571
72,102,174,0.33984375,-0.17241379
111,84,195,0.38085938,0.13846154
98,80,178,0.34765625,0.1011236
86,95,181,0.35351562,-0.049723757
99,83,182,0.35546875,0.087912088
95,91,186,0.36328125,0.021505376
84,93,177,0.34570312,-0.050847458
95,93,188,0.3671875,0.010638298
82,108,190,0.37109375,-0.13684211
90,82,172,0.3359375,0.046511628
50,128,178,0.34765625,-0.43820225
96,86,182,0.35546875,0.054945055
97,75,172,0.3359375,0.12790698
105,77,182,0.35546875,0.15384615
111,66,177,0.34570312,0.25423729
106,77,183,0.35742188,0.15846995
108,68,176,0.34375,0.22727273
73,94,167,0.32617188,-0.1257485
61,95,156,0.3046875,-0.21794872
85,108,193,0.37695312,-0.11917098
76,108,184,0.359375,-0.17391304
126,75,201,0.39257812,0.25373134
88,84,172,0.3359375,0.023255814
75,96,171,0.33398438,-0.12280702
123,68,191,0.37304688,0.28795812
77,110,187,0.36523438,-0.17647059
65,110,175,0.34179688,-0.25714286
89,100,189,0.36914062,-0.058201058
75,101,176,0.34375,-0.14772727
102,84,186,0.36328125,0.096774194
102,67,169,0.33007812,0.20710059
89,81,170,0.33203125,0.047058824
89,100,189,0.36914062,-0.058201058
87,94,181,0.35351562,-0.038674033
94,100,194,0.37890625,-0.030927835
105,77,182,0.35546875,0.15384615
101,72,173,0.33789062,0.16763006
77,96,173,0.33789062,-0.10982659
84,84,168,0.328125,0
67,93,160,0.3125,-0.1625
103,90,193,0.37695312,0.067357513
85,110,195,0.38085938,-0.12820513
70,98,168,0.328125,-0.16666667
83,95,178,0.34765625,-0.06741573
119,57,176,0.34375,0.35227273
68,118,186,0.36328125,-0.2688172
76,97,173,0.33789062,-0.12138728
77,110,187,0.36523438,-0.17647059
101,75,176,0.34375,0.14772727
95,86,181,0.35351562,0.049723757
101,74,175,0.34179688,0.15428571
65,96,161,0.31445312,-0.19254658
99,86,185,0.36132812,0.07027027
80,93,173,0.33789062,-0.075144509
93,86,179,0.34960938,0.039106145
82,84,166,0.32421875,-0.012048193
101,80,181,0.35351562,0.1160221
118,60,178,0.34765625,0.3258427
62,129,191,0.37304688,-0.35078534
106,82,188,0.3671875,0.12765957
67,93,160,0.3125,-0.1625
121,58,179,0.34960938,0.35195531
80,107,187,0.36523438,-0.14438503
77,89,166,0.32421875,-0.072289157
68,97,165,0.32226562,-0.17575758
115,77,192,0.375,0.19791667
81,92,173,0.33789062,-0.063583815
117,76,193,0.37695312,0.21243523
104,71,175,0.34179688,0.18857143
75,93,168,0.328125,-0.10714286
108,93,201,0.39257812,0.074626866
94,79,173,0.33789062,0.086705202
79,108,187,0.36523438,-0.15508021
115,79,194,0.37890625,0.18556701
115,64,179,0.34960938,0.2849162
123,68,191,0.37304688,0.28795812
91,86,177,0.34570312,0.028248588
77,108,185,0.36132812,-0.16756757
80,87,167,0.32617188,-0.041916168
83,95,178,0.34765625,-0.06741573
81,82,163,0.31835938,-0.0061349693
93,89,182,0.35546875,0.021978022
109,68,177,0.34570312,0.23163842
116,73,189,0.36914062,0.22751323
75,104,179,0.34960938,-0.16201117
95,82,177,0.34570312,0.073446328
77,95,172,0.3359375,-0.10465116
102,88,190,0.37109375,0.073684211
81,90,171,0.33398438,-0.052631579
73,102,175,0.34179688,-0.16571429
88,107,195,0.38085938,-0.097435897
75,106,181,0.35351562,-0.17127072
87,83,170,0.33203125,0.023529412
106,67,173,0.33789062,0.22543353
79,96,175,0.34179688,-0.097142857
71,112,183,0.35742188,-0.22404372
71,108,179,0.34960938,-0.20670391
102,65,167,0.32617188,0.22155689
134,56,190,0.37109375,0.41052632
76,108,184,0.359375,-0.17391304
107,79,186,0.36328125,0.15053763
59,109,168,0.328125,-0.29761905
72,109,181,0.35351562,-0.20441989
90,88,178,0.34765625,0.011235955
75,115,190,0.37109375,-0.21052632
98,81,179,0.34960938,0.094972067
95,79,174,0.33984375,0.091954023
85,104,189,0.36914062,-0.1005291
64,107,171,0.33398438,-0.25146199
112,82,194,0.37890625,0.15463918
72,111,183,0.35742188,-0.21311475
101,62,163,0.31835938,0.2392638
106,91,197,0.38476562,0.076142132
96,71,167,0.32617188,0.1497006
70,120,190,0.37109375,-0.26315789
124,74,198,0.38671875,0.25252525
109,74,183,0.35742188,0.19125683
116,65,181,0.35351562,0.28176796
76,96,172,0.3359375,-0.11627907
78,102,180,0.3515625,-0.13333333
77,97,174,0.33984375,-0.11494253
97,91,188,0.3671875,0.031914894
103,82,185,0.36132812,0.11351351
78,102,180,0.3515625,-0.13333333
71,90,161,0.31445312,-0.11801242
98,79,177,0.34570312,0.10734463
96,93,189,0.36914062,0.015873016
62,117,179,0.34960938,-0.30726257
106,65,171,0.33398438,0.23976608
83,98,181,0.35351562,-0.082872928
75,101,176,0.34375,-0.14772727
73,115,188,0.3671875,-0.22340426
107,66,173,0.33789062,0.23699422
88,83,171,0.33398438,0.029239766
86,86,172,0.3359375,0
107,77,184,0.359375,0.16304348
82,103,185,0.36132812,-0.11351351
95,105,200,0.390625,-0.05
110,74,184,0.359375,0.19565217
145,52,197,0.38476562,0.47208122
71,112,183,0.35742188,-0.22404372
103,77,180,0.3515625,0.14444444
80,102,182,0.35546875,-0.12087912
83,94,177,0.34570312,-0.062146893
71,101,172,0.3359375,-0.1744186
89,97,186,0.36328125,-0.043010753
126,61,187,0.36523438,0.34759358
97,85,182,0.35546875,0.065934066
97,79,176,0.34375,0.10227273
102,69,171,0.33398438,0.19298246
117,65,182,0.35546875,0.28571429
117,70,187,0.36523438,0.2513369
99,79,178,0.34765625,0.11235955
96,75,171,0.33398438,0.12280702
96,78,174,0.33984375,0.10344828
93,90,183,0.35742188,0.016393443
91,91,182,0.35546875,0
99,82,181,0.35351562,0.093922652
92,83,175,0.34179688,0.051428571
105,66,171,0.33398438,0.22807018
104,74,178,0.34765625,0.16853933
85,100,185,0.36132812,-0.081081081
83,92,175,0.34179688,-0.051428571
67,116,183,0.35742188,-0.26775956
106,69,175,0.34179688,0.21142857
72,117,189,0.36914062,-0.23809524
109,83,192,0.375,0.13541667
84,92,176,0.34375,-0.045454545
135,46,181,0.35351562,0.49171271
78,112,190,0.37109375,-0.17894737
88,83,171,0.33398438,0.029239766
73,108,181,0.35351562,-0.19337017
77,104,181,0.35351562,-0.14917127
76,104,180,0.3515625,-0.15555556
105,71,176,0.34375,0.19318182
73,108,181,0.35351562,-0.19337017
73,105,178,0.34765625,-0.17977528
71,110,181,0.35351562,-0.21546961
86,90,176,0.34375,-0.022727273
101,81,182,0.35546875,0.10989011
78,101,179,0.34960938,-0.12849162
77,116,193,0.37695312,-0.20207254
89,84,173,0.33789062,0.028901734
97,89,186,0.36328125,0.043010753
104,86,190,0.37109375,0.094736842
90,98,188,0.3671875,-0.042553191
111,72,183,0.35742188,0.21311475
56,116,172,0.3359375,-0.34883721
90,89,179,0.34960938,0.0055865922
114,68,182,0.35546875,0.25274725
93,78,171,0.33398438,0.087719298
92,90,182,0.35546875,0.010989011
89,102,191,0.37304688,-0.068062827
98,73,171,0.33398438,0.14619883
81,111,192,0.375,-0.15625
71,111,182,0.35546875,-0.21978022
116,67,183,0.35742188,0.26775956
76,107,183,0.35742188,-0.16939891
79,111,190,0.37109375,-0.16842105
83,98,181,0.35351562,-0.082872928
106,77,183,0.35742188,0.15846995
107,74,181,0.35351562,0.18232044
65,105,170,0.33203125,-0.23529412
97,93,190,0.37109375,0.021052632
105,72,177,0.34570312,0.18644068
104,81,185,0.36132812,0.12432432
89,95,184,0.359375,-0.032608696
109,76,185,0.36132812,0.17837838
120,59,179,0.34960938,0.34078212
81,111,192,0.375,-0.15625
92,100,192,0.375,-0.041666667
71,122,193,0.37695312,-0.2642487
98,89,187,0.36523438,0.048128342
109,78,187,0.36523438,0.1657754
82,76,158,0.30859375,0.037974684
115,78,193,0.37695312,0.19170984
76,90,166,0.32421875,-0.084337349
93,85,178,0.34765625,0.04494382
77,106,183,0.35742188,-0.15846995
79,104,183,0.35742188,-0.13661202
106,70,176,0.34375,0.20454545
84,91,175,0.34179688,-0.04
75,121,196,0.3828125,-0.23469388
101,88,189,0.36914062,0.068783069
92,90,182,0.35546875,0.010989011
84,91,175,0.34179688,-0.04
84,76,160,0.3125,0.05
125,64,189,0.36914062,0.32275132
115,53,168,0.328125,0.36904762
97,79,176,0.34375,0.10227273
74,109,183,0.35742188,-0.19125683
95,81,176,0.34375,0.079545455
60,116,176,0.34375,-0.31818182
93,80,173,0.33789062,0.075144509
81,91,172,0.3359375,-0.058139535
80,104,184,0.359375,-0.13043478
74,104,178,0.34765625,-0.16853933
86,105,191,0.37304688,-0.09947644
89,95,184,0.359375,-0.032608696
107,81,188,0.3671875,0.13829787
96,97,193,0.37695312,-0.0051813472
124,61,185,0.36132812,0.34054054
77,106,183,0.35742188,-0.15846995
101,89,190,0.37109375,0.063157895
113,63,176,0.34375,0.28409091
72,105,177,0.34570312,-0.18644068
83,86,169,0.33007812,-0.017751479
72,105,177,0.34570312,-0.18644068
79,92,171,0.33398438,-0.076023392
93,103,196,0.3828125,-0.051020408
109,68,177,0.34570312,0.23163842
65,114,179,0.34960938,-0.27374302
122,59,181,0.35351562,0.3480663
88,84,172,0.3359375,0.023255814
75,107,182,0.35546875,-0.17582418
82,102,184,0.359375,-0.10869565
85,76,161,0.31445312,0.055900621
124,56,180,0.3515625,0.37777778
86,87,173,0.33789062,-0.0057803468
119,68,187,0.36523438,0.27272727
61,95,156,0.3046875,-0.21794872
93,82,175,0.34179688,0.062857143
99,89,188,0.3671875,0.053191489
101,77,178,0.34765625,0.13483146
108,71,179,0.34960938,0.20670391
130,58,188,0.3671875,0.38297872
93,97,190,0.37109375,-0.021052632
128,56,184,0.359375,0.39130435
120,68,188,0.3671875,0.27659574
90,87,177,0.34570312,0.016949153
107,78,185,0.36132812,0.15675676
84,94,178,0.34765625,-0.056179775
93,85,178,0.34765625,0.04494382
92,86,178,0.34765625,0.033707865
74,118,192,0.375,-0.22916667
92,94,186,0.36328125,-0.010752688
79,109,188,0.3671875,-0.15957447
84,81,165,0.32226562,0.018181818
88,88,176,0.34375,0
73,120,193,0.37695312,-0.24352332
110,81,191,0.37304688,0.15183246
105,71,176,0.34375,0.19318182
94,78,172,0.3359375,0.093023256
65,113,178,0.34765625,-0.26966292
83,85,168,0.328125,-0.011904762
65,120,185,0.36132812,-0.2972973
94,87,181,0.35351562,0.038674033
59,123,182,0.35546875,-0.35164835
117,70,187,0.36523438,0.2513369
67,103,170,0.33203125,-0.21176471
111,74,185,0.36132812,0.2
71,98,169,0.33007812,-0.15976331
84,94,178,0.34765625,-0.056179775
79,100,179,0.34960938,-0.11731844
89,80,169,0.33007812,0.053254438
61,123,184,0.359375,-0.33695652
52,120,172,0.3359375,-0.39534884
102,101,203,0.39648438,0.0049261084
83,103,186,0.36328125,-0.10752688
92,82,174,0.33984375,0.057471264
80,93,173,0.33789062,-0.075144509
101,71,172,0.3359375,0.1744186
79,105,184,0.359375,-0.14130435
98,73,171,0.33398438,0.14619883
108,68,176,0.34375,0.22727273
78,114,192,0.375,-0.1875
74,95,169,0.33007812,-0.12426036
89,80,169,0.33007812,0.053254438
71,106,177,0.34570312,-0.19774011
92,102,194,0.37890625,-0.051546392
68,117,185,0.36132812,-0.26486486
83,102,185,0.36132812,-0.1027027
80,115,195,0.38085938,-0.17948718
108,61,169,0.33007812,0.27810651
73,116,189,0.36914062,-0.22751323
77,101,178,0.34765625,-0.13483146
110,76,186,0.36328125,0.1827957
108,89,197,0.38476562,0.096446701
97,88,185,0.36132812,0.048648649
124,62,186,0.36328125,0.33333333
114,73,187,0.36523438,0.21925134
63,113,176,0.34375,-0.28409091
109,72,181,0.35351562,0.20441989
114,79,193,0.37695312,0.18134715
96,75,171,0.33398438,0.12280702
100,88,188,0.3671875,0.063829787
73,95,168,0.328125,-0.13095238
88,79,167,0.32617188,0.053892216
84,103,187,0.36523438,-0.10160428
102,80,182,0.35546875,0.12087912
80,107,187,0.36523438,-0.14438503
117,63,180,0.3515625,0.3
108,69,177,0.34570312,0.22033898
67,105,172,0.3359375,-0.22093023
101,83,184,0.359375,0.097826087
93,76,169,0.33007812,0.10059172
101,71,172,0.3359375,0.1744186
100,104,204,0.3984375,-0.019607843
101,86,187,0.36523438,0.080213904
96,83,179,0.34960938,0.072625698
95,85,180,0.3515625,0.055555556
117,69,186,0.36328125,0.25806452
80,99,179,0.34960938,-0.10614525
90,90,180,0.3515625,0
80,105,185,0.36132812,-0.13513514
116,64,180,0.3515625,0.28888889
80,98,178,0.34765625,-0.1011236
103,67,170,0.33203125,0.21176471
86,84,170,0.33203125,0.011764706
84,96,180,0.3515625,-0.066666667
110,78,188,0.3671875,0.17021277
99,75,174,0.33984375,0.13793103
103,76,179,0.34960938,0.15083799
85,106,191,0.37304688,-0.10994764
81,98,179,0.34960938,-0.094972067
80,106,186,0.36328125,-0.13978495
125,73,198,0.38671875,0.26262626
94,91,185,0.36132812,0.016216216
63,114,177,0.34570312,-0.28813559
98,88,186,0.36328125,0.053763441
101,74,175,0.34179688,0.15428571
64,116,180,0.3515625,-0.28888889
79,93,172,0.3359375,-0.081395349
104,80,184,0.359375,0.13043478
95,74,169,0.33007812,0.12426036
123,53,176,0.34375,0.39772727
110,61,171,0.33398438,0.28654971
106,89,195,0.38085938,0.087179487
89,94,183,0.35742188,-0.027322404
92,82,174,0.33984375,0.057471264
98,78,176,0.34375,0.11363636
98,86,184,0.359375,0.065217391
117,83,200,0.390625,0.17
110,71,181,0.35351562,0.21546961
101,65,166,0.32421875,0.21686747
84,106,190,0.37109375,-0.11578947
125,58,183,0.35742188,0.36612022
98,68,166,0.32421875,0.18072289
86,89,175,0.34179688,-0.017142857
101,85,186,0.36328125,0.086021505
88,95,183,0.35742188,-0.038251366
62,102,164,0.3203125,-0.24390244
88,99,187,0.36523438,-0.058823529
107,89,196,0.3828125,0.091836735
105,69,174,0.33984375,0.20689655
82,113,195,0.38085938,-0.15897436
97,93,190,0.37109375,0.021052632
75,100,175,0.34179688,-0.14285714
87,89,176,0.34375,-0.011363636
107,76,183,0.35742188,0.16939891
72,101,173,0.33789062,-0.16763006
82,94,176,0.34375,-0.068181818
95,79,174,0.33984375,0.091954023
69,123,192,0.375,-0.28125
87,85,172,0.3359375,0.011627907
89,97,186,0.36328125,-0.043010753
93,93,186,0.36328125,0
111,75,186,0.36328125,0.19354839
118,83,201,0.39257812,0.17412935
92,85,177,0.34570312,0.039548023
74,102,176,0.34375,-0.15909091
112,80,192,0.375,0.16666667
69,108,177,0.34570312,-0.22033898
106,72,178,0.34765625,0.19101124
90,83,173,0.33789062,0.040462428
95,88,183,0.35742188,0.038251366
106,73,179,0.34960938,0.18435754
96,74,170,0.33203125,0.12941176
101,82,183,0.35742188,0.10382514
122,57,179,0.34960938,0.36312849
84,109,193,0.37695312,-0.12953368
64,99,163,0.31835938,-0.21472393
93,93,186,0.36328125,0
85,97,182,0.35546875,-0.065934066
112,75,187,0.36523438,0.19786096
83,99,182,0.35546875,-0.087912088
117,70,187,0.36523438,0.2513369
101,85,186,0.36328125,0.086021505
56,117,173,0.33789062,-0.35260116
90,73,163,0.31835938,0.10429448
83,98,181,0.35351562,-0.082872928
83,116,199,0.38867188,-0.16582915
92,81,173,0.33789062,0.063583815
124,76,200,0.390625,0.24
64,118,182,0.35546875,-0.2967033
72,122,194,0.37890625,-0.25773196
86,85,171,0.33398438,0.0058479532
85,88,173,0.33789062,-0.01734104
86,96,182,0.35546875,-0.054945055
80,94,174,0.33984375,-0.08045977
81,97,178,0.34765625,-0.08988764
67,108,175,0.34179688,-0.23428571
107,84,191,0.37304688,0.12041885
76,88,164,0.3203125,-0.073170732
150,30,180,0.3515625,0.66666667
73,104,177,0.34570312,-0.17514124
102,76,178,0.34765625,0.14606742
103,81,184,0.359375,0.11956522
75,99,174,0.33984375,-0.13793103
91,91,182,0.35546875,0
86,97,183,0.35742188,-0.06010929
59,125,184,0.359375,-0.35869565
88,84,172,0.3359375,0.023255814
66,102,168,0.328125,-0.21428571
95,100,195,0.38085938,-0.025641026
53,122,175,0.34179688,-0.39428571
123,69,192,0.375,0.28125
85,79,164,0.3203125,0.036585366
74,99,173,0.33789062,-0.14450867
112,78,190,0.37109375,0.17894737
69,110,179,0.34960938,-0.22905028
120,66,186,0.36328125,0.29032258
101,85,186,0.36328125,0.086021505
94,68,162,0.31640625,0.16049383
89,79,168,0.328125,0.05952381
87,84,171,0.33398438,0.01754386
104,70,174,0.33984375,0.1954023
66,102,168,0.328125,-0.21428571
79,98,177,0.34570312,-0.10734463
58,98,156,0.3046875,-0.25641026
85,94,179,0.34960938,-0.05027933
115,74,189,0.36914062,0.21693122
80,106,186,0.36328125,-0.13978495
100,82,182,0.35546875,0.098901099
83,95,178,0.34765625,-0.06741573
98,82,180,0.3515625,0.088888889
72,106,178,0.34765625,-0.19101124
81,99,180,0.3515625,-0.1
82,97,179,0.34960938,-0.083798883
86,90,176,0.34375,-0.022727273
95,70,165,0.32226562,0.15151515
72,110,182,0.35546875,-0.20879121
77,103,180,0.3515625,-0.14444444
109,65,174,0.33984375,0.25287356
98,79,177,0.34570312,0.10734463
111,83,194,0.37890625,0.1443299
93,82,175,0.34179688,0.062857143
117,75,192,0.375,0.21875
76,108,184,0.359375,-0.17391304
82,95,177,0.34570312,-0.073446328
79,102,181,0.35351562,-0.12707182
89,82,171,0.33398438,0.040935673
108,63,171,0.33398438,0.26315789
88,78,166,0.32421875,0.060240964
54,110,164,0.3203125,-0.34146341
102,78,180,0.3515625,0.13333333
94,92,186,0.36328125,0.010752688
92,98,190,0.37109375,-0.031578947
106,70,176,0.34375,0.20454545
98,82,180,0.3515625,0.088888889
89,73,162,0.31640625,0.098765432
102,78,180,0.3515625,0.13333333
72,112,184,0.359375,-0.2173913
103,86,189,0.36914062,0.08994709
93,80,173,0.33789062,0.075144509
83,98,181,0.35351562,-0.082872928
96,91,187,0.36523438,0.026737968
114,69,183,0.35742188,0.24590164
99,80,179,0.34960938,0.10614525
119,77,196,0.3828125,0.21428571
82,99,181,0.35351562,-0.093922652
92,77,169,0.33007812,0.088757396
94,89,183,0.35742188,0.027322404
92,75,167,0.32617188,0.10179641
72,113,185,0.36132812,-0.22162162
91,79,170,0.33203125,0.070588235
75,109,184,0.359375,-0.18478261
98,90,188,0.3671875,0.042553191
65,135,200,0.390625,-0.35
89,93,182,0.35546875,-0.021978022
85,99,184,0.359375,-0.076086957
73,112,185,0.36132812,-0.21081081
98,89,187,0.36523438,0.048128342
45,126,171,0.33398438,-0.47368421
85,94,179,0.34960938,-0.05027933
103,68,171,0.33398438,0.20467836
83,90,173,0.33789062,-0.040462428
76,100,176,0.34375,-0.13636364
89,93,182,0.35546875,-0.021978022
97,80,177,0.34570312,0.096045198
134,56,190,0.37109375,0.41052632
98,74,172,0.3359375,0.13953488
80,97,177,0.34570312,-0.096045198
95,83,178,0.34765625,0.06741573
85,81,166,0.32421875,0.024096386
73,116,189,0.36914062,-0.22751323
81,89,170,0.33203125,-0.047058824
108,79,187,0.36523438,0.15508021
88,88,176,0.34375,0
116,63,179,0.34960938,0.29608939
85,91,176,0.34375,-0.034090909
89,92,181,0.35351562,-0.016574586
102,92,194,0.37890625,0.051546392
91,97,188,0.3671875,-0.031914894
95,92,187,0.36523438,0.016042781
105,88,193,0.37695312,0.088082902
76,95,171,0.33398438,-0.11111111
75,94,169,0.33007812,-0.11242604
85,88,173,0.33789062,-0.01734104
68,108,176,0.34375,-0.22727273
84,89,173,0.33789062,-0.028901734
99,68,167,0.32617188,0.18562874
99,75,174,0.33984375,0.13793103
75,78,153,0.29882812,-0.019607843
100,91,191,0.37304688,0.047120419
117,74,191,0.37304688,0.22513089
62,112,174,0.33984375,-0.28735632
71,115,186,0.36328125,-0.23655914
98,88,186,0.36328125,0.053763441
56,105,161,0.31445312,-0.30434783
55,125,180,0.3515625,-0.38888889
99,80,179,0.34960938,0.10614525
71,114,185,0.36132812,-0.23243243
95,80,175,0.34179688,0.085714286
87,91,178,0.34765625,-0.02247191
84,92,176,0.34375,-0.045454545
101,69,170,0.33203125,0.18823529
63,113,176,0.34375,-0.28409091
97,86,183,0.35742188,0.06010929
62,111,173,0.33789062,-0.28323699
99,81,180,0.3515625,0.1
115,62,177,0.34570312,0.29943503
93,93,186,0.36328125,0
93,76,169,0.33007812,0.10059172
93,76,169,0.33007812,0.10059172
62,104,166,0.32421875,-0.25301205
83,96,179,0.34960938,-0.072625698
73,101,174,0.33984375,-0.16091954
106,89,195,0.38085938,0.087179487
90,89,179,0.34960938,0.0055865922
103,88,191,0.37304688,0.078534031
94,98,192,0.375,-0.020833333
87,93,180,0.3515625,-0.033333333
70,111,181,0.35351562,-0.22651934
66,118,184,0.359375,-0.2826087
124,72,196,0.3828125,0.26530612
101,71,172,0.3359375,0.1744186
71,94,165,0.32226562,-0.13939394
96,80,176,0.34375,0.090909091
90,87,177,0.34570312,0.016949153
111,67,178,0.34765625,0.24719101
99,74,173,0.33789062,0.14450867
81,106,187,0.36523438,-0.13368984
102,84,186,0.36328125,0.096774194
87,104,191,0.37304688,-0.089005236
74,99,173,0.33789062,-0.14450867
97,78,175,0.34179688,0.10857143
94,85,179,0.34960938,0.05027933
119,62,181,0.35351562,0.31491713
103,88,191,0.37304688,0.078534031
75,104,179,0.34960938,-0.16201117
86,81,167,0.32617188,0.02994012
89,90,179,0.34960938,-0.0055865922
83,99,182,0.35546875,-0.087912088
63,116,179,0.34960938,-0.29608939
111,68,179,0.34960938,0.24022346
83,112,195,0.38085938,-0.14871795
63,111,174,0.33984375,-0.27586207
81,100,181,0.35351562,-0.10497238
84,90,174,0.33984375,-0.034482759
69,115,184,0.359375,-0.25
84,88,172,0.3359375,-0.023255814
92,109,201,0.39257812,-0.084577114
84,84,168,0.328125,0
90,88,178,0.34765625,0.011235955
95,96,191,0.37304688,-0.0052356021
92,81,173,0.33789062,0.063583815
87,98,185,0.36132812,-0.059459459
89,92,181,0.35351562,-0.016574586
88,85,173,0.33789062,0.01734104
92,100,192,0.375,-0.041666667
55,143,198,0.38671875,-0.44444444
85,83,168,0.328125,0.011904762
77,102,179,0.34960938,-0.1396648
70,115,185,0.36132812,-0.24324324
99,85,184,0.359375,0.076086957
95,80,175,0.34179688,0.085714286
41,135,176,0.34375,-0.53409091
94,73,167,0.32617188,0.1257485
92,84,176,0.34375,0.045454545
101,86,187,0.36523438,0.080213904
75,107,182,0.35546875,-0.17582418
117,71,188,0.3671875,0.24468085
109,80,189,0.36914062,0.15343915
93,90,183,0.35742188,0.016393443
101,79,180,0.3515625,0.12222222
82,105,187,0.36523438,-0.12299465
78,101,179,0.34960938,-0.12849162
88,95,183,0.35742188,-0.038251366
63,115,178,0.34765625,-0.29213483
134,64,198,0.38671875,0.35353535
70,102,172,0.3359375,-0.18604651
112,50,162,0.31640625,0.38271605
122,71,193,0.37695312,0.2642487
108,76,184,0.359375,0.17391304
108,83,191,0.37304688,0.13089005
107,80,187,0.36523438,0.14438503
113,74,187,0.36523438,0.20855615
112,85,197,0.38476562,0.13705584
93,83,176,0.34375,0.056818182
86,95,181,0.35351562,-0.049723757
83,85,168,0.328125,-0.011904762
84,111,195,0.38085938,-0.13846154
81,88,169,0.33007812,-0.041420118
81,95,176,0.34375,-0.079545455
84,99,183,0.35742188,-0.081967213
86,103,189,0.36914062,-0.08994709
99,86,185,0.36132812,0.07027027
75,104,179,0.34960938,-0.16201117
105,70,175,0.34179688,0.2
116,85,201,0.39257812,0.15422886
90,96,186,0.36328125,-0.032258065
97,84,181,0.35351562,0.071823204
77,90,167,0.32617188,-0.077844311
73,103,176,0.34375,-0.17045455
112,55,167,0.32617188,0.34131737
76,93,169,0.33007812,-0.10059172
92,87,179,0.34960938,0.027932961
68,117,185,0.36132812,-0.26486486
72,101,173,0.33789062,-0.16763006
87,86,173,0.33789062,0.0057803468
68,114,182,0.35546875,-0.25274725
77,122,199,0.38867188,-0.22613065
108,78,186,0.36328125,0.16129032
95,87,182,0.35546875,0.043956044
100,79,179,0.34960938,0.11731844
94,91,185,0.36132812,0.016216216
69,123,192,0.375,-0.28125
95,86,181,0.35351562,0.049723757
83,104,187,0.36523438,-0.11229947
78,103,181,0.35351562,-0.13812155
96,82,178,0.34765625,0.078651685
90,93,183,0.35742188,-0.016393443
129,52,181,0.35351562,0.42541436
98,95,193,0.37695312,0.015544041
107,83,190,0.37109375,0.12631579
91,93,184,0.359375,-0.010869565
113,71,184,0.359375,0.22826087
91,92,183,0.35742188,-0.0054644809
80,97,177,0.34570312,-0.096045198
94,95,189,0.36914062,-0.0052910053
79,92,171,0.33398438,-0.076023392
67,117,184,0.359375,-0.27173913
93,78,171,0.33398438,0.087719298
57,127,184,0.359375,-0.38043478
101,76,177,0.34570312,0.14124294
87,101,188,0.3671875,-0.074468085
114,55,169,0.33007812,0.34911243
64,125,189,0.36914062,-0.32275132
114,59,173,0.33789062,0.31791908
104,72,176,0.34375,0.18181818
88,106,194,0.37890625,-0.092783505
95,91,186,0.36328125,0.021505376
101,82,183,0.35742188,0.10382514
57,111,168,0.328125,-0.32142857
96,91,187,0.36523438,0.026737968
87,92,179,0.34960938,-0.027932961
74,111,185,0.36132812,-0.2
97,103,200,0.390625,-0.03
86,94,180,0.3515625,-0.044444444
85,83,168,0.328125,0.011904762
118,61,179,0.34960938,0.31843575
67,106,173,0.33789062,-0.22543353
93,86,179,0.34960938,0.039106145
110,85,195,0.38085938,0.12820513
92,96,188,0.3671875,-0.021276596
102,101,203,0.39648438,0.0049261084
93,93,186,0.36328125,0
86,90,176,0.34375,-0.022727273
105,82,187,0.36523438,0.12299465
85,104,189,0.36914062,-0.1005291
117,63,180,0.3515625,0.3
93,79,172,0.3359375,0.081395349
101,86,187,0.36523438,0.080213904
108,71,179,0.34960938,0.20670391
67,113,180,0.3515625,-0.25555556
77,120,197,0.38476562,-0.21827411
86,88,174,0.33984375,-0.011494253
83,113,196,0.3828125,-0.15306122
102,86,188,0.3671875,0.085106383
98,79,177,0.34570312,0.10734463
101,73,174,0.33984375,0.16091954
103,64,167,0.32617188,0.23353293
85,101,186,0.36328125,-0.086021505
100,83,183,0.35742188,0.092896175
74,98,172,0.3359375,-0.13953488
111,68,179,0.34960938,0.24022346
63,111,174,0.33984375,-0.27586207
77,95,172,0.3359375,-0.10465116
104,93,197,0.38476562,0.055837563
95,85,180,0.3515625,0.055555556
82,95,177,0.34570312,-0.073446328
71,111,182,0.35546875,-0.21978022
57,117,174,0.33984375,-0.34482759
86,103,189,0.36914062,-0.08994709
93,79,172,0.3359375,0.081395349
114,73,187,0.36523438,0.21925134
91,82,173,0.33789062,0.052023121
96,86,182,0.35546875,0.054945055
64,105,169,0.33007812,-0.24260355
80,96,176,0.34375,-0.090909091
93,94,187,0.36523438,-0.0053475936
79,98,177,0.34570312,-0.10734463
107,78,185,0.36132812,0.15675676
124,58,182,0.35546875,0.36263736
87,81,168,0.328125,0.035714286
72,109,181,0.35351562,-0.20441989
89,98,187,0.36523438,-0.048128342
113,58,171,0.33398438,0.32163743
56,135,191,0.37304688,-0.41361257
101,90,191,0.37304688,0.057591623
112,63,175,0.34179688,0.28
112,65,177,0.34570312,0.26553672
88,95,183,0.35742188,-0.038251366
86,88,174,0.33984375,-0.011494253
62,122,184,0.359375,-0.32608696
98,82,180,0.3515625,0.088888889
119,58,177,0.34570312,0.34463277
116,76,192,0.375,0.20833333
92,86,178,0.34765625,0.033707865
107,72,179,0.34960938,0.19553073
107,75,182,0.35546875,0.17582418
98,91,189,0.36914062,0.037037037
101,77,178,0.34765625,0.13483146
65,117,182,0.35546875,-0.28571429
78,97,175,0.34179688,-0.10857143
71,106,177,0.34570312,-0.19774011
96,83,179,0.34960938,0.072625698
117,75,192,0.375,0.21875
73,115,188,0.3671875,-0.22340426
111,72,183,0.35742188,0.21311475
82,102,184,0.359375,-0.10869565
80,107,187,0.36523438,-0.14438503
112,60,172,0.3359375,0.30232558
101,83,184,0.359375,0.097826087
80,109,189,0.36914062,-0.15343915
102,95,197,0.38476562,0.035532995
69,104,173,0.33789062,-0.20231214
89,88,177,0.34570312,0.0056497175
70,106,176,0.34375,-0.20454545
54,108,162,0.31640625,-0.33333333
69,113,182,0.35546875,-0.24175824
102,76,178,0.34765625,0.14606742
86,89,175,0.34179688,-0.017142857
117,75,192,0.375,0.21875
81,87,168,0.328125,-0.035714286
78,94,172,0.3359375,-0.093023256
102,79,181,0.35351562,0.12707182
66,102,168,0.328125,-0.21428571
92,92,184,0.359375,0
99,74,173,0.33789062,0.14450867
66,117,183,0.35742188,-0.27868852
93,87,180,0.3515625,0.033333333
74,118,192,0.375,-0.22916667
89,87,176,0.34375,0.011363636
85,86,171,0.33398438,-0.0058479532
137,64,201,0.39257812,0.36318408
59,119,178,0.34765625,-0.33707865
97,90,187,0.36523438,0.037433155
105,72,177,0.34570312,0.18644068
106,68,174,0.33984375,0.2183908
115,56,171,0.33398438,0.34502924
105,78,183,0.35742188,0.14754098
93,86,179,0.34960938,0.039106145
78,97,175,0.34179688,-0.10857143
79,92,171,0.33398438,-0.076023392
92,83,175,0.34179688,0.051428571
97,83,180,0.3515625,0.077777778
106,80,186,0.36328125,0.13978495
70,120,190,0.37109375,-0.26315789
102,80,182,0.35546875,0.12087912
105,70,175,0.34179688,0.2
82,115,197,0.38476562,-0.16751269
94,79,173,0.33789062,0.086705202
58,124,182,0.35546875,-0.36263736
89,92,181,0.35351562,-0.016574586
75,102,177,0.34570312,-0.15254237
80,112,192,0.375,-0.16666667
76,96,172,0.3359375,-0.11627907
101,87,188,0.3671875,0.074468085
67,99,166,0.32421875,-0.19277108
100,79,179,0.34960938,0.11731844
74,100,174,0.33984375,-0.14942529
88,93,181,0.35351562,-0.027624309
76,101,177,0.34570312,-0.14124294
95,83,178,0.34765625,0.06741573
80,113,193,0.37695312,-0.17098446
76,98,174,0.33984375,-0.12643678
72,111,183,0.35742188,-0.21311475
80,94,174,0.33984375,-0.08045977
84,88,172,0.3359375,-0.023255814
95,86,181,0.35351562,0.049723757
83,93,176,0.34375,-0.056818182
72,110,182,0.35546875,-0.20879121
110,74,184,0.359375,0.19565217
77,99,176,0.34375,-0.125
85,91,176,0.34375,-0.034090909
68,96,164,0.3203125,-0.17073171
102,92,194,0.37890625,0.051546392
98,80,178,0.34765625,0.1011236
84,81,165,0.32226562,0.018181818
99,78,177,0.34570312,0.11864407
90,94,184,0.359375,-0.02173913
96,87,183,0.35742188,0.049180328
80,97,177,0.34570312,-0.096045198
119,63,182,0.35546875,0.30769231
80,85,165,0.32226562,-0.03030303
133,59,192,0.375,0.38541667
61,112,173,0.33789062,-0.29479769
111,82,193,0.37695312,0.15025907
84,94,178,0.34765625,-0.056179775
114,62,176,0.34375,0.29545455
98,75,173,0.33789062,0.13294798
79,103,182,0.35546875,-0.13186813
86,95,181,0.35351562,-0.049723757
121,53,174,0.33984375,0.3908046
98,70,168,0.328125,0.16666667
107,85,192,0.375,0.11458333
76,97,173,0.33789062,-0.12138728
87,100,187,0.36523438,-0.069518717
102,80,182,0.35546875,0.12087912
86,77,163,0.31835938,0.055214724
92,93,185,0.36132812,-0.0054054054
53,131,184,0.359375,-0.42391304
84,86,170,0.33203125,-0.011764706
96,80,176,0.34375,0.090909091
75,109,184,0.359375,-0.18478261
101,80,181,0.35351562,0.1160221
90,105,195,0.38085938,-0.076923077
72,118,190,0.37109375,-0.24210526
94,81,175,0.34179688,0.074285714
91,93,184,0.359375,-0.010869565
128,76,204,0.3984375,0.25490196
99,87,186,0.36328125,0.064516129
70,108,178,0.34765625,-0.21348315
97,92,189,0.36914062,0.026455026
80,116,196,0.3828125,-0.18367347
83,91,174,0.33984375,-0.045977011
96,91,187,0.36523438,0.026737968
85,95,180,0.3515625,-0.055555556
97,97,194,0.37890625,0
109,73,182,0.35546875,0.1978022
106,70,176,0.34375,0.20454545
98,86,184,0.359375,0.065217391
75,115,190,0.37109375,-0.21052632
72,110,182,0.35546875,-0.20879121
80,91,171,0.33398438,-0.064327485
78,99,177,0.34570312,-0.11864407
76,120,196,0.3828125,-0.2244898
106,82,188,0.3671875,0.12765957
74,130,204,0.3984375,-0.2745098
95,90,185,0.36132812,0.027027027
102,84,186,0.36328125,0.096774194
83,97,180,0.3515625,-0.077777778
99,78,177,0.34570312,0.11864407
111,65,176,0.34375,0.26136364
72,118,190,0.37109375,-0.24210526
40,126,166,0.32421875,-0.51807229
84,107,191,0.37304688,-0.12041885
82,91,173,0.33789062,-0.052023121
73,105,178,0.34765625,-0.17977528
112,89,201,0.39257812,0.11442786
89,85,174,0.33984375,0.022988506
81,102,183,0.35742188,-0.1147541
79,96,175,0.34179688,-0.097142857
91,87,178,0.34765625,0.02247191
105,69,174,0.33984375,0.20689655
65,100,165,0.32226562,-0.21212121
71,112,183,0.35742188,-0.22404372
105,74,179,0.34960938,0.17318436
77,92,169,0.33007812,-0.088757396
107,72,179,0.34960938,0.19553073
114,70,184,0.359375,0.23913043
86,99,185,0.36132812,-0.07027027
75,111,186,0.36328125,-0.19354839
104,81,185,0.36132812,0.12432432
109,81,190,0.37109375,0.14736842
84,94,178,0.34765625,-0.056179775
119,73,192,0.375,0.23958333
106,65,171,0.33398438,0.23976608
99,58,157,0.30664062,0.2611465
77,110,187,0.36523438,-0.17647059
94,94,188,0.3671875,0
75,109,184,0.359375,-0.18478261
87,98,185,0.36132812,-0.059459459
91,93,184,0.359375,-0.010869565
101,79,180,0.3515625,0.12222222
104,59,163,0.31835938,0.27607362
89,78,167,0.32617188,0.065868263
65,109,174,0.33984375,-0.25287356
81,96,177,0.34570312,-0.084745763
87,86,173,0.33789062,0.0057803468
74,103,177,0.34570312,-0.16384181
113,70,183,0.35742188,0.23497268
107,69,176,0.34375,0.21590909
118,64,182,0.35546875,0.2967033
73,104,177,0.34570312,-0.17514124
103,83,186,0.36328125,0.10752688
98,75,173,0.33789062,0.13294798
78,101,179,0.34960938,-0.12849162
98,87,185,0.36132812,0.059459459
82,106,188,0.3671875,-0.12765957
95,85,180,0.3515625,0.055555556
77,102,179,0.34960938,-0.1396648
57,116,173,0.33789062,-0.34104046
81,117,198,0.38671875,-0.18181818
85,86,171,0.33398438,-0.0058479532
68,105,173,0.33789062,-0.21387283
119,68,187,0.36523438,0.27272727
68,102,170,0.33203125,-0.2
37,152,189,0.36914062,-0.60846561
90,102,192,0.375,-0.0625
120,59,179,0.34960938,0.34078212
106,79,185,0.36132812,0.14594595
111,74,185,0.36132812,0.2
99,72,171,0.33398438,0.15789474
73,97,170,0.33203125,-0.14117647
85,82,167,0.32617188,0.017964072
89,93,182,0.35546875,-0.021978022
105,73,178,0.34765625,0.17977528
65,109,174,0.33984375,-0.25287356
105,75,180,0.3515625,0.16666667
83,87,170,0.33203125,-0.023529412
96,90,186,0.36328125,0.032258065
87,68,155,0.30273438,0.12258065
86,81,167,0.32617188,0.02994012
88,87,175,0.34179688,0.0057142857
82,87,169,0.33007812,-0.029585799
60,130,190,0.37109375,-0.36842105
97,88,185,0.36132812,0.048648649
104,81,185,0.36132812,0.12432432
117,72,189,0.36914062,0.23809524
84,106,190,0.37109375,-0.11578947
92,90,182,0.35546875,0.010989011
92,103,195,0.38085938,-0.056410256
76,98,174,0.33984375,-0.12643678
106,82,188,0.3671875,0.12765957
99,79,178,0.34765625,0.11235955
101,77,178,0.34765625,0.13483146
73,104,177,0.34570312,-0.17514124
113,61,174,0.33984375,0.29885057
107,79,186,0.36328125,0.15053763
119,59,178,0.34765625,0.33707865
99,80,179,0.34960938,0.10614525
96,65,161,0.31445312,0.19254658
59,118,177,0.34570312,-0.33333333
85,98,183,0.35742188,-0.071038251
114,63,177,0.34570312,0.28813559
82,101,183,0.35742188,-0.10382514
70,103,173,0.33789062,-0.19075145
67,107,174,0.33984375,-0.22988506
70,108,178,0.34765625,-0.21348315
88,77,165,0.32226562,0.066666667
89,81,170,0.33203125,0.047058824
90,79,169,0.33007812,0.065088757
91,85,176,0.34375,0.034090909
101,78,179,0.34960938,0.12849162
120,67,187,0.36523438,0.28342246
121,57,178,0.34765625,0.35955056
84,94,178,0.34765625,-0.056179775
100,69,169,0.33007812,0.18343195
95,87,182,0.35546875,0.043956044
85,90,175,0.34179688,-0.028571429
70,101,171,0.33398438,-0.18128655
77,88,165,0.32226562,-0.066666667
126,52,178,0.34765625,0.41573034
91,86,177,0.34570312,0.028248588
79,101,180,0.3515625,-0.12222222
80,101,181,0.35351562,-0.1160221
87,110,197,0.38476562,-0.11675127
86,101,187,0.36523438,-0.080213904
98,75,173,0.33789062,0.13294798
79,109,188,0.3671875,-0.15957447
137,55,192,0.375,0.42708333
76,98,174,0.33984375,-0.12643678
93,85,178,0.34765625,0.04494382
58,134,192,0.375,-0.39583333
107,81,188,0.3671875,0.13829787
93,99,192,0.375,-0.03125
84,105,189,0.36914062,-0.11111111
85,88,173,0.33789062,-0.01734104
92,88,180,0.3515625,0.022222222
107,66,173,0.33789062,0.23699422
84,94,178,0.34765625,-0.056179775
135,46,181,0.35351562,0.49171271
76,105,181,0.35351562,-0.16022099
100,101,201,0.39257812,-0.0049751244
80,106,186,0.36328125,-0.13978495
98,77,175,0.34179688,0.12
114,72,186,0.36328125,0.22580645
96,82,178,0.34765625,0.078651685
92,80,172,0.3359375,0.069767442
59,115,174,0.33984375,-0.32183908
102,89,191,0.37304688,0.068062827
64,111,175,0.34179688,-0.26857143
91,82,173,0.33789062,0.052023121
66,106,172,0.3359375,-0.23255814
97,77,174,0.33984375,0.11494253
89,102,191,0.37304688,-0.068062827
98,81,179,0.34960938,0.094972067
90,88,178,0.34765625,0.011235955
88,90,178,0.34765625,-0.011235955
109,65,174,0.33984375,0.25287356
59,120,179,0.34960938,-0.34078212
104,80,184,0.359375,0.13043478
108,73,181,0.35351562,0.19337017
83,100,183,0.35742188,-0.092896175
99,81,180,0.3515625,0.1
78,110,188,0.3671875,-0.17021277
101,84,185,0.36132812,0.091891892
95,78,173,0.33789062,0.098265896
69,126,195,0.38085938,-0.29230769
116,65,181,0.35351562,0.28176796
88,98,186,0.36328125,-0.053763441
104,86,190,0.37109375,0.094736842
87,113,200,0.390625,-0.13
100,72,172,0.3359375,0.1627907
44,132,176,0.34375,-0.5
91,79,170,0.33203125,0.070588235
75,95,170,0.33203125,-0.11764706
97,86,183,0.35742188,0.06010929
92,95,187,0.36523438,-0.016042781
92,97,189,0.36914062,-0.026455026
95,82,177,0.34570312,0.073446328
53,125,178,0.34765625,-0.40449438
103,79,182,0.35546875,0.13186813
83,94,177,0.34570312,-0.062146893
82,86,168,0.328125,-0.023809524
97,87,184,0.359375,0.054347826
91,79,170,0.33203125,0.070588235
99,90,189,0.36914062,0.047619048
85,108,193,0.37695312,-0.11917098
95,88,183,0.35742188,0.038251366
55,118,173,0.33789062,-0.36416185
115,75,190,0.37109375,0.21052632
111,79,190,0.37109375,0.16842105
114,68,182,0.35546875,0.25274725
89,91,180,0.3515625,-0.011111111
98,77,175,0.34179688,0.12
129,56,185,0.36132812,0.39459459
92,105,197,0.38476562,-0.065989848
102,73,175,0.34179688,0.16571429
70,113,183,0.35742188,-0.23497268
76,112,188,0.3671875,-0.19148936
136,61,197,0.38476562,0.38071066
91,103,194,0.37890625,-0.06185567
105,76,181,0.35351562,0.16022099
89,97,186,0.36328125,-0.043010753
100,76,176,0.34375,0.13636364
109,66,175,0.34179688,0.24571429
87,100,187,0.36523438,-0.069518717
93,80,173,0.33789062,0.075144509
113,59,172,0.3359375,0.31395349
105,72,177,0.34570312,0.18644068
106,83,189,0.36914062,0.12169312
84,90,174,0.33984375,-0.034482759
92,67,159,0.31054688,0.1572327
89,90,179,0.34960938,-0.0055865922
108,84,192,0.375,0.125
81,98,179,0.34960938,-0.094972067
60,112,172,0.3359375,-0.30232558
73,94,167,0.32617188,-0.1257485
101,76,177,0.34570312,0.14124294
80,101,181,0.35351562,-0.1160221
111,74,185,0.36132812,0.2
111,82,193,0.37695312,0.15025907
74,114,188,0.3671875,-0.21276596
69,106,175,0.34179688,-0.21142857
68,113,181,0.35351562,-0.24861878
84,97,181,0.35351562,-0.071823204
98,95,193,0.37695312,0.015544041
92,86,178,0.34765625,0.033707865
73,117,190,0.37109375,-0.23157895
94,99,193,0.37695312,-0.025906736
64,121,185,0.36132812,-0.30810811
111,89,200,0.390625,0.11
92,64,156,0.3046875,0.17948718
79,91,170,0.33203125,-0.070588235
98,79,177,0.34570312,0.10734463
97,94,191,0.37304688,0.015706806
88,81,169,0.33007812,0.041420118
50,133,183,0.35742188,-0.45355191
75,105,180,0.3515625,-0.16666667
97,79,176,0.34375,0.10227273
85,87,172,0.3359375,-0.011627907
91,89,180,0.3515625,0.011111111
90,83,173,0.33789062,0.040462428
94,86,180,0.3515625,0.044444444
83,86,169,0.33007812,-0.017751479
85,88,173,0.33789062,-0.01734104
68,109,177,0.34570312,-0.23163842
82,101,183,0.35742188,-0.10382514
111,63,174,0.33984375,0.27586207
76,104,180,0.3515625,-0.15555556
98,72,170,0.33203125,0.15294118
114,66,180,0.3515625,0.26666667
88,94,182,0.35546875,-0.032967033
111,67,178,0.34765625,0.24719101
62,122,184,0.359375,-0.32608696
58,111,169,0.33007812,-0.31360947
72,89,161,0.31445312,-0.10559006
75,98,173,0.33789062,-0.13294798
92,87,179,0.34960938,0.027932961
83,97,180,0.3515625,-0.077777778
77,92,169,0.33007812,-0.088757396
87,94,181,0.35351562,-0.038674033
95,91,186,0.36328125,0.021505376
85,89,174,0.33984375,-0.022988506
79,94,173,0.33789062,-0.086705202
81,87,168,0.328125,-0.035714286
79,116,195,0.38085938,-0.18974359
99,90,189,0.36914062,0.047619048
85,77,162,0.31640625,0.049382716
125,56,181,0.35351562,0.38121547
62,114,176,0.34375,-0.29545455
79,91,170,0.33203125,-0.070588235
83,108,191,0.37304688,-0.13089005
103,87,190,0.37109375,0.084210526
72,98,170,0.33203125,-0.15294118
96,76,172,0.3359375,0.11627907
97,77,174,0.33984375,0.11494253
104,83,187,0.36523438,0.11229947
68,113,181,0.35351562,-0.24861878
88,96,184,0.359375,-0.043478261
80,84,164,0.3203125,-0.024390244
61,107,168,0.328125,-0.27380952
76,105,181,0.35351562,-0.16022099
75,109,184,0.359375,-0.18478261
99,91,190,0.37109375,0.042105263
107,72,179,0.34960938,0.19553073
82,96,178,0.34765625,-0.078651685
80,96,176,0.34375,-0.090909091
101,95,196,0.3828125,0.030612245
102,85,187,0.36523438,0.090909091
91,82,173,0.33789062,0.052023121
91,83,174,0.33984375,0.045977011
97,88,185,0.36132812,0.048648649
57,122,179,0.34960938,-0.36312849
94,90,184,0.359375,0.02173913
81,111,192,0.375,-0.15625
94,85,179,0.34960938,0.05027933
89,94,183,0.35742188,-0.027322404
79,103,182,0.35546875,-0.13186813
81,97,178,0.34765625,-0.08988764
104,73,177,0.34570312,0.17514124
72,104,176,0.34375,-0.18181818
94,90,184,0.359375,0.02173913
114,57,171,0.33398438,0.33333333
86,86,172,0.3359375,0
56,120,176,0.34375,-0.36363636
105,93,198,0.38671875,0.060606061
84,116,200,0.390625,-0.16
73,100,173,0.33789062,-0.15606936
86,100,186,0.36328125,-0.075268817
112,81,193,0.37695312,0.16062176
68,97,165,0.32226562,-0.17575758
72,110,182,0.35546875,-0.20879121
64,118,182,0.35546875,-0.2967033
70,107,177,0.34570312,-0.20903955
78,92,170,0.33203125,-0.082352941
90,94,184,0.359375,-0.02173913
110,77,187,0.36523438,0.17647059
111,63,174,0.33984375,0.27586207
53,129,182,0.35546875,-0.41758242
101,86,187,0.36523438,0.080213904
79,107,186,0.36328125,-0.15053763
92,83,175,0.34179688,0.051428571
75,107,182,0.35546875,-0.17582418
121,61,182,0.35546875,0.32967033
118,68,186,0.36328125,0.2688172
79,101,180,0.3515625,-0.12222222
105,74,179,0.34960938,0.17318436
98,82,180,0.3515625,0.088888889
81,96,177,0.34570312,-0.084745763
113,66,179,0.34960938,0.26256983
86,88,174,0.33984375,-0.011494253
87,88,175,0.34179688,-0.0057142857
131,61,192,0.375,0.36458333
73,106,179,0.34960938,-0.18435754
90,97,187,0.36523438,-0.037433155
83,83,166,0.32421875,0
67,122,189,0.36914062,-0.29100529
99,85,184,0.359375,0.076086957
82,96,178,0.34765625,-0.078651685
82,86,168,0.328125,-0.023809524
79,107,186,0.36328125,-0.15053763
67,111,178,0.34765625,-0.24719101
82,98,180,0.3515625,-0.088888889
103,74,177,0.34570312,0.16384181
56,127,183,0.35742188,-0.38797814
111,70,181,0.35351562,0.22651934
101,71,172,0.3359375,0.1744186
71,109,180,0.3515625,-0.21111111
110,69,179,0.34960938,0.22905028
77,85,162,0.31640625,-0.049382716
106,91,197,0.38476562,0.076142132
104,77,181,0.35351562,0.14917127
86,100,186,0.36328125,-0.075268817
87,98,185,0.36132812,-0.059459459
96,101,197,0.38476562,-0.025380711
82,84,166,0.32421875,-0.012048193
87,92,179,0.34960938,-0.027932961
97,89,186,0.36328125,0.043010753
68,110,178,0.34765625,-0.23595506
109,77,186,0.36328125,0.17204301
100,80,180,0.3515625,0.11111111
117,60,177,0.34570312,0.3220339
69,103,172,0.3359375,-0.19767442
92,99,191,0.37304688,-0.036649215
80,106,186,0.36328125,-0.13978495
75,108,183,0.35742188,-0.18032787
88,93,181,0.35351562,-0.027624309
87,93,180,0.3515625,-0.033333333
71,106,177,0.34570312,-0.19774011
95,92,187,0.36523438,0.016042781
48,128,176,0.34375,-0.45454545
89,94,183,0.35742188,-0.027322404
85,97,182,0.35546875,-0.065934066
84,96,180,0.3515625,-0.066666667
84,95,179,0.34960938,-0.061452514
114,68,182,0.35546875,0.25274725
91,81,172,0.3359375,0.058139535
86,85,171,0.33398438,0.0058479532
113,74,187,0.36523438,0.20855615
77,101,178,0.34765625,-0.13483146
91,81,172,0.3359375,0.058139535
99,84,183,0.35742188,0.081967213
81,95,176,0.34375,-0.079545455
82,99,181,0.35351562,-0.093922652
75,103,178,0.34765625,-0.15730337
81,109,190,0.37109375,-0.14736842
112,75,187,0.36523438,0.19786096
121,59,180,0.3515625,0.34444444
101,79,180,0.3515625,0.12222222
75,107,182,0.35546875,-0.17582418
94,81,175,0.34179688,0.074285714
119,67,186,0.36328125,0.27956989
116,63,179,0.34960938,0.29608939
92,90,182,0.35546875,0.010989011
76,100,176,0.34375,-0.13636364
56,129,185,0.36132812,-0.39459459
90,82,172,0.3359375,0.046511628
78,97,175,0.34179688,-0.10857143
90,81,171,0.33398438,0.052631579
108,74,182,0.35546875,0.18681319
104,78,182,0.35546875,0.14285714
104,76,180,0.3515625,0.15555556
114,77,191,0.37304688,0.19371728
65,110,175,0.34179688,-0.25714286
97,73,170,0.33203125,0.14117647
98,80,178,0.34765625,0.1011236
64,110,174,0.33984375,-0.26436782
81,103,184,0.359375,-0.11956522
79,102,181,0.35351562,-0.12707182
80,93,173,0.33789062,-0.075144509
111,52,163,0.31835938,0.36196319
91,92,183,0.35742188,-0.0054644809
94,87,181,0.35351562,0.038674033
119,59,178,0.34765625,0.33707865
80,107,187,0.36523438,-0.14438503
99,90,189,0.36914062,0.047619048
104,63,167,0.32617188,0.24550898
116,76,192,0.375,0.20833333
105,92,197,0.38476562,0.065989848
120,51,171,0.33398438,0.40350877
91,75,166,0.32421875,0.096385542
117,81,198,0.38671875,0.18181818
67,110,177,0.34570312,-0.24293785
88,85,173,0.33789062,0.01734104
95,90,185,0.36132812,0.027027027
96,97,193,0.37695312,-0.0051813472
94,66,160,0.3125,0.175
84,110,194,0.37890625,-0.13402062
123,58,181,0.35351562,0.35911602
110,69,179,0.34960938,0.22905028
81,113,194,0.37890625,-0.16494845
77,95,172,0.3359375,-0.10465116
72,96,168,0.328125,-0.14285714
85,95,180,0.3515625,-0.055555556
87,78,165,0.32226562,0.054545455
92,93,185,0.36132812,-0.0054054054
82,94,176,0.34375,-0.068181818
90,97,187,0.36523438,-0.037433155
86,87,173,0.33789062,-0.0057803468
108,74,182,0.35546875,0.18681319
121,62,183,0.35742188,0.32240437
89,93,182,0.35546875,-0.021978022
89,92,181,0.35351562,-0.016574586
91,88,179,0.34960938,0.016759777
71,103,174,0.33984375,-0.18390805
82,95,177,0.34570312,-0.073446328
64,109,173,0.33789062,-0.26011561
88,99,187,0.36523438,-0.058823529
81,103,184,0.359375,-0.11956522
113,71,184,0.359375,0.22826087
73,113,186,0.36328125,-0.21505376
112,73,185,0.36132812,0.21081081
98,96,194,0.37890625,0.010309278
103,80,183,0.35742188,0.12568306
107,68,175,0.34179688,0.22285714
87,77,164,0.3203125,0.06097561
105,83,188,0.3671875,0.11702128
80,95,175,0.34179688,-0.085714286
51,125,176,0.34375,-0.42045455
86,105,191,0.37304688,-0.09947644
121,66,187,0.36523438,0.29411765
86,95,181,0.35351562,-0.049723757
106,82,188,0.3671875,0.12765957
110,73,183,0.35742188,0.20218579
118,58,176,0.34375,0.34090909
82,95,177,0.34570312,-0.073446328
69,101,170,0.33203125,-0.18823529
74,113,187,0.36523438,-0.20855615
85,89,174,0.33984375,-0.022988506
72,96,168,0.328125,-0.14285714
70,104,174,0.33984375,-0.1954023
78,89,167,0.32617188,-0.065868263
62,103,165,0.32226562,-0.24848485
101,82,183,0.35742188,0.10382514
103,84,187,0.36523438,0.10160428
81,81,162,0.31640625,0
94,79,173,0.33789062,0.086705202
99,91,190,0.37109375,0.042105263
81,96,177,0.34570312,-0.084745763
88,96,184,0.359375,-0.043478261
101,76,177,0.34570312,0.14124294
111,65,176,0.34375,0.26136364
90,84,174,0.33984375,0.034482759
87,86,173,0.33789062,0.0057803468
95,78,173,0.33789062,0.098265896
72,123,195,0.38085938,-0.26153846
88,97,185,0.36132812,-0.048648649
97,92,189,0.36914062,0.026455026
79,94,173,0.33789062,-0.086705202
74,113,187,0.36523438,-0.20855615
105,62,167,0.32617188,0.25748503
75,107,182,0.35546875,-0.17582418
87,106,193,0.37695312,-0.098445596
101,77,178,0.34765625,0.13483146
111,73,184,0.359375,0.20652174
86,91,177,0.34570312,-0.028248588
62,110,172,0.3359375,-0.27906977
110,78,188,0.3671875,0.17021277
96,78,174,0.33984375,0.10344828
74,108,182,0.35546875,-0.18681319
124,66,190,0.37109375,0.30526316
93,83,176,0.34375,0.056818182
72,96,168,0.328125,-0.14285714
88,100,188,0.3671875,-0.063829787
106,73,179,0.34960938,0.18435754
132,60,192,0.375,0.375
73,97,170,0.33203125,-0.14117647
99,70,169,0.33007812,0.17159763
115,76,191,0.37304688,0.20418848
104,75,179,0.34960938,0.16201117
72,98,170,0.33203125,-0.15294118
122,71,193,0.37695312,0.2642487
59,120,179,0.34960938,-0.34078212
108,78,186,0.36328125,0.16129032
77,103,180,0.3515625,-0.14444444
71,107,178,0.34765625,-0.20224719
95,79,174,0.33984375,0.091954023
90,85,175,0.34179688,0.028571429
75,109,184,0.359375,-0.18478261
112,75,187,0.36523438,0.19786096
86,100,186,0.36328125,-0.075268817
106,65,171,0.33398438,0.23976608
79,86,165,0.32226562,-0.042424242
80,98,178,0.34765625,-0.1011236
87,99,186,0.36328125,-0.064516129
96,67,163,0.31835938,0.17791411
104,76,180,0.3515625,0.15555556
96,86,182,0.35546875,0.054945055
113,69,182,0.35546875,0.24175824
94,84,178,0.34765625,0.056179775
69,104,173,0.33789062,-0.20231214
88,82,170,0.33203125,0.035294118
89,90,179,0.34960938,-0.0055865922
122,74,196,0.3828125,0.24489796
90,92,182,0.35546875,-0.010989011
70,94,164,0.3203125,-0.14634146
98,91,189,0.36914062,0.037037037
95,94,189,0.36914062,0.0052910053
80,88,168,0.328125,-0.047619048
115,54,169,0.33007812,0.36094675
62,119,181,0.35351562,-0.31491713
78,108,186,0.36328125,-0.16129032
79,99,178,0.34765625,-0.11235955
88,94,182,0.35546875,-0.032967033
80,102,182,0.35546875,-0.12087912
87,87,174,0.33984375,0
83,105,188,0.3671875,-0.11702128
90,75,165,0.32226562,0.090909091
92,92,184,0.359375,0
99,82,181,0.35351562,0.093922652
106,87,193,0.37695312,0.098445596
131,70,201,0.39257812,0.30348259
81,103,184,0.359375,-0.11956522
84,92,176,0.34375,-0.045454545
85,100,185,0.36132812,-0.081081081
97,90,187,0.36523438,0.037433155
103,79,182,0.35546875,0.13186813
81,90,171,0.33398438,-0.052631579
75,102,177,0.34570312,-0.15254237
71,97,168,0.328125,-0.1547619
72,113,185,0.36132812,-0.22162162
92,99,191,0.37304688,-0.036649215
89,110,199,0.38867188,-0.10552764
88,78,166,0.32421875,0.060240964
113,77,190,0.37109375,0.18947368
56,117,173,0.33789062,-0.35260116
88,95,183,0.35742188,-0.038251366
75,94,169,0.33007812,-0.11242604
113,74,187,0.36523438,0.20855615
68,101,169,0.33007812,-0.19526627
79,96,175,0.34179688,-0.097142857
104,87,191,0.37304688,0.089005236
90,92,182,0.35546875,-0.010989011
76,91,167,0.32617188,-0.089820359
78,105,183,0.35742188,-0.14754098
106,73,179,0.34960938,0.18435754
97,80,177,0.34570312,0.096045198
100,66,166,0.32421875,0.20481928
75,102,177,0.34570312,-0.15254237
86,100,186,0.36328125,-0.075268817
96,89,185,0.36132812,0.037837838
66,119,185,0.36132812,-0.28648649
71,103,174,0.33984375,-0.18390805
82,89,171,0.33398438,-0.040935673
107,79,186,0.36328125,0.15053763
142,44,186,0.36328125,0.52688172
103,75,178,0.34765625,0.15730337
75,103,178,0.34765625,-0.15730337
96,71,167,0.32617188,0.1497006
108,81,189,0.36914062,0.14285714
58,118,176,0.34375,-0.34090909
90,95,185,0.36132812,-0.027027027
136,54,190,0.37109375,0.43157895
83,88,171,0.33398438,-0.029239766
117,68,185,0.36132812,0.26486486
86,107,193,0.37695312,-0.10880829
90,85,175,0.34179688,0.028571429
116,81,197,0.38476562,0.17766497
101,75,176,0.34375,0.14772727
108,64,172,0.3359375,0.25581395
59,110,169,0.33007812,-0.30177515
84,81,165,0.32226562,0.018181818
66,117,183,0.35742188,-0.27868852
88,92,180,0.3515625,-0.022222222
73,109,182,0.35546875,-0.1978022
55,116,171,0.33398438,-0.35672515
91,90,181,0.35351562,0.0055248619
116,66,182,0.35546875,0.27472527
88,100,188,0.3671875,-0.063829787
82,94,176,0.34375,-0.068181818
63,120,183,0.35742188,-0.31147541
93,92,185,0.36132812,0.0054054054
79,100,179,0.34960938,-0.11731844
93,92,185,0.36132812,0.0054054054
86,107,193,0.37695312,-0.10880829
105,84,189,0.36914062,0.11111111
83,94,177,0.34570312,-0.062146893
97,79,176,0.34375,0.10227273
88,88,176,0.34375,0
82,77,159,0.31054688,0.031446541
75,113,188,0.3671875,-0.20212766
78,91,169,0.33007812,-0.076923077
49,130,179,0.34960938,-0.45251397
81,96,177,0.34570312,-0.084745763
111,87,198,0.38671875,0.12121212
94,75,169,0.33007812,0.11242604
90,84,174,0.33984375,0.034482759
83,83,166,0.32421875,0
103,75,178,0.34765625,0.15730337
64,128,192,0.375,-0.33333333
69,111,180,0.3515625,-0.23333333
98,73,171,0.33398438,0.14619883
81,93,174,0.33984375,-0.068965517
74,97,171,0.33398438,-0.13450292
80,104,184,0.359375,-0.13043478
88,104,192,0.375,-0.083333333
121,65,186,0.36328125,0.30107527
99,86,185,0.36132812,0.07027027
92,97,189,0.36914062,-0.026455026
108,57,165,0.32226562,0.30909091
81,85,166,0.32421875,-0.024096386
114,54,168,0.328125,0.35714286
79,108,187,0.36523438,-0.15508021
116,66,182,0.35546875,0.27472527
88,89,177,0.34570312,-0.0056497175
103,80,183,0.35742188,0.12568306
105,61,166,0.32421875,0.26506024
64,104,168,0.328125,-0.23809524
106,78,184,0.359375,0.15217391
87,112,199,0.38867188,-0.12562814
108,65,173,0.33789062,0.24855491
111,83,194,0.37890625,0.1443299
62,113,175,0.34179688,-0.29142857
112,58,170,0.33203125,0.31764706
90,94,184,0.359375,-0.02173913
131,52,183,0.35742188,0.43169399
104,71,175,0.34179688,0.18857143
101,90,191,0.37304688,0.057591623
96,89,185,0.36132812,0.037837838
91,99,190,0.37109375,-0.042105263
63,115,178,0.34765625,-0.29213483
82,102,184,0.359375,-0.10869565
66,119,185,0.36132812,-0.28648649
93,76,169,0.33007812,0.10059172
78,93,171,0.33398438,-0.087719298
118,62,180,0.3515625,0.31111111
92,89,181,0.35351562,0.016574586
81,89,170,0.33203125,-0.047058824
94,86,180,0.3515625,0.044444444
69,111,180,0.3515625,-0.23333333
86,103,189,0.36914062,-0.08994709
76,109,185,0.36132812,-0.17837838
117,64,181,0.35351562,0.29281768
88,107,195,0.38085938,-0.097435897
83,99,182,0.35546875,-0.087912088
83,91,174,0.33984375,-0.045977011
88,86,174,0.33984375,0.011494253
101,83,184,0.359375,0.097826087
88,71,159,0.31054688,0.10691824
107,85,192,0.375,0.11458333
85,91,176,0.34375,-0.034090909
105,72,177,0.34570312,0.18644068
71,125,196,0.3828125,-0.2755102
78,99,177,0.34570312,-0.11864407
96,92,188,0.3671875,0.021276596
69,106,175,0.34179688,-0.21142857
96,81,177,0.34570312,0.084745763
86,94,180,0.3515625,-0.044444444
101,83,184,0.359375,0.097826087
79,93,172,0.3359375,-0.081395349
108,63,171,0.33398438,0.26315789
77,95,172,0.3359375,-0.10465116
119,73,192,0.375,0.23958333
86,91,177,0.34570312,-0.028248588
94,93,187,0.36523438,0.0053475936
77,91,168,0.328125,-0.083333333
92,77,169,0.33007812,0.088757396
83,77,160,0.3125,0.0375
70,96,166,0.32421875,-0.15662651
73,138,211,0.41210938,-0.30805687
100,75,175,0.34179688,0.14285714
74,96,170,0.33203125,-0.12941176
104,87,191,0.37304688,0.089005236
114,72,186,0.36328125,0.22580645
102,64,166,0.32421875,0.22891566
88,86,174,0.33984375,0.011494253
103,69,172,0.3359375,0.19767442
113,54,167,0.32617188,0.35329341
68,107,175,0.34179688,-0.22285714
101,78,179,0.34960938,0.12849162
79,92,171,0.33398438,-0.076023392
80,104,184,0.359375,-0.13043478
84,89,173,0.33789062,-0.028901734
82,103,185,0.36132812,-0.11351351
109,80,189,0.36914062,0.15343915
119,65,184,0.359375,0.29347826
98,76,174,0.33984375,0.12643678
98,82,180,0.3515625,0.088888889
69,113,182,0.35546875,-0.24175824
74,121,195,0.38085938,-0.24102564
91,84,175,0.34179688,0.04
109,86,195,0.38085938,0.11794872
86,94,180,0.3515625,-0.044444444
67,98,165,0.32226562,-0.18787879
108,76,184,0.359375,0.17391304
100,87,187,0.36523438,0.069518717
79,96,175,0.34179688,-0.097142857
90,80,170,0.33203125,0.058823529
65,128,193,0.37695312,-0.32642487
107,79,186,0.36328125,0.15053763
73,99,172,0.3359375,-0.15116279
91,86,177,0.34570312,0.028248588
122,61,183,0.35742188,0.33333333
104,68,172,0.3359375,0.20930233
81,108,189,0.36914062,-0.14285714
73,100,173,0.33789062,-0.15606936
93,83,176,0.34375,0.056818182
102,86,188,0.3671875,0.085106383
104,83,187,0.36523438,0.11229947
74,106,180,0.3515625,-0.17777778
101,63,164,0.3203125,0.23170732
97,68,165,0.32226562,0.17575758
82,99,181,0.35351562,-0.093922652
90,90,180,0.3515625,0
88,95,183,0.35742188,-0.038251366
96,75,171,0.33398438,0.12280702
88,95,183,0.35742188,-0.038251366
104,80,184,0.359375,0.13043478
81,113,194,0.37890625,-0.16494845
73,112,185,0.36132812,-0.21081081
78,93,171,0.33398438,-0.087719298
102,92,194,0.37890625,0.051546392
70,118,188,0.3671875,-0.25531915
100,82,182,0.35546875,0.098901099
92,90,182,0.35546875,0.010989011
104,84,188,0.3671875,0.10638298
80,92,172,0.3359375,-0.069767442
77,110,187,0.36523438,-0.17647059
65,117,182,0.35546875,-0.28571429
113,71,184,0.359375,0.22826087
96,73,169,0.33007812,0.13609467
79,94,173,0.33789062,-0.086705202
93,80,173,0.33789062,0.075144509
103,87,190,0.37109375,0.084210526
80,104,184,0.359375,-0.13043478
88,88,176,0.34375,0
70,109,179,0.34960938,-0.21787709
60,116,176,0.34375,-0.31818182
57,132,189,0.36914062,-0.3968254
85,98,183,0.35742188,-0.071038251
108,86,194,0.37890625,0.11340206
70,97,167,0.32617188,-0.16167665
117,63,180,0.3515625,0.3
80,94,174,0.33984375,-0.08045977
82,97,179,0.34960938,-0.083798883
112,83,195,0.38085938,0.14871795
97,75,172,0.3359375,0.12790698
85,92,177,0.34570312,-0.039548023
118,74,192,0.375,0.22916667
71,97,168,0.328125,-0.1547619
83,91,174,0.33984375,-0.045977011
70,111,181,0.35351562,-0.22651934
98,88,186,0.36328125,0.053763441
84,101,185,0.36132812,-0.091891892
106,87,193,0.37695312,0.098445596
82,92,174,0.33984375,-0.057471264
81,99,180,0.3515625,-0.1
73,97,170,0.33203125,-0.14117647
85,96,181,0.35351562,-0.060773481
103,84,187,0.36523438,0.10160428
60,117,177,0.34570312,-0.3220339
94,83,177,0.34570312,0.062146893
73,91,164,0.3203125,-0.1097561
72,104,176,0.34375,-0.18181818
76,112,188,0.3671875,-0.19148936
71,102,173,0.33789062,-0.17919075
72,111,183,0.35742188,-0.21311475
109,73,182,0.35546875,0.1978022
67,121,188,0.3671875,-0.28723404
91,95,186,0.36328125,-0.021505376
74,95,169,0.33007812,-0.12426036
65,109,174,0.33984375,-0.25287356
64,105,169,0.33007812,-0.24260355
98,81,179,0.34960938,0.094972067
112,72,184,0.359375,0.2173913
56,127,183,0.35742188,-0.38797814
105,78,183,0.35742188,0.14754098
93,89,182,0.35546875,0.021978022
86,91,177,0.34570312,-0.028248588
60,131,191,0.37304688,-0.37172775
93,91,184,0.359375,0.010869565
81,83,164,0.3203125,-0.012195122
89,81,170,0.33203125,0.047058824
82,81,163,0.31835938,0.0061349693
76,108,184,0.359375,-0.17391304
93,80,173,0.33789062,0.075144509
70,113,183,0.35742188,-0.23497268
105,78,183,0.35742188,0.14754098
86,89,175,0.34179688,-0.017142857
97,98,195,0.38085938,-0.0051282051
79,87,166,0.32421875,-0.048192771
100,77,177,0.34570312,0.1299435
94,81,175,0.34179688,0.074285714
112,76,188,0.3671875,0.19148936
101,84,185,0.36132812,0.091891892
75,95,170,0.33203125,-0.11764706
107,72,179,0.34960938,0.19553073
104,87,191,0.37304688,0.089005236
92,86,178,0.34765625,0.033707865
102,91,193,0.37695312,0.056994819
99,69,168,0.328125,0.17857143
94,89,183,0.35742188,0.027322404
78,98,176,0.34375,-0.11363636
78,111,189,0.36914062,-0.17460317
102,69,171,0.33398438,0.19298246
103,77,180,0.3515625,0.14444444
99,93,192,0.375,0.03125
84,80,164,0.3203125,0.024390244
96,85,181,0.35351562,0.060773481
92,79,171,0.33398438,0.076023392
103,77,180,0.3515625,0.14444444
82,95,177,0.34570312,-0.073446328
77,109,186,0.36328125,-0.17204301
82,105,187,0.36523438,-0.12299465
81,112,193,0.37695312,-0.16062176
77,103,180,0.3515625,-0.14444444
104,87,191,0.37304688,0.089005236
79,97,176,0.34375,-0.10227273
76,115,191,0.37304688,-0.20418848
85,113,198,0.38671875,-0.14141414
74,106,180,0.3515625,-0.17777778
74,111,185,0.36132812,-0.2
79,93,172,0.3359375,-0.081395349
104,67,171,0.33398438,0.21637427
80,76,156,0.3046875,0.025641026
54,128,182,0.35546875,-0.40659341
97,80,177,0.34570312,0.096045198
71,110,181,0.35351562,-0.21546961
81,106,187,0.36523438,-0.13368984
79,99,178,0.34765625,-0.11235955
92,81,173,0.33789062,0.063583815
83,100,183,0.35742188,-0.092896175
90,82,172,0.3359375,0.046511628
78,101,179,0.34960938,-0.12849162
101,81,182,0.35546875,0.10989011
96,90,186,0.36328125,0.032258065
114,76,190,0.37109375,0.2
76,106,182,0.35546875,-0.16483516
95,71,166,0.32421875,0.14457831
96,88,184,0.359375,0.043478261
95,90,185,0.36132812,0.027027027
80,107,187,0.36523438,-0.14438503
100,72,172,0.3359375,0.1627907
95,83,178,0.34765625,0.06741573
66,107,173,0.33789062,-0.23699422
76,93,169,0.33007812,-0.10059172
103,73,176,0.34375,0.17045455
95,91,186,0.36328125,0.021505376
68,105,173,0.33789062,-0.21387283
76,103,179,0.34960938,-0.15083799
56,116,172,0.3359375,-0.34883721
104,82,186,0.36328125,0.11827957
92,98,190,0.37109375,-0.031578947
70,111,181,0.35351562,-0.22651934
106,84,190,0.37109375,0.11578947
95,91,186,0.36328125,0.021505376
125,64,189,0.36914062,0.32275132
100,74,174,0.33984375,0.14942529
117,64,181,0.35351562,0.29281768
86,96,182,0.35546875,-0.054945055
65,111,176,0.34375,-0.26136364
106,85,191,0.37304688,0.10994764
63,140,203,0.39648438,-0.37931034
80,108,188,0.3671875,-0.14893617
75,115,190,0.37109375,-0.21052632
86,95,181,0.35351562,-0.049723757
101,82,183,0.35742188,0.10382514
95,75,170,0.33203125,0.11764706
93,83,176,0.34375,0.056818182
87,95,182,0.35546875,-0.043956044
79,114,193,0.37695312,-0.18134715
66,121,187,0.36523438,-0.29411765
79,98,177,0.34570312,-0.10734463
68,112,180,0.3515625,-0.24444444
82,93,175,0.34179688,-0.062857143
89,84,173,0.33789062,0.028901734
97,78,175,0.34179688,0.10857143
98,85,183,0.35742188,0.071038251
106,72,178,0.34765625,0.19101124
66,100,166,0.32421875,-0.20481928
105,82,187,0.36523438,0.12299465
77,110,187,0.36523438,-0.17647059
81,94,175,0.34179688,-0.074285714
105,80,185,0.36132812,0.13513514
94,86,180,0.3515625,0.044444444
89,82,171,0.33398438,0.040935673
62,121,183,0.35742188,-0.32240437
97,86,183,0.35742188,0.06010929
75,95,170,0.33203125,-0.11764706
107,86,193,0.37695312,0.10880829
68,96,164,0.3203125,-0.17073171
99,82,181,0.35351562,0.093922652
91,80,171,0.33398438,0.064327485
94,84,178,0.34765625,0.056179775
58,107,165,0.32226562,-0.2969697
82,98,180,0.3515625,-0.088888889
71,108,179,0.34960938,-0.20670391
141,48,189,0.36914062,0.49206349
92,75,167,0.32617188,0.10179641
77,99,176,0.34375,-0.125
84,97,181,0.35351562,-0.071823204
96,97,193,0.37695312,-0.0051813472
83,97,180,0.3515625,-0.077777778
115,81,196,0.3828125,0.17346939
105,73,178,0.34765625,0.17977528
88,88,176,0.34375,0
107,71,178,0.34765625,0.20224719
100,81,181,0.35351562,0.10497238
68,118,186,0.36328125,-0.2688172
115,53,168,0.328125,0.36904762
85,75,160,0.3125,0.0625
63,117,180,0.3515625,-0.3
96,89,185,0.36132812,0.037837838
138,50,188,0.3671875,0.46808511
69,102,171,0.33398438,-0.19298246
103,72,175,0.34179688,0.17714286
101,78,179,0.34960938,0.12849162
75,86,161,0.31445312,-0.068322981
105,81,186,0.36328125,0.12903226
105,84,189,0.36914062,0.11111111
74,99,173,0.33789062,-0.14450867
89,84,173,0.33789062,0.028901734
69,121,190,0.37109375,-0.27368421
94,82,176,0.34375,0.068181818
84,105,189,0.36914062,-0.11111111
84,111,195,0.38085938,-0.13846154
105,77,182,0.35546875,0.15384615
109,88,197,0.38476562,0.10659898
100,69,169,0.33007812,0.18343195
67,115,182,0.35546875,-0.26373626
72,93,165,0.32226562,-0.12727273
87,82,169,0.33007812,0.029585799
88,82,170,0.33203125,0.035294118
86,101,187,0.36523438,-0.080213904
85,94,179,0.34960938,-0.05027933
100,73,173,0.33789062,0.15606936
88,82,170,0.33203125,0.035294118
84,104,188,0.3671875,-0.10638298
77,87,164,0.3203125,-0.06097561
87,99,186,0.36328125,-0.064516129
106,72,178,0.34765625,0.19101124
100,86,186,0.36328125,0.075268817
64,114,178,0.34765625,-0.28089888
92,95,187,0.36523438,-0.016042781
110,68,178,0.34765625,0.23595506
97,71,168,0.328125,0.1547619
89,96,185,0.36132812,-0.037837838
114,56,170,0.33203125,0.34117647
65,114,179,0.34960938,-0.27374302
119,67,186,0.36328125,0.27956989
101,81,182,0.35546875,0.10989011
80,97,177,0.34570312,-0.096045198
84,87,171,0.33398438,-0.01754386
94,94,188,0.3671875,0
84,109,193,0.37695312,-0.12953368
86,92,178,0.34765625,-0.033707865
98,71,169,0.33007812,0.15976331
92,95,187,0.36523438,-0.016042781
76,116,192,0.375,-0.20833333
116,73,189,0.36914062,0.22751323
102,78,180,0.3515625,0.13333333
92,78,170,0.33203125,0.082352941
83,102,185,0.36132812,-0.1027027
81,100,181,0.35351562,-0.10497238
93,85,178,0.34765625,0.04494382
79,103,182,0.35546875,-0.13186813
76,103,179,0.34960938,-0.15083799
87,95,182,0.35546875,-0.043956044
88,94,182,0.35546875,-0.032967033
95,81,176,0.34375,0.079545455
86,94,180,0.3515625,-0.044444444
65,129,194,0.37890625,-0.32989691
113,79,192,0.375,0.17708333
67,106,173,0.33789062,-0.22543353
84,86,170,0.33203125,-0.011764706
89,82,171,0.33398438,0.040935673
75,104,179,0.34960938,-0.16201117
122,66,188,0.3671875,0.29787234
61,121,182,0.35546875,-0.32967033
83,99,182,0.35546875,-0.087912088
89,97,186,0.36328125,-0.043010753
83,101,184,0.359375,-0.097826087
75,101,176,0.34375,-0.14772727
77,99,176,0.34375,-0.125
119,54,173,0.33789062,0.37572254
89,84,173,0.33789062,0.028901734
98,102,200,0.390625,-0.02
80,108,188,0.3671875,-0.14893617
93,87,180,0.3515625,0.033333333
105,78,183,0.35742188,0.14754098
115,75,190,0.37109375,0.21052632
76,97,173,0.33789062,-0.12138728
100,67,167,0.32617188,0.19760479
61,107,168,0.328125,-0.27380952
81,94,175,0.34179688,-0.074285714
65,119,184,0.359375,-0.29347826
89,96,185,0.36132812,-0.037837838
92,92,184,0.359375,0
99,87,186,0.36328125,0.064516129
107,84,191,0.37304688,0.12041885
127,41,168,0.328125,0.51190476
96,85,181,0.35351562,0.060773481
109,80,189,0.36914062,0.15343915
80,97,177,0.34570312,-0.096045198
87,86,173,0.33789062,0.0057803468
93,85,178,0.34765625,0.04494382
81,99,180,0.3515625,-0.1
108,79,187,0.36523438,0.15508021
72,110,182,0.35546875,-0.20879121
84,108,192,0.375,-0.125
70,111,181,0.35351562,-0.22651934
92,90,182,0.35546875,0.010989011
92,84,176,0.34375,0.045454545
101,61,162,0.31640625,0.24691358
96,98,194,0.37890625,-0.010309278
94,92,186,0.36328125,0.010752688
78,101,179,0.34960938,-0.12849162
122,59,181,0.35351562,0.3480663
92,83,175,0.34179688,0.051428571
63,126,189,0.36914062,-0.33333333
91,82,173,0.33789062,0.052023121
77,82,159,0.31054688,-0.031446541
96,80,176,0.34375,0.090909091
87,105,192,0.375,-0.09375
86,84,170,0.33203125,0.011764706
84,104,188,0.3671875,-0.10638298
107,74,181,0.35351562,0.18232044
79,100,179,0.34960938,-0.11731844
91,82,173,0.33789062,0.052023121
94,97,191,0.37304688,-0.015706806
90,93,183,0.35742188,-0.016393443
68,93,161,0.31445312,-0.1552795
88,93,181,0.35351562,-0.027624309
74,106,180,0.3515625,-0.17777778
91,104,195,0.38085938,-0.066666667
99,83,182,0.35546875,0.087912088
80,96,176,0.34375,-0.090909091
89,83,172,0.3359375,0.034883721
89,93,182,0.35546875,-0.021978022
79,95,174,0.33984375,-0.091954023
75,114,189,0.36914062,-0.20634921
97,82,179,0.34960938,0.083798883
75,119,194,0.37890625,-0.22680412
82,112,194,0.37890625,-0.15463918
92,84,176,0.34375,0.045454545
62,117,179,0.34960938,-0.30726257
80,109,189,0.36914062,-0.15343915
59,135,194,0.37890625,-0.39175258
71,104,175,0.34179688,-0.18857143
105,89,194,0.37890625,0.082474227
106,79,185,0.36132812,0.14594595
95,81,176,0.34375,0.079545455
80,92,172,0.3359375,-0.069767442
120,67,187,0.36523438,0.28342246
102,66,168,0.328125,0.21428571
84,83,167,0.32617188,0.005988024
75,109,184,0.359375,-0.18478261
122,51,173,0.33789062,0.41040462
103,82,185,0.36132812,0.11351351
81,91,172,0.3359375,-0.058139535
87,87,174,0.33984375,0
77,90,167,0.32617188,-0.077844311
91,81,172,0.3359375,0.058139535
75,105,180,0.3515625,-0.16666667
100,84,184,0.359375,0.086956522
113,66,179,0.34960938,0.26256983
85,75,160,0.3125,0.0625
80,98,178,0.34765625,-0.1011236
69,112,181,0.35351562,-0.23756906
75,111,186,0.36328125,-0.19354839
95,82,177,0.34570312,0.073446328
76,106,182,0.35546875,-0.16483516
88,84,172,0.3359375,0.023255814
104,92,196,0.3828125,0.06122449
86,94,180,0.3515625,-0.044444444
112,79,191,0.37304688,0.17277487
78,96,174,0.33984375,-0.10344828
116,66,182,0.35546875,0.27472527
87,89,176,0.34375,-0.011363636
106,73,179,0.34960938,0.18435754
95,98,193,0.37695312,-0.015544041
82,84,166,0.32421875,-0.012048193
73,106,179,0.34960938,-0.18435754
74,87,161,0.31445312,-0.080745342
85,101,186,0.36328125,-0.086021505
71,106,177,0.34570312,-0.19774011
70,112,182,0.35546875,-0.23076923
76,99,175,0.34179688,-0.13142857
94,90,184,0.359375,0.02173913
79,98,177,0.34570312,-0.10734463
90,94,184,0.359375,-0.02173913
83,83,166,0.32421875,0
42,142,184,0.359375,-0.54347826
86,103,189,0.36914062,-0.08994709
74,103,177,0.34570312,-0.16384181
96,85,181,0.35351562,0.060773481
100,76,176,0.34375,0.13636364
68,113,181,0.35351562,-0.24861878
85,92,177,0.34570312,-0.039548023
90,98,188,0.3671875,-0.042553191
82,94,176,0.34375,-0.068181818
52,129,181,0.35351562,-0.42541436
93,76,169,0.33007812,0.10059172
113,80,193,0.37695312,0.17098446
79,85,164,0.3203125,-0.036585366
80,99,179,0.34960938,-0.10614525
88,96,184,0.359375,-0.043478261
136,53,189,0.36914062,0.43915344
87,73,160,0.3125,0.0875
117,63,180,0.3515625,0.3
107,84,191,0.37304688,0.12041885
86,91,177,0.34570312,-0.028248588
83,88,171,0.33398438,-0.029239766
116,67,183,0.35742188,0.26775956
86,93,179,0.34960938,-0.039106145
68,116,184,0.359375,-0.26086957
105,73,178,0.34765625,0.17977528
62,113,175,0.34179688,-0.29142857
79,89,168,0.328125,-0.05952381
115,67,182,0.35546875,0.26373626
113,63,176,0.34375,0.28409091
74,98,172,0.3359375,-0.13953488
87,88,175,0.34179688,-0.0057142857
109,83,192,0.375,0.13541667
102,75,177,0.34570312,0.15254237
65,120,185,0.36132812,-0.2972973
72,108,180,0.3515625,-0.2
95,79,174,0.33984375,0.091954023
85,92,177,0.34570312,-0.039548023
84,111,195,0.38085938,-0.13846154
82,101,183,0.35742188,-0.10382514
91,94,185,0.36132812,-0.016216216
79,109,188,0.3671875,-0.15957447
83,106,189,0.36914062,-0.12169312
78,115,193,0.37695312,-0.19170984
71,113,184,0.359375,-0.22826087
92,73,165,0.32226562,0.11515152
109,69,178,0.34765625,0.2247191
84,100,184,0.359375,-0.086956522
99,74,173,0.33789062,0.14450867
91,84,175,0.34179688,0.04
98,81,179,0.34960938,0.094972067
111,68,179,0.34960938,0.24022346
91,97,188,0.3671875,-0.031914894
110,75,185,0.36132812,0.18918919
59,111,170,0.33203125,-0.30588235
120,81,201,0.39257812,0.19402985
102,84,186,0.36328125,0.096774194
104,72,176,0.34375,0.18181818
96,93,189,0.36914062,0.015873016
97,94,191,0.37304688,0.015706806
78,100,178,0.34765625,-0.12359551
80,83,163,0.31835938,-0.018404908
86,106,192,0.375,-0.10416667
68,105,173,0.33789062,-0.21387283
68,112,180,0.3515625,-0.24444444
63,127,190,0.37109375,-0.33684211
77,99,176,0.34375,-0.125
81,98,179,0.34960938,-0.094972067
93,95,188,0.3671875,-0.010638298
91,86,177,0.34570312,0.028248588
97,93,190,0.37109375,0.021052632
66,118,184,0.359375,-0.2826087
81,95,176,0.34375,-0.079545455
101,93,194,0.37890625,0.041237113
84,87,171,0.33398438,-0.01754386
81,91,172,0.3359375,-0.058139535
99,81,180,0.3515625,0.1
104,66,170,0.33203125,0.22352941
96,79,175,0.34179688,0.097142857
81,86,167,0.32617188,-0.02994012
87,93,180,0.3515625,-0.033333333
84,105,189,0.36914062,-0.11111111
79,98,177,0.34570312,-0.10734463
96,91,187,0.36523438,0.026737968
80,105,185,0.36132812,-0.13513514
66,107,173,0.33789062,-0.23699422
81,108,189,0.36914062,-0.14285714
101,95,196,0.3828125,0.030612245
94,99,193,0.37695312,-0.025906736
81,98,179,0.34960938,-0.094972067
129,57,186,0.36328125,0.38709677
72,105,177,0.34570312,-0.18644068
86,88,174,0.33984375,-0.011494253
83,94,177,0.34570312,-0.062146893
107,67,174,0.33984375,0.22988506
78,105,183,0.35742188,-0.14754098
80,92,172,0.3359375,-0.069767442
80,106,186,0.36328125,-0.13978495
84,99,183,0.35742188,-0.081967213
95,78,173,0.33789062,0.098265896
95,105,200,0.390625,-0.05
112,64,176,0.34375,0.27272727
93,78,171,0.33398438,0.087719298
104,85,189,0.36914062,0.1005291
90,88,178,0.34765625,0.011235955
50,129,179,0.34960938,-0.44134078
90,81,171,0.33398438,0.052631579
90,88,178,0.34765625,0.011235955
107,79,186,0.36328125,0.15053763
58,115,173,0.33789062,-0.32947977
80,100,180,0.3515625,-0.11111111
94,97,191,0.37304688,-0.015706806
108,74,182,0.35546875,0.18681319
58,119,177,0.34570312,-0.34463277
99,77,176,0.34375,0.125
85,101,186,0.36328125,-0.086021505
92,74,166,0.32421875,0.10843373
63,120,183,0.35742188,-0.31147541
74,95,169,0.33007812,-0.12426036
91,101,192,0.375,-0.052083333
89,109,198,0.38671875,-0.1010101
100,77,177,0.34570312,0.1299435
79,97,176,0.34375,-0.10227273
72,106,178,0.34765625,-0.19101124
90,83,173,0.33789062,0.040462428
89,102,191,0.37304688,-0.068062827
96,78,174,0.33984375,0.10344828
120,55,175,0.34179688,0.37142857
98,87,185,0.36132812,0.059459459
106,58,164,0.3203125,0.29268293
104,81,185,0.36132812,0.12432432
98,71,169,0.33007812,0.15976331
86,99,185,0.36132812,-0.07027027
103,67,170,0.33203125,0.21176471
87,99,186,0.36328125,-0.064516129
87,86,173,0.33789062,0.0057803468
78,97,175,0.34179688,-0.10857143
54,123,177,0.34570312,-0.38983051
88,82,170,0.33203125,0.035294118
86,101,187,0.36523438,-0.080213904
96,75,171,0.33398438,0.12280702
120,67,187,0.36523438,0.28342246
140,51,191,0.37304688,0.46596859
83,97,180,0.3515625,-0.077777778
75,112,187,0.36523438,-0.19786096
84,97,181,0.35351562,-0.071823204
100,89,189,0.36914062,0.058201058
83,95,178,0.34765625,-0.06741573
85,107,192,0.375,-0.11458333
90,99,189,0.36914062,-0.047619048
81,102,183,0.35742188,-0.1147541
88,88,176,0.34375,0
95,77,172,0.3359375,0.10465116
100,71,171,0.33398438,0.16959064
61,122,183,0.35742188,-0.33333333
88,86,174,0.33984375,0.011494253
132,61,193,0.37695312,0.36787565
98,72,170,0.33203125,0.15294118
81,96,177,0.34570312,-0.084745763
88,97,185,0.36132812,-0.048648649
102,76,178,0.34765625,0.14606742
64,102,166,0.32421875,-0.22891566
91,81,172,0.3359375,0.058139535
92,87,179,0.34960938,0.027932961
50,122,172,0.3359375,-0.41860465
84,105,189,0.36914062,-0.11111111
46,122,168,0.328125,-0.45238095
79,104,183,0.35742188,-0.13661202
94,89,183,0.35742188,0.027322404
79,106,185,0.36132812,-0.14594595
73,92,165,0.32226562,-0.11515152
71,105,176,0.34375,-0.19318182
67,86,153,0.29882812,-0.12418301
76,106,182,0.35546875,-0.16483516
91,98,189,0.36914062,-0.037037037
57,117,174,0.33984375,-0.34482759
94,90,184,0.359375,0.02173913
97,90,187,0.36523438,0.037433155
114,74,188,0.3671875,0.21276596
72,120,192,0.375,-0.25
104,77,181,0.35351562,0.14917127
140,55,195,0.38085938,0.43589744
90,84,174,0.33984375,0.034482759
82,116,198,0.38671875,-0.17171717
78,92,170,0.33203125,-0.082352941
90,94,184,0.359375,-0.02173913
77,101,178,0.34765625,-0.13483146
66,139,205,0.40039062,-0.35609756
100,90,190,0.37109375,0.052631579
94,105,199,0.38867188,-0.055276382
71,107,178,0.34765625,-0.20224719
105,76,181,0.35351562,0.16022099
85,88,173,0.33789062,-0.01734104
74,102,176,0.34375,-0.15909091
84,91,175,0.34179688,-0.04
95,91,186,0.36328125,0.021505376
88,80,168,0.328125,0.047619048
89,107,196,0.3828125,-0.091836735
113,77,190,0.37109375,0.18947368
121,67,188,0.3671875,0.28723404
67,111,178,0.34765625,-0.24719101
79,83,162,0.31640625,-0.024691358
89,99,188,0.3671875,-0.053191489
66,119,185,0.36132812,-0.28648649
80,108,188,0.3671875,-0.14893617
102,85,187,0.36523438,0.090909091
88,95,183,0.35742188,-0.038251366
63,124,187,0.36523438,-0.32620321
85,99,184,0.359375,-0.076086957
111,68,179,0.34960938,0.24022346
108,69,177,0.34570312,0.22033898
116,69,185,0.36132812,0.25405405
77,102,179,0.34960938,-0.1396648
87,105,192,0.375,-0.09375
97,84,181,0.35351562,0.071823204
78,88,166,0.32421875,-0.060240964
79,101,180,0.3515625,-0.12222222
117,65,182,0.35546875,0.28571429
92,81,173,0.33789062,0.063583815
74,113,187,0.36523438,-0.20855615
76,101,177,0.34570312,-0.14124294
116,81,197,0.38476562,0.17766497
90,91,181,0.35351562,-0.0055248619
94,87,181,0.35351562,0.038674033
85,106,191,0.37304688,-0.10994764
104,76,180,0.3515625,0.15555556
63,131,194,0.37890625,-0.35051546
71,102,173,0.33789062,-0.17919075
87,102,189,0.36914062,-0.079365079
87,90,177,0.34570312,-0.016949153
92,93,185,0.36132812,-0.0054054054
77,95,172,0.3359375,-0.10465116
105,64,169,0.33007812,0.24260355
85,86,171,0.33398438,-0.0058479532
93,83,176,0.34375,0.056818182
78,89,167,0.32617188,-0.065868263
78,101,179,0.34960938,-0.12849162
135,54,189,0.36914062,0.42857143
113,61,174,0.33984375,0.29885057
67,113,180,0.3515625,-0.25555556
116,61,177,0.34570312,0.31073446
75,95,170,0.33203125,-0.11764706
74,94,168,0.328125,-0.11904762
95,80,175,0.34179688,0.085714286
116,80,196,0.3828125,0.18367347
76,100,176,0.34375,-0.13636364
65,114,179,0.34960938,-0.27374302
117,72,189,0.36914062,0.23809524
88,91,179,0.34960938,-0.016759777
98,90,188,0.3671875,0.042553191
67,102,169,0.33007812,-0.20710059
99,67,166,0.32421875,0.19277108
117,58,175,0.34179688,0.33714286
80,107,187,0.36523438,-0.14438503
77,99,176,0.34375,-0.125
104,85,189,0.36914062,0.1005291
96,74,170,0.33203125,0.12941176
103,71,174,0.33984375,0.18390805
119,77,196,0.3828125,0.21428571
106,65,171,0.33398438,0.23976608
81,91,172,0.3359375,-0.058139535
93,76,169,0.33007812,0.10059172
93,80,173,0.33789062,0.075144509
84,89,173,0.33789062,-0.028901734
85,108,193,0.37695312,-0.11917098
57,117,174,0.33984375,-0.34482759
82,91,173,0.33789062,-0.052023121
100,81,181,0.35351562,0.10497238
75,98,173,0.33789062,-0.13294798
127,52,179,0.34960938,0.41899441
91,99,190,0.37109375,-0.042105263
109,59,168,0.328125,0.29761905
90,93,183,0.35742188,-0.016393443
82,102,184,0.359375,-0.10869565
90,86,176,0.34375,0.022727273
102,64,166,0.32421875,0.22891566
73,117,190,0.37109375,-0.23157895
92,97,189,0.36914062,-0.026455026
81,105,186,0.36328125,-0.12903226
65,95,160,0.3125,-0.1875
108,66,174,0.33984375,0.24137931
74,105,179,0.34960938,-0.17318436
109,63,172,0.3359375,0.26744186
66,108,174,0.33984375,-0.24137931
71,113,184,0.359375,-0.22826087
82,90,172,0.3359375,-0.046511628
102,75,177,0.34570312,0.15254237
61,117,178,0.34765625,-0.31460674
131,58,189,0.36914062,0.38624339
95,64,159,0.31054688,0.19496855
72,101,173,0.33789062,-0.16763006
60,117,177,0.34570312,-0.3220339
87,103,190,0.37109375,-0.084210526
94,85,179,0.34960938,0.05027933
87,86,173,0.33789062,0.0057803468
81,85,166,0.32421875,-0.024096386
84,78,162,0.31640625,0.037037037
104,77,181,0.35351562,0.14917127
76,107,183,0.35742188,-0.16939891
93,77,170,0.33203125,0.094117647
95,78,173,0.33789062,0.098265896
114,66,180,0.3515625,0.26666667
101,84,185,0.36132812,0.091891892
82,100,182,0.35546875,-0.098901099
95,84,179,0.34960938,0.061452514
115,67,182,0.35546875,0.26373626
97,87,184,0.359375,0.054347826
86,88,174,0.33984375,-0.011494253
92,77,169,0.33007812,0.088757396
79,101,180,0.3515625,-0.12222222
95,85,180,0.3515625,0.055555556
84,95,179,0.34960938,-0.061452514
73,111,184,0.359375,-0.20652174
98,83,181,0.35351562,0.082872928
80,87,167,0.32617188,-0.041916168
100,79,179,0.34960938,0.11731844
59,101,160,0.3125,-0.2625
97,88,185,0.36132812,0.048648649
95,74,169,0.33007812,0.12426036
79,96,175,0.34179688,-0.097142857
84,99,183,0.35742188,-0.081967213
54,131,185,0.36132812,-0.41621622
75,95,170,0.33203125,-0.11764706
81,87,168,0.328125,-0.035714286
99,65,164,0.3203125,0.20731707
88,88,176,0.34375,0
106,91,197,0.38476562,0.076142132
100,78,178,0.34765625,0.12359551
86,76,162,0.31640625,0.061728395
109,75,184,0.359375,0.18478261
91,78,169,0.33007812,0.076923077
94,83,177,0.34570312,0.062146893
96,76,172,0.3359375,0.11627907
85,107,192,0.375,-0.11458333
82,104,186,0.36328125,-0.11827957
103,77,180,0.3515625,0.14444444
99,66,165,0.32226562,0.2
76,97,173,0.33789062,-0.12138728
82,90,172,0.3359375,-0.046511628
75,101,176,0.34375,-0.14772727
92,84,176,0.34375,0.045454545
76,100,176,0.34375,-0.13636364
119,62,181,0.35351562,0.31491713
71,115,186,0.36328125,-0.23655914
120,62,182,0.35546875,0.31868132
95,87,182,0.35546875,0.043956044
88,100,188,0.3671875,-0.063829787
72,105,177,0.34570312,-0.18644068
64,111,175,0.34179688,-0.26857143
131,54,185,0.36132812,0.41621622
103,84,187,0.36523438,0.10160428
80,95,175,0.34179688,-0.085714286
94,68,162,0.31640625,0.16049383
99,75,174,0.33984375,0.13793103
101,81,182,0.35546875,0.10989011
109,95,204,0.3984375,0.068627451
84,93,177,0.34570312,-0.050847458
74,102,176,0.34375,-0.15909091
93,84,177,0.34570312,0.050847458
107,66,173,0.33789062,0.23699422
86,87,173,0.33789062,-0.0057803468
80,105,185,0.36132812,-0.13513514
96,80,176,0.34375,0.090909091
71,102,173,0.33789062,-0.17919075
84,101,185,0.36132812,-0.091891892
96,81,177,0.34570312,0.084745763
79,93,172,0.3359375,-0.081395349
88,95,183,0.35742188,-0.038251366
68,101,169,0.33007812,-0.19526627
81,102,183,0.35742188,-0.1147541
63,110,173,0.33789062,-0.2716763
98,85,183,0.35742188,0.071038251
104,75,179,0.34960938,0.16201117
93,87,180,0.3515625,0.033333333
73,102,175,0.34179688,-0.16571429
68,115,183,0.35742188,-0.2568306
102,76,178,0.34765625,0.14606742
97,92,189,0.36914062,0.026455026
73,107,180,0.3515625,-0.18888889
94,95,189,0.36914062,-0.0052910053
83,99,182,0.35546875,-0.087912088
95,93,188,0.3671875,0.010638298
99,98,197,0.38476562,0.0050761421
66,108,174,0.33984375,-0.24137931
86,97,183,0.35742188,-0.06010929
71,111,182,0.35546875,-0.21978022
106,87,193,0.37695312,0.098445596
66,119,185,0.36132812,-0.28648649
83,92,175,0.34179688,-0.051428571
92,83,175,0.34179688,0.051428571
54,131,185,0.36132812,-0.41621622
88,98,186,0.36328125,-0.053763441
108,81,189,0.36914062,0.14285714
91,99,190,0.37109375,-0.042105263
69,117,186,0.36328125,-0.25806452
74,101,175,0.34179688,-0.15428571
82,98,180,0.3515625,-0.088888889
103,74,177,0.34570312,0.16384181
82,95,177,0.34570312,-0.073446328
91,80,171,0.33398438,0.064327485
92,92,184,0.359375,0
48,128,176,0.34375,-0.45454545
89,79,168,0.328125,0.05952381
121,62,183,0.35742188,0.32240437
60,126,186,0.36328125,-0.35483871
99,74,173,0.33789062,0.14450867
114,69,183,0.35742188,0.24590164
103,65,168,0.328125,0.22619048
82,111,193,0.37695312,-0.15025907
80,102,182,0.35546875,-0.12087912
96,82,178,0.34765625,0.078651685
94,89,183,0.35742188,0.027322404
94,75,169,0.33007812,0.11242604
94,81,175,0.34179688,0.074285714
70,113,183,0.35742188,-0.23497268
87,95,182,0.35546875,-0.043956044
113,66,179,0.34960938,0.26256983
96,77,173,0.33789062,0.10982659
79,99,178,0.34765625,-0.11235955
97,88,185,0.36132812,0.048648649
85,97,182,0.35546875,-0.065934066
97,88,185,0.36132812,0.048648649
85,88,173,0.33789062,-0.01734104
64,120,184,0.359375,-0.30434783
82,107,189,0.36914062,-0.13227513
81,93,174,0.33984375,-0.068965517
125,64,189,0.36914062,0.32275132
92,88,180,0.3515625,0.022222222
84,80,164,0.3203125,0.024390244
77,111,188,0.3671875,-0.18085106
101,81,182,0.35546875,0.10989011
80,94,174,0.33984375,-0.08045977
87,89,176,0.34375,-0.011363636
87,77,164,0.3203125,0.06097561
65,121,186,0.36328125,-0.30107527
102,92,194,0.37890625,0.051546392
92,98,190,0.37109375,-0.031578947
69,110,179,0.34960938,-0.22905028
79,110,189,0.36914062,-0.16402116
150,45,195,0.38085938,0.53846154
132,51,183,0.35742188,0.44262295
89,96,185,0.36132812,-0.037837838
91,82,173,0.33789062,0.052023121
77,93,170,0.33203125,-0.094117647
81,92,173,0.33789062,-0.063583815
99,77,176,0.34375,0.125
100,76,176,0.34375,0.13636364
118,62,180,0.3515625,0.31111111
71,109,180,0.3515625,-0.21111111
99,86,185,0.36132812,0.07027027
86,97,183,0.35742188,-0.06010929
81,93,174,0.33984375,-0.068965517
67,114,181,0.35351562,-0.25966851
102,75,177,0.34570312,0.15254237
87,81,168,0.328125,0.035714286
92,97,189,0.36914062,-0.026455026
109,72,181,0.35351562,0.20441989
72,117,189,0.36914062,-0.23809524
86,95,181,0.35351562,-0.049723757
94,86,180,0.3515625,0.044444444
101,85,186,0.36328125,0.086021505
83,95,178,0.34765625,-0.06741573
120,57,177,0.34570312,0.3559322
100,65,165,0.32226562,0.21212121
80,106,186,0.36328125,-0.13978495
86,84,170,0.33203125,0.011764706
91,68,159,0.31054688,0.14465409
96,74,170,0.33203125,0.12941176
73,112,185,0.36132812,-0.21081081
95,71,166,0.32421875,0.14457831
92,65,157,0.30664062,0.17197452
102,78,180,0.3515625,0.13333333
96,81,177,0.34570312,0.084745763
81,82,163,0.31835938,-0.0061349693
84,93,177,0.34570312,-0.050847458
107,56,163,0.31835938,0.31288344
89,98,187,0.36523438,-0.048128342
120,76,196,0.3828125,0.2244898
86,110,196,0.3828125,-0.12244898
92,86,178,0.34765625,0.033707865
85,102,187,0.36523438,-0.090909091
100,96,196,0.3828125,0.020408163
88,82,170,0.33203125,0.035294118
71,100,171,0.33398438,-0.16959064
60,116,176,0.34375,-0.31818182
112,89,201,0.39257812,0.11442786
100,78,178,0.34765625,0.12359551
75,86,161,0.31445312,-0.068322981
93,78,171,0.33398438,0.087719298
54,136,190,0.37109375,-0.43157895
116,67,183,0.35742188,0.26775956
78,95,173,0.33789062,-0.098265896
62,114,176,0.34375,-0.29545455
91,90,181,0.35351562,0.0055248619
66,108,174,0.33984375,-0.24137931
64,110,174,0.33984375,-0.26436782
87,107,194,0.37890625,-0.10309278
91,97,188,0.3671875,-0.031914894
94,92,186,0.36328125,0.010752688
90,78,168,0.328125,0.071428571
105,93,198,0.38671875,0.060606061
82,102,184,0.359375,-0.10869565
97,84,181,0.35351562,0.071823204
100,85,185,0.36132812,0.081081081
105,84,189,0.36914062,0.11111111
78,108,186,0.36328125,-0.16129032
102,95,197,0.38476562,0.035532995
100,84,184,0.359375,0.086956522
86,94,180,0.3515625,-0.044444444
70,102,172,0.3359375,-0.18604651
85,105,190,0.37109375,-0.10526316
77,102,179,0.34960938,-0.1396648
69,103,172,0.3359375,-0.19767442
109,84,193,0.37695312,0.12953368
81,98,179,0.34960938,-0.094972067
73,96,169,0.33007812,-0.13609467
86,98,184,0.359375,-0.065217391
93,71,164,0.3203125,0.13414634
99,90,189,0.36914062,0.047619048
73,97,170,0.33203125,-0.14117647
97,89,186,0.36328125,0.043010753
98,83,181,0.35351562,0.082872928
99,86,185,0.36132812,0.07027027
128,59,187,0.36523438,0.36898396
94,87,181,0.35351562,0.038674033
72,114,186,0.36328125,-0.22580645
76,93,169,0.33007812,-0.10059172
92,77,169,0.33007812,0.088757396
84,103,187,0.36523438,-0.10160428
91,85,176,0.34375,0.034090909
86,103,189,0.36914062,-0.08994709
67,96,163,0.31835938,-0.17791411
87,87,174,0.33984375,0
108,80,188,0.3671875,0.14893617
81,98,179,0.34960938,-0.094972067
102,81,183,0.35742188,0.1147541
70,110,180,0.3515625,-0.22222222
97,88,185,0.36132812,0.048648649
94,92,186,0.36328125,0.010752688
96,84,180,0.3515625,0.066666667
70,108,178,0.34765625,-0.21348315
102,77,179,0.34960938,0.1396648
83,96,179,0.34960938,-0.072625698
105,84,189,0.36914062,0.11111111
108,75,183,0.35742188,0.18032787
147,48,195,0.38085938,0.50769231
60,112,172,0.3359375,-0.30232558
131,46,177,0.34570312,0.48022599
72,99,171,0.33398438,-0.15789474
76,92,168,0.328125,-0.095238095
89,87,176,0.34375,0.011363636
86,95,181,0.35351562,-0.049723757
98,74,172,0.3359375,0.13953488
91,77,168,0.328125,0.083333333
75,95,170,0.33203125,-0.11764706
88,90,178,0.34765625,-0.011235955
98,92,190,0.37109375,0.031578947
86,89,175,0.34179688,-0.017142857
104,79,183,0.35742188,0.13661202
87,100,187,0.36523438,-0.069518717
118,70,188,0.3671875,0.25531915
84,99,183,0.35742188,-0.081967213
83,86,169,0.33007812,-0.017751479
66,113,179,0.34960938,-0.26256983
69,130,199,0.38867188,-0.30653266
61,117,178,0.34765625,-0.31460674
79,104,183,0.35742188,-0.13661202
72,116,188,0.3671875,-0.23404255
89,99,188,0.3671875,-0.053191489
101,75,176,0.34375,0.14772727
76,95,171,0.33398438,-0.11111111
79,87,166,0.32421875,-0.048192771
101,75,176,0.34375,0.14772727
105,81,186,0.36328125,0.12903226
98,88,186,0.36328125,0.053763441
80,98,178,0.34765625,-0.1011236
85,92,177,0.34570312,-0.039548023
80,97,177,0.34570312,-0.096045198
102,68,170,0.33203125,0.2
69,120,189,0.36914062,-0.26984127
96,83,179,0.34960938,0.072625698
95,88,183,0.35742188,0.038251366
79,107,186,0.36328125,-0.15053763
105,71,176,0.34375,0.19318182
104,80,184,0.359375,0.13043478
68,102,170,0.33203125,-0.2
92,84,176,0.34375,0.045454545
100,97,197,0.38476562,0.015228426
108,79,187,0.36523438,0.15508021
115,68,183,0.35742188,0.2568306
101,66,167,0.32617188,0.20958084
68,113,181,0.35351562,-0.24861878
66,104,170,0.33203125,-0.22352941
104,68,172,0.3359375,0.20930233
99,81,180,0.3515625,0.1
84,93,177,0.34570312,-0.050847458
76,114,190,0.37109375,-0.2
105,78,183,0.35742188,0.14754098
98,86,184,0.359375,0.065217391
118,65,183,0.35742188,0.28961749
87,86,173,0.33789062,0.0057803468
65,108,173,0.33789062,-0.24855491
85,92,177,0.34570312,-0.039548023
104,85,189,0.36914062,0.1005291
85,88,173,0.33789062,-0.01734104
83,116,199,0.38867188,-0.16582915
107,79,186,0.36328125,0.15053763
94,80,174,0.33984375,0.08045977
93,86,179,0.34960938,0.039106145
68,122,190,0.37109375,-0.28421053
64,120,184,0.359375,-0.30434783
118,61,179,0.34960938,0.31843575
104,79,183,0.35742188,0.13661202
78,92,170,0.33203125,-0.082352941
104,78,182,0.35546875,0.14285714
86,85,171,0.33398438,0.0058479532
93,86,179,0.34960938,0.039106145
90,77,167,0.32617188,0.077844311
78,87,165,0.32226562,-0.054545455
70,110,180,0.3515625,-0.22222222
88,95,183,0.35742188,-0.038251366
74,101,175,0.34179688,-0.15428571
74,103,177,0.34570312,-0.16384181
55,117,172,0.3359375,-0.36046512
119,57,176,0.34375,0.35227273
78,99,177,0.34570312,-0.11864407
97,85,182,0.35546875,0.065934066
83,85,168,0.328125,-0.011904762
102,80,182,0.35546875,0.12087912
77,98,175,0.34179688,-0.12
73,98,171,0.33398438,-0.14619883
77,95,172,0.3359375,-0.10465116
96,89,185,0.36132812,0.037837838
78,106,184,0.359375,-0.15217391
79,90,169,0.33007812,-0.065088757
80,112,192,0.375,-0.16666667
103,82,185,0.36132812,0.11351351
98,73,171,0.33398438,0.14619883
99,81,180,0.3515625,0.1
90,100,190,0.37109375,-0.052631579
85,93,178,0.34765625,-0.04494382
82,93,175,0.34179688,-0.062857143
82,93,175,0.34179688,-0.062857143
99,95,194,0.37890625,0.020618557
111,82,193,0.37695312,0.15025907
103,74,177,0.34570312,0.16384181
122,58,180,0.3515625,0.35555556
93,72,165,0.32226562,0.12727273
86,87,173,0.33789062,-0.0057803468
91,102,193,0.37695312,-0.056994819
96,82,178,0.34765625,0.078651685
87,84,171,0.33398438,0.01754386
48,134,182,0.35546875,-0.47252747
94,80,174,0.33984375,0.08045977
65,107,172,0.3359375,-0.24418605
67,118,185,0.36132812,-0.27567568
81,102,183,0.35742188,-0.1147541
121,60,181,0.35351562,0.33701657
99,70,169,0.33007812,0.17159763
87,79,166,0.32421875,0.048192771
79,107,186,0.36328125,-0.15053763
96,84,180,0.3515625,0.066666667
109,78,187,0.36523438,0.1657754
67,104,171,0.33398438,-0.21637427
63,123,186,0.36328125,-0.32258065
103,100,203,0.39648438,0.014778325
88,102,190,0.37109375,-0.073684211
46,135,181,0.35351562,-0.49171271
71,114,185,0.36132812,-0.23243243
91,94,185,0.36132812,-0.016216216
52,129,181,0.35351562,-0.42541436
95,97,192,0.375,-0.010416667
79,114,193,0.37695312,-0.18134715
74,105,179,0.34960938,-0.17318436
53,131,184,0.359375,-0.42391304
85,92,177,0.34570312,-0.039548023
58,116,174,0.33984375,-0.33333333
100,77,177,0.34570312,0.1299435
46,121,167,0.32617188,-0.4491018
114,73,187,0.36523438,0.21925134
71,95,166,0.32421875,-0.14457831
77,93,170,0.33203125,-0.094117647
65,114,179,0.34960938,-0.27374302
79,99,178,0.34765625,-0.11235955
130,62,192,0.375,0.35416667
81,96,177,0.34570312,-0.084745763
71,111,182,0.35546875,-0.21978022
84,91,175,0.34179688,-0.04
98,83,181,0.35351562,0.082872928
126,79,205,0.40039062,0.22926829
61,117,178,0.34765625,-0.31460674
76,100,176,0.34375,-0.13636364
87,101,188,0.3671875,-0.074468085
81,98,179,0.34960938,-0.094972067
88,80,168,0.328125,0.047619048
90,86,176,0.34375,0.022727273
100,83,183,0.35742188,0.092896175
104,72,176,0.34375,0.18181818
80,113,193,0.37695312,-0.17098446
67,110,177,0.34570312,-0.24293785
107,58,165,0.32226562,0.2969697
91,82,173,0.33789062,0.052023121
84,93,177,0.34570312,-0.050847458
92,89,181,0.35351562,0.016574586
84,84,168,0.328125,0
73,102,175,0.34179688,-0.16571429
90,84,174,0.33984375,0.034482759
94,91,185,0.36132812,0.016216216
87,84,171,0.33398438,0.01754386
64,124,188,0.3671875,-0.31914894
73,108,181,0.35351562,-0.19337017
58,114,172,0.3359375,-0.3255814
95,73,168,0.328125,0.13095238
93,86,179,0.34960938,0.039106145
99,81,180,0.3515625,0.1
68,109,177,0.34570312,-0.23163842
81,95,176,0.34375,-0.079545455
79,100,179,0.34960938,-0.11731844
55,114,169,0.33007812,-0.34911243
119,78,197,0.38476562,0.20812183
88,82,170,0.33203125,0.035294118
98,83,181,0.35351562,0.082872928
109,74,183,0.35742188,0.19125683
89,109,198,0.38671875,-0.1010101
75,92,167,0.32617188,-0.10179641
65,130,195,0.38085938,-0.33333333
68,108,176,0.34375,-0.22727273
99,77,176,0.34375,0.125
72,100,172,0.3359375,-0.1627907
119,57,176,0.34375,0.35227273
98,94,192,0.375,0.020833333
68,97,165,0.32226562,-0.17575758
95,85,180,0.3515625,0.055555556
83,98,181,0.35351562,-0.082872928
110,73,183,0.35742188,0.20218579
74,100,174,0.33984375,-0.14942529
87,106,193,0.37695312,-0.098445596
108,69,177,0.34570312,0.22033898
92,84,176,0.34375,0.045454545
115,74,189,0.36914062,0.21693122
98,73,171,0.33398438,0.14619883
86,97,183,0.35742188,-0.06010929
86,107,193,0.37695312,-0.10880829
109,83,192,0.375,0.13541667
94,81,175,0.34179688,0.074285714
109,88,197,0.38476562,0.10659898
76,111,187,0.36523438,-0.18716578
99,81,180,0.3515625,0.1
97,91,188,0.3671875,0.031914894
69,100,169,0.33007812,-0.18343195
98,65,163,0.31835938,0.20245399
65,111,176,0.34375,-0.26136364
65,121,186,0.36328125,-0.30107527
57,128,185,0.36132812,-0.38378378
87,89,176,0.34375,-0.011363636
42,122,164,0.3203125,-0.48780488
111,82,193,0.37695312,0.15025907
74,107,181,0.35351562,-0.18232044
86,87,173,0.33789062,-0.0057803468
101,68,169,0.33007812,0.19526627
86,75,161,0.31445312,0.068322981
85,96,181,0.35351562,-0.060773481
118,68,186,0.36328125,0.2688172
92,77,169,0.33007812,0.088757396
51,140,191,0.37304688,-0.46596859
88,93,181,0.35351562,-0.027624309
92,65,157,0.30664062,0.17197452
107,73,180,0.3515625,0.18888889
85,95,180,0.3515625,-0.055555556
80,100,180,0.3515625,-0.11111111
95,94,189,0.36914062,0.0052910053
93,104,197,0.38476562,-0.055837563
82,81,163,0.31835938,0.0061349693
80,95,175,0.34179688,-0.085714286
71,94,165,0.32226562,-0.13939394
113,80,193,0.37695312,0.17098446
116,70,186,0.36328125,0.24731183
88,107,195,0.38085938,-0.097435897
82,114,196,0.3828125,-0.16326531
90,104,194,0.37890625,-0.072164948
63,115,178,0.34765625,-0.29213483
72,105,177,0.34570312,-0.18644068
80,101,181,0.35351562,-0.1160221
98,87,185,0.36132812,0.059459459
83,92,175,0.34179688,-0.051428571
72,115,187,0.36523438,-0.22994652
56,123,179,0.34960938,-0.37430168
86,97,183,0.35742188,-0.06010929
108,73,181,0.35351562,0.19337017
76,119,195,0.38085938,-0.22051282
75,94,169,0.33007812,-0.11242604
96,77,173,0.33789062,0.10982659
123,66,189,0.36914062,0.3015873
102,76,178,0.34765625,0.14606742
80,85,165,0.32226562,-0.03030303
53,115,168,0.328125,-0.36904762
136,49,185,0.36132812,0.47027027
94,82,176,0.34375,0.068181818
102,83,185,0.36132812,0.1027027
104,78,182,0.35546875,0.14285714
74,105,179,0.34960938,-0.17318436
90,83,173,0.33789062,0.040462428
88,87,175,0.34179688,0.0057142857
81,92,173,0.33789062,-0.063583815
79,101,180,0.3515625,-0.12222222
76,94,170,0.33203125,-0.10588235
96,65,161,0.31445312,0.19254658
91,86,177,0.34570312,0.028248588
85,106,191,0.37304688,-0.10994764
108,69,177,0.34570312,0.22033898
108,66,174,0.33984375,0.24137931
87,101,188,0.3671875,-0.074468085
98,71,169,0.33007812,0.15976331
69,112,181,0.35351562,-0.23756906
95,84,179,0.34960938,0.061452514
63,116,179,0.34960938,-0.29608939
87,94,181,0.35351562,-0.038674033
107,81,188,0.3671875,0.13829787
82,99,181,0.35351562,-0.093922652
86,96,182,0.35546875,-0.054945055
83,92,175,0.34179688,-0.051428571
80,101,181,0.35351562,-0.1160221
93,80,173,0.33789062,0.075144509
102,67,169,0.33007812,0.20710059
69,94,163,0.31835938,-0.15337423
96,92,188,0.3671875,0.021276596
102,88,190,0.37109375,0.073684211
88,93,181,0.35351562,-0.027624309
82,85,167,0.32617188,-0.017964072
70,97,167,0.32617188,-0.16167665
90,84,174,0.33984375,0.034482759
108,82,190,0.37109375,0.13684211
114,75,189,0.36914062,0.20634921
57,119,176,0.34375,-0.35227273
97,80,177,0.34570312,0.096045198
109,82,191,0.37304688,0.14136126
99,83,182,0.35546875,0.087912088
100,84,184,0.359375,0.086956522
111,69,180,0.3515625,0.23333333
54,120,174,0.33984375,-0.37931034
73,102,175,0.34179688,-0.16571429
96,77,173,0.33789062,0.10982659
83,100,183,0.35742188,-0.092896175
89,99,188,0.3671875,-0.053191489
88,83,171,0.33398438,0.029239766
74,99,173,0.33789062,-0.14450867
86,88,174,0.33984375,-0.011494253
78,100,178,0.34765625,-0.12359551
89,89,178,0.34765625,0
71,111,182,0.35546875,-0.21978022
91,87,178,0.34765625,0.02247191
82,110,192,0.375,-0.14583333
99,73,172,0.3359375,0.15116279
93,95,188,0.3671875,-0.010638298
93,74,167,0.32617188,0.11377246
63,104,167,0.32617188,-0.24550898
80,99,179,0.34960938,-0.10614525
96,92,188,0.3671875,0.021276596
94,77,171,0.33398438,0.099415205
105,78,183,0.35742188,0.14754098
91,97,188,0.3671875,-0.031914894
81,84,165,0.32226562,-0.018181818
76,92,168,0.328125,-0.095238095
53,125,178,0.34765625,-0.40449438
108,71,179,0.34960938,0.20670391
79,91,170,0.33203125,-0.070588235
112,76,188,0.3671875,0.19148936
91,90,181,0.35351562,0.0055248619
94,87,181,0.35351562,0.038674033
95,95,190,0.37109375,0
76,104,180,0.3515625,-0.15555556
88,90,178,0.34765625,-0.011235955
109,86,195,0.38085938,0.11794872
91,84,175,0.34179688,0.04
97,78,175,0.34179688,0.10857143
111,68,179,0.34960938,0.24022346
76,105,181,0.35351562,-0.16022099
66,111,177,0.34570312,-0.25423729
84,100,184,0.359375,-0.086956522
114,76,190,0.37109375,0.2
72,110,182,0.35546875,-0.20879121
82,116,198,0.38671875,-0.17171717
87,80,167,0.32617188,0.041916168
96,74,170,0.33203125,0.12941176
59,122,181,0.35351562,-0.3480663
88,83,171,0.33398438,0.029239766
108,74,182,0.35546875,0.18681319
87,97,184,0.359375,-0.054347826
91,105,196,0.3828125,-0.071428571
51,113,164,0.3203125,-0.37804878
90,98,188,0.3671875,-0.042553191
85,86,171,0.33398438,-0.0058479532
117,69,186,0.36328125,0.25806452
115,63,178,0.34765625,0.29213483
78,90,168,0.328125,-0.071428571
86,87,173,0.33789062,-0.0057803468
104,81,185,0.36132812,0.12432432
98,89,187,0.36523438,0.048128342
91,73,164,0.3203125,0.1097561
115,68,183,0.35742188,0.2568306
101,86,187,0.36523438,0.080213904
102,64,166,0.32421875,0.22891566
96,79,175,0.34179688,0.097142857
100,89,189,0.36914062,0.058201058
65,114,179,0.34960938,-0.27374302
110,70,180,0.3515625,0.22222222
86,100,186,0.36328125,-0.075268817
65,121,186,0.36328125,-0.30107527
91,88,179,0.34960938,0.016759777
102,74,176,0.34375,0.15909091
128,59,187,0.36523438,0.36898396
78,97,175,0.34179688,-0.10857143
83,84,167,0.32617188,-0.005988024
69,116,185,0.36132812,-0.25405405
85,96,181,0.35351562,-0.060773481
119,80,199,0.38867188,0.1959799
71,118,189,0.36914062,-0.24867725
81,94,175,0.34179688,-0.074285714
81,94,175,0.34179688,-0.074285714
81,87,168,0.328125,-0.035714286
73,103,176,0.34375,-0.17045455
90,98,188,0.3671875,-0.042553191
68,103,171,0.33398438,-0.20467836
90,99,189,0.36914062,-0.047619048
84,94,178,0.34765625,-0.056179775
62,118,180,0.3515625,-0.31111111
106,72,178,0.34765625,0.19101124
96,81,177,0.34570312,0.084745763
112,70,182,0.35546875,0.23076923
106,71,177,0.34570312,0.19774011
82,96,178,0.34765625,-0.078651685
120,57,177,0.34570312,0.3559322
74,94,168,0.328125,-0.11904762
62,125,187,0.36523438,-0.3368984
81,92,173,0.33789062,-0.063583815
93,96,189,0.36914062,-0.015873016
83,99,182,0.35546875,-0.087912088
114,50,164,0.3203125,0.3902439
109,68,177,0.34570312,0.23163842
77,110,187,0.36523438,-0.17647059
86,77,163,0.31835938,0.055214724
110,69,179,0.34960938,0.22905028
105,69,174,0.33984375,0.20689655
104,91,195,0.38085938,0.066666667
76,104,180,0.3515625,-0.15555556
83,93,176,0.34375,-0.056818182
56,138,194,0.37890625,-0.42268041
99,82,181,0.35351562,0.093922652
64,104,168,0.328125,-0.23809524
132,54,186,0.36328125,0.41935484
66,87,153,0.29882812,-0.1372549
81,103,184,0.359375,-0.11956522
91,97,188,0.3671875,-0.031914894
153,44,197,0.38476562,0.55329949
90,85,175,0.34179688,0.028571429
91,80,171,0.33398438,0.064327485
76,108,184,0.359375,-0.17391304
74,110,184,0.359375,-0.19565217
86,97,183,0.35742188,-0.06010929
99,96,195,0.38085938,0.015384615
96,91,187,0.36523438,0.026737968
138,60,198,0.38671875,0.39393939
99,83,182,0.35546875,0.087912088
67,111,178,0.34765625,-0.24719101
104,78,182,0.35546875,0.14285714
114,90,204,0.3984375,0.11764706
102,86,188,0.3671875,0.085106383
121,56,177,0.34570312,0.36723164
88,78,166,0.32421875,0.060240964
76,99,175,0.34179688,-0.13142857
84,88,172,0.3359375,-0.023255814
106,88,194,0.37890625,0.092783505
89,88,177,0.34570312,0.0056497175
86,81,167,0.32617188,0.02994012
86,109,195,0.38085938,-0.11794872
99,91,190,0.37109375,0.042105263
126,55,181,0.35351562,0.39226519
110,67,177,0.34570312,0.24293785
98,92,190,0.37109375,0.031578947
100,90,190,0.37109375,0.052631579
99,91,190,0.37109375,0.042105263
96,73,169,0.33007812,0.13609467
76,91,167,0.32617188,-0.089820359
93,78,171,0.33398438,0.087719298
69,104,173,0.33789062,-0.20231214
68,105,173,0.33789062,-0.21387283
84,88,172,0.3359375,-0.023255814
94,94,188,0.3671875,0
102,85,187,0.36523438,0.090909091
89,93,182,0.35546875,-0.021978022
93,82,175,0.34179688,0.062857143
87,90,177,0.34570312,-0.016949153
85,86,171,0.33398438,-0.0058479532
98,78,176,0.34375,0.11363636
100,85,185,0.36132812,0.081081081
88,81,169,0.33007812,0.041420118
52,118,170,0.33203125,-0.38823529
85,78,163,0.31835938,0.042944785
96,77,173,0.33789062,0.10982659
86,98,184,0.359375,-0.065217391
103,77,180,0.3515625,0.14444444
101,68,169,0.33007812,0.19526627
86,89,175,0.34179688,-0.017142857
68,97,165,0.32226562,-0.17575758
77,102,179,0.34960938,-0.1396648
88,99,187,0.36523438,-0.058823529
85,85,170,0.33203125,0
87,100,187,0.36523438,-0.069518717
65,118,183,0.35742188,-0.28961749
72,94,166,0.32421875,-0.13253012
81,93,174,0.33984375,-0.068965517
93,99,192,0.375,-0.03125
43,138,181,0.35351562,-0.52486188
93,77,170,0.33203125,0.094117647
98,78,176,0.34375,0.11363636
65,108,173,0.33789062,-0.24855491
79,115,194,0.37890625,-0.18556701
76,107,183,0.35742188,-0.16939891
105,77,182,0.35546875,0.15384615
87,112,199,0.38867188,-0.12562814
96,83,179,0.34960938,0.072625698
101,78,179,0.34960938,0.12849162
79,101,180,0.3515625,-0.12222222
55,124,179,0.34960938,-0.38547486
57,114,171,0.33398438,-0.33333333
93,78,171,0.33398438,0.087719298
94,88,182,0.35546875,0.032967033
110,81,191,0.37304688,0.15183246
79,75,154,0.30078125,0.025974026
78,91,169,0.33007812,-0.076923077
66,114,180,0.3515625,-0.26666667
72,108,180,0.3515625,-0.2
64,112,176,0.34375,-0.27272727
99,90,189,0.36914062,0.047619048
107,80,187,0.36523438,0.14438503
123,71,194,0.37890625,0.26804124
114,70,184,0.359375,0.23913043
93,82,175,0.34179688,0.062857143
90,88,178,0.34765625,0.011235955
90,95,185,0.36132812,-0.027027027
98,80,178,0.34765625,0.1011236
105,67,172,0.3359375,0.22093023
115,82,197,0.38476562,0.16751269
81,99,180,0.3515625,-0.1
76,99,175,0.34179688,-0.13142857
88,95,183,0.35742188,-0.038251366
113,62,175,0.34179688,0.29142857
104,71,175,0.34179688,0.18857143
94,85,179,0.34960938,0.05027933
81,102,183,0.35742188,-0.1147541
83,88,171,0.33398438,-0.029239766
96,84,180,0.3515625,0.066666667
67,109,176,0.34375,-0.23863636
85,107,192,0.375,-0.11458333
66,112,178,0.34765625,-0.25842697
100,95,195,0.38085938,0.025641026
77,100,177,0.34570312,-0.1299435
104,84,188,0.3671875,0.10638298
80,99,179,0.34960938,-0.10614525
96,75,171,0.33398438,0.12280702
120,65,185,0.36132812,0.2972973
111,62,173,0.33789062,0.28323699
74,97,171,0.33398438,-0.13450292
88,102,190,0.37109375,-0.073684211
64,108,172,0.3359375,-0.25581395
99,90,189,0.36914062,0.047619048
75,104,179,0.34960938,-0.16201117
93,95,188,0.3671875,-0.010638298
84,88,172,0.3359375,-0.023255814
87,88,175,0.34179688,-0.0057142857
102,68,170,0.33203125,0.2
88,113,201,0.39257812,-0.12437811
88,94,182,0.35546875,-0.032967033
80,85,165,0.32226562,-0.03030303
96,89,185,0.36132812,0.037837838
90,103,193,0.37695312,-0.067357513
83,108,191,0.37304688,-0.13089005
126,50,176,0.34375,0.43181818
93,94,187,0.36523438,-0.0053475936
109,79,188,0.3671875,0.15957447
95,92,187,0.36523438,0.016042781
96,85,181,0.35351562,0.060773481
93,86,179,0.34960938,0.039106145
88,100,188,0.3671875,-0.063829787
81,100,181,0.35351562,-0.10497238
75,116,191,0.37304688,-0.21465969
46,138,184,0.359375,-0.5
91,88,179,0.34960938,0.016759777
99,84,183,0.35742188,0.081967213
78,95,173,0.33789062,-0.098265896
91,90,181,0.35351562,0.0055248619
105,71,176,0.34375,0.19318182
88,96,184,0.359375,-0.043478261
68,117,185,0.36132812,-0.26486486
87,97,184,0.359375,-0.054347826
91,87,178,0.34765625,0.02247191
94,89,183,0.35742188,0.027322404
75,108,183,0.35742188,-0.18032787
89,97,186,0.36328125,-0.043010753
71,105,176,0.34375,-0.19318182
105,71,176,0.34375,0.19318182
79,106,185,0.36132812,-0.14594595
56,110,166,0.32421875,-0.3253012
86,87,173,0.33789062,-0.0057803468
79,84,163,0.31835938,-0.030674847
115,65,180,0.3515625,0.27777778
83,99,182,0.35546875,-0.087912088
87,97,184,0.359375,-0.054347826
109,58,167,0.32617188,0.30538922
65,111,176,0.34375,-0.26136364
123,66,189,0.36914062,0.3015873
96,80,176,0.34375,0.090909091
108,85,193,0.37695312,0.11917098
89,76,165,0.32226562,0.078787879
115,60,175,0.34179688,0.31428571
103,81,184,0.359375,0.11956522
88,94,182,0.35546875,-0.032967033
88,95,183,0.35742188,-0.038251366
129,63,192,0.375,0.34375
103,59,162,0.31640625,0.27160494
86,96,182,0.35546875,-0.054945055
98,82,180,0.3515625,0.088888889
89,107,196,0.3828125,-0.091836735
118,68,186,0.36328125,0.2688172
94,96,190,0.37109375,-0.010526316
103,60,163,0.31835938,0.26380368
75,95,170,0.33203125,-0.11764706
83,95,178,0.34765625,-0.06741573
98,74,172,0.3359375,0.13953488
99,85,184,0.359375,0.076086957
61,115,176,0.34375,-0.30681818
75,117,192,0.375,-0.21875
94,90,184,0.359375,0.02173913
94,103,197,0.38476562,-0.045685279
123,61,184,0.359375,0.33695652
100,85,185,0.36132812,0.081081081
91,78,169,0.33007812,0.076923077
91,86,177,0.34570312,0.028248588
123,56,179,0.34960938,0.37430168
93,67,160,0.3125,0.1625
142,58,200,0.390625,0.42
84,100,184,0.359375,-0.086956522
94,76,170,0.33203125,0.10588235
83,98,181,0.35351562,-0.082872928
70,102,172,0.3359375,-0.18604651
82,91,173,0.33789062,-0.052023121
66,108,174,0.33984375,-0.24137931
97,73,170,0.33203125,0.14117647
49,126,175,0.34179688,-0.44
94,81,175,0.34179688,0.074285714
79,90,169,0.33007812,-0.065088757
71,103,174,0.33984375,-0.18390805
105,88,193,0.37695312,0.088082902
84,80,164,0.3203125,0.024390244
81,94,175,0.34179688,-0.074285714
95,84,179,0.34960938,0.061452514
73,108,181,0.35351562,-0.19337017
98,71,169,0.33007812,0.15976331
91,75,166,0.32421875,0.096385542
115,61,176,0.34375,0.30681818
86,103,189,0.36914062,-0.08994709
100,89,189,0.36914062,0.058201058
91,92,183,0.35742188,-0.0054644809
107,75,182,0.35546875,0.17582418
124,53,177,0.34570312,0.40112994
89,105,194,0.37890625,-0.082474227
80,102,182,0.35546875,-0.12087912
110,76,186,0.36328125,0.1827957
72,108,180,0.3515625,-0.2
81,97,178,0.34765625,-0.08988764
100,69,169,0.33007812,0.18343195
99,88,187,0.36523438,0.058823529
88,78,166,0.32421875,0.060240964
77,116,193,0.37695312,-0.20207254
91,88,179,0.34960938,0.016759777
86,102,188,0.3671875,-0.085106383
90,96,186,0.36328125,-0.032258065
71,106,177,0.34570312,-0.19774011
88,80,168,0.328125,0.047619048
104,65,169,0.33007812,0.23076923
113,76,189,0.36914062,0.1957672
60,111,171,0.33398438,-0.29824561
78,90,168,0.328125,-0.071428571
99,80,179,0.34960938,0.10614525
74,109,183,0.35742188,-0.19125683
92,75,167,0.32617188,0.10179641
96,85,181,0.35351562,0.060773481
107,79,186,0.36328125,0.15053763
88,98,186,0.36328125,-0.053763441
89,94,183,0.35742188,-0.027322404
86,88,174,0.33984375,-0.011494253
96,85,181,0.35351562,0.060773481
88,83,171,0.33398438,0.029239766
101,77,178,0.34765625,0.13483146
102,80,182,0.35546875,0.12087912
104,80,184,0.359375,0.13043478
105,72,177,0.34570312,0.18644068
91,83,174,0.33984375,0.045977011
92,97,189,0.36914062,-0.026455026
92,87,179,0.34960938,0.027932961
124,55,179,0.34960938,0.38547486
103,74,177,0.34570312,0.16384181
80,96,176,0.34375,-0.090909091
83,100,183,0.35742188,-0.092896175
69,106,175,0.34179688,-0.21142857
110,75,185,0.36132812,0.18918919
98,86,184,0.359375,0.065217391
96,78,174,0.33984375,0.10344828
124,67,191,0.37304688,0.29842932
99,96,195,0.38085938,0.015384615
99,66,165,0.32226562,0.2
91,84,175,0.34179688,0.04
62,123,185,0.36132812,-0.32972973
105,73,178,0.34765625,0.17977528
82,85,167,0.32617188,-0.017964072
87,100,187,0.36523438,-0.069518717
90,85,175,0.34179688,0.028571429
74,97,171,0.33398438,-0.13450292
101,75,176,0.34375,0.14772727
101,91,192,0.375,0.052083333
117,75,192,0.375,0.21875
79,96,175,0.34179688,-0.097142857
88,87,175,0.34179688,0.0057142857
111,76,187,0.36523438,0.18716578
77,109,186,0.36328125,-0.17204301
116,75,191,0.37304688,0.21465969
102,73,175,0.34179688,0.16571429
91,81,172,0.3359375,0.058139535
105,64,169,0.33007812,0.24260355
83,95,178,0.34765625,-0.06741573
118,52,170,0.33203125,0.38823529
82,96,178,0.34765625,-0.078651685
93,84,177,0.34570312,0.050847458
95,82,177,0.34570312,0.073446328
109,74,183,0.35742188,0.19125683
100,78,178,0.34765625,0.12359551
60,121,181,0.35351562,-0.33701657
75,104,179,0.34960938,-0.16201117
99,86,185,0.36132812,0.07027027
91,89,180,0.3515625,0.011111111
106,78,184,0.359375,0.15217391
107,75,182,0.35546875,0.17582418
103,77,180,0.3515625,0.14444444
103,82,185,0.36132812,0.11351351
100,76,176,0.34375,0.13636364
131,53,184,0.359375,0.42391304
68,115,183,0.35742188,-0.2568306
63,125,188,0.3671875,-0.32978723
73,117,190,0.37109375,-0.23157895
89,83,172,0.3359375,0.034883721
78,106,184,0.359375,-0.15217391
101,74,175,0.34179688,0.15428571
81,100,181,0.35351562,-0.10497238
80,100,180,0.3515625,-0.11111111
113,70,183,0.35742188,0.23497268
97,76,173,0.33789062,0.12138728
101,73,174,0.33984375,0.16091954
85,90,175,0.34179688,-0.028571429
83,91,174,0.33984375,-0.045977011
56,110,166,0.32421875,-0.3253012
83,96,179,0.34960938,-0.072625698
94,84,178,0.34765625,0.056179775
70,112,182,0.35546875,-0.23076923
64,120,184,0.359375,-0.30434783
107,77,184,0.359375,0.16304348
101,76,177,0.34570312,0.14124294
74,111,185,0.36132812,-0.2
96,80,176,0.34375,0.090909091
63,118,181,0.35351562,-0.3038674
117,68,185,0.36132812,0.26486486
120,69,189,0.36914062,0.26984127
116,68,184,0.359375,0.26086957
91,82,173,0.33789062,0.052023121
52,140,192,0.375,-0.45833333
53,140,193,0.37695312,-0.4507772
94,93,187,0.36523438,0.0053475936
96,85,181,0.35351562,0.060773481
91,78,169,0.33007812,0.076923077
118,61,179,0.34960938,0.31843575
62,114,176,0.34375,-0.29545455
57,120,177,0.34570312,-0.3559322
76,110,186,0.36328125,-0.1827957
90,78,168,0.328125,0.071428571
53,120,173,0.33789062,-0.38728324
87,99,186,0.36328125,-0.064516129
68,109,177,0.34570312,-0.23163842
104,82,186,0.36328125,0.11827957
100,79,179,0.34960938,0.11731844
114,53,167,0.32617188,0.36526946
72,111,183,0.35742188,-0.21311475
74,95,169,0.33007812,-0.12426036
113,77,190,0.37109375,0.18947368
97,92,189,0.36914062,0.026455026
95,85,180,0.3515625,0.055555556
91,86,177,0.34570312,0.028248588
121,62,183,0.35742188,0.32240437
82,111,193,0.37695312,-0.15025907
106,86,192,0.375,0.10416667
79,98,177,0.34570312,-0.10734463
87,84,171,0.33398438,0.01754386
77,101,178,0.34765625,-0.13483146
107,76,183,0.35742188,0.16939891
59,104,163,0.31835938,-0.27607362
91,98,189,0.36914062,-0.037037037
57,115,172,0.3359375,-0.3372093
102,67,169,0.33007812,0.20710059
107,81,188,0.3671875,0.13829787
56,117,173,0.33789062,-0.35260116
95,84,179,0.34960938,0.061452514
100,75,175,0.34179688,0.14285714
73,110,183,0.35742188,-0.20218579
107,73,180,0.3515625,0.18888889
94,82,176,0.34375,0.068181818
75,114,189,0.36914062,-0.20634921
66,105,171,0.33398438,-0.22807018
87,72,159,0.31054688,0.094339623
75,98,173,0.33789062,-0.13294798
99,76,175,0.34179688,0.13142857
72,101,173,0.33789062,-0.16763006
76,93,169,0.33007812,-0.10059172
85,106,191,0.37304688,-0.10994764
86,93,179,0.34960938,-0.039106145
99,75,174,0.33984375,0.13793103
59,121,180,0.3515625,-0.34444444
74,103,177,0.34570312,-0.16384181
120,65,185,0.36132812,0.2972973
109,73,182,0.35546875,0.1978022
104,65,169,0.33007812,0.23076923
92,89,181,0.35351562,0.016574586
100,92,192,0.375,0.041666667
88,95,183,0.35742188,-0.038251366
87,78,165,0.32226562,0.054545455
107,77,184,0.359375,0.16304348
85,90,175,0.34179688,-0.028571429
104,84,188,0.3671875,0.10638298
112,90,202,0.39453125,0.10891089
99,78,177,0.34570312,0.11864407
79,95,174,0.33984375,-0.091954023
124,56,180,0.3515625,0.37777778
102,73,175,0.34179688,0.16571429
108,73,181,0.35351562,0.19337017
111,68,179,0.34960938,0.24022346
60,133,193,0.37695312,-0.37823834
98,79,177,0.34570312,0.10734463
73,88,161,0.31445312,-0.093167702
85,97,182,0.35546875,-0.065934066
87,107,194,0.37890625,-0.10309278
80,103,183,0.35742188,-0.12568306
89,96,185,0.36132812,-0.037837838
87,98,185,0.36132812,-0.059459459
99,79,178,0.34765625,0.11235955
47,115,162,0.31640625,-0.41975309
63,107,170,0.33203125,-0.25882353
81,96,177,0.34570312,-0.084745763
49,128,177,0.34570312,-0.44632768
82,101,183,0.35742188,-0.10382514
127,53,180,0.3515625,0.41111111
102,70,172,0.3359375,0.18604651
92,87,179,0.34960938,0.027932961
88,85,173,0.33789062,0.01734104
87,83,170,0.33203125,0.023529412
72,98,170,0.33203125,-0.15294118
88,92,180,0.3515625,-0.022222222
71,117,188,0.3671875,-0.24468085
72,113,185,0.36132812,-0.22162162
88,106,194,0.37890625,-0.092783505
80,105,185,0.36132812,-0.13513514
74,104,178,0.34765625,-0.16853933
85,92,177,0.34570312,-0.039548023
79,83,162,0.31640625,-0.024691358
90,93,183,0.35742188,-0.016393443
85,98,183,0.35742188,-0.071038251
62,111,173,0.33789062,-0.28323699
104,73,177,0.34570312,0.17514124
98,75,173,0.33789062,0.13294798
103,78,181,0.35351562,0.13812155
112,71,183,0.35742188,0.22404372
77,87,164,0.3203125,-0.06097561
96,92,188,0.3671875,0.021276596
102,74,176,0.34375,0.15909091
99,89,188,0.3671875,0.053191489
78,98,176,0.34375,-0.11363636
77,107,184,0.359375,-0.16304348
86,88,174,0.33984375,-0.011494253
92,84,176,0.34375,0.045454545
92,85,177,0.34570312,0.039548023
109,60,169,0.33007812,0.28994083
80,95,175,0.34179688,-0.085714286
78,106,184,0.359375,-0.15217391
81,100,181,0.35351562,-0.10497238
62,106,168,0.328125,-0.26190476
76,93,169,0.33007812,-0.10059172
110,76,186,0.36328125,0.1827957
96,76,172,0.3359375,0.11627907
75,106,181,0.35351562,-0.17127072
114,81,195,0.38085938,0.16923077
102,84,186,0.36328125,0.096774194
88,101,189,0.36914062,-0.068783069
117,57,174,0.33984375,0.34482759
105,73,178,0.34765625,0.17977528
84,88,172,0.3359375,-0.023255814
106,69,175,0.34179688,0.21142857
83,97,180,0.3515625,-0.077777778
71,107,178,0.34765625,-0.20224719
114,54,168,0.328125,0.35714286
97,83,180,0.3515625,0.077777778
76,93,169,0.33007812,-0.10059172
117,78,195,0.38085938,0.2
96,84,180,0.3515625,0.066666667
92,96,188,0.3671875,-0.021276596
66,111,177,0.34570312,-0.25423729
95,89,184,0.359375,0.032608696
73,106,179,0.34960938,-0.18435754
63,121,184,0.359375,-0.31521739
90,89,179,0.34960938,0.0055865922
111,76,187,0.36523438,0.18716578
79,88,167,0.32617188,-0.053892216
101,74,175,0.34179688,0.15428571
97,93,190,0.37109375,0.021052632
82,122,204,0.3984375,-0.19607843
71,102,173,0.33789062,-0.17919075
58,116,174,0.33984375,-0.33333333
88,88,176,0.34375,0
96,85,181,0.35351562,0.060773481
65,106,171,0.33398438,-0.23976608
108,75,183,0.35742188,0.18032787
61,114,175,0.34179688,-0.30285714
80,98,178,0.34765625,-0.1011236
73,107,180,0.3515625,-0.18888889
117,69,186,0.36328125,0.25806452
60,107,167,0.32617188,-0.28143713
111,69,180,0.3515625,0.23333333
108,77,185,0.36132812,0.16756757
93,84,177,0.34570312,0.050847458
96,88,184,0.359375,0.043478261
102,82,184,0.359375,0.10869565
85,78,163,0.31835938,0.042944785
82,104,186,0.36328125,-0.11827957
78,96,174,0.33984375,-0.10344828
54,125,179,0.34960938,-0.39664804
95,87,182,0.35546875,0.043956044
91,77,168,0.328125,0.083333333
90,107,197,0.38476562,-0.086294416
85,92,177,0.34570312,-0.039548023
88,99,187,0.36523438,-0.058823529
93,88,181,0.35351562,0.027624309
76,101,177,0.34570312,-0.14124294
78,114,192,0.375,-0.1875
98,92,190,0.37109375,0.031578947
76,100,176,0.34375,-0.13636364
108,80,188,0.3671875,0.14893617
96,92,188,0.3671875,0.021276596
95,95,190,0.37109375,0
85,88,173,0.33789062,-0.01734104
118,64,182,0.35546875,0.2967033
98,86,184,0.359375,0.065217391
59,121,180,0.3515625,-0.34444444
117,65,182,0.35546875,0.28571429
91,106,197,0.38476562,-0.076142132
79,101,180,0.3515625,-0.12222222
92,87,179,0.34960938,0.027932961
76,102,178,0.34765625,-0.14606742
124,52,176,0.34375,0.40909091
58,117,175,0.34179688,-0.33714286
100,81,181,0.35351562,0.10497238
85,96,181,0.35351562,-0.060773481
81,97,178,0.34765625,-0.08988764
88,99,187,0.36523438,-0.058823529
91,84,175,0.34179688,0.04
77,101,178,0.34765625,-0.13483146
100,81,181,0.35351562,0.10497238
81,85,166,0.32421875,-0.024096386
94,91,185,0.36132812,0.016216216
89,80,169,0.33007812,0.053254438
108,68,176,0.34375,0.22727273
98,83,181,0.35351562,0.082872928
102,90,192,0.375,0.0625
109,65,174,0.33984375,0.25287356
104,78,182,0.35546875,0.14285714
109,77,186,0.36328125,0.17204301
102,84,186,0.36328125,0.096774194
88,85,173,0.33789062,0.01734104
82,91,173,0.33789062,-0.052023121
84,102,186,0.36328125,-0.096774194
115,65,180,0.3515625,0.27777778
66,112,178,0.34765625,-0.25842697
73,111,184,0.359375,-0.20652174
83,90,173,0.33789062,-0.040462428
84,93,177,0.34570312,-0.050847458
72,110,182,0.35546875,-0.20879121
94,83,177,0.34570312,0.062146893
100,83,183,0.35742188,0.092896175
93,85,178,0.34765625,0.04494382
99,70,169,0.33007812,0.17159763
70,119,189,0.36914062,-0.25925926
139,47,186,0.36328125,0.49462366
78,99,177,0.34570312,-0.11864407
80,107,187,0.36523438,-0.14438503
83,93,176,0.34375,-0.056818182
69,94,163,0.31835938,-0.15337423
85,96,181,0.35351562,-0.060773481
114,83,197,0.38476562,0.15736041
70,110,180,0.3515625,-0.22222222
51,142,193,0.37695312,-0.47150259
62,103,165,0.32226562,-0.24848485
119,58,177,0.34570312,0.34463277
78,103,181,0.35351562,-0.13812155
80,95,175,0.34179688,-0.085714286
72,106,178,0.34765625,-0.19101124
62,114,176,0.34375,-0.29545455
