n_hor,n_ver,n_tot,eta,S
78,58,136,0.265625,0.14705882
78,39,117,0.22851562,0.33333333
59,69,128,0.25,-0.078125
44,87,131,0.25585938,-0.32824427
64,59,123,0.24023438,0.040650407
59,73,132,0.2578125,-0.10606061
77,39,116,0.2265625,0.32758621
75,53,128,0.25,0.171875
63,63,126,0.24609375,0
51,67,118,0.23046875,-0.13559322
59,58,117,0.22851562,0.0085470085
44,80,124,0.2421875,-0.29032258
83,39,122,0.23828125,0.36065574
48,62,110,0.21484375,-0.12727273
50,65,115,0.22460938,-0.13043478
52,52,104,0.203125,0
47,70,117,0.22851562,-0.1965812
66,57,123,0.24023438,0.073170732
58,58,116,0.2265625,0
68,54,122,0.23828125,0.1147541
45,83,128,0.25,-0.296875
57,71,128,0.25,-0.109375
74,36,110,0.21484375,0.34545455
50,65,115,0.22460938,-0.13043478
64,50,114,0.22265625,0.12280702
61,68,129,0.25195312,-0.054263566
61,73,134,0.26171875,-0.089552239
54,72,126,0.24609375,-0.14285714
72,47,119,0.23242188,0.21008403
70,54,124,0.2421875,0.12903226
52,86,138,0.26953125,-0.24637681
62,51,113,0.22070312,0.097345133
52,66,118,0.23046875,-0.11864407
55,63,118,0.23046875,-0.06779661
58,62,120,0.234375,-0.033333333
40,65,105,0.20507812,-0.23809524
74,59,133,0.25976562,0.11278195
56,72,128,0.25,-0.125
51,64,115,0.22460938,-0.11304348
56,72,128,0.25,-0.125
72,64,136,0.265625,0.058823529
66,72,138,0.26953125,-0.043478261
63,68,131,0.25585938,-0.038167939
54,61,115,0.22460938,-0.060869565
60,53,113,0.22070312,0.061946903
65,55,120,0.234375,0.083333333
66,53,119,0.23242188,0.1092437
54,71,125,0.24414062,-0.136
63,53,116,0.2265625,0.086206897
70,58,128,0.25,0.09375
68,54,122,0.23828125,0.1147541
88,28,116,0.2265625,0.51724138
64,63,127,0.24804688,0.0078740157
49,69,118,0.23046875,-0.16949153
49,62,111,0.21679688,-0.11711712
50,80,130,0.25390625,-0.23076923
49,61,110,0.21484375,-0.10909091
48,52,100,0.1953125,-0.04
64,53,117,0.22851562,0.094017094
61,66,127,0.24804688,-0.039370079
63,61,124,0.2421875,0.016129032
51,63,114,0.22265625,-0.10526316
71,57,128,0.25,0.109375
54,62,116,0.2265625,-0.068965517
51,71,122,0.23828125,-0.16393443
61,53,114,0.22265625,0.070175439
62,52,114,0.22265625,0.087719298
57,68,125,0.24414062,-0.088
61,59,120,0.234375,0.016666667
71,49,120,0.234375,0.18333333
56,68,124,0.2421875,-0.096774194
68,62,130,0.25390625,0.046153846
67,48,115,0.22460938,0.16521739
49,74,123,0.24023438,-0.20325203
58,57,115,0.22460938,0.0086956522
51,65,116,0.2265625,-0.12068966
53,75,128,0.25,-0.171875
58,65,123,0.24023438,-0.056910569
47,76,123,0.24023438,-0.23577236
53,69,122,0.23828125,-0.13114754
38,75,113,0.22070312,-0.32743363
64,55,119,0.23242188,0.075630252
67,54,121,0.23632812,0.10743802
71,41,112,0.21875,0.26785714
45,71,116,0.2265625,-0.22413793
71,54,125,0.24414062,0.136
60,55,115,0.22460938,0.043478261
66,37,103,0.20117188,0.2815534
68,53,121,0.23632812,0.12396694
77,37,114,0.22265625,0.35087719
64,59,123,0.24023438,0.040650407
66,69,135,0.26367188,-0.022222222
62,62,124,0.2421875,0
68,42,110,0.21484375,0.23636364
44,78,122,0.23828125,-0.27868852
59,69,128,0.25,-0.078125
72,57,129,0.25195312,0.11627907
64,63,127,0.24804688,0.0078740157
54,60,114,0.22265625,-0.052631579
52,72,124,0.2421875,-0.16129032
57,69,126,0.24609375,-0.095238095
47,64,111,0.21679688,-0.15315315
63,49,112,0.21875,0.125
73,48,121,0.23632812,0.20661157
52,71,123,0.24023438,-0.15447154
60,57,117,0.22851562,0.025641026
56,61,117,0.22851562,-0.042735043
75,34,109,0.21289062,0.37614679
61,56,117,0.22851562,0.042735043
50,71,121,0.23632812,-0.17355372
61,54,115,0.22460938,0.060869565
79,41,120,0.234375,0.31666667
68,47,115,0.22460938,0.1826087
78,55,133,0.25976562,0.17293233
54,62,116,0.2265625,-0.068965517
52,74,126,0.24609375,-0.17460317
67,56,123,0.24023438,0.089430894
66,58,124,0.2421875,0.064516129
73,58,131,0.25585938,0.11450382
65,57,122,0.23828125,0.06557377
87,30,117,0.22851562,0.48717949
69,51,120,0.234375,0.15
55,62,117,0.22851562,-0.05982906
53,76,129,0.25195312,-0.17829457
56,60,116,0.2265625,-0.034482759
73,58,131,0.25585938,0.11450382
60,68,128,0.25,-0.0625
50,71,121,0.23632812,-0.17355372
68,64,132,0.2578125,0.03030303
51,57,108,0.2109375,-0.055555556
68,48,116,0.2265625,0.17241379
72,59,131,0.25585938,0.099236641
57,68,125,0.24414062,-0.088
69,56,125,0.24414062,0.104
49,73,122,0.23828125,-0.19672131
72,52,124,0.2421875,0.16129032
65,63,128,0.25,0.015625
64,43,107,0.20898438,0.19626168
68,54,122,0.23828125,0.1147541
69,54,123,0.24023438,0.12195122
57,59,116,0.2265625,-0.017241379
55,65,120,0.234375,-0.083333333
46,77,123,0.24023438,-0.25203252
49,71,120,0.234375,-0.18333333
62,52,114,0.22265625,0.087719298
68,50,118,0.23046875,0.15254237
44,65,109,0.21289062,-0.19266055
72,51,123,0.24023438,0.17073171
57,55,112,0.21875,0.017857143
48,63,111,0.21679688,-0.13513514
60,46,106,0.20703125,0.13207547
51,55,106,0.20703125,-0.037735849
61,58,119,0.23242188,0.025210084
61,56,117,0.22851562,0.042735043
52,75,127,0.24804688,-0.18110236
53,69,122,0.23828125,-0.13114754
56,63,119,0.23242188,-0.058823529
70,56,126,0.24609375,0.11111111
65,47,112,0.21875,0.16071429
70,50,120,0.234375,0.16666667
62,62,124,0.2421875,0
56,61,117,0.22851562,-0.042735043
69,48,117,0.22851562,0.17948718
60,62,122,0.23828125,-0.016393443
56,61,117,0.22851562,-0.042735043
65,51,116,0.2265625,0.12068966
53,64,117,0.22851562,-0.094017094
80,57,137,0.26757812,0.16788321
60,65,125,0.24414062,-0.04
66,59,125,0.24414062,0.056
55,60,115,0.22460938,-0.043478261
59,49,108,0.2109375,0.092592593
67,51,118,0.23046875,0.13559322
51,66,117,0.22851562,-0.12820513
62,69,131,0.25585938,-0.053435115
53,65,118,0.23046875,-0.10169492
60,63,123,0.24023438,-0.024390244
70,68,138,0.26953125,0.014492754
45,59,104,0.203125,-0.13461538
77,47,124,0.2421875,0.24193548
73,40,113,0.22070312,0.2920354
44,71,115,0.22460938,-0.23478261
70,48,118,0.23046875,0.18644068
96,38,134,0.26171875,0.43283582
59,54,113,0.22070312,0.044247788
57,62,119,0.23242188,-0.042016807
62,72,134,0.26171875,-0.074626866
65,55,120,0.234375,0.083333333
62,49,111,0.21679688,0.11711712
60,53,113,0.22070312,0.061946903
52,60,112,0.21875,-0.071428571
38,79,117,0.22851562,-0.35042735
68,62,130,0.25390625,0.046153846
51,67,118,0.23046875,-0.13559322
59,66,125,0.24414062,-0.056
64,61,125,0.24414062,0.024
38,89,127,0.24804688,-0.4015748
51,68,119,0.23242188,-0.14285714
70,55,125,0.24414062,0.12
73,49,122,0.23828125,0.19672131
70,57,127,0.24804688,0.1023622
67,51,118,0.23046875,0.13559322
68,46,114,0.22265625,0.19298246
59,61,120,0.234375,-0.016666667
61,56,117,0.22851562,0.042735043
37,76,113,0.22070312,-0.34513274
41,78,119,0.23242188,-0.31092437
47,55,102,0.19921875,-0.078431373
71,47,118,0.23046875,0.20338983
57,59,116,0.2265625,-0.017241379
77,67,144,0.28125,0.069444444
42,71,113,0.22070312,-0.25663717
77,36,113,0.22070312,0.36283186
63,62,125,0.24414062,0.008
49,68,117,0.22851562,-0.16239316
77,61,138,0.26953125,0.11594203
48,72,120,0.234375,-0.2
70,59,129,0.25195312,0.085271318
60,63,123,0.24023438,-0.024390244
58,72,130,0.25390625,-0.10769231
60,66,126,0.24609375,-0.047619048
52,73,125,0.24414062,-0.168
56,59,115,0.22460938,-0.026086957
58,67,125,0.24414062,-0.072
52,64,116,0.2265625,-0.10344828
68,53,121,0.23632812,0.12396694
49,66,115,0.22460938,-0.14782609
62,60,122,0.23828125,0.016393443
42,79,121,0.23632812,-0.30578512
83,36,119,0.23242188,0.39495798
61,45,106,0.20703125,0.1509434
63,51,114,0.22265625,0.10526316
71,60,131,0.25585938,0.083969466
64,51,115,0.22460938,0.11304348
63,61,124,0.2421875,0.016129032
57,59,116,0.2265625,-0.017241379
53,70,123,0.24023438,-0.13821138
62,60,122,0.23828125,0.016393443
53,71,124,0.2421875,-0.14516129
75,49,124,0.2421875,0.20967742
66,56,122,0.23828125,0.081967213
71,61,132,0.2578125,0.075757576
73,49,122,0.23828125,0.19672131
56,68,124,0.2421875,-0.096774194
63,70,133,0.25976562,-0.052631579
50,66,116,0.2265625,-0.13793103
60,65,125,0.24414062,-0.04
41,81,122,0.23828125,-0.32786885
58,62,120,0.234375,-0.033333333
59,66,125,0.24414062,-0.056
70,49,119,0.23242188,0.17647059
65,71,136,0.265625,-0.044117647
47,66,113,0.22070312,-0.16814159
57,65,122,0.23828125,-0.06557377
79,49,128,0.25,0.234375
64,53,117,0.22851562,0.094017094
63,57,120,0.234375,0.05
73,47,120,0.234375,0.21666667
97,55,152,0.296875,0.27631579
44,75,119,0.23242188,-0.2605042
54,75,129,0.25195312,-0.1627907
59,58,117,0.22851562,0.0085470085
64,53,117,0.22851562,0.094017094
53,58,111,0.21679688,-0.045045045
44,68,112,0.21875,-0.21428571
76,39,115,0.22460938,0.32173913
86,57,143,0.27929688,0.2027972
71,50,121,0.23632812,0.17355372
66,55,121,0.23632812,0.090909091
48,73,121,0.23632812,-0.20661157
68,66,134,0.26171875,0.014925373
63,60,123,0.24023438,0.024390244
59,46,105,0.20507812,0.12380952
59,53,112,0.21875,0.053571429
84,37,121,0.23632812,0.38842975
57,72,129,0.25195312,-0.11627907
65,62,127,0.24804688,0.023622047
38,79,117,0.22851562,-0.35042735
73,53,126,0.24609375,0.15873016
76,67,143,0.27929688,0.062937063
56,53,109,0.21289062,0.027522936
67,65,132,0.2578125,0.015151515
62,59,121,0.23632812,0.024793388
82,53,135,0.26367188,0.21481481
73,53,126,0.24609375,0.15873016
58,72,130,0.25390625,-0.10769231
50,63,113,0.22070312,-0.11504425
52,65,117,0.22851562,-0.11111111
72,58,130,0.25390625,0.10769231
68,54,122,0.23828125,0.1147541
60,65,125,0.24414062,-0.04
62,52,114,0.22265625,0.087719298
39,85,124,0.2421875,-0.37096774
52,59,111,0.21679688,-0.063063063
68,59,127,0.24804688,0.070866142
49,60,109,0.21289062,-0.10091743
61,61,122,0.23828125,0
78,43,121,0.23632812,0.2892562
61,69,130,0.25390625,-0.061538462
62,70,132,0.2578125,-0.060606061
61,52,113,0.22070312,0.079646018
61,59,120,0.234375,0.016666667
61,61,122,0.23828125,0
58,60,118,0.23046875,-0.016949153
48,69,117,0.22851562,-0.17948718
66,53,119,0.23242188,0.1092437
67,62,129,0.25195312,0.03875969
51,82,133,0.25976562,-0.23308271
68,53,121,0.23632812,0.12396694
68,59,127,0.24804688,0.070866142
67,46,113,0.22070312,0.18584071
56,62,118,0.23046875,-0.050847458
78,42,120,0.234375,0.3
66,62,128,0.25,0.03125
78,45,123,0.24023438,0.26829268
73,53,126,0.24609375,0.15873016
71,49,120,0.234375,0.18333333
56,63,119,0.23242188,-0.058823529
57,65,122,0.23828125,-0.06557377
55,68,123,0.24023438,-0.10569106
55,78,133,0.25976562,-0.17293233
63,38,101,0.19726562,0.24752475
58,69,127,0.24804688,-0.086614173
56,80,136,0.265625,-0.17647059
54,62,116,0.2265625,-0.068965517
45,68,113,0.22070312,-0.20353982
76,52,128,0.25,0.1875
55,71,126,0.24609375,-0.12698413
59,58,117,0.22851562,0.0085470085
52,69,121,0.23632812,-0.14049587
51,76,127,0.24804688,-0.19685039
52,73,125,0.24414062,-0.168
58,51,109,0.21289062,0.064220183
78,55,133,0.25976562,0.17293233
78,39,117,0.22851562,0.33333333
52,65,117,0.22851562,-0.11111111
60,60,120,0.234375,0
67,58,125,0.24414062,0.072
69,55,124,0.2421875,0.11290323
59,54,113,0.22070312,0.044247788
71,58,129,0.25195312,0.10077519
60,55,115,0.22460938,0.043478261
70,50,120,0.234375,0.16666667
49,71,120,0.234375,-0.18333333
48,72,120,0.234375,-0.2
84,38,122,0.23828125,0.37704918
71,50,121,0.23632812,0.17355372
56,62,118,0.23046875,-0.050847458
71,55,126,0.24609375,0.12698413
55,54,109,0.21289062,0.0091743119
49,71,120,0.234375,-0.18333333
67,43,110,0.21484375,0.21818182
61,51,112,0.21875,0.089285714
60,58,118,0.23046875,0.016949153
42,68,110,0.21484375,-0.23636364
70,59,129,0.25195312,0.085271318
58,52,110,0.21484375,0.054545455
73,51,124,0.2421875,0.17741935
55,61,116,0.2265625,-0.051724138
45,63,108,0.2109375,-0.16666667
54,64,118,0.23046875,-0.084745763
48,77,125,0.24414062,-0.232
83,39,122,0.23828125,0.36065574
62,52,114,0.22265625,0.087719298
57,70,127,0.24804688,-0.1023622
61,50,111,0.21679688,0.099099099
61,61,122,0.23828125,0
52,52,104,0.203125,0
58,61,119,0.23242188,-0.025210084
46,88,134,0.26171875,-0.31343284
69,54,123,0.24023438,0.12195122
57,52,109,0.21289062,0.04587156
40,65,105,0.20507812,-0.23809524
73,43,116,0.2265625,0.25862069
50,65,115,0.22460938,-0.13043478
61,68,129,0.25195312,-0.054263566
61,56,117,0.22851562,0.042735043
71,47,118,0.23046875,0.20338983
85,60,145,0.28320312,0.17241379
48,79,127,0.24804688,-0.24409449
60,57,117,0.22851562,0.025641026
61,56,117,0.22851562,0.042735043
56,70,126,0.24609375,-0.11111111
65,54,119,0.23242188,0.092436975
76,40,116,0.2265625,0.31034483
59,48,107,0.20898438,0.10280374
79,50,129,0.25195312,0.2248062
52,53,105,0.20507812,-0.0095238095
66,50,116,0.2265625,0.13793103
58,71,129,0.25195312,-0.10077519
58,61,119,0.23242188,-0.025210084
68,56,124,0.2421875,0.096774194
82,55,137,0.26757812,0.19708029
53,53,106,0.20703125,0
88,40,128,0.25,0.375
77,58,135,0.26367188,0.14074074
63,58,121,0.23632812,0.041322314
62,69,131,0.25585938,-0.053435115
47,65,112,0.21875,-0.16071429
57,62,119,0.23242188,-0.042016807
58,61,119,0.23242188,-0.025210084
78,52,130,0.25390625,0.2
78,48,126,0.24609375,0.23809524
75,58,133,0.25976562,0.12781955
65,46,111,0.21679688,0.17117117
76,66,142,0.27734375,0.070422535
68,61,129,0.25195312,0.054263566
64,56,120,0.234375,0.066666667
72,65,137,0.26757812,0.051094891
58,51,109,0.21289062,0.064220183
58,62,120,0.234375,-0.033333333
81,45,126,0.24609375,0.28571429
76,50,126,0.24609375,0.20634921
76,54,130,0.25390625,0.16923077
47,59,106,0.20703125,-0.11320755
48,77,125,0.24414062,-0.232
59,49,108,0.2109375,0.092592593
61,65,126,0.24609375,-0.031746032
50,72,122,0.23828125,-0.18032787
79,45,124,0.2421875,0.27419355
69,53,122,0.23828125,0.13114754
61,60,121,0.23632812,0.0082644628
64,54,118,0.23046875,0.084745763
61,63,124,0.2421875,-0.016129032
65,54,119,0.23242188,0.092436975
66,64,130,0.25390625,0.015384615
50,59,109,0.21289062,-0.082568807
80,48,128,0.25,0.25
76,45,121,0.23632812,0.25619835
63,52,115,0.22460938,0.095652174
44,79,123,0.24023438,-0.28455285
72,65,137,0.26757812,0.051094891
63,56,119,0.23242188,0.058823529
69,56,125,0.24414062,0.104
57,67,124,0.2421875,-0.080645161
72,56,128,0.25,0.125
54,58,112,0.21875,-0.035714286
66,64,130,0.25390625,0.015384615
56,61,117,0.22851562,-0.042735043
56,49,105,0.20507812,0.066666667
58,48,106,0.20703125,0.094339623
60,49,109,0.21289062,0.10091743
62,63,125,0.24414062,-0.008
86,41,127,0.24804688,0.35433071
67,59,126,0.24609375,0.063492063
65,59,124,0.2421875,0.048387097
72,52,124,0.2421875,0.16129032
56,52,108,0.2109375,0.037037037
71,54,125,0.24414062,0.136
74,43,117,0.22851562,0.26495726
62,60,122,0.23828125,0.016393443
74,50,124,0.2421875,0.19354839
67,57,124,0.2421875,0.080645161
66,56,122,0.23828125,0.081967213
44,70,114,0.22265625,-0.22807018
68,41,109,0.21289062,0.24770642
66,58,124,0.2421875,0.064516129
77,46,123,0.24023438,0.25203252
82,52,134,0.26171875,0.2238806
64,58,122,0.23828125,0.049180328
66,55,121,0.23632812,0.090909091
70,58,128,0.25,0.09375
61,54,115,0.22460938,0.060869565
45,61,106,0.20703125,-0.1509434
65,46,111,0.21679688,0.17117117
50,65,115,0.22460938,-0.13043478
36,92,128,0.25,-0.4375
57,76,133,0.25976562,-0.14285714
66,49,115,0.22460938,0.14782609
70,56,126,0.24609375,0.11111111
64,60,124,0.2421875,0.032258065
62,55,117,0.22851562,0.05982906
65,62,127,0.24804688,0.023622047
57,67,124,0.2421875,-0.080645161
50,60,110,0.21484375,-0.090909091
61,61,122,0.23828125,0
60,63,123,0.24023438,-0.024390244
77,47,124,0.2421875,0.24193548
58,60,118,0.23046875,-0.016949153
56,77,133,0.25976562,-0.15789474
45,79,124,0.2421875,-0.27419355
65,59,124,0.2421875,0.048387097
76,62,138,0.26953125,0.10144928
69,57,126,0.24609375,0.095238095
46,71,117,0.22851562,-0.21367521
54,59,113,0.22070312,-0.044247788
46,71,117,0.22851562,-0.21367521
66,63,129,0.25195312,0.023255814
78,54,132,0.2578125,0.18181818
56,71,127,0.24804688,-0.11811024
63,61,124,0.2421875,0.016129032
62,77,139,0.27148438,-0.10791367
50,89,139,0.27148438,-0.28057554
46,65,111,0.21679688,-0.17117117
60,67,127,0.24804688,-0.05511811
62,47,109,0.21289062,0.13761468
58,60,118,0.23046875,-0.016949153
78,46,124,0.2421875,0.25806452
63,61,124,0.2421875,0.016129032
76,44,120,0.234375,0.26666667
57,67,124,0.2421875,-0.080645161
72,58,130,0.25390625,0.10769231
69,60,129,0.25195312,0.069767442
64,55,119,0.23242188,0.075630252
55,63,118,0.23046875,-0.06779661
52,69,121,0.23632812,-0.14049587
54,67,121,0.23632812,-0.10743802
85,45,130,0.25390625,0.30769231
44,81,125,0.24414062,-0.296
53,58,111,0.21679688,-0.045045045
73,43,116,0.2265625,0.25862069
72,59,131,0.25585938,0.099236641
61,74,135,0.26367188,-0.096296296
67,43,110,0.21484375,0.21818182
55,63,118,0.23046875,-0.06779661
48,72,120,0.234375,-0.2
54,68,122,0.23828125,-0.1147541
46,70,116,0.2265625,-0.20689655
62,67,129,0.25195312,-0.03875969
68,49,117,0.22851562,0.16239316
61,68,129,0.25195312,-0.054263566
54,77,131,0.25585938,-0.17557252
62,52,114,0.22265625,0.087719298
72,50,122,0.23828125,0.18032787
52,65,117,0.22851562,-0.11111111
57,64,121,0.23632812,-0.05785124
52,71,123,0.24023438,-0.15447154
64,53,117,0.22851562,0.094017094
62,64,126,0.24609375,-0.015873016
67,45,112,0.21875,0.19642857
74,52,126,0.24609375,0.17460317
54,57,111,0.21679688,-0.027027027
49,64,113,0.22070312,-0.13274336
65,55,120,0.234375,0.083333333
47,53,100,0.1953125,-0.06
69,46,115,0.22460938,0.2
49,71,120,0.234375,-0.18333333
74,52,126,0.24609375,0.17460317
52,68,120,0.234375,-0.13333333
62,59,121,0.23632812,0.024793388
58,51,109,0.21289062,0.064220183
58,64,122,0.23828125,-0.049180328
60,71,131,0.25585938,-0.083969466
51,52,103,0.20117188,-0.0097087379
55,64,119,0.23242188,-0.075630252
69,58,127,0.24804688,0.086614173
71,59,130,0.25390625,0.092307692
71,70,141,0.27539062,0.0070921986
50,70,120,0.234375,-0.16666667
50,61,111,0.21679688,-0.099099099
51,68,119,0.23242188,-0.14285714
57,53,110,0.21484375,0.036363636
76,54,130,0.25390625,0.16923077
59,63,122,0.23828125,-0.032786885
44,54,98,0.19140625,-0.10204082
66,61,127,0.24804688,0.039370079
55,64,119,0.23242188,-0.075630252
52,77,129,0.25195312,-0.19379845
47,70,117,0.22851562,-0.1965812
62,51,113,0.22070312,0.097345133
76,50,126,0.24609375,0.20634921
50,67,117,0.22851562,-0.14529915
59,58,117,0.22851562,0.0085470085
46,71,117,0.22851562,-0.21367521
66,62,128,0.25,0.03125
61,67,128,0.25,-0.046875
54,60,114,0.22265625,-0.052631579
84,41,125,0.24414062,0.344
70,49,119,0.23242188,0.17647059
57,65,122,0.23828125,-0.06557377
59,47,106,0.20703125,0.11320755
54,62,116,0.2265625,-0.068965517
48,66,114,0.22265625,-0.15789474
41,66,107,0.20898438,-0.23364486
67,60,127,0.24804688,0.05511811
36,90,126,0.24609375,-0.42857143
67,63,130,0.25390625,0.030769231
56,65,121,0.23632812,-0.074380165
63,53,116,0.2265625,0.086206897
44,82,126,0.24609375,-0.3015873
54,64,118,0.23046875,-0.084745763
70,47,117,0.22851562,0.1965812
43,78,121,0.23632812,-0.2892562
53,74,127,0.24804688,-0.16535433
56,66,122,0.23828125,-0.081967213
60,44,104,0.203125,0.15384615
60,59,119,0.23242188,0.0084033613
67,63,130,0.25390625,0.030769231
53,72,125,0.24414062,-0.152
59,52,111,0.21679688,0.063063063
54,62,116,0.2265625,-0.068965517
73,52,125,0.24414062,0.168
78,57,135,0.26367188,0.15555556
78,39,117,0.22851562,0.33333333
62,63,125,0.24414062,-0.008
60,69,129,0.25195312,-0.069767442
70,44,114,0.22265625,0.22807018
65,61,126,0.24609375,0.031746032
51,80,131,0.25585938,-0.22137405
78,55,133,0.25976562,0.17293233
63,54,117,0.22851562,0.076923077
54,69,123,0.24023438,-0.12195122
61,77,138,0.26953125,-0.11594203
53,72,125,0.24414062,-0.152
73,43,116,0.2265625,0.25862069
53,69,122,0.23828125,-0.13114754
56,69,125,0.24414062,-0.104
64,59,123,0.24023438,0.040650407
60,70,130,0.25390625,-0.076923077
46,62,108,0.2109375,-0.14814815
50,60,110,0.21484375,-0.090909091
56,62,118,0.23046875,-0.050847458
76,43,119,0.23242188,0.27731092
64,53,117,0.22851562,0.094017094
61,68,129,0.25195312,-0.054263566
53,52,105,0.20507812,0.0095238095
43,76,119,0.23242188,-0.27731092
59,74,133,0.25976562,-0.11278195
55,63,118,0.23046875,-0.06779661
73,53,126,0.24609375,0.15873016
49,70,119,0.23242188,-0.17647059
77,52,129,0.25195312,0.19379845
63,62,125,0.24414062,0.008
82,48,130,0.25390625,0.26153846
77,49,126,0.24609375,0.22222222
72,54,126,0.24609375,0.14285714
54,51,105,0.20507812,0.028571429
65,52,117,0.22851562,0.11111111
44,78,122,0.23828125,-0.27868852
51,62,113,0.22070312,-0.097345133
63,67,130,0.25390625,-0.030769231
66,57,123,0.24023438,0.073170732
46,64,110,0.21484375,-0.16363636
59,56,115,0.22460938,0.026086957
71,49,120,0.234375,0.18333333
66,56,122,0.23828125,0.081967213
52,61,113,0.22070312,-0.079646018
67,66,133,0.25976562,0.007518797
67,54,121,0.23632812,0.10743802
51,60,111,0.21679688,-0.081081081
60,54,114,0.22265625,0.052631579
53,56,109,0.21289062,-0.027522936
51,67,118,0.23046875,-0.13559322
55,56,111,0.21679688,-0.009009009
54,73,127,0.24804688,-0.1496063
65,70,135,0.26367188,-0.037037037
75,47,122,0.23828125,0.2295082
70,61,131,0.25585938,0.06870229
58,65,123,0.24023438,-0.056910569
40,81,121,0.23632812,-0.33884298
42,87,129,0.25195312,-0.34883721
52,65,117,0.22851562,-0.11111111
59,64,123,0.24023438,-0.040650407
59,64,123,0.24023438,-0.040650407
70,47,117,0.22851562,0.1965812
54,63,117,0.22851562,-0.076923077
63,52,115,0.22460938,0.095652174
65,54,119,0.23242188,0.092436975
58,74,132,0.2578125,-0.12121212
51,69,120,0.234375,-0.15
55,60,115,0.22460938,-0.043478261
54,67,121,0.23632812,-0.10743802
61,65,126,0.24609375,-0.031746032
69,64,133,0.25976562,0.037593985
47,57,104,0.203125,-0.096153846
62,58,120,0.234375,0.033333333
50,79,129,0.25195312,-0.2248062
73,56,129,0.25195312,0.13178295
50,68,118,0.23046875,-0.15254237
50,65,115,0.22460938,-0.13043478
60,69,129,0.25195312,-0.069767442
62,63,125,0.24414062,-0.008
62,60,122,0.23828125,0.016393443
47,58,105,0.20507812,-0.1047619
66,44,110,0.21484375,0.2
64,63,127,0.24804688,0.0078740157
72,56,128,0.25,0.125
69,55,124,0.2421875,0.11290323
64,44,108,0.2109375,0.18518519
58,50,108,0.2109375,0.074074074
65,55,120,0.234375,0.083333333
41,91,132,0.2578125,-0.37878788
59,63,122,0.23828125,-0.032786885
70,56,126,0.24609375,0.11111111
68,68,136,0.265625,0
58,61,119,0.23242188,-0.025210084
57,66,123,0.24023438,-0.073170732
60,62,122,0.23828125,-0.016393443
70,48,118,0.23046875,0.18644068
60,56,116,0.2265625,0.034482759
52,60,112,0.21875,-0.071428571
57,68,125,0.24414062,-0.088
63,63,126,0.24609375,0
60,54,114,0.22265625,0.052631579
65,52,117,0.22851562,0.11111111
63,55,118,0.23046875,0.06779661
59,58,117,0.22851562,0.0085470085
60,59,119,0.23242188,0.0084033613
62,61,123,0.24023438,0.0081300813
78,28,106,0.20703125,0.47169811
62,57,119,0.23242188,0.042016807
70,58,128,0.25,0.09375
67,44,111,0.21679688,0.20720721
56,73,129,0.25195312,-0.13178295
77,54,131,0.25585938,0.17557252
67,52,119,0.23242188,0.12605042
64,55,119,0.23242188,0.075630252
83,49,132,0.2578125,0.25757576
52,71,123,0.24023438,-0.15447154
58,64,122,0.23828125,-0.049180328
74,43,117,0.22851562,0.26495726
56,68,124,0.2421875,-0.096774194
58,61,119,0.23242188,-0.025210084
50,68,118,0.23046875,-0.15254237
60,64,124,0.2421875,-0.032258065
50,72,122,0.23828125,-0.18032787
57,59,116,0.2265625,-0.017241379
65,53,118,0.23046875,0.10169492
48,66,114,0.22265625,-0.15789474
86,47,133,0.25976562,0.29323308
62,58,120,0.234375,0.033333333
43,75,118,0.23046875,-0.27118644
57,62,119,0.23242188,-0.042016807
48,67,115,0.22460938,-0.16521739
52,56,108,0.2109375,-0.037037037
73,59,132,0.2578125,0.10606061
48,56,104,0.203125,-0.076923077
86,42,128,0.25,0.34375
56,65,121,0.23632812,-0.074380165
70,66,136,0.265625,0.029411765
60,61,121,0.23632812,-0.0082644628
61,61,122,0.23828125,0
73,43,116,0.2265625,0.25862069
51,69,120,0.234375,-0.15
64,54,118,0.23046875,0.084745763
65,74,139,0.27148438,-0.064748201
82,42,124,0.2421875,0.32258065
69,54,123,0.24023438,0.12195122
58,64,122,0.23828125,-0.049180328
67,55,122,0.23828125,0.098360656
45,73,118,0.23046875,-0.23728814
70,60,130,0.25390625,0.076923077
64,46,110,0.21484375,0.16363636
75,47,122,0.23828125,0.2295082
41,81,122,0.23828125,-0.32786885
58,72,130,0.25390625,-0.10769231
60,69,129,0.25195312,-0.069767442
50,76,126,0.24609375,-0.20634921
59,64,123,0.24023438,-0.040650407
58,68,126,0.24609375,-0.079365079
62,45,107,0.20898438,0.1588785
59,56,115,0.22460938,0.026086957
73,47,120,0.234375,0.21666667
60,63,123,0.24023438,-0.024390244
42,67,109,0.21289062,-0.2293578
44,81,125,0.24414062,-0.296
56,58,114,0.22265625,-0.01754386
36,72,108,0.2109375,-0.33333333
56,60,116,0.2265625,-0.034482759
59,59,118,0.23046875,0
78,46,124,0.2421875,0.25806452
62,45,107,0.20898438,0.1588785
62,57,119,0.23242188,0.042016807
71,51,122,0.23828125,0.16393443
72,46,118,0.23046875,0.22033898
42,78,120,0.234375,-0.3
60,66,126,0.24609375,-0.047619048
70,53,123,0.24023438,0.13821138
77,47,124,0.2421875,0.24193548
59,65,124,0.2421875,-0.048387097
47,67,114,0.22265625,-0.1754386
68,59,127,0.24804688,0.070866142
47,73,120,0.234375,-0.21666667
74,65,139,0.27148438,0.064748201
59,52,111,0.21679688,0.063063063
69,63,132,0.2578125,0.045454545
48,71,119,0.23242188,-0.19327731
40,76,116,0.2265625,-0.31034483
52,63,115,0.22460938,-0.095652174
88,59,147,0.28710938,0.19727891
60,69,129,0.25195312,-0.069767442
52,76,128,0.25,-0.1875
76,58,134,0.26171875,0.13432836
53,59,112,0.21875,-0.053571429
59,59,118,0.23046875,0
62,61,123,0.24023438,0.0081300813
61,67,128,0.25,-0.046875
73,59,132,0.2578125,0.10606061
75,43,118,0.23046875,0.27118644
65,59,124,0.2421875,0.048387097
59,66,125,0.24414062,-0.056
54,61,115,0.22460938,-0.060869565
55,80,135,0.26367188,-0.18518519
45,70,115,0.22460938,-0.2173913
48,71,119,0.23242188,-0.19327731
59,55,114,0.22265625,0.035087719
53,59,112,0.21875,-0.053571429
54,58,112,0.21875,-0.035714286
61,75,136,0.265625,-0.10294118
68,57,125,0.24414062,0.088
66,52,118,0.23046875,0.11864407
42,71,113,0.22070312,-0.25663717
65,58,123,0.24023438,0.056910569
60,60,120,0.234375,0
60,60,120,0.234375,0
45,65,110,0.21484375,-0.18181818
49,70,119,0.23242188,-0.17647059
69,56,125,0.24414062,0.104
81,48,129,0.25195312,0.25581395
51,65,116,0.2265625,-0.12068966
58,72,130,0.25390625,-0.10769231
47,69,116,0.2265625,-0.18965517
34,91,125,0.24414062,-0.456
78,45,123,0.24023438,0.26829268
60,66,126,0.24609375,-0.047619048
52,74,126,0.24609375,-0.17460317
61,47,108,0.2109375,0.12962963
67,55,122,0.23828125,0.098360656
84,42,126,0.24609375,0.33333333
89,45,134,0.26171875,0.32835821
72,50,122,0.23828125,0.18032787
76,45,121,0.23632812,0.25619835
74,55,129,0.25195312,0.14728682
60,70,130,0.25390625,-0.076923077
70,57,127,0.24804688,0.1023622
59,81,140,0.2734375,-0.15714286
56,46,102,0.19921875,0.098039216
52,58,110,0.21484375,-0.054545455
68,56,124,0.2421875,0.096774194
68,44,112,0.21875,0.21428571
73,42,115,0.22460938,0.26956522
49,68,117,0.22851562,-0.16239316
62,49,111,0.21679688,0.11711712
41,96,137,0.26757812,-0.40145985
50,72,122,0.23828125,-0.18032787
71,55,126,0.24609375,0.12698413
61,58,119,0.23242188,0.025210084
49,72,121,0.23632812,-0.19008264
65,53,118,0.23046875,0.10169492
59,68,127,0.24804688,-0.070866142
61,55,116,0.2265625,0.051724138
62,69,131,0.25585938,-0.053435115
63,50,113,0.22070312,0.11504425
44,69,113,0.22070312,-0.22123894
47,79,126,0.24609375,-0.25396825
45,71,116,0.2265625,-0.22413793
47,51,98,0.19140625,-0.040816327
69,49,118,0.23046875,0.16949153
71,61,132,0.2578125,0.075757576
52,71,123,0.24023438,-0.15447154
76,73,149,0.29101562,0.020134228
64,55,119,0.23242188,0.075630252
54,66,120,0.234375,-0.1
66,49,115,0.22460938,0.14782609
49,69,118,0.23046875,-0.16949153
53,63,116,0.2265625,-0.086206897
71,48,119,0.23242188,0.19327731
72,58,130,0.25390625,0.10769231
53,54,107,0.20898438,-0.0093457944
59,73,132,0.2578125,-0.10606061
66,59,125,0.24414062,0.056
68,56,124,0.2421875,0.096774194
63,56,119,0.23242188,0.058823529
46,78,124,0.2421875,-0.25806452
55,72,127,0.24804688,-0.13385827
57,61,118,0.23046875,-0.033898305
64,58,122,0.23828125,0.049180328
70,49,119,0.23242188,0.17647059
59,56,115,0.22460938,0.026086957
55,63,118,0.23046875,-0.06779661
79,56,135,0.26367188,0.17037037
47,77,124,0.2421875,-0.24193548
57,63,120,0.234375,-0.05
68,52,120,0.234375,0.13333333
73,53,126,0.24609375,0.15873016
42,77,119,0.23242188,-0.29411765
55,69,124,0.2421875,-0.11290323
62,63,125,0.24414062,-0.008
48,70,118,0.23046875,-0.18644068
45,70,115,0.22460938,-0.2173913
47,70,117,0.22851562,-0.1965812
69,43,112,0.21875,0.23214286
62,69,131,0.25585938,-0.053435115
60,72,132,0.2578125,-0.090909091
44,77,121,0.23632812,-0.27272727
78,43,121,0.23632812,0.2892562
65,53,118,0.23046875,0.10169492
50,72,122,0.23828125,-0.18032787
70,47,117,0.22851562,0.1965812
45,76,121,0.23632812,-0.25619835
53,66,119,0.23242188,-0.1092437
54,56,110,0.21484375,-0.018181818
33,90,123,0.24023438,-0.46341463
64,51,115,0.22460938,0.11304348
63,54,117,0.22851562,0.076923077
77,49,126,0.24609375,0.22222222
59,63,122,0.23828125,-0.032786885
68,54,122,0.23828125,0.1147541
64,66,130,0.25390625,-0.015384615
70,44,114,0.22265625,0.22807018
68,44,112,0.21875,0.21428571
63,54,117,0.22851562,0.076923077
72,55,127,0.24804688,0.13385827
52,67,119,0.23242188,-0.12605042
53,72,125,0.24414062,-0.152
50,53,103,0.20117188,-0.029126214
81,39,120,0.234375,0.35
58,58,116,0.2265625,0
50,60,110,0.21484375,-0.090909091
87,37,124,0.2421875,0.40322581
71,50,121,0.23632812,0.17355372
64,65,129,0.25195312,-0.007751938
46,67,113,0.22070312,-0.18584071
74,49,123,0.24023438,0.20325203
63,79,142,0.27734375,-0.11267606
55,64,119,0.23242188,-0.075630252
66,54,120,0.234375,0.1
55,73,128,0.25,-0.140625
74,56,130,0.25390625,0.13846154
53,59,112,0.21875,-0.053571429
62,56,118,0.23046875,0.050847458
64,74,138,0.26953125,-0.072463768
55,74,129,0.25195312,-0.14728682
39,64,103,0.20117188,-0.24271845
67,55,122,0.23828125,0.098360656
63,60,123,0.24023438,0.024390244
84,51,135,0.26367188,0.24444444
45,81,126,0.24609375,-0.28571429
56,56,112,0.21875,0
64,60,124,0.2421875,0.032258065
63,54,117,0.22851562,0.076923077
56,70,126,0.24609375,-0.11111111
50,58,108,0.2109375,-0.074074074
60,65,125,0.24414062,-0.04
53,70,123,0.24023438,-0.13821138
68,43,111,0.21679688,0.22522523
61,52,113,0.22070312,0.079646018
57,70,127,0.24804688,-0.1023622
59,60,119,0.23242188,-0.0084033613
45,69,114,0.22265625,-0.21052632
61,49,110,0.21484375,0.10909091
52,75,127,0.24804688,-0.18110236
55,61,116,0.2265625,-0.051724138
64,66,130,0.25390625,-0.015384615
72,49,121,0.23632812,0.19008264
50,66,116,0.2265625,-0.13793103
54,65,119,0.23242188,-0.092436975
64,55,119,0.23242188,0.075630252
50,74,124,0.2421875,-0.19354839
64,56,120,0.234375,0.066666667
61,56,117,0.22851562,0.042735043
70,67,137,0.26757812,0.02189781
52,68,120,0.234375,-0.13333333
48,76,124,0.2421875,-0.22580645
69,46,115,0.22460938,0.2
67,59,126,0.24609375,0.063492063
84,44,128,0.25,0.3125
47,69,116,0.2265625,-0.18965517
86,34,120,0.234375,0.43333333
74,60,134,0.26171875,0.10447761
49,65,114,0.22265625,-0.14035088
81,48,129,0.25195312,0.25581395
59,57,116,0.2265625,0.017241379
73,53,126,0.24609375,0.15873016
45,77,122,0.23828125,-0.26229508
55,62,117,0.22851562,-0.05982906
77,58,135,0.26367188,0.14074074
62,61,123,0.24023438,0.0081300813
61,62,123,0.24023438,-0.0081300813
55,66,121,0.23632812,-0.090909091
51,71,122,0.23828125,-0.16393443
76,46,122,0.23828125,0.24590164
61,72,133,0.25976562,-0.082706767
56,66,122,0.23828125,-0.081967213
64,62,126,0.24609375,0.015873016
53,79,132,0.2578125,-0.1969697
54,69,123,0.24023438,-0.12195122
63,66,129,0.25195312,-0.023255814
56,55,111,0.21679688,0.009009009
46,67,113,0.22070312,-0.18584071
67,52,119,0.23242188,0.12605042
53,69,122,0.23828125,-0.13114754
52,90,142,0.27734375,-0.26760563
63,62,125,0.24414062,0.008
71,53,124,0.2421875,0.14516129
69,58,127,0.24804688,0.086614173
56,57,113,0.22070312,-0.0088495575
67,57,124,0.2421875,0.080645161
41,64,105,0.20507812,-0.21904762
55,60,115,0.22460938,-0.043478261
59,71,130,0.25390625,-0.092307692
66,60,126,0.24609375,0.047619048
70,55,125,0.24414062,0.12
56,67,123,0.24023438,-0.089430894
65,67,132,0.2578125,-0.015151515
51,72,123,0.24023438,-0.17073171
53,74,127,0.24804688,-0.16535433
83,41,124,0.2421875,0.33870968
66,65,131,0.25585938,0.0076335878
67,59,126,0.24609375,0.063492063
38,86,124,0.2421875,-0.38709677
43,70,113,0.22070312,-0.23893805
43,80,123,0.24023438,-0.30081301
79,44,123,0.24023438,0.28455285
60,51,111,0.21679688,0.081081081
68,49,117,0.22851562,0.16239316
67,50,117,0.22851562,0.14529915
56,75,131,0.25585938,-0.14503817
71,60,131,0.25585938,0.083969466
52,58,110,0.21484375,-0.054545455
57,65,122,0.23828125,-0.06557377
65,48,113,0.22070312,0.15044248
59,56,115,0.22460938,0.026086957
67,41,108,0.2109375,0.24074074
60,66,126,0.24609375,-0.047619048
49,73,122,0.23828125,-0.19672131
69,53,122,0.23828125,0.13114754
67,60,127,0.24804688,0.05511811
62,61,123,0.24023438,0.0081300813
45,71,116,0.2265625,-0.22413793
58,50,108,0.2109375,0.074074074
60,54,114,0.22265625,0.052631579
35,91,126,0.24609375,-0.44444444
59,69,128,0.25,-0.078125
48,61,109,0.21289062,-0.11926606
61,68,129,0.25195312,-0.054263566
64,59,123,0.24023438,0.040650407
67,49,116,0.2265625,0.15517241
68,60,128,0.25,0.0625
65,57,122,0.23828125,0.06557377
61,59,120,0.234375,0.016666667
45,73,118,0.23046875,-0.23728814
64,65,129,0.25195312,-0.007751938
72,59,131,0.25585938,0.099236641
62,53,115,0.22460938,0.07826087
67,50,117,0.22851562,0.14529915
54,61,115,0.22460938,-0.060869565
79,40,119,0.23242188,0.32773109
50,75,125,0.24414062,-0.2
55,65,120,0.234375,-0.083333333
55,77,132,0.2578125,-0.16666667
53,63,116,0.2265625,-0.086206897
78,62,140,0.2734375,0.11428571
48,71,119,0.23242188,-0.19327731
72,56,128,0.25,0.125
60,56,116,0.2265625,0.034482759
69,65,134,0.26171875,0.029850746
67,71,138,0.26953125,-0.028985507
56,58,114,0.22265625,-0.01754386
51,69,120,0.234375,-0.15
68,50,118,0.23046875,0.15254237
53,73,126,0.24609375,-0.15873016
41,78,119,0.23242188,-0.31092437
55,71,126,0.24609375,-0.12698413
40,78,118,0.23046875,-0.3220339
57,68,125,0.24414062,-0.088
56,71,127,0.24804688,-0.11811024
47,68,115,0.22460938,-0.1826087
61,63,124,0.2421875,-0.016129032
48,60,108,0.2109375,-0.11111111
58,49,107,0.20898438,0.08411215
57,65,122,0.23828125,-0.06557377
54,67,121,0.23632812,-0.10743802
77,44,121,0.23632812,0.27272727
53,75,128,0.25,-0.171875
63,55,118,0.23046875,0.06779661
59,56,115,0.22460938,0.026086957
66,49,115,0.22460938,0.14782609
70,63,133,0.25976562,0.052631579
45,62,107,0.20898438,-0.1588785
66,62,128,0.25,0.03125
80,34,114,0.22265625,0.40350877
68,57,125,0.24414062,0.088
55,76,131,0.25585938,-0.16030534
60,53,113,0.22070312,0.061946903
63,65,128,0.25,-0.015625
52,63,115,0.22460938,-0.095652174
56,62,118,0.23046875,-0.050847458
66,50,116,0.2265625,0.13793103
55,67,122,0.23828125,-0.098360656
67,60,127,0.24804688,0.05511811
91,30,121,0.23632812,0.50413223
64,52,116,0.2265625,0.10344828
56,61,117,0.22851562,-0.042735043
61,69,130,0.25390625,-0.061538462
46,71,117,0.22851562,-0.21367521
43,85,128,0.25,-0.328125
72,56,128,0.25,0.125
71,62,133,0.25976562,0.067669173
63,49,112,0.21875,0.125
58,68,126,0.24609375,-0.079365079
43,77,120,0.234375,-0.28333333
64,65,129,0.25195312,-0.007751938
56,66,122,0.23828125,-0.081967213
65,56,121,0.23632812,0.074380165
42,87,129,0.25195312,-0.34883721
52,70,122,0.23828125,-0.14754098
53,64,117,0.22851562,-0.094017094
55,58,113,0.22070312,-0.026548673
41,73,114,0.22265625,-0.28070175
47,68,115,0.22460938,-0.1826087
68,48,116,0.2265625,0.17241379
59,57,116,0.2265625,0.017241379
60,58,118,0.23046875,0.016949153
51,69,120,0.234375,-0.15
54,59,113,0.22070312,-0.044247788
45,61,106,0.20703125,-0.1509434
53,64,117,0.22851562,-0.094017094
52,79,131,0.25585938,-0.20610687
66,53,119,0.23242188,0.1092437
63,60,123,0.24023438,0.024390244
71,68,139,0.27148438,0.021582734
56,65,121,0.23632812,-0.074380165
56,64,120,0.234375,-0.066666667
69,48,117,0.22851562,0.17948718
57,72,129,0.25195312,-0.11627907
76,51,127,0.24804688,0.19685039
64,57,121,0.23632812,0.05785124
50,75,125,0.24414062,-0.2
55,60,115,0.22460938,-0.043478261
58,45,103,0.20117188,0.12621359
48,70,118,0.23046875,-0.18644068
62,60,122,0.23828125,0.016393443
57,57,114,0.22265625,0
52,71,123,0.24023438,-0.15447154
77,50,127,0.24804688,0.21259843
59,56,115,0.22460938,0.026086957
56,73,129,0.25195312,-0.13178295
62,57,119,0.23242188,0.042016807
50,67,117,0.22851562,-0.14529915
56,67,123,0.24023438,-0.089430894
42,74,116,0.2265625,-0.27586207
72,50,122,0.23828125,0.18032787
55,71,126,0.24609375,-0.12698413
65,54,119,0.23242188,0.092436975
75,53,128,0.25,0.171875
61,67,128,0.25,-0.046875
56,67,123,0.24023438,-0.089430894
63,59,122,0.23828125,0.032786885
60,68,128,0.25,-0.0625
77,47,124,0.2421875,0.24193548
59,65,124,0.2421875,-0.048387097
58,50,108,0.2109375,0.074074074
57,61,118,0.23046875,-0.033898305
59,62,121,0.23632812,-0.024793388
57,67,124,0.2421875,-0.080645161
62,61,123,0.24023438,0.0081300813
73,47,120,0.234375,0.21666667
69,57,126,0.24609375,0.095238095
70,58,128,0.25,0.09375
63,61,124,0.2421875,0.016129032
77,58,135,0.26367188,0.14074074
69,47,116,0.2265625,0.18965517
68,52,120,0.234375,0.13333333
66,52,118,0.23046875,0.11864407
76,45,121,0.23632812,0.25619835
65,51,116,0.2265625,0.12068966
62,56,118,0.23046875,0.050847458
61,57,118,0.23046875,0.033898305
39,88,127,0.24804688,-0.38582677
49,55,104,0.203125,-0.057692308
44,65,109,0.21289062,-0.19266055
50,74,124,0.2421875,-0.19354839
55,66,121,0.23632812,-0.090909091
50,61,111,0.21679688,-0.099099099
52,65,117,0.22851562,-0.11111111
58,58,116,0.2265625,0
63,46,109,0.21289062,0.1559633
45,72,117,0.22851562,-0.23076923
61,71,132,0.2578125,-0.075757576
68,56,124,0.2421875,0.096774194
65,48,113,0.22070312,0.15044248
66,48,114,0.22265625,0.15789474
70,61,131,0.25585938,0.06870229
72,58,130,0.25390625,0.10769231
59,63,122,0.23828125,-0.032786885
69,44,113,0.22070312,0.22123894
68,48,116,0.2265625,0.17241379
68,47,115,0.22460938,0.1826087
68,65,133,0.25976562,0.022556391
61,71,132,0.2578125,-0.075757576
54,52,106,0.20703125,0.018867925
56,57,113,0.22070312,-0.0088495575
76,54,130,0.25390625,0.16923077
66,54,120,0.234375,0.1
67,63,130,0.25390625,0.030769231
52,50,102,0.19921875,0.019607843
51,68,119,0.23242188,-0.14285714
41,62,103,0.20117188,-0.2038835
62,50,112,0.21875,0.10714286
74,61,135,0.26367188,0.096296296
57,66,123,0.24023438,-0.073170732
49,92,141,0.27539062,-0.30496454
57,71,128,0.25,-0.109375
77,56,133,0.25976562,0.15789474
54,66,120,0.234375,-0.1
58,66,124,0.2421875,-0.064516129
51,68,119,0.23242188,-0.14285714
69,51,120,0.234375,0.15
66,44,110,0.21484375,0.2
69,48,117,0.22851562,0.17948718
58,51,109,0.21289062,0.064220183
58,68,126,0.24609375,-0.079365079
82,45,127,0.24804688,0.29133858
66,49,115,0.22460938,0.14782609
69,56,125,0.24414062,0.104
40,72,112,0.21875,-0.28571429
66,67,133,0.25976562,-0.007518797
65,52,117,0.22851562,0.11111111
57,58,115,0.22460938,-0.0086956522
49,64,113,0.22070312,-0.13274336
71,49,120,0.234375,0.18333333
70,61,131,0.25585938,0.06870229
67,49,116,0.2265625,0.15517241
46,66,112,0.21875,-0.17857143
53,59,112,0.21875,-0.053571429
60,59,119,0.23242188,0.0084033613
48,80,128,0.25,-0.25
63,61,124,0.2421875,0.016129032
41,70,111,0.21679688,-0.26126126
65,59,124,0.2421875,0.048387097
50,67,117,0.22851562,-0.14529915
62,67,129,0.25195312,-0.03875969
60,64,124,0.2421875,-0.032258065
58,68,126,0.24609375,-0.079365079
53,57,110,0.21484375,-0.036363636
64,50,114,0.22265625,0.12280702
56,62,118,0.23046875,-0.050847458
72,59,131,0.25585938,0.099236641
47,69,116,0.2265625,-0.18965517
52,64,116,0.2265625,-0.10344828
66,60,126,0.24609375,0.047619048
68,53,121,0.23632812,0.12396694
67,43,110,0.21484375,0.21818182
46,61,107,0.20898438,-0.14018692
54,57,111,0.21679688,-0.027027027
53,72,125,0.24414062,-0.152
65,69,134,0.26171875,-0.029850746
60,68,128,0.25,-0.0625
57,63,120,0.234375,-0.05
72,64,136,0.265625,0.058823529
56,65,121,0.23632812,-0.074380165
50,59,109,0.21289062,-0.082568807
42,64,106,0.20703125,-0.20754717
70,48,118,0.23046875,0.18644068
44,80,124,0.2421875,-0.29032258
60,65,125,0.24414062,-0.04
56,66,122,0.23828125,-0.081967213
53,65,118,0.23046875,-0.10169492
64,58,122,0.23828125,0.049180328
57,63,120,0.234375,-0.05
51,85,136,0.265625,-0.25
30,85,115,0.22460938,-0.47826087
68,47,115,0.22460938,0.1826087
67,65,132,0.2578125,0.015151515
55,56,111,0.21679688,-0.009009009
81,42,123,0.24023438,0.31707317
70,61,131,0.25585938,0.06870229
59,77,136,0.265625,-0.13235294
74,55,129,0.25195312,0.14728682
63,58,121,0.23632812,0.041322314
41,77,118,0.23046875,-0.30508475
57,72,129,0.25195312,-0.11627907
69,60,129,0.25195312,0.069767442
88,38,126,0.24609375,0.3968254
74,49,123,0.24023438,0.20325203
73,45,118,0.23046875,0.23728814
56,56,112,0.21875,0
81,47,128,0.25,0.265625
58,62,120,0.234375,-0.033333333
50,63,113,0.22070312,-0.11504425
62,65,127,0.24804688,-0.023622047
46,70,116,0.2265625,-0.20689655
54,66,120,0.234375,-0.1
54,64,118,0.23046875,-0.084745763
59,59,118,0.23046875,0
63,62,125,0.24414062,0.008
83,45,128,0.25,0.296875
60,56,116,0.2265625,0.034482759
57,50,107,0.20898438,0.065420561
74,48,122,0.23828125,0.21311475
41,69,110,0.21484375,-0.25454545
57,76,133,0.25976562,-0.14285714
57,68,125,0.24414062,-0.088
76,39,115,0.22460938,0.32173913
59,54,113,0.22070312,0.044247788
71,47,118,0.23046875,0.20338983
62,62,124,0.2421875,0
65,60,125,0.24414062,0.04
54,64,118,0.23046875,-0.084745763
54,62,116,0.2265625,-0.068965517
45,77,122,0.23828125,-0.26229508
54,62,116,0.2265625,-0.068965517
72,42,114,0.22265625,0.26315789
67,49,116,0.2265625,0.15517241
68,51,119,0.23242188,0.14285714
66,44,110,0.21484375,0.2
53,80,133,0.25976562,-0.20300752
60,52,112,0.21875,0.071428571
52,59,111,0.21679688,-0.063063063
40,61,101,0.19726562,-0.20792079
52,91,143,0.27929688,-0.27272727
56,50,106,0.20703125,0.056603774
69,62,131,0.25585938,0.053435115
75,46,121,0.23632812,0.23966942
56,70,126,0.24609375,-0.11111111
56,70,126,0.24609375,-0.11111111
60,59,119,0.23242188,0.0084033613
53,73,126,0.24609375,-0.15873016
64,47,111,0.21679688,0.15315315
56,59,115,0.22460938,-0.026086957
53,74,127,0.24804688,-0.16535433
58,69,127,0.24804688,-0.086614173
55,60,115,0.22460938,-0.043478261
50,80,130,0.25390625,-0.23076923
51,59,110,0.21484375,-0.072727273
78,53,131,0.25585938,0.19083969
72,57,129,0.25195312,0.11627907
58,67,125,0.24414062,-0.072
51,57,108,0.2109375,-0.055555556
60,68,128,0.25,-0.0625
68,61,129,0.25195312,0.054263566
70,55,125,0.24414062,0.12
45,68,113,0.22070312,-0.20353982
84,43,127,0.24804688,0.32283465
55,68,123,0.24023438,-0.10569106
64,64,128,0.25,0
52,61,113,0.22070312,-0.079646018
58,60,118,0.23046875,-0.016949153
56,51,107,0.20898438,0.046728972
68,54,122,0.23828125,0.1147541
53,70,123,0.24023438,-0.13821138
34,70,104,0.203125,-0.34615385
58,54,112,0.21875,0.035714286
55,65,120,0.234375,-0.083333333
69,54,123,0.24023438,0.12195122
48,69,117,0.22851562,-0.17948718
55,74,129,0.25195312,-0.14728682
55,71,126,0.24609375,-0.12698413
64,45,109,0.21289062,0.17431193
65,56,121,0.23632812,0.074380165
67,51,118,0.23046875,0.13559322
43,78,121,0.23632812,-0.2892562
58,66,124,0.2421875,-0.064516129
64,61,125,0.24414062,0.024
58,64,122,0.23828125,-0.049180328
39,78,117,0.22851562,-0.33333333
50,80,130,0.25390625,-0.23076923
53,73,126,0.24609375,-0.15873016
70,48,118,0.23046875,0.18644068
61,57,118,0.23046875,0.033898305
53,65,118,0.23046875,-0.10169492
67,59,126,0.24609375,0.063492063
68,48,116,0.2265625,0.17241379
68,60,128,0.25,0.0625
52,69,121,0.23632812,-0.14049587
72,51,123,0.24023438,0.17073171
73,56,129,0.25195312,0.13178295
68,52,120,0.234375,0.13333333
68,48,116,0.2265625,0.17241379
49,60,109,0.21289062,-0.10091743
63,58,121,0.23632812,0.041322314
55,52,107,0.20898438,0.028037383
54,73,127,0.24804688,-0.1496063
47,64,111,0.21679688,-0.15315315
57,60,117,0.22851562,-0.025641026
61,63,124,0.2421875,-0.016129032
42,63,105,0.20507812,-0.2
72,49,121,0.23632812,0.19008264
64,63,127,0.24804688,0.0078740157
59,55,114,0.22265625,0.035087719
67,61,128,0.25,0.046875
70,48,118,0.23046875,0.18644068
59,52,111,0.21679688,0.063063063
63,51,114,0.22265625,0.10526316
53,62,115,0.22460938,-0.07826087
52,66,118,0.23046875,-0.11864407
50,73,123,0.24023438,-0.18699187
53,61,114,0.22265625,-0.070175439
65,53,118,0.23046875,0.10169492
59,59,118,0.23046875,0
63,57,120,0.234375,0.05
62,59,121,0.23632812,0.024793388
59,65,124,0.2421875,-0.048387097
80,50,130,0.25390625,0.23076923
48,68,116,0.2265625,-0.17241379
55,69,124,0.2421875,-0.11290323
40,66,106,0.20703125,-0.24528302
73,58,131,0.25585938,0.11450382
56,73,129,0.25195312,-0.13178295
58,68,126,0.24609375,-0.079365079
64,58,122,0.23828125,0.049180328
56,67,123,0.24023438,-0.089430894
62,48,110,0.21484375,0.12727273
53,56,109,0.21289062,-0.027522936
61,56,117,0.22851562,0.042735043
59,50,109,0.21289062,0.082568807
57,55,112,0.21875,0.017857143
53,69,122,0.23828125,-0.13114754
65,70,135,0.26367188,-0.037037037
50,73,123,0.24023438,-0.18699187
50,76,126,0.24609375,-0.20634921
52,78,130,0.25390625,-0.2
63,54,117,0.22851562,0.076923077
47,72,119,0.23242188,-0.21008403
74,46,120,0.234375,0.23333333
50,72,122,0.23828125,-0.18032787
91,49,140,0.2734375,0.3
55,56,111,0.21679688,-0.009009009
56,63,119,0.23242188,-0.058823529
52,69,121,0.23632812,-0.14049587
58,64,122,0.23828125,-0.049180328
58,67,125,0.24414062,-0.072
51,75,126,0.24609375,-0.19047619
62,55,117,0.22851562,0.05982906
55,71,126,0.24609375,-0.12698413
71,56,127,0.24804688,0.11811024
92,40,132,0.2578125,0.39393939
40,84,124,0.2421875,-0.35483871
79,47,126,0.24609375,0.25396825
73,53,126,0.24609375,0.15873016
74,47,121,0.23632812,0.2231405
72,54,126,0.24609375,0.14285714
62,60,122,0.23828125,0.016393443
48,65,113,0.22070312,-0.15044248
48,67,115,0.22460938,-0.16521739
59,58,117,0.22851562,0.0085470085
64,55,119,0.23242188,0.075630252
67,58,125,0.24414062,0.072
51,55,106,0.20703125,-0.037735849
60,56,116,0.2265625,0.034482759
76,47,123,0.24023438,0.23577236
64,62,126,0.24609375,0.015873016
67,56,123,0.24023438,0.089430894
66,57,123,0.24023438,0.073170732
63,73,136,0.265625,-0.073529412
71,55,126,0.24609375,0.12698413
61,66,127,0.24804688,-0.039370079
63,58,121,0.23632812,0.041322314
41,77,118,0.23046875,-0.30508475
60,60,120,0.234375,0
59,54,113,0.22070312,0.044247788
80,48,128,0.25,0.25
49,60,109,0.21289062,-0.10091743
53,63,116,0.2265625,-0.086206897
82,53,135,0.26367188,0.21481481
58,67,125,0.24414062,-0.072
64,64,128,0.25,0
55,48,103,0.20117188,0.067961165
67,62,129,0.25195312,0.03875969
70,53,123,0.24023438,0.13821138
75,50,125,0.24414062,0.2
67,51,118,0.23046875,0.13559322
63,64,127,0.24804688,-0.0078740157
54,62,116,0.2265625,-0.068965517
51,81,132,0.2578125,-0.22727273
52,68,120,0.234375,-0.13333333
65,50,115,0.22460938,0.13043478
52,57,109,0.21289062,-0.04587156
54,67,121,0.23632812,-0.10743802
39,81,120,0.234375,-0.35
62,68,130,0.25390625,-0.046153846
57,65,122,0.23828125,-0.06557377
68,60,128,0.25,0.0625
50,70,120,0.234375,-0.16666667
86,46,132,0.2578125,0.3030303
54,61,115,0.22460938,-0.060869565
59,64,123,0.24023438,-0.040650407
52,69,121,0.23632812,-0.14049587
40,69,109,0.21289062,-0.26605505
73,52,125,0.24414062,0.168
59,66,125,0.24414062,-0.056
46,63,109,0.21289062,-0.1559633
51,70,121,0.23632812,-0.15702479
61,50,111,0.21679688,0.099099099
41,77,118,0.23046875,-0.30508475
74,53,127,0.24804688,0.16535433
52,65,117,0.22851562,-0.11111111
56,52,108,0.2109375,0.037037037
66,60,126,0.24609375,0.047619048
73,60,133,0.25976562,0.097744361
57,63,120,0.234375,-0.05
62,73,135,0.26367188,-0.081481481
72,45,117,0.22851562,0.23076923
56,44,100,0.1953125,0.12
44,89,133,0.25976562,-0.33834586
74,46,120,0.234375,0.23333333
66,62,128,0.25,0.03125
47,75,122,0.23828125,-0.2295082
64,42,106,0.20703125,0.20754717
71,46,117,0.22851562,0.21367521
42,71,113,0.22070312,-0.25663717
60,60,120,0.234375,0
56,68,124,0.2421875,-0.096774194
58,76,134,0.26171875,-0.13432836
60,52,112,0.21875,0.071428571
61,66,127,0.24804688,-0.039370079
66,63,129,0.25195312,0.023255814
77,53,130,0.25390625,0.18461538
59,55,114,0.22265625,0.035087719
60,73,133,0.25976562,-0.097744361
47,72,119,0.23242188,-0.21008403
55,53,108,0.2109375,0.018518519
60,57,117,0.22851562,0.025641026
46,65,111,0.21679688,-0.17117117
54,69,123,0.24023438,-0.12195122
87,39,126,0.24609375,0.38095238
41,72,113,0.22070312,-0.27433628
52,66,118,0.23046875,-0.11864407
65,59,124,0.2421875,0.048387097
61,58,119,0.23242188,0.025210084
71,55,126,0.24609375,0.12698413
51,66,117,0.22851562,-0.12820513
49,59,108,0.2109375,-0.092592593
48,72,120,0.234375,-0.2
81,47,128,0.25,0.265625
77,40,117,0.22851562,0.31623932
48,74,122,0.23828125,-0.21311475
48,72,120,0.234375,-0.2
42,90,132,0.2578125,-0.36363636
62,58,120,0.234375,0.033333333
56,74,130,0.25390625,-0.13846154
80,48,128,0.25,0.25
50,66,116,0.2265625,-0.13793103
68,58,126,0.24609375,0.079365079
48,78,126,0.24609375,-0.23809524
55,68,123,0.24023438,-0.10569106
46,80,126,0.24609375,-0.26984127
53,72,125,0.24414062,-0.152
63,57,120,0.234375,0.05
64,70,134,0.26171875,-0.044776119
67,55,122,0.23828125,0.098360656
56,72,128,0.25,-0.125
49,76,125,0.24414062,-0.216
60,56,116,0.2265625,0.034482759
57,58,115,0.22460938,-0.0086956522
55,66,121,0.23632812,-0.090909091
68,40,108,0.2109375,0.25925926
58,56,114,0.22265625,0.01754386
63,45,108,0.2109375,0.16666667
54,71,125,0.24414062,-0.136
66,56,122,0.23828125,0.081967213
73,43,116,0.2265625,0.25862069
60,69,129,0.25195312,-0.069767442
68,55,123,0.24023438,0.10569106
52,64,116,0.2265625,-0.10344828
54,64,118,0.23046875,-0.084745763
56,74,130,0.25390625,-0.13846154
65,50,115,0.22460938,0.13043478
60,65,125,0.24414062,-0.04
66,60,126,0.24609375,0.047619048
54,60,114,0.22265625,-0.052631579
51,61,112,0.21875,-0.089285714
51,54,105,0.20507812,-0.028571429
53,63,116,0.2265625,-0.086206897
73,51,124,0.2421875,0.17741935
76,51,127,0.24804688,0.19685039
78,46,124,0.2421875,0.25806452
71,50,121,0.23632812,0.17355372
67,53,120,0.234375,0.11666667
44,74,118,0.23046875,-0.25423729
46,61,107,0.20898438,-0.14018692
50,66,116,0.2265625,-0.13793103
34,88,122,0.23828125,-0.44262295
62,61,123,0.24023438,0.0081300813
59,55,114,0.22265625,0.035087719
70,48,118,0.23046875,0.18644068
46,68,114,0.22265625,-0.19298246
61,67,128,0.25,-0.046875
46,65,111,0.21679688,-0.17117117
67,53,120,0.234375,0.11666667
71,49,120,0.234375,0.18333333
54,68,122,0.23828125,-0.1147541
65,38,103,0.20117188,0.26213592
62,57,119,0.23242188,0.042016807
54,56,110,0.21484375,-0.018181818
65,53,118,0.23046875,0.10169492
73,59,132,0.2578125,0.10606061
50,69,119,0.23242188,-0.15966387
70,62,132,0.2578125,0.060606061
50,57,107,0.20898438,-0.065420561
56,63,119,0.23242188,-0.058823529
41,92,133,0.25976562,-0.38345865
59,53,112,0.21875,0.053571429
67,70,137,0.26757812,-0.02189781
62,61,123,0.24023438,0.0081300813
58,63,121,0.23632812,-0.041322314
62,60,122,0.23828125,0.016393443
37,81,118,0.23046875,-0.37288136
78,50,128,0.25,0.21875
60,45,105,0.20507812,0.14285714
43,77,120,0.234375,-0.28333333
53,69,122,0.23828125,-0.13114754
64,57,121,0.23632812,0.05785124
58,58,116,0.2265625,0
72,55,127,0.24804688,0.13385827
70,48,118,0.23046875,0.18644068
57,67,124,0.2421875,-0.080645161
62,55,117,0.22851562,0.05982906
67,47,114,0.22265625,0.1754386
52,65,117,0.22851562,-0.11111111
68,63,131,0.25585938,0.038167939
53,72,125,0.24414062,-0.152
63,63,126,0.24609375,0
60,75,135,0.26367188,-0.11111111
53,63,116,0.2265625,-0.086206897
61,65,126,0.24609375,-0.031746032
73,52,125,0.24414062,0.168
60,54,114,0.22265625,0.052631579
73,55,128,0.25,0.140625
90,44,134,0.26171875,0.34328358
71,63,134,0.26171875,0.059701493
56,66,122,0.23828125,-0.081967213
79,44,123,0.24023438,0.28455285
46,65,111,0.21679688,-0.17117117
65,51,116,0.2265625,0.12068966
56,69,125,0.24414062,-0.104
60,63,123,0.24023438,-0.024390244
70,57,127,0.24804688,0.1023622
74,53,127,0.24804688,0.16535433
51,71,122,0.23828125,-0.16393443
73,57,130,0.25390625,0.12307692
48,59,107,0.20898438,-0.10280374
66,73,139,0.27148438,-0.050359712
62,54,116,0.2265625,0.068965517
57,68,125,0.24414062,-0.088
62,60,122,0.23828125,0.016393443
42,77,119,0.23242188,-0.29411765
64,59,123,0.24023438,0.040650407
45,77,122,0.23828125,-0.26229508
59,79,138,0.26953125,-0.14492754
73,45,118,0.23046875,0.23728814
51,79,130,0.25390625,-0.21538462
62,54,116,0.2265625,0.068965517
66,58,124,0.2421875,0.064516129
63,41,104,0.203125,0.21153846
57,63,120,0.234375,-0.05
64,53,117,0.22851562,0.094017094
50,71,121,0.23632812,-0.17355372
52,56,108,0.2109375,-0.037037037
59,59,118,0.23046875,0
61,51,112,0.21875,0.089285714
64,54,118,0.23046875,0.084745763
72,49,121,0.23632812,0.19008264
42,71,113,0.22070312,-0.25663717
45,67,112,0.21875,-0.19642857
57,69,126,0.24609375,-0.095238095
75,44,119,0.23242188,0.2605042
66,55,121,0.23632812,0.090909091
53,54,107,0.20898438,-0.0093457944
54,62,116,0.2265625,-0.068965517
60,58,118,0.23046875,0.016949153
65,71,136,0.265625,-0.044117647
65,57,122,0.23828125,0.06557377
49,68,117,0.22851562,-0.16239316
58,70,128,0.25,-0.09375
73,56,129,0.25195312,0.13178295
53,70,123,0.24023438,-0.13821138
75,50,125,0.24414062,0.2
53,75,128,0.25,-0.171875
66,57,123,0.24023438,0.073170732
41,76,117,0.22851562,-0.2991453
78,50,128,0.25,0.21875
65,46,111,0.21679688,0.17117117
70,46,116,0.2265625,0.20689655
64,51,115,0.22460938,0.11304348
63,53,116,0.2265625,0.086206897
58,60,118,0.23046875,-0.016949153
91,31,122,0.23828125,0.49180328
57,62,119,0.23242188,-0.042016807
64,47,111,0.21679688,0.15315315
50,66,116,0.2265625,-0.13793103
68,55,123,0.24023438,0.10569106
51,73,124,0.2421875,-0.17741935
66,52,118,0.23046875,0.11864407
57,66,123,0.24023438,-0.073170732
65,64,129,0.25195312,0.007751938
68,56,124,0.2421875,0.096774194
54,59,113,0.22070312,-0.044247788
76,51,127,0.24804688,0.19685039
75,47,122,0.23828125,0.2295082
71,54,125,0.24414062,0.136
73,61,134,0.26171875,0.089552239
58,71,129,0.25195312,-0.10077519
62,54,116,0.2265625,0.068965517
64,57,121,0.23632812,0.05785124
65,59,124,0.2421875,0.048387097
71,53,124,0.2421875,0.14516129
75,53,128,0.25,0.171875
66,50,116,0.2265625,0.13793103
85,38,123,0.24023438,0.38211382
36,78,114,0.22265625,-0.36842105
50,66,116,0.2265625,-0.13793103
60,68,128,0.25,-0.0625
54,60,114,0.22265625,-0.052631579
82,44,126,0.24609375,0.3015873
75,52,127,0.24804688,0.18110236
45,74,119,0.23242188,-0.24369748
49,57,106,0.20703125,-0.075471698
44,67,111,0.21679688,-0.20720721
72,56,128,0.25,0.125
50,75,125,0.24414062,-0.2
61,56,117,0.22851562,0.042735043
68,50,118,0.23046875,0.15254237
87,52,139,0.27148438,0.25179856
35,73,108,0.2109375,-0.35185185
49,63,112,0.21875,-0.125
64,50,114,0.22265625,0.12280702
65,57,122,0.23828125,0.06557377
59,67,126,0.24609375,-0.063492063
60,71,131,0.25585938,-0.083969466
73,68,141,0.27539062,0.035460993
63,67,130,0.25390625,-0.030769231
79,41,120,0.234375,0.31666667
57,60,117,0.22851562,-0.025641026
58,63,121,0.23632812,-0.041322314
62,49,111,0.21679688,0.11711712
49,58,107,0.20898438,-0.08411215
55,57,112,0.21875,-0.017857143
67,58,125,0.24414062,0.072
54,57,111,0.21679688,-0.027027027
63,62,125,0.24414062,0.008
78,43,121,0.23632812,0.2892562
69,49,118,0.23046875,0.16949153
67,51,118,0.23046875,0.13559322
60,53,113,0.22070312,0.061946903
78,45,123,0.24023438,0.26829268
71,60,131,0.25585938,0.083969466
54,54,108,0.2109375,0
48,68,116,0.2265625,-0.17241379
55,57,112,0.21875,-0.017857143
62,51,113,0.22070312,0.097345133
55,57,112,0.21875,-0.017857143
75,50,125,0.24414062,0.2
55,51,106,0.20703125,0.037735849
63,50,113,0.22070312,0.11504425
62,52,114,0.22265625,0.087719298
61,56,117,0.22851562,0.042735043
53,60,113,0.22070312,-0.061946903
69,58,127,0.24804688,0.086614173
42,74,116,0.2265625,-0.27586207
72,47,119,0.23242188,0.21008403
54,68,122,0.23828125,-0.1147541
45,66,111,0.21679688,-0.18918919
62,73,135,0.26367188,-0.081481481
62,50,112,0.21875,0.10714286
65,51,116,0.2265625,0.12068966
57,72,129,0.25195312,-0.11627907
58,60,118,0.23046875,-0.016949153
49,59,108,0.2109375,-0.092592593
68,65,133,0.25976562,0.022556391
77,45,122,0.23828125,0.26229508
42,74,116,0.2265625,-0.27586207
58,74,132,0.2578125,-0.12121212
54,47,101,0.19726562,0.069306931
64,62,126,0.24609375,0.015873016
76,37,113,0.22070312,0.34513274
78,44,122,0.23828125,0.27868852
68,53,121,0.23632812,0.12396694
55,59,114,0.22265625,-0.035087719
72,53,125,0.24414062,0.152
67,59,126,0.24609375,0.063492063
48,71,119,0.23242188,-0.19327731
58,50,108,0.2109375,0.074074074
73,44,117,0.22851562,0.24786325
60,59,119,0.23242188,0.0084033613
66,58,124,0.2421875,0.064516129
58,60,118,0.23046875,-0.016949153
72,50,122,0.23828125,0.18032787
62,63,125,0.24414062,-0.008
69,60,129,0.25195312,0.069767442
57,74,131,0.25585938,-0.12977099
69,50,119,0.23242188,0.15966387
41,91,132,0.2578125,-0.37878788
52,68,120,0.234375,-0.13333333
59,56,115,0.22460938,0.026086957
62,64,126,0.24609375,-0.015873016
57,63,120,0.234375,-0.05
63,56,119,0.23242188,0.058823529
55,57,112,0.21875,-0.017857143
51,74,125,0.24414062,-0.184
68,58,126,0.24609375,0.079365079
64,59,123,0.24023438,0.040650407
64,71,135,0.26367188,-0.051851852
54,67,121,0.23632812,-0.10743802
47,70,117,0.22851562,-0.1965812
67,50,117,0.22851562,0.14529915
74,54,128,0.25,0.15625
62,63,125,0.24414062,-0.008
64,65,129,0.25195312,-0.007751938
89,43,132,0.2578125,0.34848485
63,62,125,0.24414062,0.008
68,40,108,0.2109375,0.25925926
82,42,124,0.2421875,0.32258065
59,53,112,0.21875,0.053571429
54,70,124,0.2421875,-0.12903226
75,53,128,0.25,0.171875
73,64,137,0.26757812,0.065693431
59,60,119,0.23242188,-0.0084033613
57,54,111,0.21679688,0.027027027
56,51,107,0.20898438,0.046728972
63,50,113,0.22070312,0.11504425
64,45,109,0.21289062,0.17431193
51,66,117,0.22851562,-0.12820513
45,54,99,0.19335938,-0.090909091
51,61,112,0.21875,-0.089285714
51,55,106,0.20703125,-0.037735849
45,72,117,0.22851562,-0.23076923
56,63,119,0.23242188,-0.058823529
65,57,122,0.23828125,0.06557377
61,66,127,0.24804688,-0.039370079
53,67,120,0.234375,-0.11666667
50,50,100,0.1953125,0
54,66,120,0.234375,-0.1
59,58,117,0.22851562,0.0085470085
89,44,133,0.25976562,0.33834586
56,53,109,0.21289062,0.027522936
78,57,135,0.26367188,0.15555556
47,60,107,0.20898438,-0.12149533
64,48,112,0.21875,0.14285714
85,48,133,0.25976562,0.27819549
58,71,129,0.25195312,-0.10077519
47,89,136,0.265625,-0.30882353
51,87,138,0.26953125,-0.26086957
54,63,117,0.22851562,-0.076923077
62,57,119,0.23242188,0.042016807
44,73,117,0.22851562,-0.24786325
64,52,116,0.2265625,0.10344828
59,65,124,0.2421875,-0.048387097
71,57,128,0.25,0.109375
53,58,111,0.21679688,-0.045045045
69,49,118,0.23046875,0.16949153
78,49,127,0.24804688,0.22834646
80,45,125,0.24414062,0.28
64,57,121,0.23632812,0.05785124
61,63,124,0.2421875,-0.016129032
64,49,113,0.22070312,0.13274336
46,61,107,0.20898438,-0.14018692
57,65,122,0.23828125,-0.06557377
65,51,116,0.2265625,0.12068966
54,86,140,0.2734375,-0.22857143
63,51,114,0.22265625,0.10526316
71,55,126,0.24609375,0.12698413
70,54,124,0.2421875,0.12903226
62,51,113,0.22070312,0.097345133
52,70,122,0.23828125,-0.14754098
75,49,124,0.2421875,0.20967742
43,70,113,0.22070312,-0.23893805
57,61,118,0.23046875,-0.033898305
66,58,124,0.2421875,0.064516129
42,67,109,0.21289062,-0.2293578
73,51,124,0.2421875,0.17741935
63,75,138,0.26953125,-0.086956522
49,69,118,0.23046875,-0.16949153
48,76,124,0.2421875,-0.22580645
89,40,129,0.25195312,0.37984496
60,59,119,0.23242188,0.0084033613
56,64,120,0.234375,-0.066666667
70,67,137,0.26757812,0.02189781
58,67,125,0.24414062,-0.072
54,58,112,0.21875,-0.035714286
49,59,108,0.2109375,-0.092592593
60,54,114,0.22265625,0.052631579
49,73,122,0.23828125,-0.19672131
53,77,130,0.25390625,-0.18461538
60,70,130,0.25390625,-0.076923077
77,61,138,0.26953125,0.11594203
73,52,125,0.24414062,0.168
70,51,121,0.23632812,0.15702479
63,60,123,0.24023438,0.024390244
63,49,112,0.21875,0.125
56,68,124,0.2421875,-0.096774194
36,93,129,0.25195312,-0.44186047
60,64,124,0.2421875,-0.032258065
72,63,135,0.26367188,0.066666667
57,54,111,0.21679688,0.027027027
58,71,129,0.25195312,-0.10077519
62,58,120,0.234375,0.033333333
55,61,116,0.2265625,-0.051724138
50,75,125,0.24414062,-0.2
64,59,123,0.24023438,0.040650407
60,70,130,0.25390625,-0.076923077
52,57,109,0.21289062,-0.04587156
69,44,113,0.22070312,0.22123894
65,53,118,0.23046875,0.10169492
54,80,134,0.26171875,-0.19402985
65,54,119,0.23242188,0.092436975
62,56,118,0.23046875,0.050847458
46,71,117,0.22851562,-0.21367521
58,56,114,0.22265625,0.01754386
70,59,129,0.25195312,0.085271318
44,64,108,0.2109375,-0.18518519
63,56,119,0.23242188,0.058823529
52,53,105,0.20507812,-0.0095238095
78,45,123,0.24023438,0.26829268
50,65,115,0.22460938,-0.13043478
51,75,126,0.24609375,-0.19047619
62,64,126,0.24609375,-0.015873016
54,73,127,0.24804688,-0.1496063
60,67,127,0.24804688,-0.05511811
63,71,134,0.26171875,-0.059701493
54,68,122,0.23828125,-0.1147541
60,61,121,0.23632812,-0.0082644628
68,51,119,0.23242188,0.14285714
56,68,124,0.2421875,-0.096774194
67,53,120,0.234375,0.11666667
60,73,133,0.25976562,-0.097744361
64,53,117,0.22851562,0.094017094
72,49,121,0.23632812,0.19008264
50,74,124,0.2421875,-0.19354839
64,54,118,0.23046875,0.084745763
66,50,116,0.2265625,0.13793103
61,56,117,0.22851562,0.042735043
65,66,131,0.25585938,-0.0076335878
65,77,142,0.27734375,-0.084507042
70,56,126,0.24609375,0.11111111
57,69,126,0.24609375,-0.095238095
62,55,117,0.22851562,0.05982906
58,64,122,0.23828125,-0.049180328
73,54,127,0.24804688,0.1496063
67,56,123,0.24023438,0.089430894
71,46,117,0.22851562,0.21367521
62,57,119,0.23242188,0.042016807
59,57,116,0.2265625,0.017241379
58,55,113,0.22070312,0.026548673
54,62,116,0.2265625,-0.068965517
62,60,122,0.23828125,0.016393443
68,66,134,0.26171875,0.014925373
50,59,109,0.21289062,-0.082568807
57,68,125,0.24414062,-0.088
62,52,114,0.22265625,0.087719298
59,54,113,0.22070312,0.044247788
66,52,118,0.23046875,0.11864407
43,72,115,0.22460938,-0.25217391
43,91,134,0.26171875,-0.35820896
47,69,116,0.2265625,-0.18965517
60,65,125,0.24414062,-0.04
50,69,119,0.23242188,-0.15966387
68,54,122,0.23828125,0.1147541
54,63,117,0.22851562,-0.076923077
46,69,115,0.22460938,-0.2
59,66,125,0.24414062,-0.056
37,75,112,0.21875,-0.33928571
63,64,127,0.24804688,-0.0078740157
50,67,117,0.22851562,-0.14529915
38,79,117,0.22851562,-0.35042735
55,65,120,0.234375,-0.083333333
71,52,123,0.24023438,0.15447154
47,58,105,0.20507812,-0.1047619
61,59,120,0.234375,0.016666667
38,73,111,0.21679688,-0.31531532
64,48,112,0.21875,0.14285714
58,65,123,0.24023438,-0.056910569
51,70,121,0.23632812,-0.15702479
49,70,119,0.23242188,-0.17647059
49,71,120,0.234375,-0.18333333
67,62,129,0.25195312,0.03875969
75,51,126,0.24609375,0.19047619
59,74,133,0.25976562,-0.11278195
60,68,128,0.25,-0.0625
61,65,126,0.24609375,-0.031746032
59,65,124,0.2421875,-0.048387097
59,67,126,0.24609375,-0.063492063
72,52,124,0.2421875,0.16129032
56,56,112,0.21875,0
60,55,115,0.22460938,0.043478261
63,51,114,0.22265625,0.10526316
65,47,112,0.21875,0.16071429
57,64,121,0.23632812,-0.05785124
58,67,125,0.24414062,-0.072
65,60,125,0.24414062,0.04
62,77,139,0.27148438,-0.10791367
55,60,115,0.22460938,-0.043478261
78,51,129,0.25195312,0.20930233
77,51,128,0.25,0.203125
51,83,134,0.26171875,-0.23880597
58,71,129,0.25195312,-0.10077519
55,57,112,0.21875,-0.017857143
81,43,124,0.2421875,0.30645161
90,45,135,0.26367188,0.33333333
57,67,124,0.2421875,-0.080645161
75,33,108,0.2109375,0.38888889
57,68,125,0.24414062,-0.088
65,62,127,0.24804688,0.023622047
54,55,109,0.21289062,-0.0091743119
57,82,139,0.27148438,-0.17985612
69,58,127,0.24804688,0.086614173
54,72,126,0.24609375,-0.14285714
56,61,117,0.22851562,-0.042735043
45,76,121,0.23632812,-0.25619835
59,59,118,0.23046875,0
55,59,114,0.22265625,-0.035087719
61,63,124,0.2421875,-0.016129032
71,54,125,0.24414062,0.136
55,79,134,0.26171875,-0.17910448
62,52,114,0.22265625,0.087719298
47,80,127,0.24804688,-0.25984252
63,69,132,0.2578125,-0.045454545
65,55,120,0.234375,0.083333333
59,62,121,0.23632812,-0.024793388
79,43,122,0.23828125,0.29508197
60,66,126,0.24609375,-0.047619048
62,51,113,0.22070312,0.097345133
60,69,129,0.25195312,-0.069767442
62,51,113,0.22070312,0.097345133
39,74,113,0.22070312,-0.30973451
53,66,119,0.23242188,-0.1092437
52,74,126,0.24609375,-0.17460317
40,68,108,0.2109375,-0.25925926
43,74,117,0.22851562,-0.26495726
62,63,125,0.24414062,-0.008
48,68,116,0.2265625,-0.17241379
59,64,123,0.24023438,-0.040650407
78,40,118,0.23046875,0.3220339
59,64,123,0.24023438,-0.040650407
71,45,116,0.2265625,0.22413793
57,70,127,0.24804688,-0.1023622
47,66,113,0.22070312,-0.16814159
58,51,109,0.21289062,0.064220183
44,68,112,0.21875,-0.21428571
65,55,120,0.234375,0.083333333
55,73,128,0.25,-0.140625
51,74,125,0.24414062,-0.184
61,55,116,0.2265625,0.051724138
54,64,118,0.23046875,-0.084745763
71,51,122,0.23828125,0.16393443
58,57,115,0.22460938,0.0086956522
51,63,114,0.22265625,-0.10526316
60,74,134,0.26171875,-0.10447761
56,63,119,0.23242188,-0.058823529
56,52,108,0.2109375,0.037037037
64,57,121,0.23632812,0.05785124
51,62,113,0.22070312,-0.097345133
51,69,120,0.234375,-0.15
51,75,126,0.24609375,-0.19047619
42,72,114,0.22265625,-0.26315789
80,47,127,0.24804688,0.25984252
60,58,118,0.23046875,0.016949153
66,57,123,0.24023438,0.073170732
51,55,106,0.20703125,-0.037735849
66,71,137,0.26757812,-0.03649635
66,57,123,0.24023438,0.073170732
69,52,121,0.23632812,0.14049587
66,64,130,0.25390625,0.015384615
64,49,113,0.22070312,0.13274336
57,57,114,0.22265625,0
65,47,112,0.21875,0.16071429
64,52,116,0.2265625,0.10344828
65,40,105,0.20507812,0.23809524
59,64,123,0.24023438,-0.040650407
62,65,127,0.24804688,-0.023622047
41,68,109,0.21289062,-0.24770642
57,58,115,0.22460938,-0.0086956522
61,73,134,0.26171875,-0.089552239
53,69,122,0.23828125,-0.13114754
68,56,124,0.2421875,0.096774194
53,74,127,0.24804688,-0.16535433
62,71,133,0.25976562,-0.067669173
66,66,132,0.2578125,0
62,55,117,0.22851562,0.05982906
44,69,113,0.22070312,-0.22123894
72,54,126,0.24609375,0.14285714
63,57,120,0.234375,0.05
86,46,132,0.2578125,0.3030303
74,55,129,0.25195312,0.14728682
70,51,121,0.23632812,0.15702479
48,64,112,0.21875,-0.14285714
65,53,118,0.23046875,0.10169492
39,76,115,0.22460938,-0.32173913
75,49,124,0.2421875,0.20967742
54,65,119,0.23242188,-0.092436975
59,62,121,0.23632812,-0.024793388
74,50,124,0.2421875,0.19354839
65,55,120,0.234375,0.083333333
66,56,122,0.23828125,0.081967213
48,68,116,0.2265625,-0.17241379
61,64,125,0.24414062,-0.024
56,60,116,0.2265625,-0.034482759
44,72,116,0.2265625,-0.24137931
64,47,111,0.21679688,0.15315315
56,61,117,0.22851562,-0.042735043
43,76,119,0.23242188,-0.27731092
60,63,123,0.24023438,-0.024390244
73,48,121,0.23632812,0.20661157
61,60,121,0.23632812,0.0082644628
54,65,119,0.23242188,-0.092436975
60,58,118,0.23046875,0.016949153
54,61,115,0.22460938,-0.060869565
53,61,114,0.22265625,-0.070175439
79,52,131,0.25585938,0.20610687
52,54,106,0.20703125,-0.018867925
53,64,117,0.22851562,-0.094017094
57,62,119,0.23242188,-0.042016807
62,59,121,0.23632812,0.024793388
62,56,118,0.23046875,0.050847458
84,49,133,0.25976562,0.26315789
60,58,118,0.23046875,0.016949153
64,55,119,0.23242188,0.075630252
39,82,121,0.23632812,-0.3553719
59,73,132,0.2578125,-0.10606061
56,73,129,0.25195312,-0.13178295
56,70,126,0.24609375,-0.11111111
60,63,123,0.24023438,-0.024390244
70,59,129,0.25195312,0.085271318
60,57,117,0.22851562,0.025641026
52,59,111,0.21679688,-0.063063063
54,75,129,0.25195312,-0.1627907
49,79,128,0.25,-0.234375
70,42,112,0.21875,0.25
62,61,123,0.24023438,0.0081300813
69,55,124,0.2421875,0.11290323
51,61,112,0.21875,-0.089285714
45,87,132,0.2578125,-0.31818182
54,63,117,0.22851562,-0.076923077
44,80,124,0.2421875,-0.29032258
64,63,127,0.24804688,0.0078740157
52,63,115,0.22460938,-0.095652174
56,67,123,0.24023438,-0.089430894
71,50,121,0.23632812,0.17355372
59,49,108,0.2109375,0.092592593
74,51,125,0.24414062,0.184
53,73,126,0.24609375,-0.15873016
72,58,130,0.25390625,0.10769231
62,57,119,0.23242188,0.042016807
59,59,118,0.23046875,0
62,68,130,0.25390625,-0.046153846
67,56,123,0.24023438,0.089430894
64,53,117,0.22851562,0.094017094
74,58,132,0.2578125,0.12121212
55,57,112,0.21875,-0.017857143
57,76,133,0.25976562,-0.14285714
55,65,120,0.234375,-0.083333333
58,73,131,0.25585938,-0.11450382
63,63,126,0.24609375,0
64,58,122,0.23828125,0.049180328
64,48,112,0.21875,0.14285714
59,62,121,0.23632812,-0.024793388
77,49,126,0.24609375,0.22222222
68,64,132,0.2578125,0.03030303
69,59,128,0.25,0.078125
64,69,133,0.25976562,-0.037593985
69,46,115,0.22460938,0.2
67,57,124,0.2421875,0.080645161
59,53,112,0.21875,0.053571429
48,74,122,0.23828125,-0.21311475
50,64,114,0.22265625,-0.12280702
52,75,127,0.24804688,-0.18110236
66,50,116,0.2265625,0.13793103
62,64,126,0.24609375,-0.015873016
60,57,117,0.22851562,0.025641026
54,52,106,0.20703125,0.018867925
58,71,129,0.25195312,-0.10077519
58,74,132,0.2578125,-0.12121212
71,43,114,0.22265625,0.24561404
36,83,119,0.23242188,-0.39495798
40,84,124,0.2421875,-0.35483871
49,74,123,0.24023438,-0.20325203
48,68,116,0.2265625,-0.17241379
61,52,113,0.22070312,0.079646018
58,51,109,0.21289062,0.064220183
56,69,125,0.24414062,-0.104
48,72,120,0.234375,-0.2
56,74,130,0.25390625,-0.13846154
50,73,123,0.24023438,-0.18699187
49,82,131,0.25585938,-0.2519084
58,63,121,0.23632812,-0.041322314
51,74,125,0.24414062,-0.184
82,43,125,0.24414062,0.312
59,61,120,0.234375,-0.016666667
64,58,122,0.23828125,0.049180328
59,57,116,0.2265625,0.017241379
61,53,114,0.22265625,0.070175439
82,52,134,0.26171875,0.2238806
82,35,117,0.22851562,0.4017094
66,64,130,0.25390625,0.015384615
70,63,133,0.25976562,0.052631579
59,56,115,0.22460938,0.026086957
66,70,136,0.265625,-0.029411765
56,67,123,0.24023438,-0.089430894
45,75,120,0.234375,-0.25
67,59,126,0.24609375,0.063492063
40,63,103,0.20117188,-0.22330097
61,56,117,0.22851562,0.042735043
48,84,132,0.2578125,-0.27272727
61,59,120,0.234375,0.016666667
53,56,109,0.21289062,-0.027522936
56,70,126,0.24609375,-0.11111111
72,64,136,0.265625,0.058823529
59,67,126,0.24609375,-0.063492063
63,46,109,0.21289062,0.1559633
60,53,113,0.22070312,0.061946903
91,53,144,0.28125,0.26388889
69,50,119,0.23242188,0.15966387
52,70,122,0.23828125,-0.14754098
75,51,126,0.24609375,0.19047619
84,53,137,0.26757812,0.22627737
45,82,127,0.24804688,-0.29133858
47,65,112,0.21875,-0.16071429
53,78,131,0.25585938,-0.19083969
43,67,110,0.21484375,-0.21818182
58,62,120,0.234375,-0.033333333
56,64,120,0.234375,-0.066666667
45,69,114,0.22265625,-0.21052632
57,58,115,0.22460938,-0.0086956522
68,58,126,0.24609375,0.079365079
58,67,125,0.24414062,-0.072
69,72,141,0.27539062,-0.021276596
55,68,123,0.24023438,-0.10569106
54,72,126,0.24609375,-0.14285714
73,67,140,0.2734375,0.042857143
59,53,112,0.21875,0.053571429
55,77,132,0.2578125,-0.16666667
63,63,126,0.24609375,0
40,79,119,0.23242188,-0.32773109
77,45,122,0.23828125,0.26229508
50,74,124,0.2421875,-0.19354839
58,65,123,0.24023438,-0.056910569
59,70,129,0.25195312,-0.085271318
65,48,113,0.22070312,0.15044248
60,64,124,0.2421875,-0.032258065
42,70,112,0.21875,-0.25
58,65,123,0.24023438,-0.056910569
66,58,124,0.2421875,0.064516129
65,58,123,0.24023438,0.056910569
52,75,127,0.24804688,-0.18110236
46,77,123,0.24023438,-0.25203252
63,48,111,0.21679688,0.13513514
74,44,118,0.23046875,0.25423729
53,51,104,0.203125,0.019230769
58,60,118,0.23046875,-0.016949153
53,70,123,0.24023438,-0.13821138
56,70,126,0.24609375,-0.11111111
44,82,126,0.24609375,-0.3015873
68,42,110,0.21484375,0.23636364
47,74,121,0.23632812,-0.2231405
46,61,107,0.20898438,-0.14018692
63,47,110,0.21484375,0.14545455
58,52,110,0.21484375,0.054545455
67,57,124,0.2421875,0.080645161
71,56,127,0.24804688,0.11811024
66,59,125,0.24414062,0.056
54,55,109,0.21289062,-0.0091743119
63,62,125,0.24414062,0.008
48,71,119,0.23242188,-0.19327731
60,60,120,0.234375,0
77,44,121,0.23632812,0.27272727
60,72,132,0.2578125,-0.090909091
75,54,129,0.25195312,0.1627907
56,48,104,0.203125,0.076923077
46,68,114,0.22265625,-0.19298246
60,69,129,0.25195312,-0.069767442
63,58,121,0.23632812,0.041322314
56,60,116,0.2265625,-0.034482759
51,58,109,0.21289062,-0.064220183
61,61,122,0.23828125,0
68,45,113,0.22070312,0.20353982
69,58,127,0.24804688,0.086614173
47,69,116,0.2265625,-0.18965517
54,72,126,0.24609375,-0.14285714
74,42,116,0.2265625,0.27586207
49,63,112,0.21875,-0.125
56,67,123,0.24023438,-0.089430894
50,57,107,0.20898438,-0.065420561
71,53,124,0.2421875,0.14516129
34,76,110,0.21484375,-0.38181818
65,60,125,0.24414062,0.04
66,56,122,0.23828125,0.081967213
70,49,119,0.23242188,0.17647059
63,57,120,0.234375,0.05
45,65,110,0.21484375,-0.18181818
62,64,126,0.24609375,-0.015873016
64,50,114,0.22265625,0.12280702
40,77,117,0.22851562,-0.31623932
74,59,133,0.25976562,0.11278195
59,68,127,0.24804688,-0.070866142
71,62,133,0.25976562,0.067669173
43,78,121,0.23632812,-0.2892562
68,67,135,0.26367188,0.0074074074
69,65,134,0.26171875,0.029850746
57,52,109,0.21289062,0.04587156
57,59,116,0.2265625,-0.017241379
50,67,117,0.22851562,-0.14529915
75,47,122,0.23828125,0.2295082
71,74,145,0.28320312,-0.020689655
61,57,118,0.23046875,0.033898305
68,61,129,0.25195312,0.054263566
58,63,121,0.23632812,-0.041322314
58,59,117,0.22851562,-0.0085470085
59,64,123,0.24023438,-0.040650407
46,77,123,0.24023438,-0.25203252
60,68,128,0.25,-0.0625
57,51,108,0.2109375,0.055555556
82,46,128,0.25,0.28125
43,56,99,0.19335938,-0.13131313
64,56,120,0.234375,0.066666667
68,67,135,0.26367188,0.0074074074
76,57,133,0.25976562,0.14285714
69,52,121,0.23632812,0.14049587
62,79,141,0.27539062,-0.12056738
65,65,130,0.25390625,0
65,72,137,0.26757812,-0.051094891
48,78,126,0.24609375,-0.23809524
66,55,121,0.23632812,0.090909091
59,58,117,0.22851562,0.0085470085
65,65,130,0.25390625,0
78,47,125,0.24414062,0.248
67,54,121,0.23632812,0.10743802
52,60,112,0.21875,-0.071428571
69,40,109,0.21289062,0.26605505
47,75,122,0.23828125,-0.2295082
51,64,115,0.22460938,-0.11304348
36,87,123,0.24023438,-0.41463415
65,57,122,0.23828125,0.06557377
56,70,126,0.24609375,-0.11111111
54,57,111,0.21679688,-0.027027027
62,68,130,0.25390625,-0.046153846
37,81,118,0.23046875,-0.37288136
40,80,120,0.234375,-0.33333333
61,53,114,0.22265625,0.070175439
59,64,123,0.24023438,-0.040650407
45,77,122,0.23828125,-0.26229508
75,45,120,0.234375,0.25
67,48,115,0.22460938,0.16521739
45,71,116,0.2265625,-0.22413793
58,60,118,0.23046875,-0.016949153
77,51,128,0.25,0.203125
60,54,114,0.22265625,0.052631579
58,59,117,0.22851562,-0.0085470085
77,52,129,0.25195312,0.19379845
70,51,121,0.23632812,0.15702479
46,57,103,0.20117188,-0.10679612
53,70,123,0.24023438,-0.13821138
56,65,121,0.23632812,-0.074380165
51,71,122,0.23828125,-0.16393443
49,65,114,0.22265625,-0.14035088
73,68,141,0.27539062,0.035460993
52,85,137,0.26757812,-0.24087591
66,54,120,0.234375,0.1
56,71,127,0.24804688,-0.11811024
59,63,122,0.23828125,-0.032786885
47,61,108,0.2109375,-0.12962963
68,58,126,0.24609375,0.079365079
58,62,120,0.234375,-0.033333333
76,50,126,0.24609375,0.20634921
61,67,128,0.25,-0.046875
61,56,117,0.22851562,0.042735043
51,60,111,0.21679688,-0.081081081
80,56,136,0.265625,0.17647059
45,75,120,0.234375,-0.25
62,54,116,0.2265625,0.068965517
69,45,114,0.22265625,0.21052632
63,63,126,0.24609375,0
60,43,103,0.20117188,0.16504854
67,53,120,0.234375,0.11666667
62,64,126,0.24609375,-0.015873016
71,57,128,0.25,0.109375
51,88,139,0.27148438,-0.26618705
51,70,121,0.23632812,-0.15702479
67,47,114,0.22265625,0.1754386
66,65,131,0.25585938,0.0076335878
64,50,114,0.22265625,0.12280702
58,64,122,0.23828125,-0.049180328
58,68,126,0.24609375,-0.079365079
55,65,120,0.234375,-0.083333333
58,63,121,0.23632812,-0.041322314
64,54,118,0.23046875,0.084745763
46,58,104,0.203125,-0.11538462
82,37,119,0.23242188,0.37815126
56,74,130,0.25390625,-0.13846154
69,59,128,0.25,0.078125
71,67,138,0.26953125,0.028985507
65,62,127,0.24804688,0.023622047
59,61,120,0.234375,-0.016666667
58,64,122,0.23828125,-0.049180328
50,61,111,0.21679688,-0.099099099
51,67,118,0.23046875,-0.13559322
65,54,119,0.23242188,0.092436975
71,58,129,0.25195312,0.10077519
48,66,114,0.22265625,-0.15789474
47,82,129,0.25195312,-0.27131783
56,68,124,0.2421875,-0.096774194
54,52,106,0.20703125,0.018867925
58,66,124,0.2421875,-0.064516129
59,62,121,0.23632812,-0.024793388
56,69,125,0.24414062,-0.104
61,67,128,0.25,-0.046875
66,47,113,0.22070312,0.16814159
59,59,118,0.23046875,0
68,54,122,0.23828125,0.1147541
79,48,127,0.24804688,0.24409449
82,56,138,0.26953125,0.1884058
70,60,130,0.25390625,0.076923077
53,66,119,0.23242188,-0.1092437
54,63,117,0.22851562,-0.076923077
80,40,120,0.234375,0.33333333
64,59,123,0.24023438,0.040650407
66,58,124,0.2421875,0.064516129
58,70,128,0.25,-0.09375
60,70,130,0.25390625,-0.076923077
77,45,122,0.23828125,0.26229508
70,43,113,0.22070312,0.23893805
48,70,118,0.23046875,-0.18644068
48,72,120,0.234375,-0.2
55,61,116,0.2265625,-0.051724138
66,54,120,0.234375,0.1
62,66,128,0.25,-0.03125
41,77,118,0.23046875,-0.30508475
38,80,118,0.23046875,-0.3559322
72,59,131,0.25585938,0.099236641
72,64,136,0.265625,0.058823529
44,67,111,0.21679688,-0.20720721
54,47,101,0.19726562,0.069306931
91,28,119,0.23242188,0.52941176
64,47,111,0.21679688,0.15315315
71,40,111,0.21679688,0.27927928
65,64,129,0.25195312,0.007751938
61,71,132,0.2578125,-0.075757576
80,54,134,0.26171875,0.19402985
79,47,126,0.24609375,0.25396825
63,63,126,0.24609375,0
51,70,121,0.23632812,-0.15702479
62,53,115,0.22460938,0.07826087
61,56,117,0.22851562,0.042735043
61,51,112,0.21875,0.089285714
68,65,133,0.25976562,0.022556391
56,65,121,0.23632812,-0.074380165
46,65,111,0.21679688,-0.17117117
71,45,116,0.2265625,0.22413793
54,81,135,0.26367188,-0.2
76,48,124,0.2421875,0.22580645
59,71,130,0.25390625,-0.092307692
62,72,134,0.26171875,-0.074626866
63,57,120,0.234375,0.05
65,50,115,0.22460938,0.13043478
65,52,117,0.22851562,0.11111111
77,53,130,0.25390625,0.18461538
65,52,117,0.22851562,0.11111111
57,63,120,0.234375,-0.05
54,58,112,0.21875,-0.035714286
70,41,111,0.21679688,0.26126126
76,47,123,0.24023438,0.23577236
71,57,128,0.25,0.109375
59,49,108,0.2109375,0.092592593
64,66,130,0.25390625,-0.015384615
51,65,116,0.2265625,-0.12068966
68,59,127,0.24804688,0.070866142
74,49,123,0.24023438,0.20325203
64,56,120,0.234375,0.066666667
60,70,130,0.25390625,-0.076923077
62,46,108,0.2109375,0.14814815
55,76,131,0.25585938,-0.16030534
56,55,111,0.21679688,0.009009009
74,61,135,0.26367188,0.096296296
59,66,125,0.24414062,-0.056
78,55,133,0.25976562,0.17293233
54,70,124,0.2421875,-0.12903226
53,74,127,0.24804688,-0.16535433
66,47,113,0.22070312,0.16814159
78,40,118,0.23046875,0.3220339
66,60,126,0.24609375,0.047619048
60,51,111,0.21679688,0.081081081
48,69,117,0.22851562,-0.17948718
55,61,116,0.2265625,-0.051724138
62,68,130,0.25390625,-0.046153846
50,76,126,0.24609375,-0.20634921
70,63,133,0.25976562,0.052631579
77,58,135,0.26367188,0.14074074
71,70,141,0.27539062,0.0070921986
51,77,128,0.25,-0.203125
66,60,126,0.24609375,0.047619048
63,72,135,0.26367188,-0.066666667
63,53,116,0.2265625,0.086206897
73,51,124,0.2421875,0.17741935
55,68,123,0.24023438,-0.10569106
73,57,130,0.25390625,0.12307692
69,46,115,0.22460938,0.2
61,52,113,0.22070312,0.079646018
62,53,115,0.22460938,0.07826087
65,47,112,0.21875,0.16071429
76,56,132,0.2578125,0.15151515
62,46,108,0.2109375,0.14814815
65,60,125,0.24414062,0.04
53,55,108,0.2109375,-0.018518519
61,55,116,0.2265625,0.051724138
48,72,120,0.234375,-0.2
65,65,130,0.25390625,0
64,60,124,0.2421875,0.032258065
78,44,122,0.23828125,0.27868852
83,43,126,0.24609375,0.31746032
67,66,133,0.25976562,0.007518797
60,67,127,0.24804688,-0.05511811
52,64,116,0.2265625,-0.10344828
47,81,128,0.25,-0.265625
69,64,133,0.25976562,0.037593985
79,42,121,0.23632812,0.30578512
53,73,126,0.24609375,-0.15873016
44,69,113,0.22070312,-0.22123894
53,64,117,0.22851562,-0.094017094
43,70,113,0.22070312,-0.23893805
66,60,126,0.24609375,0.047619048
81,40,121,0.23632812,0.33884298
68,54,122,0.23828125,0.1147541
41,76,117,0.22851562,-0.2991453
57,61,118,0.23046875,-0.033898305
73,50,123,0.24023438,0.18699187
75,59,134,0.26171875,0.11940299
63,63,126,0.24609375,0
50,81,131,0.25585938,-0.23664122
46,68,114,0.22265625,-0.19298246
81,39,120,0.234375,0.35
63,58,121,0.23632812,0.041322314
62,65,127,0.24804688,-0.023622047
60,57,117,0.22851562,0.025641026
53,79,132,0.2578125,-0.1969697
68,49,117,0.22851562,0.16239316
74,57,131,0.25585938,0.12977099
60,59,119,0.23242188,0.0084033613
65,53,118,0.23046875,0.10169492
52,66,118,0.23046875,-0.11864407
58,74,132,0.2578125,-0.12121212
53,63,116,0.2265625,-0.086206897
61,68,129,0.25195312,-0.054263566
55,64,119,0.23242188,-0.075630252
56,59,115,0.22460938,-0.026086957
37,77,114,0.22265625,-0.35087719
61,60,121,0.23632812,0.0082644628
77,44,121,0.23632812,0.27272727
64,64,128,0.25,0
44,75,119,0.23242188,-0.2605042
51,78,129,0.25195312,-0.20930233
48,75,123,0.24023438,-0.2195122
66,50,116,0.2265625,0.13793103
67,71,138,0.26953125,-0.028985507
55,53,108,0.2109375,0.018518519
63,54,117,0.22851562,0.076923077
62,48,110,0.21484375,0.12727273
95,41,136,0.265625,0.39705882
59,64,123,0.24023438,-0.040650407
61,60,121,0.23632812,0.0082644628
87,38,125,0.24414062,0.392
69,57,126,0.24609375,0.095238095
55,60,115,0.22460938,-0.043478261
53,67,120,0.234375,-0.11666667
60,60,120,0.234375,0
56,70,126,0.24609375,-0.11111111
56,61,117,0.22851562,-0.042735043
61,65,126,0.24609375,-0.031746032
63,53,116,0.2265625,0.086206897
59,71,130,0.25390625,-0.092307692
79,51,130,0.25390625,0.21538462
56,76,132,0.2578125,-0.15151515
54,71,125,0.24414062,-0.136
42,83,125,0.24414062,-0.328
55,56,111,0.21679688,-0.009009009
69,52,121,0.23632812,0.14049587
65,50,115,0.22460938,0.13043478
63,55,118,0.23046875,0.06779661
50,67,117,0.22851562,-0.14529915
39,75,114,0.22265625,-0.31578947
59,61,120,0.234375,-0.016666667
67,63,130,0.25390625,0.030769231
64,60,124,0.2421875,0.032258065
63,54,117,0.22851562,0.076923077
63,62,125,0.24414062,0.008
54,70,124,0.2421875,-0.12903226
56,59,115,0.22460938,-0.026086957
66,65,131,0.25585938,0.0076335878
60,68,128,0.25,-0.0625
56,62,118,0.23046875,-0.050847458
65,49,114,0.22265625,0.14035088
64,62,126,0.24609375,0.015873016
74,61,135,0.26367188,0.096296296
57,65,122,0.23828125,-0.06557377
62,58,120,0.234375,0.033333333
59,50,109,0.21289062,0.082568807
57,70,127,0.24804688,-0.1023622
70,51,121,0.23632812,0.15702479
57,65,122,0.23828125,-0.06557377
40,79,119,0.23242188,-0.32773109
54,72,126,0.24609375,-0.14285714
52,68,120,0.234375,-0.13333333
41,73,114,0.22265625,-0.28070175
68,60,128,0.25,0.0625
56,70,126,0.24609375,-0.11111111
64,51,115,0.22460938,0.11304348
51,70,121,0.23632812,-0.15702479
60,51,111,0.21679688,0.081081081
72,59,131,0.25585938,0.099236641
53,69,122,0.23828125,-0.13114754
67,53,120,0.234375,0.11666667
40,68,108,0.2109375,-0.25925926
62,51,113,0.22070312,0.097345133
78,42,120,0.234375,0.3
57,55,112,0.21875,0.017857143
51,76,127,0.24804688,-0.19685039
60,60,120,0.234375,0
58,58,116,0.2265625,0
44,77,121,0.23632812,-0.27272727
86,43,129,0.25195312,0.33333333
61,63,124,0.2421875,-0.016129032
52,57,109,0.21289062,-0.04587156
84,47,131,0.25585938,0.28244275
56,60,116,0.2265625,-0.034482759
76,49,125,0.24414062,0.216
74,36,110,0.21484375,0.34545455
81,47,128,0.25,0.265625
64,67,131,0.25585938,-0.022900763
47,61,108,0.2109375,-0.12962963
60,57,117,0.22851562,0.025641026
66,46,112,0.21875,0.17857143
38,80,118,0.23046875,-0.3559322
59,47,106,0.20703125,0.11320755
56,62,118,0.23046875,-0.050847458
77,57,134,0.26171875,0.14925373
57,65,122,0.23828125,-0.06557377
70,50,120,0.234375,0.16666667
64,63,127,0.24804688,0.0078740157
66,43,109,0.21289062,0.21100917
83,58,141,0.27539062,0.17730496
47,67,114,0.22265625,-0.1754386
72,49,121,0.23632812,0.19008264
51,67,118,0.23046875,-0.13559322
57,74,131,0.25585938,-0.12977099
72,45,117,0.22851562,0.23076923
53,56,109,0.21289062,-0.027522936
56,67,123,0.24023438,-0.089430894
52,65,117,0.22851562,-0.11111111
69,55,124,0.2421875,0.11290323
65,57,122,0.23828125,0.06557377
64,56,120,0.234375,0.066666667
73,64,137,0.26757812,0.065693431
71,54,125,0.24414062,0.136
63,56,119,0.23242188,0.058823529
37,85,122,0.23828125,-0.39344262
56,55,111,0.21679688,0.009009009
66,50,116,0.2265625,0.13793103
48,57,105,0.20507812,-0.085714286
70,53,123,0.24023438,0.13821138
62,55,117,0.22851562,0.05982906
57,45,102,0.19921875,0.11764706
72,59,131,0.25585938,0.099236641
81,41,122,0.23828125,0.32786885
62,69,131,0.25585938,-0.053435115
70,60,130,0.25390625,0.076923077
50,70,120,0.234375,-0.16666667
75,40,115,0.22460938,0.30434783
55,52,107,0.20898438,0.028037383
84,37,121,0.23632812,0.38842975
63,58,121,0.23632812,0.041322314
93,41,134,0.26171875,0.3880597
57,63,120,0.234375,-0.05
69,59,128,0.25,0.078125
50,78,128,0.25,-0.21875
62,71,133,0.25976562,-0.067669173
65,54,119,0.23242188,0.092436975
50,61,111,0.21679688,-0.099099099
60,61,121,0.23632812,-0.0082644628
72,57,129,0.25195312,0.11627907
57,56,113,0.22070312,0.0088495575
64,64,128,0.25,0
63,56,119,0.23242188,0.058823529
58,55,113,0.22070312,0.026548673
62,49,111,0.21679688,0.11711712
51,58,109,0.21289062,-0.064220183
48,85,133,0.25976562,-0.27819549
50,73,123,0.24023438,-0.18699187
68,70,138,0.26953125,-0.014492754
71,60,131,0.25585938,0.083969466
52,73,125,0.24414062,-0.168
64,56,120,0.234375,0.066666667
45,54,99,0.19335938,-0.090909091
42,67,109,0.21289062,-0.2293578
56,73,129,0.25195312,-0.13178295
56,57,113,0.22070312,-0.0088495575
69,51,120,0.234375,0.15
63,61,124,0.2421875,0.016129032
67,65,132,0.2578125,0.015151515
68,56,124,0.2421875,0.096774194
73,55,128,0.25,0.140625
54,62,116,0.2265625,-0.068965517
49,61,110,0.21484375,-0.10909091
61,47,108,0.2109375,0.12962963
71,58,129,0.25195312,0.10077519
70,44,114,0.22265625,0.22807018
69,60,129,0.25195312,0.069767442
53,74,127,0.24804688,-0.16535433
47,66,113,0.22070312,-0.16814159
43,82,125,0.24414062,-0.312
45,66,111,0.21679688,-0.18918919
76,58,134,0.26171875,0.13432836
66,54,120,0.234375,0.1
73,45,118,0.23046875,0.23728814
58,59,117,0.22851562,-0.0085470085
64,53,117,0.22851562,0.094017094
45,80,125,0.24414062,-0.28
54,79,133,0.25976562,-0.18796992
70,62,132,0.2578125,0.060606061
51,73,124,0.2421875,-0.17741935
54,71,125,0.24414062,-0.136
63,54,117,0.22851562,0.076923077
48,59,107,0.20898438,-0.10280374
53,65,118,0.23046875,-0.10169492
65,48,113,0.22070312,0.15044248
72,48,120,0.234375,0.2
58,70,128,0.25,-0.09375
77,59,136,0.265625,0.13235294
67,64,131,0.25585938,0.022900763
42,73,115,0.22460938,-0.26956522
70,43,113,0.22070312,0.23893805
60,67,127,0.24804688,-0.05511811
50,74,124,0.2421875,-0.19354839
52,74,126,0.24609375,-0.17460317
52,60,112,0.21875,-0.071428571
55,61,116,0.2265625,-0.051724138
44,69,113,0.22070312,-0.22123894
57,64,121,0.23632812,-0.05785124
56,79,135,0.26367188,-0.17037037
59,51,110,0.21484375,0.072727273
74,33,107,0.20898438,0.38317757
65,41,106,0.20703125,0.22641509
48,68,116,0.2265625,-0.17241379
46,77,123,0.24023438,-0.25203252
76,45,121,0.23632812,0.25619835
62,59,121,0.23632812,0.024793388
63,60,123,0.24023438,0.024390244
75,45,120,0.234375,0.25
51,64,115,0.22460938,-0.11304348
54,61,115,0.22460938,-0.060869565
56,73,129,0.25195312,-0.13178295
44,63,107,0.20898438,-0.17757009
66,59,125,0.24414062,0.056
63,48,111,0.21679688,0.13513514
68,55,123,0.24023438,0.10569106
60,53,113,0.22070312,0.061946903
54,66,120,0.234375,-0.1
55,48,103,0.20117188,0.067961165
67,56,123,0.24023438,0.089430894
58,64,122,0.23828125,-0.049180328
41,71,112,0.21875,-0.26785714
64,63,127,0.24804688,0.0078740157
64,63,127,0.24804688,0.0078740157
62,60,122,0.23828125,0.016393443
69,51,120,0.234375,0.15
52,66,118,0.23046875,-0.11864407
55,60,115,0.22460938,-0.043478261
42,80,122,0.23828125,-0.31147541
48,78,126,0.24609375,-0.23809524
69,50,119,0.23242188,0.15966387
56,58,114,0.22265625,-0.01754386
59,62,121,0.23632812,-0.024793388
40,74,114,0.22265625,-0.29824561
68,56,124,0.2421875,0.096774194
57,57,114,0.22265625,0
71,50,121,0.23632812,0.17355372
48,56,104,0.203125,-0.076923077
59,60,119,0.23242188,-0.0084033613
54,65,119,0.23242188,-0.092436975
62,58,120,0.234375,0.033333333
46,67,113,0.22070312,-0.18584071
52,64,116,0.2265625,-0.10344828
74,47,121,0.23632812,0.2231405
77,43,120,0.234375,0.28333333
62,63,125,0.24414062,-0.008
48,82,130,0.25390625,-0.26153846
64,49,113,0.22070312,0.13274336
51,64,115,0.22460938,-0.11304348
64,57,121,0.23632812,0.05785124
62,47,109,0.21289062,0.13761468
73,43,116,0.2265625,0.25862069
70,57,127,0.24804688,0.1023622
64,50,114,0.22265625,0.12280702
81,54,135,0.26367188,0.2
70,63,133,0.25976562,0.052631579
63,60,123,0.24023438,0.024390244
62,67,129,0.25195312,-0.03875969
70,56,126,0.24609375,0.11111111
44,84,128,0.25,-0.3125
64,58,122,0.23828125,0.049180328
53,64,117,0.22851562,-0.094017094
67,61,128,0.25,0.046875
55,65,120,0.234375,-0.083333333
70,51,121,0.23632812,0.15702479
48,72,120,0.234375,-0.2
79,44,123,0.24023438,0.28455285
78,50,128,0.25,0.21875
58,59,117,0.22851562,-0.0085470085
59,59,118,0.23046875,0
68,50,118,0.23046875,0.15254237
72,58,130,0.25390625,0.10769231
61,48,109,0.21289062,0.11926606
55,65,120,0.234375,-0.083333333
59,47,106,0.20703125,0.11320755
73,70,143,0.27929688,0.020979021
84,52,136,0.265625,0.23529412
67,55,122,0.23828125,0.098360656
38,74,112,0.21875,-0.32142857
43,82,125,0.24414062,-0.312
69,59,128,0.25,0.078125
76,52,128,0.25,0.1875
46,75,121,0.23632812,-0.23966942
55,85,140,0.2734375,-0.21428571
64,62,126,0.24609375,0.015873016
73,54,127,0.24804688,0.1496063
67,46,113,0.22070312,0.18584071
63,62,125,0.24414062,0.008
52,73,125,0.24414062,-0.168
72,44,116,0.2265625,0.24137931
72,39,111,0.21679688,0.2972973
58,52,110,0.21484375,0.054545455
52,69,121,0.23632812,-0.14049587
49,64,113,0.22070312,-0.13274336
71,53,124,0.2421875,0.14516129
71,45,116,0.2265625,0.22413793
65,47,112,0.21875,0.16071429
68,49,117,0.22851562,0.16239316
55,72,127,0.24804688,-0.13385827
84,51,135,0.26367188,0.24444444
76,53,129,0.25195312,0.17829457
79,45,124,0.2421875,0.27419355
64,75,139,0.27148438,-0.079136691
57,62,119,0.23242188,-0.042016807
71,50,121,0.23632812,0.17355372
65,52,117,0.22851562,0.11111111
70,51,121,0.23632812,0.15702479
66,58,124,0.2421875,0.064516129
49,79,128,0.25,-0.234375
61,61,122,0.23828125,0
55,67,122,0.23828125,-0.098360656
56,69,125,0.24414062,-0.104
60,62,122,0.23828125,-0.016393443
68,48,116,0.2265625,0.17241379
69,68,137,0.26757812,0.0072992701
60,51,111,0.21679688,0.081081081
67,57,124,0.2421875,0.080645161
53,71,124,0.2421875,-0.14516129
46,68,114,0.22265625,-0.19298246
48,58,106,0.20703125,-0.094339623
74,40,114,0.22265625,0.29824561
54,60,114,0.22265625,-0.052631579
48,68,116,0.2265625,-0.17241379
73,43,116,0.2265625,0.25862069
52,63,115,0.22460938,-0.095652174
62,59,121,0.23632812,0.024793388
46,67,113,0.22070312,-0.18584071
53,67,120,0.234375,-0.11666667
56,66,122,0.23828125,-0.081967213
62,53,115,0.22460938,0.07826087
57,75,132,0.2578125,-0.13636364
54,67,121,0.23632812,-0.10743802
55,66,121,0.23632812,-0.090909091
72,62,134,0.26171875,0.074626866
64,53,117,0.22851562,0.094017094
65,67,132,0.2578125,-0.015151515
72,43,115,0.22460938,0.25217391
38,89,127,0.24804688,-0.4015748
60,54,114,0.22265625,0.052631579
75,34,109,0.21289062,0.37614679
58,59,117,0.22851562,-0.0085470085
55,67,122,0.23828125,-0.098360656
68,62,130,0.25390625,0.046153846
48,67,115,0.22460938,-0.16521739
43,75,118,0.23046875,-0.27118644
65,68,133,0.25976562,-0.022556391
69,49,118,0.23046875,0.16949153
82,46,128,0.25,0.28125
68,61,129,0.25195312,0.054263566
63,69,132,0.2578125,-0.045454545
75,43,118,0.23046875,0.27118644
60,69,129,0.25195312,-0.069767442
57,59,116,0.2265625,-0.017241379
76,50,126,0.24609375,0.20634921
60,64,124,0.2421875,-0.032258065
74,46,120,0.234375,0.23333333
46,74,120,0.234375,-0.23333333
49,61,110,0.21484375,-0.10909091
48,66,114,0.22265625,-0.15789474
60,58,118,0.23046875,0.016949153
70,60,130,0.25390625,0.076923077
63,67,130,0.25390625,-0.030769231
58,62,120,0.234375,-0.033333333
77,53,130,0.25390625,0.18461538
63,51,114,0.22265625,0.10526316
61,62,123,0.24023438,-0.0081300813
38,71,109,0.21289062,-0.30275229
67,51,118,0.23046875,0.13559322
72,61,133,0.25976562,0.082706767
68,56,124,0.2421875,0.096774194
74,49,123,0.24023438,0.20325203
67,47,114,0.22265625,0.1754386
72,56,128,0.25,0.125
44,69,113,0.22070312,-0.22123894
65,53,118,0.23046875,0.10169492
68,53,121,0.23632812,0.12396694
55,73,128,0.25,-0.140625
63,57,120,0.234375,0.05
57,62,119,0.23242188,-0.042016807
73,51,124,0.2421875,0.17741935
47,77,124,0.2421875,-0.24193548
56,57,113,0.22070312,-0.0088495575
60,68,128,0.25,-0.0625
47,61,108,0.2109375,-0.12962963
70,45,115,0.22460938,0.2173913
47,63,110,0.21484375,-0.14545455
68,42,110,0.21484375,0.23636364
62,70,132,0.2578125,-0.060606061
62,55,117,0.22851562,0.05982906
65,53,118,0.23046875,0.10169492
63,55,118,0.23046875,0.06779661
80,39,119,0.23242188,0.34453782
66,59,125,0.24414062,0.056
56,73,129,0.25195312,-0.13178295
51,73,124,0.2421875,-0.17741935
49,63,112,0.21875,-0.125
62,58,120,0.234375,0.033333333
55,70,125,0.24414062,-0.12
52,58,110,0.21484375,-0.054545455
55,59,114,0.22265625,-0.035087719
43,81,124,0.2421875,-0.30645161
70,57,127,0.24804688,0.1023622
79,50,129,0.25195312,0.2248062
44,87,131,0.25585938,-0.32824427
70,58,128,0.25,0.09375
55,64,119,0.23242188,-0.075630252
68,51,119,0.23242188,0.14285714
77,53,130,0.25390625,0.18461538
71,50,121,0.23632812,0.17355372
65,46,111,0.21679688,0.17117117
66,63,129,0.25195312,0.023255814
82,46,128,0.25,0.28125
53,55,108,0.2109375,-0.018518519
54,64,118,0.23046875,-0.084745763
66,52,118,0.23046875,0.11864407
69,60,129,0.25195312,0.069767442
61,54,115,0.22460938,0.060869565
54,63,117,0.22851562,-0.076923077
62,64,126,0.24609375,-0.015873016
70,54,124,0.2421875,0.12903226
69,47,116,0.2265625,0.18965517
74,63,137,0.26757812,0.080291971
55,50,105,0.20507812,0.047619048
55,68,123,0.24023438,-0.10569106
54,69,123,0.24023438,-0.12195122
57,61,118,0.23046875,-0.033898305
54,77,131,0.25585938,-0.17557252
57,54,111,0.21679688,0.027027027
57,75,132,0.2578125,-0.13636364
55,69,124,0.2421875,-0.11290323
70,65,135,0.26367188,0.037037037
63,52,115,0.22460938,0.095652174
56,67,123,0.24023438,-0.089430894
70,53,123,0.24023438,0.13821138
51,72,123,0.24023438,-0.17073171
61,55,116,0.2265625,0.051724138
67,57,124,0.2421875,0.080645161
78,43,121,0.23632812,0.2892562
48,74,122,0.23828125,-0.21311475
49,82,131,0.25585938,-0.2519084
47,58,105,0.20507812,-0.1047619
63,54,117,0.22851562,0.076923077
60,58,118,0.23046875,0.016949153
59,64,123,0.24023438,-0.040650407
61,57,118,0.23046875,0.033898305
60,56,116,0.2265625,0.034482759
59,63,122,0.23828125,-0.032786885
60,52,112,0.21875,0.071428571
73,57,130,0.25390625,0.12307692
62,62,124,0.2421875,0
66,66,132,0.2578125,0
63,55,118,0.23046875,0.06779661
61,59,120,0.234375,0.016666667
56,56,112,0.21875,0
75,45,120,0.234375,0.25
48,74,122,0.23828125,-0.21311475
64,53,117,0.22851562,0.094017094
60,57,117,0.22851562,0.025641026
68,43,111,0.21679688,0.22522523
70,47,117,0.22851562,0.1965812
51,65,116,0.2265625,-0.12068966
40,78,118,0.23046875,-0.3220339
77,60,137,0.26757812,0.12408759
41,68,109,0.21289062,-0.24770642
60,60,120,0.234375,0
64,37,101,0.19726562,0.26732673
36,92,128,0.25,-0.4375
46,84,130,0.25390625,-0.29230769
83,42,125,0.24414062,0.328
65,56,121,0.23632812,0.074380165
68,64,132,0.2578125,0.03030303
73,50,123,0.24023438,0.18699187
66,53,119,0.23242188,0.1092437
72,67,139,0.27148438,0.035971223
74,46,120,0.234375,0.23333333
51,79,130,0.25390625,-0.21538462
68,47,115,0.22460938,0.1826087
60,78,138,0.26953125,-0.13043478
55,72,127,0.24804688,-0.13385827
76,51,127,0.24804688,0.19685039
65,57,122,0.23828125,0.06557377
70,64,134,0.26171875,0.044776119
69,50,119,0.23242188,0.15966387
58,62,120,0.234375,-0.033333333
50,49,99,0.19335938,0.01010101
68,55,123,0.24023438,0.10569106
67,55,122,0.23828125,0.098360656
75,44,119,0.23242188,0.2605042
78,48,126,0.24609375,0.23809524
55,58,113,0.22070312,-0.026548673
55,65,120,0.234375,-0.083333333
64,58,122,0.23828125,0.049180328
45,81,126,0.24609375,-0.28571429
56,81,137,0.26757812,-0.18248175
76,51,127,0.24804688,0.19685039
57,63,120,0.234375,-0.05
68,48,116,0.2265625,0.17241379
55,72,127,0.24804688,-0.13385827
58,60,118,0.23046875,-0.016949153
47,66,113,0.22070312,-0.16814159
50,81,131,0.25585938,-0.23664122
67,52,119,0.23242188,0.12605042
76,56,132,0.2578125,0.15151515
50,82,132,0.2578125,-0.24242424
39,79,118,0.23046875,-0.33898305
58,64,122,0.23828125,-0.049180328
70,64,134,0.26171875,0.044776119
53,70,123,0.24023438,-0.13821138
65,57,122,0.23828125,0.06557377
65,50,115,0.22460938,0.13043478
56,63,119,0.23242188,-0.058823529
55,62,117,0.22851562,-0.05982906
54,54,108,0.2109375,0
66,56,122,0.23828125,0.081967213
53,72,125,0.24414062,-0.152
76,54,130,0.25390625,0.16923077
66,59,125,0.24414062,0.056
87,53,140,0.2734375,0.24285714
62,60,122,0.23828125,0.016393443
59,59,118,0.23046875,0
47,77,124,0.2421875,-0.24193548
85,41,126,0.24609375,0.34920635
75,37,112,0.21875,0.33928571
68,65,133,0.25976562,0.022556391
54,62,116,0.2265625,-0.068965517
61,62,123,0.24023438,-0.0081300813
65,70,135,0.26367188,-0.037037037
57,61,118,0.23046875,-0.033898305
60,64,124,0.2421875,-0.032258065
62,59,121,0.23632812,0.024793388
42,69,111,0.21679688,-0.24324324
68,51,119,0.23242188,0.14285714
50,79,129,0.25195312,-0.2248062
64,65,129,0.25195312,-0.007751938
73,51,124,0.2421875,0.17741935
56,74,130,0.25390625,-0.13846154
38,79,117,0.22851562,-0.35042735
44,66,110,0.21484375,-0.2
64,64,128,0.25,0
66,60,126,0.24609375,0.047619048
62,53,115,0.22460938,0.07826087
67,54,121,0.23632812,0.10743802
62,53,115,0.22460938,0.07826087
66,57,123,0.24023438,0.073170732
63,56,119,0.23242188,0.058823529
58,63,121,0.23632812,-0.041322314
53,53,106,0.20703125,0
72,56,128,0.25,0.125
61,75,136,0.265625,-0.10294118
72,42,114,0.22265625,0.26315789
55,68,123,0.24023438,-0.10569106
50,58,108,0.2109375,-0.074074074
70,46,116,0.2265625,0.20689655
57,67,124,0.2421875,-0.080645161
73,56,129,0.25195312,0.13178295
57,52,109,0.21289062,0.04587156
50,69,119,0.23242188,-0.15966387
77,49,126,0.24609375,0.22222222
60,66,126,0.24609375,-0.047619048
71,63,134,0.26171875,0.059701493
70,63,133,0.25976562,0.052631579
61,59,120,0.234375,0.016666667
55,56,111,0.21679688,-0.009009009
53,61,114,0.22265625,-0.070175439
62,56,118,0.23046875,0.050847458
54,54,108,0.2109375,0
59,60,119,0.23242188,-0.0084033613
58,48,106,0.20703125,0.094339623
61,64,125,0.24414062,-0.024
82,53,135,0.26367188,0.21481481
59,70,129,0.25195312,-0.085271318
53,70,123,0.24023438,-0.13821138
65,69,134,0.26171875,-0.029850746
61,66,127,0.24804688,-0.039370079
75,48,123,0.24023438,0.2195122
66,50,116,0.2265625,0.13793103
68,65,133,0.25976562,0.022556391
66,64,130,0.25390625,0.015384615
63,48,111,0.21679688,0.13513514
53,55,108,0.2109375,-0.018518519
73,64,137,0.26757812,0.065693431
58,57,115,0.22460938,0.0086956522
47,72,119,0.23242188,-0.21008403
74,50,124,0.2421875,0.19354839
66,63,129,0.25195312,0.023255814
50,74,124,0.2421875,-0.19354839
53,60,113,0.22070312,-0.061946903
58,63,121,0.23632812,-0.041322314
53,66,119,0.23242188,-0.1092437
82,49,131,0.25585938,0.2519084
55,72,127,0.24804688,-0.13385827
42,70,112,0.21875,-0.25
63,50,113,0.22070312,0.11504425
33,77,110,0.21484375,-0.4
78,52,130,0.25390625,0.2
73,51,124,0.2421875,0.17741935
66,68,134,0.26171875,-0.014925373
57,54,111,0.21679688,0.027027027
66,62,128,0.25,0.03125
53,59,112,0.21875,-0.053571429
57,63,120,0.234375,-0.05
67,75,142,0.27734375,-0.056338028
46,77,123,0.24023438,-0.25203252
54,78,132,0.2578125,-0.18181818
52,69,121,0.23632812,-0.14049587
47,82,129,0.25195312,-0.27131783
74,51,125,0.24414062,0.184
48,68,116,0.2265625,-0.17241379
76,56,132,0.2578125,0.15151515
45,74,119,0.23242188,-0.24369748
61,58,119,0.23242188,0.025210084
67,59,126,0.24609375,0.063492063
72,53,125,0.24414062,0.152
71,58,129,0.25195312,0.10077519
57,71,128,0.25,-0.109375
49,73,122,0.23828125,-0.19672131
55,62,117,0.22851562,-0.05982906
63,66,129,0.25195312,-0.023255814
64,60,124,0.2421875,0.032258065
51,76,127,0.24804688,-0.19685039
85,26,111,0.21679688,0.53153153
62,55,117,0.22851562,0.05982906
56,77,133,0.25976562,-0.15789474
73,50,123,0.24023438,0.18699187
72,59,131,0.25585938,0.099236641
68,53,121,0.23632812,0.12396694
59,64,123,0.24023438,-0.040650407
44,63,107,0.20898438,-0.17757009
69,50,119,0.23242188,0.15966387
71,51,122,0.23828125,0.16393443
69,62,131,0.25585938,0.053435115
85,35,120,0.234375,0.41666667
60,53,113,0.22070312,0.061946903
69,64,133,0.25976562,0.037593985
55,69,124,0.2421875,-0.11290323
59,58,117,0.22851562,0.0085470085
93,30,123,0.24023438,0.51219512
73,41,114,0.22265625,0.28070175
75,48,123,0.24023438,0.2195122
64,55,119,0.23242188,0.075630252
57,66,123,0.24023438,-0.073170732
46,70,116,0.2265625,-0.20689655
58,55,113,0.22070312,0.026548673
56,64,120,0.234375,-0.066666667
72,51,123,0.24023438,0.17073171
60,59,119,0.23242188,0.0084033613
53,62,115,0.22460938,-0.07826087
54,44,98,0.19140625,0.10204082
46,67,113,0.22070312,-0.18584071
65,58,123,0.24023438,0.056910569
68,48,116,0.2265625,0.17241379
56,53,109,0.21289062,0.027522936
61,55,116,0.2265625,0.051724138
77,57,134,0.26171875,0.14925373
59,69,128,0.25,-0.078125
52,68,120,0.234375,-0.13333333
57,59,116,0.2265625,-0.017241379
75,53,128,0.25,0.171875
68,47,115,0.22460938,0.1826087
55,66,121,0.23632812,-0.090909091
73,63,136,0.265625,0.073529412
57,59,116,0.2265625,-0.017241379
57,73,130,0.25390625,-0.12307692
56,67,123,0.24023438,-0.089430894
58,64,122,0.23828125,-0.049180328
65,55,120,0.234375,0.083333333
66,60,126,0.24609375,0.047619048
66,56,122,0.23828125,0.081967213
62,75,137,0.26757812,-0.094890511
61,57,118,0.23046875,0.033898305
65,61,126,0.24609375,0.031746032
58,65,123,0.24023438,-0.056910569
68,51,119,0.23242188,0.14285714
62,55,117,0.22851562,0.05982906
59,60,119,0.23242188,-0.0084033613
55,51,106,0.20703125,0.037735849
50,78,128,0.25,-0.21875
61,52,113,0.22070312,0.079646018
49,68,117,0.22851562,-0.16239316
61,47,108,0.2109375,0.12962963
67,61,128,0.25,0.046875
67,61,128,0.25,0.046875
73,45,118,0.23046875,0.23728814
68,55,123,0.24023438,0.10569106
83,42,125,0.24414062,0.328
56,59,115,0.22460938,-0.026086957
57,61,118,0.23046875,-0.033898305
66,58,124,0.2421875,0.064516129
53,69,122,0.23828125,-0.13114754
68,59,127,0.24804688,0.070866142
69,64,133,0.25976562,0.037593985
60,67,127,0.24804688,-0.05511811
69,56,125,0.24414062,0.104
88,48,136,0.265625,0.29411765
56,62,118,0.23046875,-0.050847458
57,69,126,0.24609375,-0.095238095
64,50,114,0.22265625,0.12280702
79,48,127,0.24804688,0.24409449
60,63,123,0.24023438,-0.024390244
61,64,125,0.24414062,-0.024
50,68,118,0.23046875,-0.15254237
52,67,119,0.23242188,-0.12605042
72,55,127,0.24804688,0.13385827
53,70,123,0.24023438,-0.13821138
76,52,128,0.25,0.1875
58,55,113,0.22070312,0.026548673
68,64,132,0.2578125,0.03030303
45,80,125,0.24414062,-0.28
70,49,119,0.23242188,0.17647059
78,53,131,0.25585938,0.19083969
71,56,127,0.24804688,0.11811024
41,73,114,0.22265625,-0.28070175
69,52,121,0.23632812,0.14049587
56,69,125,0.24414062,-0.104
75,56,131,0.25585938,0.14503817
59,63,122,0.23828125,-0.032786885
74,60,134,0.26171875,0.10447761
65,66,131,0.25585938,-0.0076335878
75,59,134,0.26171875,0.11940299
54,72,126,0.24609375,-0.14285714
68,60,128,0.25,0.0625
50,71,121,0.23632812,-0.17355372
62,56,118,0.23046875,0.050847458
72,53,125,0.24414062,0.152
75,51,126,0.24609375,0.19047619
52,63,115,0.22460938,-0.095652174
45,73,118,0.23046875,-0.23728814
79,39,118,0.23046875,0.33898305
64,52,116,0.2265625,0.10344828
49,73,122,0.23828125,-0.19672131
74,56,130,0.25390625,0.13846154
50,72,122,0.23828125,-0.18032787
59,70,129,0.25195312,-0.085271318
48,73,121,0.23632812,-0.20661157
80,46,126,0.24609375,0.26984127
53,64,117,0.22851562,-0.094017094
50,64,114,0.22265625,-0.12280702
44,82,126,0.24609375,-0.3015873
53,60,113,0.22070312,-0.061946903
44,82,126,0.24609375,-0.3015873
63,52,115,0.22460938,0.095652174
58,67,125,0.24414062,-0.072
74,45,119,0.23242188,0.24369748
58,73,131,0.25585938,-0.11450382
59,65,124,0.2421875,-0.048387097
73,37,110,0.21484375,0.32727273
69,48,117,0.22851562,0.17948718
60,61,121,0.23632812,-0.0082644628
70,57,127,0.24804688,0.1023622
71,56,127,0.24804688,0.11811024
74,52,126,0.24609375,0.17460317
52,71,123,0.24023438,-0.15447154
90,47,137,0.26757812,0.31386861
51,66,117,0.22851562,-0.12820513
52,66,118,0.23046875,-0.11864407
69,57,126,0.24609375,0.095238095
59,71,130,0.25390625,-0.092307692
48,68,116,0.2265625,-0.17241379
104,26,130,0.25390625,0.6
67,53,120,0.234375,0.11666667
56,51,107,0.20898438,0.046728972
53,69,122,0.23828125,-0.13114754
57,57,114,0.22265625,0
66,64,130,0.25390625,0.015384615
76,53,129,0.25195312,0.17829457
47,76,123,0.24023438,-0.23577236
67,63,130,0.25390625,0.030769231
49,70,119,0.23242188,-0.17647059
59,56,115,0.22460938,0.026086957
63,50,113,0.22070312,0.11504425
66,64,130,0.25390625,0.015384615
68,51,119,0.23242188,0.14285714
51,58,109,0.21289062,-0.064220183
68,57,125,0.24414062,0.088
69,52,121,0.23632812,0.14049587
53,73,126,0.24609375,-0.15873016
48,71,119,0.23242188,-0.19327731
63,60,123,0.24023438,0.024390244
61,68,129,0.25195312,-0.054263566
71,50,121,0.23632812,0.17355372
62,44,106,0.20703125,0.16981132
47,70,117,0.22851562,-0.1965812
63,57,120,0.234375,0.05
61,76,137,0.26757812,-0.10948905
45,66,111,0.21679688,-0.18918919
60,53,113,0.22070312,0.061946903
49,71,120,0.234375,-0.18333333
62,62,124,0.2421875,0
72,53,125,0.24414062,0.152
52,59,111,0.21679688,-0.063063063
56,65,121,0.23632812,-0.074380165
59,57,116,0.2265625,0.017241379
52,68,120,0.234375,-0.13333333
81,44,125,0.24414062,0.296
72,53,125,0.24414062,0.152
63,53,116,0.2265625,0.086206897
49,64,113,0.22070312,-0.13274336
57,68,125,0.24414062,-0.088
49,64,113,0.22070312,-0.13274336
71,53,124,0.2421875,0.14516129
68,63,131,0.25585938,0.038167939
66,43,109,0.21289062,0.21100917
74,45,119,0.23242188,0.24369748
57,56,113,0.22070312,0.0088495575
59,63,122,0.23828125,-0.032786885
56,59,115,0.22460938,-0.026086957
45,85,130,0.25390625,-0.30769231
72,51,123,0.24023438,0.17073171
51,71,122,0.23828125,-0.16393443
62,54,116,0.2265625,0.068965517
51,63,114,0.22265625,-0.10526316
58,65,123,0.24023438,-0.056910569
72,49,121,0.23632812,0.19008264
68,59,127,0.24804688,0.070866142
48,75,123,0.24023438,-0.2195122
61,60,121,0.23632812,0.0082644628
63,65,128,0.25,-0.015625
73,50,123,0.24023438,0.18699187
67,59,126,0.24609375,0.063492063
62,60,122,0.23828125,0.016393443
49,73,122,0.23828125,-0.19672131
65,70,135,0.26367188,-0.037037037
51,67,118,0.23046875,-0.13559322
66,60,126,0.24609375,0.047619048
58,63,121,0.23632812,-0.041322314
48,76,124,0.2421875,-0.22580645
41,75,116,0.2265625,-0.29310345
65,58,123,0.24023438,0.056910569
53,75,128,0.25,-0.171875
64,68,132,0.2578125,-0.03030303
49,66,115,0.22460938,-0.14782609
57,72,129,0.25195312,-0.11627907
50,63,113,0.22070312,-0.11504425
57,65,122,0.23828125,-0.06557377
75,49,124,0.2421875,0.20967742
59,63,122,0.23828125,-0.032786885
68,43,111,0.21679688,0.22522523
56,70,126,0.24609375,-0.11111111
47,65,112,0.21875,-0.16071429
60,66,126,0.24609375,-0.047619048
70,55,125,0.24414062,0.12
42,84,126,0.24609375,-0.33333333
62,56,118,0.23046875,0.050847458
46,69,115,0.22460938,-0.2
63,62,125,0.24414062,0.008
57,73,130,0.25390625,-0.12307692
73,49,122,0.23828125,0.19672131
49,62,111,0.21679688,-0.11711712
52,70,122,0.23828125,-0.14754098
85,49,134,0.26171875,0.26865672
62,67,129,0.25195312,-0.03875969
66,54,120,0.234375,0.1
48,73,121,0.23632812,-0.20661157
66,69,135,0.26367188,-0.022222222
64,62,126,0.24609375,0.015873016
65,66,131,0.25585938,-0.0076335878
57,72,129,0.25195312,-0.11627907
62,58,120,0.234375,0.033333333
68,47,115,0.22460938,0.1826087
57,63,120,0.234375,-0.05
56,62,118,0.23046875,-0.050847458
57,66,123,0.24023438,-0.073170732
75,61,136,0.265625,0.10294118
39,89,128,0.25,-0.390625
72,73,145,0.28320312,-0.0068965517
61,60,121,0.23632812,0.0082644628
70,60,130,0.25390625,0.076923077
43,87,130,0.25390625,-0.33846154
69,51,120,0.234375,0.15
78,47,125,0.24414062,0.248
60,65,125,0.24414062,-0.04
40,84,124,0.2421875,-0.35483871
49,64,113,0.22070312,-0.13274336
53,65,118,0.23046875,-0.10169492
61,64,125,0.24414062,-0.024
79,55,134,0.26171875,0.17910448
73,55,128,0.25,0.140625
47,68,115,0.22460938,-0.1826087
45,68,113,0.22070312,-0.20353982
38,96,134,0.26171875,-0.43283582
80,53,133,0.25976562,0.20300752
60,58,118,0.23046875,0.016949153
64,56,120,0.234375,0.066666667
54,66,120,0.234375,-0.1
46,77,123,0.24023438,-0.25203252
61,63,124,0.2421875,-0.016129032
88,49,137,0.26757812,0.28467153
60,65,125,0.24414062,-0.04
52,55,107,0.20898438,-0.028037383
74,50,124,0.2421875,0.19354839
73,53,126,0.24609375,0.15873016
73,59,132,0.2578125,0.10606061
63,50,113,0.22070312,0.11504425
53,55,108,0.2109375,-0.018518519
56,63,119,0.23242188,-0.058823529
59,73,132,0.2578125,-0.10606061
56,71,127,0.24804688,-0.11811024
75,55,130,0.25390625,0.15384615
65,55,120,0.234375,0.083333333
47,64,111,0.21679688,-0.15315315
68,62,130,0.25390625,0.046153846
60,63,123,0.24023438,-0.024390244
59,53,112,0.21875,0.053571429
82,55,137,0.26757812,0.19708029
63,62,125,0.24414062,0.008
62,59,121,0.23632812,0.024793388
57,59,116,0.2265625,-0.017241379
72,52,124,0.2421875,0.16129032
51,59,110,0.21484375,-0.072727273
74,59,133,0.25976562,0.11278195
63,56,119,0.23242188,0.058823529
56,59,115,0.22460938,-0.026086957
65,60,125,0.24414062,0.04
73,58,131,0.25585938,0.11450382
67,55,122,0.23828125,0.098360656
67,55,122,0.23828125,0.098360656
71,44,115,0.22460938,0.23478261
61,50,111,0.21679688,0.099099099
61,54,115,0.22460938,0.060869565
72,61,133,0.25976562,0.082706767
64,63,127,0.24804688,0.0078740157
58,54,112,0.21875,0.035714286
57,62,119,0.23242188,-0.042016807
49,68,117,0.22851562,-0.16239316
50,68,118,0.23046875,-0.15254237
69,67,136,0.265625,0.014705882
58,59,117,0.22851562,-0.0085470085
63,59,122,0.23828125,0.032786885
49,70,119,0.23242188,-0.17647059
68,62,130,0.25390625,0.046153846
48,72,120,0.234375,-0.2
56,67,123,0.24023438,-0.089430894
51,68,119,0.23242188,-0.14285714
79,47,126,0.24609375,0.25396825
69,60,129,0.25195312,0.069767442
72,46,118,0.23046875,0.22033898
62,59,121,0.23632812,0.024793388
75,39,114,0.22265625,0.31578947
56,51,107,0.20898438,0.046728972
80,42,122,0.23828125,0.31147541
68,58,126,0.24609375,0.079365079
49,60,109,0.21289062,-0.10091743
58,58,116,0.2265625,0
56,61,117,0.22851562,-0.042735043
58,72,130,0.25390625,-0.10769231
55,69,124,0.2421875,-0.11290323
66,61,127,0.24804688,0.039370079
59,67,126,0.24609375,-0.063492063
55,62,117,0.22851562,-0.05982906
65,54,119,0.23242188,0.092436975
63,67,130,0.25390625,-0.030769231
48,70,118,0.23046875,-0.18644068
69,53,122,0.23828125,0.13114754
79,55,134,0.26171875,0.17910448
62,66,128,0.25,-0.03125
56,63,119,0.23242188,-0.058823529
57,64,121,0.23632812,-0.05785124
61,58,119,0.23242188,0.025210084
48,71,119,0.23242188,-0.19327731
50,67,117,0.22851562,-0.14529915
60,51,111,0.21679688,0.081081081
77,47,124,0.2421875,0.24193548
58,53,111,0.21679688,0.045045045
60,52,112,0.21875,0.071428571
44,68,112,0.21875,-0.21428571
58,87,145,0.28320312,-0.2
54,54,108,0.2109375,0
44,78,122,0.23828125,-0.27868852
75,44,119,0.23242188,0.2605042
46,73,119,0.23242188,-0.22689076
76,51,127,0.24804688,0.19685039
50,68,118,0.23046875,-0.15254237
56,61,117,0.22851562,-0.042735043
63,68,131,0.25585938,-0.038167939
52,69,121,0.23632812,-0.14049587
65,64,129,0.25195312,0.007751938
66,53,119,0.23242188,0.1092437
75,46,121,0.23632812,0.23966942
61,67,128,0.25,-0.046875
63,63,126,0.24609375,0
59,66,125,0.24414062,-0.056
46,75,121,0.23632812,-0.23966942
76,60,136,0.265625,0.11764706
44,68,112,0.21875,-0.21428571
57,74,131,0.25585938,-0.12977099
58,76,134,0.26171875,-0.13432836
52,55,107,0.20898438,-0.028037383
37,88,125,0.24414062,-0.408
64,63,127,0.24804688,0.0078740157
75,48,123,0.24023438,0.2195122
74,68,142,0.27734375,0.042253521
63,50,113,0.22070312,0.11504425
74,43,117,0.22851562,0.26495726
61,70,131,0.25585938,-0.06870229
52,69,121,0.23632812,-0.14049587
66,49,115,0.22460938,0.14782609
50,64,114,0.22265625,-0.12280702
60,71,131,0.25585938,-0.083969466
82,46,128,0.25,0.28125
60,72,132,0.2578125,-0.090909091
58,81,139,0.27148438,-0.16546763
62,75,137,0.26757812,-0.094890511
68,54,122,0.23828125,0.1147541
64,42,106,0.20703125,0.20754717
58,61,119,0.23242188,-0.025210084
63,57,120,0.234375,0.05
53,63,116,0.2265625,-0.086206897
70,48,118,0.23046875,0.18644068
43,76,119,0.23242188,-0.27731092
66,69,135,0.26367188,-0.022222222
77,43,120,0.234375,0.28333333
54,63,117,0.22851562,-0.076923077
53,67,120,0.234375,-0.11666667
76,50,126,0.24609375,0.20634921
69,66,135,0.26367188,0.022222222
65,58,123,0.24023438,0.056910569
70,52,122,0.23828125,0.14754098
71,47,118,0.23046875,0.20338983
75,45,120,0.234375,0.25
60,64,124,0.2421875,-0.032258065
54,70,124,0.2421875,-0.12903226
62,62,124,0.2421875,0
49,74,123,0.24023438,-0.20325203
76,60,136,0.265625,0.11764706
53,64,117,0.22851562,-0.094017094
65,49,114,0.22265625,0.14035088
52,66,118,0.23046875,-0.11864407
66,57,123,0.24023438,0.073170732
58,66,124,0.2421875,-0.064516129
44,75,119,0.23242188,-0.2605042
64,50,114,0.22265625,0.12280702
63,55,118,0.23046875,0.06779661
77,57,134,0.26171875,0.14925373
67,49,116,0.2265625,0.15517241
72,42,114,0.22265625,0.26315789
38,82,120,0.234375,-0.36666667
57,62,119,0.23242188,-0.042016807
57,70,127,0.24804688,-0.1023622
70,52,122,0.23828125,0.14754098
54,74,128,0.25,-0.15625
64,61,125,0.24414062,0.024
73,50,123,0.24023438,0.18699187
70,39,109,0.21289062,0.28440367
61,58,119,0.23242188,0.025210084
72,47,119,0.23242188,0.21008403
49,73,122,0.23828125,-0.19672131
58,60,118,0.23046875,-0.016949153
68,61,129,0.25195312,0.054263566
52,60,112,0.21875,-0.071428571
54,57,111,0.21679688,-0.027027027
56,64,120,0.234375,-0.066666667
58,60,118,0.23046875,-0.016949153
62,57,119,0.23242188,0.042016807
51,75,126,0.24609375,-0.19047619
58,65,123,0.24023438,-0.056910569
66,48,114,0.22265625,0.15789474
37,82,119,0.23242188,-0.37815126
66,59,125,0.24414062,0.056
57,68,125,0.24414062,-0.088
57,69,126,0.24609375,-0.095238095
50,71,121,0.23632812,-0.17355372
62,56,118,0.23046875,0.050847458
51,71,122,0.23828125,-0.16393443
64,59,123,0.24023438,0.040650407
41,69,110,0.21484375,-0.25454545
67,54,121,0.23632812,0.10743802
47,67,114,0.22265625,-0.1754386
43,66,109,0.21289062,-0.21100917
49,62,111,0.21679688,-0.11711712
54,74,128,0.25,-0.15625
76,49,125,0.24414062,0.216
59,62,121,0.23632812,-0.024793388
57,71,128,0.25,-0.109375
60,61,121,0.23632812,-0.0082644628
74,50,124,0.2421875,0.19354839
76,48,124,0.2421875,0.22580645
57,64,121,0.23632812,-0.05785124
46,65,111,0.21679688,-0.17117117
60,57,117,0.22851562,0.025641026
36,74,110,0.21484375,-0.34545455
49,71,120,0.234375,-0.18333333
74,53,127,0.24804688,0.16535433
60,69,129,0.25195312,-0.069767442
69,56,125,0.24414062,0.104
55,68,123,0.24023438,-0.10569106
65,62,127,0.24804688,0.023622047
60,58,118,0.23046875,0.016949153
70,56,126,0.24609375,0.11111111
53,71,124,0.2421875,-0.14516129
55,70,125,0.24414062,-0.12
78,47,125,0.24414062,0.248
77,57,134,0.26171875,0.14925373
56,71,127,0.24804688,-0.11811024
76,40,116,0.2265625,0.31034483
67,62,129,0.25195312,0.03875969
48,75,123,0.24023438,-0.2195122
50,60,110,0.21484375,-0.090909091
67,51,118,0.23046875,0.13559322
40,74,114,0.22265625,-0.29824561
46,81,127,0.24804688,-0.27559055
59,62,121,0.23632812,-0.024793388
54,47,101,0.19726562,0.069306931
68,50,118,0.23046875,0.15254237
60,61,121,0.23632812,-0.0082644628
55,68,123,0.24023438,-0.10569106
67,41,108,0.2109375,0.24074074
52,59,111,0.21679688,-0.063063063
75,40,115,0.22460938,0.30434783
64,53,117,0.22851562,0.094017094
53,66,119,0.23242188,-0.1092437
68,59,127,0.24804688,0.070866142
39,78,117,0.22851562,-0.33333333
87,47,134,0.26171875,0.29850746
68,61,129,0.25195312,0.054263566
49,68,117,0.22851562,-0.16239316
55,67,122,0.23828125,-0.098360656
59,50,109,0.21289062,0.082568807
34,73,107,0.20898438,-0.36448598
69,59,128,0.25,0.078125
49,75,124,0.2421875,-0.20967742
64,73,137,0.26757812,-0.065693431
73,46,119,0.23242188,0.22689076
73,45,118,0.23046875,0.23728814
63,61,124,0.2421875,0.016129032
58,60,118,0.23046875,-0.016949153
55,76,131,0.25585938,-0.16030534
61,50,111,0.21679688,0.099099099
50,71,121,0.23632812,-0.17355372
44,71,115,0.22460938,-0.23478261
51,72,123,0.24023438,-0.17073171
55,57,112,0.21875,-0.017857143
64,53,117,0.22851562,0.094017094
60,63,123,0.24023438,-0.024390244
56,61,117,0.22851562,-0.042735043
56,64,120,0.234375,-0.066666667
52,76,128,0.25,-0.1875
51,63,114,0.22265625,-0.10526316
56,66,122,0.23828125,-0.081967213
52,73,125,0.24414062,-0.168
59,60,119,0.23242188,-0.0084033613
57,65,122,0.23828125,-0.06557377
77,50,127,0.24804688,0.21259843
57,49,106,0.20703125,0.075471698
56,62,118,0.23046875,-0.050847458
65,55,120,0.234375,0.083333333
73,51,124,0.2421875,0.17741935
56,57,113,0.22070312,-0.0088495575
48,65,113,0.22070312,-0.15044248
61,56,117,0.22851562,0.042735043
49,76,125,0.24414062,-0.216
82,57,139,0.27148438,0.17985612
38,74,112,0.21875,-0.32142857
42,77,119,0.23242188,-0.29411765
44,73,117,0.22851562,-0.24786325
70,58,128,0.25,0.09375
63,57,120,0.234375,0.05
64,68,132,0.2578125,-0.03030303
59,57,116,0.2265625,0.017241379
54,64,118,0.23046875,-0.084745763
65,69,134,0.26171875,-0.029850746
55,69,124,0.2421875,-0.11290323
73,52,125,0.24414062,0.168
55,65,120,0.234375,-0.083333333
69,54,123,0.24023438,0.12195122
70,41,111,0.21679688,0.26126126
80,54,134,0.26171875,0.19402985
56,76,132,0.2578125,-0.15151515
67,62,129,0.25195312,0.03875969
63,59,122,0.23828125,0.032786885
79,49,128,0.25,0.234375
60,65,125,0.24414062,-0.04
58,67,125,0.24414062,-0.072
67,60,127,0.24804688,0.05511811
40,79,119,0.23242188,-0.32773109
71,69,140,0.2734375,0.014285714
69,58,127,0.24804688,0.086614173
49,70,119,0.23242188,-0.17647059
38,81,119,0.23242188,-0.36134454
56,60,116,0.2265625,-0.034482759
60,64,124,0.2421875,-0.032258065
61,67,128,0.25,-0.046875
58,61,119,0.23242188,-0.025210084
72,68,140,0.2734375,0.028571429
62,64,126,0.24609375,-0.015873016
61,61,122,0.23828125,0
51,68,119,0.23242188,-0.14285714
51,74,125,0.24414062,-0.184
56,52,108,0.2109375,0.037037037
66,59,125,0.24414062,0.056
66,44,110,0.21484375,0.2
64,51,115,0.22460938,0.11304348
69,56,125,0.24414062,0.104
59,66,125,0.24414062,-0.056
53,78,131,0.25585938,-0.19083969
62,71,133,0.25976562,-0.067669173
47,78,125,0.24414062,-0.248
49,71,120,0.234375,-0.18333333
57,52,109,0.21289062,0.04587156
63,62,125,0.24414062,0.008
46,60,106,0.20703125,-0.13207547
63,69,132,0.2578125,-0.045454545
100,34,134,0.26171875,0.49253731
61,54,115,0.22460938,0.060869565
64,63,127,0.24804688,0.0078740157
67,62,129,0.25195312,0.03875969
59,65,124,0.2421875,-0.048387097
68,54,122,0.23828125,0.1147541
43,75,118,0.23046875,-0.27118644
71,54,125,0.24414062,0.136
50,78,128,0.25,-0.21875
70,44,114,0.22265625,0.22807018
68,52,120,0.234375,0.13333333
71,53,124,0.2421875,0.14516129
55,70,125,0.24414062,-0.12
69,55,124,0.2421875,0.11290323
53,52,105,0.20507812,0.0095238095
54,62,116,0.2265625,-0.068965517
74,47,121,0.23632812,0.2231405
45,68,113,0.22070312,-0.20353982
64,63,127,0.24804688,0.0078740157
60,50,110,0.21484375,0.090909091
60,65,125,0.24414062,-0.04
53,63,116,0.2265625,-0.086206897
72,54,126,0.24609375,0.14285714
60,58,118,0.23046875,0.016949153
61,55,116,0.2265625,0.051724138
60,51,111,0.21679688,0.081081081
59,78,137,0.26757812,-0.13868613
80,51,131,0.25585938,0.22137405
64,50,114,0.22265625,0.12280702
62,59,121,0.23632812,0.024793388
76,47,123,0.24023438,0.23577236
64,55,119,0.23242188,0.075630252
62,56,118,0.23046875,0.050847458
79,46,125,0.24414062,0.264
56,54,110,0.21484375,0.018181818
77,48,125,0.24414062,0.232
48,74,122,0.23828125,-0.21311475
60,69,129,0.25195312,-0.069767442
55,67,122,0.23828125,-0.098360656
58,56,114,0.22265625,0.01754386
72,55,127,0.24804688,0.13385827
65,46,111,0.21679688,0.17117117
47,74,121,0.23632812,-0.2231405
75,54,129,0.25195312,0.1627907
56,61,117,0.22851562,-0.042735043
71,53,124,0.2421875,0.14516129
62,58,120,0.234375,0.033333333
57,65,122,0.23828125,-0.06557377
58,66,124,0.2421875,-0.064516129
51,65,116,0.2265625,-0.12068966
54,75,129,0.25195312,-0.1627907
64,60,124,0.2421875,0.032258065
59,63,122,0.23828125,-0.032786885
74,52,126,0.24609375,0.17460317
60,68,128,0.25,-0.0625
50,73,123,0.24023438,-0.18699187
67,55,122,0.23828125,0.098360656
53,62,115,0.22460938,-0.07826087
61,62,123,0.24023438,-0.0081300813
51,58,109,0.21289062,-0.064220183
46,66,112,0.21875,-0.17857143
63,60,123,0.24023438,0.024390244
63,46,109,0.21289062,0.1559633
48,78,126,0.24609375,-0.23809524
58,79,137,0.26757812,-0.15328467
83,39,122,0.23828125,0.36065574
62,58,120,0.234375,0.033333333
67,50,117,0.22851562,0.14529915
47,77,124,0.2421875,-0.24193548
68,46,114,0.22265625,0.19298246
55,68,123,0.24023438,-0.10569106
75,56,131,0.25585938,0.14503817
65,63,128,0.25,0.015625
53,79,132,0.2578125,-0.1969697
41,78,119,0.23242188,-0.31092437
55,68,123,0.24023438,-0.10569106
53,56,109,0.21289062,-0.027522936
72,50,122,0.23828125,0.18032787
68,52,120,0.234375,0.13333333
62,66,128,0.25,-0.03125
55,60,115,0.22460938,-0.043478261
77,37,114,0.22265625,0.35087719
40,72,112,0.21875,-0.28571429
65,51,116,0.2265625,0.12068966
46,75,121,0.23632812,-0.23966942
69,60,129,0.25195312,0.069767442
71,56,127,0.24804688,0.11811024
47,71,118,0.23046875,-0.20338983
79,58,137,0.26757812,0.15328467
57,70,127,0.24804688,-0.1023622
65,55,120,0.234375,0.083333333
60,60,120,0.234375,0
58,67,125,0.24414062,-0.072
50,70,120,0.234375,-0.16666667
65,54,119,0.23242188,0.092436975
56,62,118,0.23046875,-0.050847458
50,71,121,0.23632812,-0.17355372
66,65,131,0.25585938,0.0076335878
58,61,119,0.23242188,-0.025210084
71,49,120,0.234375,0.18333333
71,39,110,0.21484375,0.29090909
66,61,127,0.24804688,0.039370079
88,53,141,0.27539062,0.24822695
56,70,126,0.24609375,-0.11111111
68,64,132,0.2578125,0.03030303
63,55,118,0.23046875,0.06779661
50,83,133,0.25976562,-0.2481203
51,77,128,0.25,-0.203125
62,67,129,0.25195312,-0.03875969
79,47,126,0.24609375,0.25396825
45,80,125,0.24414062,-0.28
50,65,115,0.22460938,-0.13043478
48,73,121,0.23632812,-0.20661157
62,53,115,0.22460938,0.07826087
53,86,139,0.27148438,-0.23741007
52,70,122,0.23828125,-0.14754098
59,78,137,0.26757812,-0.13868613
54,68,122,0.23828125,-0.1147541
61,60,121,0.23632812,0.0082644628
34,86,120,0.234375,-0.43333333
65,53,118,0.23046875,0.10169492
61,60,121,0.23632812,0.0082644628
36,82,118,0.23046875,-0.38983051
60,67,127,0.24804688,-0.05511811
64,55,119,0.23242188,0.075630252
62,59,121,0.23632812,0.024793388
68,65,133,0.25976562,0.022556391
42,81,123,0.24023438,-0.31707317
70,54,124,0.2421875,0.12903226
61,50,111,0.21679688,0.099099099
73,54,127,0.24804688,0.1496063
58,57,115,0.22460938,0.0086956522
51,65,116,0.2265625,-0.12068966
81,41,122,0.23828125,0.32786885
69,45,114,0.22265625,0.21052632
65,49,114,0.22265625,0.14035088
54,56,110,0.21484375,-0.018181818
61,69,130,0.25390625,-0.061538462
58,61,119,0.23242188,-0.025210084
70,47,117,0.22851562,0.1965812
63,52,115,0.22460938,0.095652174
52,65,117,0.22851562,-0.11111111
72,43,115,0.22460938,0.25217391
49,59,108,0.2109375,-0.092592593
71,59,130,0.25390625,0.092307692
62,55,117,0.22851562,0.05982906
62,54,116,0.2265625,0.068965517
56,77,133,0.25976562,-0.15789474
58,67,125,0.24414062,-0.072
55,63,118,0.23046875,-0.06779661
82,54,136,0.265625,0.20588235
49,62,111,0.21679688,-0.11711712
61,52,113,0.22070312,0.079646018
65,63,128,0.25,0.015625
61,70,131,0.25585938,-0.06870229
62,51,113,0.22070312,0.097345133
64,61,125,0.24414062,0.024
54,57,111,0.21679688,-0.027027027
71,50,121,0.23632812,0.17355372
70,58,128,0.25,0.09375
51,60,111,0.21679688,-0.081081081
67,45,112,0.21875,0.19642857
55,64,119,0.23242188,-0.075630252
61,58,119,0.23242188,0.025210084
70,56,126,0.24609375,0.11111111
61,53,114,0.22265625,0.070175439
55,70,125,0.24414062,-0.12
59,68,127,0.24804688,-0.070866142
67,59,126,0.24609375,0.063492063
52,65,117,0.22851562,-0.11111111
57,61,118,0.23046875,-0.033898305
62,61,123,0.24023438,0.0081300813
53,64,117,0.22851562,-0.094017094
69,66,135,0.26367188,0.022222222
67,50,117,0.22851562,0.14529915
47,65,112,0.21875,-0.16071429
72,53,125,0.24414062,0.152
49,64,113,0.22070312,-0.13274336
55,63,118,0.23046875,-0.06779661
70,62,132,0.2578125,0.060606061
69,57,126,0.24609375,0.095238095
54,69,123,0.24023438,-0.12195122
47,72,119,0.23242188,-0.21008403
58,47,105,0.20507812,0.1047619
70,55,125,0.24414062,0.12
69,54,123,0.24023438,0.12195122
57,68,125,0.24414062,-0.088
61,57,118,0.23046875,0.033898305
76,46,122,0.23828125,0.24590164
42,59,101,0.19726562,-0.16831683
66,48,114,0.22265625,0.15789474
82,49,131,0.25585938,0.2519084
60,56,116,0.2265625,0.034482759
64,62,126,0.24609375,0.015873016
65,63,128,0.25,0.015625
65,54,119,0.23242188,0.092436975
46,79,125,0.24414062,-0.264
51,59,110,0.21484375,-0.072727273
68,58,126,0.24609375,0.079365079
57,72,129,0.25195312,-0.11627907
71,45,116,0.2265625,0.22413793
60,50,110,0.21484375,0.090909091
46,93,139,0.27148438,-0.3381295
58,51,109,0.21289062,0.064220183
54,63,117,0.22851562,-0.076923077
65,54,119,0.23242188,0.092436975
60,66,126,0.24609375,-0.047619048
65,47,112,0.21875,0.16071429
54,64,118,0.23046875,-0.084745763
51,66,117,0.22851562,-0.12820513
66,65,131,0.25585938,0.0076335878
68,60,128,0.25,0.0625
57,69,126,0.24609375,-0.095238095
66,69,135,0.26367188,-0.022222222
67,56,123,0.24023438,0.089430894
79,61,140,0.2734375,0.12857143
54,63,117,0.22851562,-0.076923077
56,68,124,0.2421875,-0.096774194
61,65,126,0.24609375,-0.031746032
66,58,124,0.2421875,0.064516129
78,39,117,0.22851562,0.33333333
79,47,126,0.24609375,0.25396825
74,68,142,0.27734375,0.042253521
64,59,123,0.24023438,0.040650407
46,66,112,0.21875,-0.17857143
54,69,123,0.24023438,-0.12195122
73,49,122,0.23828125,0.19672131
49,74,123,0.24023438,-0.20325203
73,46,119,0.23242188,0.22689076
64,60,124,0.2421875,0.032258065
59,63,122,0.23828125,-0.032786885
64,46,110,0.21484375,0.16363636
45,70,115,0.22460938,-0.2173913
64,51,115,0.22460938,0.11304348
67,57,124,0.2421875,0.080645161
68,52,120,0.234375,0.13333333
50,77,127,0.24804688,-0.21259843
60,68,128,0.25,-0.0625
63,58,121,0.23632812,0.041322314
70,54,124,0.2421875,0.12903226
69,61,130,0.25390625,0.061538462
59,75,134,0.26171875,-0.11940299
73,47,120,0.234375,0.21666667
59,62,121,0.23632812,-0.024793388
68,60,128,0.25,0.0625
63,63,126,0.24609375,0
62,68,130,0.25390625,-0.046153846
46,79,125,0.24414062,-0.264
56,64,120,0.234375,-0.066666667
60,65,125,0.24414062,-0.04
47,80,127,0.24804688,-0.25984252
68,59,127,0.24804688,0.070866142
55,62,117,0.22851562,-0.05982906
72,41,113,0.22070312,0.27433628
81,48,129,0.25195312,0.25581395
51,59,110,0.21484375,-0.072727273
50,78,128,0.25,-0.21875
73,56,129,0.25195312,0.13178295
46,72,118,0.23046875,-0.22033898
71,51,122,0.23828125,0.16393443
72,59,131,0.25585938,0.099236641
46,73,119,0.23242188,-0.22689076
53,71,124,0.2421875,-0.14516129
48,70,118,0.23046875,-0.18644068
78,54,132,0.2578125,0.18181818
71,44,115,0.22460938,0.23478261
56,67,123,0.24023438,-0.089430894
55,69,124,0.2421875,-0.11290323
63,59,122,0.23828125,0.032786885
76,46,122,0.23828125,0.24590164
64,54,118,0.23046875,0.084745763
42,74,116,0.2265625,-0.27586207
68,52,120,0.234375,0.13333333
72,65,137,0.26757812,0.051094891
56,61,117,0.22851562,-0.042735043
60,57,117,0.22851562,0.025641026
63,55,118,0.23046875,0.06779661
52,65,117,0.22851562,-0.11111111
42,75,117,0.22851562,-0.28205128
74,56,130,0.25390625,0.13846154
74,57,131,0.25585938,0.12977099
78,44,122,0.23828125,0.27868852
40,82,122,0.23828125,-0.3442623
50,72,122,0.23828125,-0.18032787
46,73,119,0.23242188,-0.22689076
53,77,130,0.25390625,-0.18461538
48,67,115,0.22460938,-0.16521739
70,43,113,0.22070312,0.23893805
72,41,113,0.22070312,0.27433628
58,52,110,0.21484375,0.054545455
65,56,121,0.23632812,0.074380165
51,71,122,0.23828125,-0.16393443
52,74,126,0.24609375,-0.17460317
73,44,117,0.22851562,0.24786325
66,53,119,0.23242188,0.1092437
46,68,114,0.22265625,-0.19298246
78,55,133,0.25976562,0.17293233
63,53,116,0.2265625,0.086206897
61,62,123,0.24023438,-0.0081300813
53,79,132,0.2578125,-0.1969697
60,69,129,0.25195312,-0.069767442
69,69,138,0.26953125,0
62,47,109,0.21289062,0.13761468
62,69,131,0.25585938,-0.053435115
67,43,110,0.21484375,0.21818182
64,60,124,0.2421875,0.032258065
58,73,131,0.25585938,-0.11450382
65,44,109,0.21289062,0.19266055
56,64,120,0.234375,-0.066666667
65,48,113,0.22070312,0.15044248
87,34,121,0.23632812,0.43801653
60,61,121,0.23632812,-0.0082644628
55,64,119,0.23242188,-0.075630252
60,59,119,0.23242188,0.0084033613
74,54,128,0.25,0.15625
86,38,124,0.2421875,0.38709677
61,60,121,0.23632812,0.0082644628
61,58,119,0.23242188,0.025210084
71,59,130,0.25390625,0.092307692
54,75,129,0.25195312,-0.1627907
49,61,110,0.21484375,-0.10909091
64,49,113,0.22070312,0.13274336
58,78,136,0.265625,-0.14705882
66,39,105,0.20507812,0.25714286
50,63,113,0.22070312,-0.11504425
76,50,126,0.24609375,0.20634921
57,68,125,0.24414062,-0.088
61,57,118,0.23046875,0.033898305
90,44,134,0.26171875,0.34328358
70,53,123,0.24023438,0.13821138
48,56,104,0.203125,-0.076923077
64,57,121,0.23632812,0.05785124
65,55,120,0.234375,0.083333333
47,72,119,0.23242188,-0.21008403
67,64,131,0.25585938,0.022900763
51,64,115,0.22460938,-0.11304348
65,57,122,0.23828125,0.06557377
48,71,119,0.23242188,-0.19327731
61,51,112,0.21875,0.089285714
49,79,128,0.25,-0.234375
58,63,121,0.23632812,-0.041322314
58,61,119,0.23242188,-0.025210084
64,63,127,0.24804688,0.0078740157
65,61,126,0.24609375,0.031746032
53,63,116,0.2265625,-0.086206897
64,51,115,0.22460938,0.11304348
69,52,121,0.23632812,0.14049587
54,71,125,0.24414062,-0.136
55,63,118,0.23046875,-0.06779661
45,74,119,0.23242188,-0.24369748
89,40,129,0.25195312,0.37984496
52,69,121,0.23632812,-0.14049587
63,63,126,0.24609375,0
45,76,121,0.23632812,-0.25619835
70,48,118,0.23046875,0.18644068
61,63,124,0.2421875,-0.016129032
54,58,112,0.21875,-0.035714286
48,82,130,0.25390625,-0.26153846
82,53,135,0.26367188,0.21481481
54,59,113,0.22070312,-0.044247788
52,64,116,0.2265625,-0.10344828
90,53,143,0.27929688,0.25874126
62,54,116,0.2265625,0.068965517
57,66,123,0.24023438,-0.073170732
57,70,127,0.24804688,-0.1023622
47,69,116,0.2265625,-0.18965517
78,49,127,0.24804688,0.22834646
76,44,120,0.234375,0.26666667
56,64,120,0.234375,-0.066666667
64,54,118,0.23046875,0.084745763
49,63,112,0.21875,-0.125
79,49,128,0.25,0.234375
61,59,120,0.234375,0.016666667
80,46,126,0.24609375,0.26984127
46,66,112,0.21875,-0.17857143
49,69,118,0.23046875,-0.16949153
65,62,127,0.24804688,0.023622047
63,54,117,0.22851562,0.076923077
53,66,119,0.23242188,-0.1092437
67,58,125,0.24414062,0.072
57,65,122,0.23828125,-0.06557377
67,58,125,0.24414062,0.072
54,54,108,0.2109375,0
63,57,120,0.234375,0.05
48,67,115,0.22460938,-0.16521739
64,61,125,0.24414062,0.024
62,58,120,0.234375,0.033333333
72,58,130,0.25390625,0.10769231
70,63,133,0.25976562,0.052631579
77,61,138,0.26953125,0.11594203
49,69,118,0.23046875,-0.16949153
46,78,124,0.2421875,-0.25806452
49,73,122,0.23828125,-0.19672131
69,51,120,0.234375,0.15
54,70,124,0.2421875,-0.12903226
40,66,106,0.20703125,-0.24528302
50,64,114,0.22265625,-0.12280702
47,73,120,0.234375,-0.21666667
76,60,136,0.265625,0.11764706
55,75,130,0.25390625,-0.15384615
60,71,131,0.25585938,-0.083969466
62,55,117,0.22851562,0.05982906
59,58,117,0.22851562,0.0085470085
53,69,122,0.23828125,-0.13114754
53,68,121,0.23632812,-0.12396694
53,64,117,0.22851562,-0.094017094
66,70,136,0.265625,-0.029411765
59,62,121,0.23632812,-0.024793388
55,66,121,0.23632812,-0.090909091
73,58,131,0.25585938,0.11450382
58,67,125,0.24414062,-0.072
56,76,132,0.2578125,-0.15151515
57,52,109,0.21289062,0.04587156
62,62,124,0.2421875,0
51,66,117,0.22851562,-0.12820513
73,53,126,0.24609375,0.15873016
41,69,110,0.21484375,-0.25454545
62,56,118,0.23046875,0.050847458
69,47,116,0.2265625,0.18965517
56,52,108,0.2109375,0.037037037
54,71,125,0.24414062,-0.136
47,72,119,0.23242188,-0.21008403
66,58,124,0.2421875,0.064516129
84,43,127,0.24804688,0.32283465
55,67,122,0.23828125,-0.098360656
55,56,111,0.21679688,-0.009009009
82,45,127,0.24804688,0.29133858
72,48,120,0.234375,0.2
56,58,114,0.22265625,-0.01754386
74,55,129,0.25195312,0.14728682
70,48,118,0.23046875,0.18644068
58,69,127,0.24804688,-0.086614173
82,51,133,0.25976562,0.23308271
64,54,118,0.23046875,0.084745763
55,52,107,0.20898438,0.028037383
59,61,120,0.234375,-0.016666667
71,46,117,0.22851562,0.21367521
63,60,123,0.24023438,0.024390244
58,54,112,0.21875,0.035714286
55,64,119,0.23242188,-0.075630252
66,50,116,0.2265625,0.13793103
68,54,122,0.23828125,0.1147541
75,51,126,0.24609375,0.19047619
51,56,107,0.20898438,-0.046728972
70,49,119,0.23242188,0.17647059
52,72,124,0.2421875,-0.16129032
61,69,130,0.25390625,-0.061538462
51,66,117,0.22851562,-0.12820513
56,69,125,0.24414062,-0.104
57,52,109,0.21289062,0.04587156
68,60,128,0.25,0.0625
65,57,122,0.23828125,0.06557377
88,46,134,0.26171875,0.31343284
43,77,120,0.234375,-0.28333333
69,52,121,0.23632812,0.14049587
68,51,119,0.23242188,0.14285714
51,61,112,0.21875,-0.089285714
73,61,134,0.26171875,0.089552239
49,73,122,0.23828125,-0.19672131
62,72,134,0.26171875,-0.074626866
50,66,116,0.2265625,-0.13793103
72,63,135,0.26367188,0.066666667
58,61,119,0.23242188,-0.025210084
44,75,119,0.23242188,-0.2605042
70,53,123,0.24023438,0.13821138
57,60,117,0.22851562,-0.025641026
58,52,110,0.21484375,0.054545455
62,74,136,0.265625,-0.088235294
56,55,111,0.21679688,0.009009009
73,57,130,0.25390625,0.12307692
61,65,126,0.24609375,-0.031746032
63,59,122,0.23828125,0.032786885
67,54,121,0.23632812,0.10743802
66,52,118,0.23046875,0.11864407
60,59,119,0.23242188,0.0084033613
62,59,121,0.23632812,0.024793388
55,69,124,0.2421875,-0.11290323
86,38,124,0.2421875,0.38709677
48,64,112,0.21875,-0.14285714
91,35,126,0.24609375,0.44444444
46,68,114,0.22265625,-0.19298246
57,67,124,0.2421875,-0.080645161
66,65,131,0.25585938,0.0076335878
51,74,125,0.24414062,-0.184
60,75,135,0.26367188,-0.11111111
85,50,135,0.26367188,0.25925926
89,47,136,0.265625,0.30882353
62,69,131,0.25585938,-0.053435115
59,61,120,0.234375,-0.016666667
80,45,125,0.24414062,0.28
70,48,118,0.23046875,0.18644068
65,58,123,0.24023438,0.056910569
59,56,115,0.22460938,0.026086957
52,70,122,0.23828125,-0.14754098
64,57,121,0.23632812,0.05785124
78,52,130,0.25390625,0.2
76,58,134,0.26171875,0.13432836
65,47,112,0.21875,0.16071429
72,59,131,0.25585938,0.099236641
61,44,105,0.20507812,0.16190476
70,53,123,0.24023438,0.13821138
76,59,135,0.26367188,0.12592593
55,68,123,0.24023438,-0.10569106
37,91,128,0.25,-0.421875
59,60,119,0.23242188,-0.0084033613
71,72,143,0.27929688,-0.006993007
67,50,117,0.22851562,0.14529915
73,36,109,0.21289062,0.33944954
57,62,119,0.23242188,-0.042016807
60,67,127,0.24804688,-0.05511811
48,69,117,0.22851562,-0.17948718
62,65,127,0.24804688,-0.023622047
79,53,132,0.2578125,0.1969697
80,36,116,0.2265625,0.37931034
56,75,131,0.25585938,-0.14503817
69,45,114,0.22265625,0.21052632
56,69,125,0.24414062,-0.104
72,44,116,0.2265625,0.24137931
50,64,114,0.22265625,-0.12280702
55,51,106,0.20703125,0.037735849
65,56,121,0.23632812,0.074380165
51,72,123,0.24023438,-0.17073171
83,45,128,0.25,0.296875
56,71,127,0.24804688,-0.11811024
74,49,123,0.24023438,0.20325203
74,47,121,0.23632812,0.2231405
71,61,132,0.2578125,0.075757576
64,59,123,0.24023438,0.040650407
55,55,110,0.21484375,0
75,57,132,0.2578125,0.13636364
57,65,122,0.23828125,-0.06557377
67,55,122,0.23828125,0.098360656
53,54,107,0.20898438,-0.0093457944
67,51,118,0.23046875,0.13559322
49,67,116,0.2265625,-0.15517241
69,62,131,0.25585938,0.053435115
62,48,110,0.21484375,0.12727273
54,54,108,0.2109375,0
57,55,112,0.21875,0.017857143
62,56,118,0.23046875,0.050847458
61,56,117,0.22851562,0.042735043
64,54,118,0.23046875,0.084745763
71,55,126,0.24609375,0.12698413
54,66,120,0.234375,-0.1
53,55,108,0.2109375,-0.018518519
49,71,120,0.234375,-0.18333333
69,50,119,0.23242188,0.15966387
63,61,124,0.2421875,0.016129032
69,58,127,0.24804688,0.086614173
58,63,121,0.23632812,-0.041322314
44,79,123,0.24023438,-0.28455285
66,56,122,0.23828125,0.081967213
48,60,108,0.2109375,-0.11111111
52,68,120,0.234375,-0.13333333
58,51,109,0.21289062,0.064220183
54,62,116,0.2265625,-0.068965517
42,74,116,0.2265625,-0.27586207
56,61,117,0.22851562,-0.042735043
46,64,110,0.21484375,-0.16363636
47,68,115,0.22460938,-0.1826087
64,57,121,0.23632812,0.05785124
75,57,132,0.2578125,0.13636364
48,82,130,0.25390625,-0.26153846
56,61,117,0.22851562,-0.042735043
66,55,121,0.23632812,0.090909091
69,61,130,0.25390625,0.061538462
33,77,110,0.21484375,-0.4
66,50,116,0.2265625,0.13793103
67,54,121,0.23632812,0.10743802
63,54,117,0.22851562,0.076923077
71,65,136,0.265625,0.044117647
73,61,134,0.26171875,0.089552239
51,61,112,0.21875,-0.089285714
49,60,109,0.21289062,-0.10091743
60,63,123,0.24023438,-0.024390244
48,89,137,0.26757812,-0.29927007
69,53,122,0.23828125,0.13114754
66,50,116,0.2265625,0.13793103
55,74,129,0.25195312,-0.14728682
50,64,114,0.22265625,-0.12280702
71,64,135,0.26367188,0.051851852
56,58,114,0.22265625,-0.01754386
40,79,119,0.23242188,-0.32773109
64,55,119,0.23242188,0.075630252
68,55,123,0.24023438,0.10569106
53,63,116,0.2265625,-0.086206897
59,56,115,0.22460938,0.026086957
60,52,112,0.21875,0.071428571
56,69,125,0.24414062,-0.104
54,65,119,0.23242188,-0.092436975
67,53,120,0.234375,0.11666667
69,65,134,0.26171875,0.029850746
58,67,125,0.24414062,-0.072
66,58,124,0.2421875,0.064516129
44,68,112,0.21875,-0.21428571
42,76,118,0.23046875,-0.28813559
55,67,122,0.23828125,-0.098360656
65,58,123,0.24023438,0.056910569
69,54,123,0.24023438,0.12195122
54,74,128,0.25,-0.15625
50,64,114,0.22265625,-0.12280702
61,62,123,0.24023438,-0.0081300813
56,64,120,0.234375,-0.066666667
83,53,136,0.265625,0.22058824
67,52,119,0.23242188,0.12605042
53,67,120,0.234375,-0.11666667
76,47,123,0.24023438,0.23577236
63,59,122,0.23828125,0.032786885
39,73,112,0.21875,-0.30357143
68,53,121,0.23632812,0.12396694
35,70,105,0.20507812,-0.33333333
65,49,114,0.22265625,0.14035088
71,48,119,0.23242188,0.19327731
51,60,111,0.21679688,-0.081081081
58,58,116,0.2265625,0
50,59,109,0.21289062,-0.082568807
55,65,120,0.234375,-0.083333333
56,63,119,0.23242188,-0.058823529
66,50,116,0.2265625,0.13793103
81,51,132,0.2578125,0.22727273
62,61,123,0.24023438,0.0081300813
65,63,128,0.25,0.015625
45,70,115,0.22460938,-0.2173913
53,56,109,0.21289062,-0.027522936
56,70,126,0.24609375,-0.11111111
74,51,125,0.24414062,0.184
84,49,133,0.25976562,0.26315789
75,62,137,0.26757812,0.094890511
65,67,132,0.2578125,-0.015151515
55,65,120,0.234375,-0.083333333
40,71,111,0.21679688,-0.27927928
53,51,104,0.203125,0.019230769
54,73,127,0.24804688,-0.1496063
66,54,120,0.234375,0.1
79,42,121,0.23632812,0.30578512
55,65,120,0.234375,-0.083333333
47,67,114,0.22265625,-0.1754386
69,61,130,0.25390625,0.061538462
52,64,116,0.2265625,-0.10344828
55,65,120,0.234375,-0.083333333
40,79,119,0.23242188,-0.32773109
72,62,134,0.26171875,0.074626866
61,56,117,0.22851562,0.042735043
64,61,125,0.24414062,0.024
74,62,136,0.265625,0.088235294
71,47,118,0.23046875,0.20338983
65,50,115,0.22460938,0.13043478
55,73,128,0.25,-0.140625
54,65,119,0.23242188,-0.092436975
70,51,121,0.23632812,0.15702479
64,60,124,0.2421875,0.032258065
66,44,110,0.21484375,0.2
63,68,131,0.25585938,-0.038167939
76,66,142,0.27734375,0.070422535
61,51,112,0.21875,0.089285714
47,72,119,0.23242188,-0.21008403
68,59,127,0.24804688,0.070866142
59,65,124,0.2421875,-0.048387097
60,62,122,0.23828125,-0.016393443
44,77,121,0.23632812,-0.27272727
53,71,124,0.2421875,-0.14516129
55,64,119,0.23242188,-0.075630252
52,63,115,0.22460938,-0.095652174
64,50,114,0.22265625,0.12280702
59,56,115,0.22460938,0.026086957
54,75,129,0.25195312,-0.1627907
62,56,118,0.23046875,0.050847458
57,73,130,0.25390625,-0.12307692
68,55,123,0.24023438,0.10569106
70,53,123,0.24023438,0.13821138
70,46,116,0.2265625,0.20689655
60,61,121,0.23632812,-0.0082644628
51,62,113,0.22070312,-0.097345133
42,76,118,0.23046875,-0.28813559
76,51,127,0.24804688,0.19685039
75,46,121,0.23632812,0.23966942
53,63,116,0.2265625,-0.086206897
61,63,124,0.2421875,-0.016129032
48,75,123,0.24023438,-0.2195122
54,59,113,0.22070312,-0.044247788
79,46,125,0.24414062,0.264
65,57,122,0.23828125,0.06557377
58,69,127,0.24804688,-0.086614173
58,67,125,0.24414062,-0.072
51,65,116,0.2265625,-0.12068966
60,49,109,0.21289062,0.10091743
66,48,114,0.22265625,0.15789474
56,62,118,0.23046875,-0.050847458
74,55,129,0.25195312,0.14728682
74,45,119,0.23242188,0.24369748
68,55,123,0.24023438,0.10569106
63,49,112,0.21875,0.125
43,66,109,0.21289062,-0.21100917
48,76,124,0.2421875,-0.22580645
57,55,112,0.21875,0.017857143
71,54,125,0.24414062,0.136
55,69,124,0.2421875,-0.11290323
72,47,119,0.23242188,0.21008403
67,54,121,0.23632812,0.10743802
57,72,129,0.25195312,-0.11627907
48,70,118,0.23046875,-0.18644068
50,63,113,0.22070312,-0.11504425
53,64,117,0.22851562,-0.094017094
62,56,118,0.23046875,0.050847458
78,46,124,0.2421875,0.25806452
58,56,114,0.22265625,0.01754386
44,80,124,0.2421875,-0.29032258
61,56,117,0.22851562,0.042735043
65,60,125,0.24414062,0.04
67,59,126,0.24609375,0.063492063
62,47,109,0.21289062,0.13761468
56,64,120,0.234375,-0.066666667
61,58,119,0.23242188,0.025210084
53,57,110,0.21484375,-0.036363636
50,64,114,0.22265625,-0.12280702
67,59,126,0.24609375,0.063492063
62,66,128,0.25,-0.03125
63,56,119,0.23242188,0.058823529
64,65,129,0.25195312,-0.007751938
77,56,133,0.25976562,0.15789474
57,68,125,0.24414062,-0.088
53,62,115,0.22460938,-0.07826087
76,55,131,0.25585938,0.16030534
60,61,121,0.23632812,-0.0082644628
64,64,128,0.25,0
41,68,109,0.21289062,-0.24770642
80,56,136,0.265625,0.17647059
52,79,131,0.25585938,-0.20610687
61,68,129,0.25195312,-0.054263566
58,62,120,0.234375,-0.033333333
67,53,120,0.234375,0.11666667
46,68,114,0.22265625,-0.19298246
61,58,119,0.23242188,0.025210084
71,56,127,0.24804688,0.11811024
54,75,129,0.25195312,-0.1627907
49,72,121,0.23632812,-0.19008264
61,57,118,0.23046875,0.033898305
63,59,122,0.23828125,0.032786885
49,67,116,0.2265625,-0.15517241
51,51,102,0.19921875,0
61,62,123,0.24023438,-0.0081300813
59,67,126,0.24609375,-0.063492063
62,64,126,0.24609375,-0.015873016
50,63,113,0.22070312,-0.11504425
68,64,132,0.2578125,0.03030303
53,67,120,0.234375,-0.11666667
67,62,129,0.25195312,0.03875969
63,58,121,0.23632812,0.041322314
66,49,115,0.22460938,0.14782609
40,72,112,0.21875,-0.28571429
58,50,108,0.2109375,0.074074074
54,54,108,0.2109375,0
64,49,113,0.22070312,0.13274336
45,72,117,0.22851562,-0.23076923
69,56,125,0.24414062,0.104
63,59,122,0.23828125,0.032786885
56,79,135,0.26367188,-0.17037037
36,82,118,0.23046875,-0.38983051
58,57,115,0.22460938,0.0086956522
58,73,131,0.25585938,-0.11450382
52,60,112,0.21875,-0.071428571
55,76,131,0.25585938,-0.16030534
63,47,110,0.21484375,0.14545455
75,52,127,0.24804688,0.18110236
57,57,114,0.22265625,0
68,58,126,0.24609375,0.079365079
77,51,128,0.25,0.203125
49,71,120,0.234375,-0.18333333
46,68,114,0.22265625,-0.19298246
60,55,115,0.22460938,0.043478261
70,53,123,0.24023438,0.13821138
60,86,146,0.28515625,-0.17808219
52,63,115,0.22460938,-0.095652174
56,70,126,0.24609375,-0.11111111
54,73,127,0.24804688,-0.1496063
48,64,112,0.21875,-0.14285714
72,47,119,0.23242188,0.21008403
62,59,121,0.23632812,0.024793388
43,70,113,0.22070312,-0.23893805
61,62,123,0.24023438,-0.0081300813
67,55,122,0.23828125,0.098360656
74,44,118,0.23046875,0.25423729
57,66,123,0.24023438,-0.073170732
60,67,127,0.24804688,-0.05511811
68,48,116,0.2265625,0.17241379
66,56,122,0.23828125,0.081967213
46,71,117,0.22851562,-0.21367521
72,52,124,0.2421875,0.16129032
68,45,113,0.22070312,0.20353982
59,53,112,0.21875,0.053571429
57,67,124,0.2421875,-0.080645161
54,78,132,0.2578125,-0.18181818
50,66,116,0.2265625,-0.13793103
68,49,117,0.22851562,0.16239316
73,51,124,0.2421875,0.17741935
45,81,126,0.24609375,-0.28571429
58,68,126,0.24609375,-0.079365079
56,67,123,0.24023438,-0.089430894
66,53,119,0.23242188,0.1092437
60,66,126,0.24609375,-0.047619048
59,62,121,0.23632812,-0.024793388
50,73,123,0.24023438,-0.18699187
62,60,122,0.23828125,0.016393443
71,38,109,0.21289062,0.30275229
72,49,121,0.23632812,0.19008264
48,73,121,0.23632812,-0.20661157
77,42,119,0.23242188,0.29411765
63,55,118,0.23046875,0.06779661
71,46,117,0.22851562,0.21367521
54,60,114,0.22265625,-0.052631579
76,53,129,0.25195312,0.17829457
53,66,119,0.23242188,-0.1092437
49,69,118,0.23046875,-0.16949153
47,55,102,0.19921875,-0.078431373
76,59,135,0.26367188,0.12592593
61,71,132,0.2578125,-0.075757576
49,62,111,0.21679688,-0.11711712
59,63,122,0.23828125,-0.032786885
60,61,121,0.23632812,-0.0082644628
62,60,122,0.23828125,0.016393443
70,42,112,0.21875,0.25
54,62,116,0.2265625,-0.068965517
59,59,118,0.23046875,0
44,76,120,0.234375,-0.26666667
56,63,119,0.23242188,-0.058823529
70,52,122,0.23828125,0.14754098
58,57,115,0.22460938,0.0086956522
65,57,122,0.23828125,0.06557377
65,53,118,0.23046875,0.10169492
83,44,127,0.24804688,0.30708661
70,73,143,0.27929688,-0.020979021
72,45,117,0.22851562,0.23076923
67,55,122,0.23828125,0.098360656
58,70,128,0.25,-0.09375
82,42,124,0.2421875,0.32258065
69,50,119,0.23242188,0.15966387
64,62,126,0.24609375,0.015873016
56,64,120,0.234375,-0.066666667
37,74,111,0.21679688,-0.33333333
61,64,125,0.24414062,-0.024
66,58,124,0.2421875,0.064516129
73,52,125,0.24414062,0.168
50,61,111,0.21679688,-0.099099099
61,66,127,0.24804688,-0.039370079
65,64,129,0.25195312,0.007751938
77,40,117,0.22851562,0.31623932
59,70,129,0.25195312,-0.085271318
61,68,129,0.25195312,-0.054263566
67,52,119,0.23242188,0.12605042
64,44,108,0.2109375,0.18518519
73,58,131,0.25585938,0.11450382
57,73,130,0.25390625,-0.12307692
60,62,122,0.23828125,-0.016393443
72,50,122,0.23828125,0.18032787
67,57,124,0.2421875,0.080645161
62,55,117,0.22851562,0.05982906
45,72,117,0.22851562,-0.23076923
59,65,124,0.2421875,-0.048387097
44,83,127,0.24804688,-0.30708661
61,56,117,0.22851562,0.042735043
41,84,125,0.24414062,-0.344
56,59,115,0.22460938,-0.026086957
57,52,109,0.21289062,0.04587156
67,48,115,0.22460938,0.16521739
58,58,116,0.2265625,0
63,60,123,0.24023438,0.024390244
64,58,122,0.23828125,0.049180328
62,66,128,0.25,-0.03125
53,68,121,0.23632812,-0.12396694
56,57,113,0.22070312,-0.0088495575
49,71,120,0.234375,-0.18333333
43,67,110,0.21484375,-0.21818182
73,52,125,0.24414062,0.168
63,47,110,0.21484375,0.14545455
57,67,124,0.2421875,-0.080645161
53,70,123,0.24023438,-0.13821138
55,62,117,0.22851562,-0.05982906
59,50,109,0.21289062,0.082568807
57,61,118,0.23046875,-0.033898305
69,61,130,0.25390625,0.061538462
60,55,115,0.22460938,0.043478261
61,61,122,0.23828125,0
49,62,111,0.21679688,-0.11711712
36,85,121,0.23632812,-0.40495868
55,50,105,0.20507812,0.047619048
62,64,126,0.24609375,-0.015873016
60,66,126,0.24609375,-0.047619048
61,53,114,0.22265625,0.070175439
48,73,121,0.23632812,-0.20661157
76,53,129,0.25195312,0.17829457
45,76,121,0.23632812,-0.25619835
51,69,120,0.234375,-0.15
67,47,114,0.22265625,0.1754386
54,74,128,0.25,-0.15625
68,53,121,0.23632812,0.12396694
62,55,117,0.22851562,0.05982906
63,77,140,0.2734375,-0.1
60,58,118,0.23046875,0.016949153
48,66,114,0.22265625,-0.15789474
66,64,130,0.25390625,0.015384615
63,53,116,0.2265625,0.086206897
47,64,111,0.21679688,-0.15315315
60,55,115,0.22460938,0.043478261
40,82,122,0.23828125,-0.3442623
77,40,117,0.22851562,0.31623932
62,47,109,0.21289062,0.13761468
57,67,124,0.2421875,-0.080645161
55,81,136,0.265625,-0.19117647
47,78,125,0.24414062,-0.248
53,61,114,0.22265625,-0.070175439
50,60,110,0.21484375,-0.090909091
51,67,118,0.23046875,-0.13559322
60,76,136,0.265625,-0.11764706
68,55,123,0.24023438,0.10569106
72,38,110,0.21484375,0.30909091
63,65,128,0.25,-0.015625
65,58,123,0.24023438,0.056910569
61,60,121,0.23632812,0.0082644628
62,68,130,0.25390625,-0.046153846
63,53,116,0.2265625,0.086206897
48,82,130,0.25390625,-0.26153846
61,73,134,0.26171875,-0.089552239
89,44,133,0.25976562,0.33834586
38,90,128,0.25,-0.40625
58,64,122,0.23828125,-0.049180328
52,86,138,0.26953125,-0.24637681
50,82,132,0.2578125,-0.24242424
57,77,134,0.26171875,-0.14925373
61,53,114,0.22265625,0.070175439
58,63,121,0.23632812,-0.041322314
53,62,115,0.22460938,-0.07826087
63,53,116,0.2265625,0.086206897
48,65,113,0.22070312,-0.15044248
26,90,116,0.2265625,-0.55172414
62,48,110,0.21484375,0.12727273
72,51,123,0.24023438,0.17073171
77,56,133,0.25976562,0.15789474
57,70,127,0.24804688,-0.1023622
66,59,125,0.24414062,0.056
49,75,124,0.2421875,-0.20967742
65,56,121,0.23632812,0.074380165
61,60,121,0.23632812,0.0082644628
65,53,118,0.23046875,0.10169492
71,48,119,0.23242188,0.19327731
61,69,130,0.25390625,-0.061538462
68,51,119,0.23242188,0.14285714
60,67,127,0.24804688,-0.05511811
50,67,117,0.22851562,-0.14529915
68,60,128,0.25,0.0625
51,74,125,0.24414062,-0.184
57,49,106,0.20703125,0.075471698
68,58,126,0.24609375,0.079365079
59,67,126,0.24609375,-0.063492063
66,50,116,0.2265625,0.13793103
81,36,117,0.22851562,0.38461538
87,35,122,0.23828125,0.42622951
54,65,119,0.23242188,-0.092436975
59,58,117,0.22851562,0.0085470085
64,62,126,0.24609375,0.015873016
62,59,121,0.23632812,0.024793388
48,66,114,0.22265625,-0.15789474
46,67,113,0.22070312,-0.18584071
64,48,112,0.21875,0.14285714
61,52,113,0.22070312,0.079646018
68,53,121,0.23632812,0.12396694
48,77,125,0.24414062,-0.232
58,67,125,0.24414062,-0.072
55,63,118,0.23046875,-0.06779661
54,61,115,0.22460938,-0.060869565
50,62,112,0.21875,-0.10714286
79,48,127,0.24804688,0.24409449
55,69,124,0.2421875,-0.11290323
77,57,134,0.26171875,0.14925373
43,69,112,0.21875,-0.23214286
53,49,102,0.19921875,0.039215686
63,57,120,0.234375,0.05
75,44,119,0.23242188,0.2605042
73,49,122,0.23828125,0.19672131
65,59,124,0.2421875,0.048387097
56,70,126,0.24609375,-0.11111111
59,66,125,0.24414062,-0.056
56,68,124,0.2421875,-0.096774194
53,64,117,0.22851562,-0.094017094
62,56,118,0.23046875,0.050847458
44,70,114,0.22265625,-0.22807018
62,56,118,0.23046875,0.050847458
40,67,107,0.20898438,-0.25233645
72,69,141,0.27539062,0.021276596
62,47,109,0.21289062,0.13761468
76,61,137,0.26757812,0.10948905
58,65,123,0.24023438,-0.056910569
63,51,114,0.22265625,0.10526316
79,45,124,0.2421875,0.27419355
70,59,129,0.25195312,0.085271318
70,56,126,0.24609375,0.11111111
53,77,130,0.25390625,-0.18461538
73,56,129,0.25195312,0.13178295
60,58,118,0.23046875,0.016949153
49,75,124,0.2421875,-0.20967742
73,53,126,0.24609375,0.15873016
55,54,109,0.21289062,0.0091743119
51,48,99,0.19335938,0.03030303
58,55,113,0.22070312,0.026548673
56,57,113,0.22070312,-0.0088495575
48,73,121,0.23632812,-0.20661157
47,54,101,0.19726562,-0.069306931
55,74,129,0.25195312,-0.14728682
52,59,111,0.21679688,-0.063063063
54,69,123,0.24023438,-0.12195122
66,54,120,0.234375,0.1
57,56,113,0.22070312,0.0088495575
60,56,116,0.2265625,0.034482759
58,64,122,0.23828125,-0.049180328
70,50,120,0.234375,0.16666667
58,63,121,0.23632812,-0.041322314
51,66,117,0.22851562,-0.12820513
62,53,115,0.22460938,0.07826087
56,66,122,0.23828125,-0.081967213
59,67,126,0.24609375,-0.063492063
56,71,127,0.24804688,-0.11811024
67,56,123,0.24023438,0.089430894
65,53,118,0.23046875,0.10169492
64,53,117,0.22851562,0.094017094
63,66,129,0.25195312,-0.023255814
53,69,122,0.23828125,-0.13114754
70,58,128,0.25,0.09375
65,56,121,0.23632812,0.074380165
81,47,128,0.25,0.265625
42,68,110,0.21484375,-0.23636364
70,42,112,0.21875,0.25
55,63,118,0.23046875,-0.06779661
67,60,127,0.24804688,0.05511811
62,65,127,0.24804688,-0.023622047
50,79,129,0.25195312,-0.2248062
66,56,122,0.23828125,0.081967213
49,71,120,0.234375,-0.18333333
62,59,121,0.23632812,0.024793388
67,55,122,0.23828125,0.098360656
56,63,119,0.23242188,-0.058823529
42,71,113,0.22070312,-0.25663717
77,49,126,0.24609375,0.22222222
57,68,125,0.24414062,-0.088
46,66,112,0.21875,-0.17857143
70,37,107,0.20898438,0.30841121
50,81,131,0.25585938,-0.23664122
60,59,119,0.23242188,0.0084033613
55,69,124,0.2421875,-0.11290323
71,69,140,0.2734375,0.014285714
63,62,125,0.24414062,0.008
62,71,133,0.25976562,-0.067669173
61,56,117,0.22851562,0.042735043
51,75,126,0.24609375,-0.19047619
59,70,129,0.25195312,-0.085271318
61,57,118,0.23046875,0.033898305
51,64,115,0.22460938,-0.11304348
71,54,125,0.24414062,0.136
78,40,118,0.23046875,0.3220339
66,57,123,0.24023438,0.073170732
63,57,120,0.234375,0.05
64,59,123,0.24023438,0.040650407
69,55,124,0.2421875,0.11290323
61,61,122,0.23828125,0
45,83,128,0.25,-0.296875
51,69,120,0.234375,-0.15
68,60,128,0.25,0.0625
53,80,133,0.25976562,-0.20300752
84,48,132,0.2578125,0.27272727
70,52,122,0.23828125,0.14754098
67,63,130,0.25390625,0.030769231
55,61,116,0.2265625,-0.051724138
71,54,125,0.24414062,0.136
63,58,121,0.23632812,0.041322314
59,65,124,0.2421875,-0.048387097
53,64,117,0.22851562,-0.094017094
59,55,114,0.22265625,0.035087719
74,36,110,0.21484375,0.34545455
68,52,120,0.234375,0.13333333
58,67,125,0.24414062,-0.072
60,49,109,0.21289062,0.10091743
74,51,125,0.24414062,0.184
77,49,126,0.24609375,0.22222222
62,60,122,0.23828125,0.016393443
70,60,130,0.25390625,0.076923077
59,53,112,0.21875,0.053571429
70,55,125,0.24414062,0.12
76,50,126,0.24609375,0.20634921
75,54,129,0.25195312,0.1627907
55,68,123,0.24023438,-0.10569106
55,69,124,0.2421875,-0.11290323
70,62,132,0.2578125,0.060606061
62,70,132,0.2578125,-0.060606061
76,50,126,0.24609375,0.20634921
63,74,137,0.26757812,-0.080291971
63,54,117,0.22851562,0.076923077
53,79,132,0.2578125,-0.1969697
66,44,110,0.21484375,0.2
56,63,119,0.23242188,-0.058823529
52,70,122,0.23828125,-0.14754098
63,59,122,0.23828125,0.032786885
64,61,125,0.24414062,0.024
53,66,119,0.23242188,-0.1092437
78,56,134,0.26171875,0.1641791
78,51,129,0.25195312,0.20930233
58,71,129,0.25195312,-0.10077519
53,60,113,0.22070312,-0.061946903
74,64,138,0.26953125,0.072463768
64,53,117,0.22851562,0.094017094
70,55,125,0.24414062,0.12
36,74,110,0.21484375,-0.34545455
49,67,116,0.2265625,-0.15517241
50,76,126,0.24609375,-0.20634921
75,45,120,0.234375,0.25
63,60,123,0.24023438,0.024390244
62,52,114,0.22265625,0.087719298
40,75,115,0.22460938,-0.30434783
44,77,121,0.23632812,-0.27272727
49,73,122,0.23828125,-0.19672131
44,78,122,0.23828125,-0.27868852
75,51,126,0.24609375,0.19047619
47,73,120,0.234375,-0.21666667
60,61,121,0.23632812,-0.0082644628
55,67,122,0.23828125,-0.098360656
69,54,123,0.24023438,0.12195122
56,53,109,0.21289062,0.027522936
74,58,132,0.2578125,0.12121212
69,37,106,0.20703125,0.30188679
57,63,120,0.234375,-0.05
48,75,123,0.24023438,-0.2195122
54,58,112,0.21875,-0.035714286
66,52,118,0.23046875,0.11864407
66,51,117,0.22851562,0.12820513
46,95,141,0.27539062,-0.34751773
49,52,101,0.19726562,-0.02970297
71,52,123,0.24023438,0.15447154
64,57,121,0.23632812,0.05785124
72,54,126,0.24609375,0.14285714
68,46,114,0.22265625,0.19298246
61,55,116,0.2265625,0.051724138
73,49,122,0.23828125,0.19672131
44,67,111,0.21679688,-0.20720721
72,37,109,0.21289062,0.32110092
65,46,111,0.21679688,0.17117117
62,58,120,0.234375,0.033333333
61,65,126,0.24609375,-0.031746032
56,63,119,0.23242188,-0.058823529
69,39,108,0.2109375,0.27777778
46,77,123,0.24023438,-0.25203252
86,52,138,0.26953125,0.24637681
49,66,115,0.22460938,-0.14782609
69,53,122,0.23828125,0.13114754
43,75,118,0.23046875,-0.27118644
54,69,123,0.24023438,-0.12195122
76,44,120,0.234375,0.26666667
56,65,121,0.23632812,-0.074380165
67,49,116,0.2265625,0.15517241
63,58,121,0.23632812,0.041322314
94,43,137,0.26757812,0.37226277
54,85,139,0.27148438,-0.22302158
70,45,115,0.22460938,0.2173913
67,50,117,0.22851562,0.14529915
63,66,129,0.25195312,-0.023255814
58,73,131,0.25585938,-0.11450382
61,58,119,0.23242188,0.025210084
54,70,124,0.2421875,-0.12903226
54,58,112,0.21875,-0.035714286
32,86,118,0.23046875,-0.45762712
63,63,126,0.24609375,0
63,55,118,0.23046875,0.06779661
58,65,123,0.24023438,-0.056910569
70,50,120,0.234375,0.16666667
48,71,119,0.23242188,-0.19327731
66,64,130,0.25390625,0.015384615
51,60,111,0.21679688,-0.081081081
50,69,119,0.23242188,-0.15966387
39,77,116,0.2265625,-0.32758621
85,51,136,0.265625,0.25
65,54,119,0.23242188,0.092436975
62,57,119,0.23242188,0.042016807
57,57,114,0.22265625,0
65,59,124,0.2421875,0.048387097
59,60,119,0.23242188,-0.0084033613
63,64,127,0.24804688,-0.0078740157
50,74,124,0.2421875,-0.19354839
66,60,126,0.24609375,0.047619048
58,58,116,0.2265625,0
57,62,119,0.23242188,-0.042016807
44,85,129,0.25195312,-0.31782946
62,61,123,0.24023438,0.0081300813
61,75,136,0.265625,-0.10294118
78,48,126,0.24609375,0.23809524
74,42,116,0.2265625,0.27586207
54,65,119,0.23242188,-0.092436975
68,64,132,0.2578125,0.03030303
53,61,114,0.22265625,-0.070175439
65,66,131,0.25585938,-0.0076335878
62,59,121,0.23632812,0.024793388
52,67,119,0.23242188,-0.12605042
55,61,116,0.2265625,-0.051724138
64,55,119,0.23242188,0.075630252
70,51,121,0.23632812,0.15702479
56,65,121,0.23632812,-0.074380165
52,67,119,0.23242188,-0.12605042
55,71,126,0.24609375,-0.12698413
46,83,129,0.25195312,-0.28682171
59,76,135,0.26367188,-0.12592593
53,66,119,0.23242188,-0.1092437
52,68,120,0.234375,-0.13333333
74,43,117,0.22851562,0.26495726
58,55,113,0.22070312,0.026548673
63,50,113,0.22070312,0.11504425
61,64,125,0.24414062,-0.024
71,59,130,0.25390625,0.092307692
63,73,136,0.265625,-0.073529412
59,56,115,0.22460938,0.026086957
61,54,115,0.22460938,0.060869565
35,78,113,0.22070312,-0.38053097
79,45,124,0.2421875,0.27419355
64,64,128,0.25,0
70,49,119,0.23242188,0.17647059
64,60,124,0.2421875,0.032258065
57,63,120,0.234375,-0.05
58,55,113,0.22070312,0.026548673
63,50,113,0.22070312,0.11504425
60,59,119,0.23242188,0.0084033613
54,59,113,0.22070312,-0.044247788
77,49,126,0.24609375,0.22222222
46,66,112,0.21875,-0.17857143
63,54,117,0.22851562,0.076923077
69,51,120,0.234375,0.15
76,43,119,0.23242188,0.27731092
56,54,110,0.21484375,0.018181818
67,54,121,0.23632812,0.10743802
52,65,117,0.22851562,-0.11111111
39,73,112,0.21875,-0.30357143
66,70,136,0.265625,-0.029411765
57,63,120,0.234375,-0.05
59,60,119,0.23242188,-0.0084033613
74,49,123,0.24023438,0.20325203
66,53,119,0.23242188,0.1092437
56,63,119,0.23242188,-0.058823529
69,63,132,0.2578125,0.045454545
61,64,125,0.24414062,-0.024
47,81,128,0.25,-0.265625
61,65,126,0.24609375,-0.031746032
66,50,116,0.2265625,0.13793103
58,55,113,0.22070312,0.026548673
45,77,122,0.23828125,-0.26229508
57,65,122,0.23828125,-0.06557377
79,54,133,0.25976562,0.18796992
62,52,114,0.22265625,0.087719298
64,67,131,0.25585938,-0.022900763
46,82,128,0.25,-0.28125
56,63,119,0.23242188,-0.058823529
73,52,125,0.24414062,0.168
48,73,121,0.23632812,-0.20661157
50,75,125,0.24414062,-0.2
62,62,124,0.2421875,0
61,53,114,0.22265625,0.070175439
70,54,124,0.2421875,0.12903226
55,67,122,0.23828125,-0.098360656
48,73,121,0.23632812,-0.20661157
53,52,105,0.20507812,0.0095238095
57,61,118,0.23046875,-0.033898305
49,66,115,0.22460938,-0.14782609
61,61,122,0.23828125,0
44,83,127,0.24804688,-0.30708661
65,48,113,0.22070312,0.15044248
51,67,118,0.23046875,-0.13559322
39,75,114,0.22265625,-0.31578947
59,65,124,0.2421875,-0.048387097
56,72,128,0.25,-0.125
54,74,128,0.25,-0.15625
56,55,111,0.21679688,0.009009009
46,66,112,0.21875,-0.17857143
71,40,111,0.21679688,0.27927928
67,62,129,0.25195312,0.03875969
64,66,130,0.25390625,-0.015384615
66,44,110,0.21484375,0.2
75,58,133,0.25976562,0.12781955
45,75,120,0.234375,-0.25
66,59,125,0.24414062,0.056
96,44,140,0.2734375,0.37142857
57,72,129,0.25195312,-0.11627907
62,53,115,0.22460938,0.07826087
71,51,122,0.23828125,0.16393443
51,70,121,0.23632812,-0.15702479
54,70,124,0.2421875,-0.12903226
72,57,129,0.25195312,0.11627907
52,76,128,0.25,-0.1875
60,65,125,0.24414062,-0.04
42,68,110,0.21484375,-0.23636364
63,59,122,0.23828125,0.032786885
60,53,113,0.22070312,0.061946903
72,51,123,0.24023438,0.17073171
57,70,127,0.24804688,-0.1023622
51,73,124,0.2421875,-0.17741935
47,66,113,0.22070312,-0.16814159
75,52,127,0.24804688,0.18110236
76,45,121,0.23632812,0.25619835
46,57,103,0.20117188,-0.10679612
54,57,111,0.21679688,-0.027027027
77,50,127,0.24804688,0.21259843
54,58,112,0.21875,-0.035714286
66,59,125,0.24414062,0.056
66,65,131,0.25585938,0.0076335878
54,67,121,0.23632812,-0.10743802
53,68,121,0.23632812,-0.12396694
83,46,129,0.25195312,0.28682171
64,68,132,0.2578125,-0.03030303
56,68,124,0.2421875,-0.096774194
61,62,123,0.24023438,-0.0081300813
72,53,125,0.24414062,0.152
50,77,127,0.24804688,-0.21259843
63,64,127,0.24804688,-0.0078740157
79,36,115,0.22460938,0.37391304
52,74,126,0.24609375,-0.17460317
54,61,115,0.22460938,-0.060869565
46,70,116,0.2265625,-0.20689655
49,78,127,0.24804688,-0.22834646
73,44,117,0.22851562,0.24786325
66,64,130,0.25390625,0.015384615
36,74,110,0.21484375,-0.34545455
65,57,122,0.23828125,0.06557377
33,79,112,0.21875,-0.41071429
68,65,133,0.25976562,0.022556391
60,55,115,0.22460938,0.043478261
48,72,120,0.234375,-0.2
70,64,134,0.26171875,0.044776119
62,56,118,0.23046875,0.050847458
44,72,116,0.2265625,-0.24137931
49,64,113,0.22070312,-0.13274336
81,36,117,0.22851562,0.38461538
79,46,125,0.24414062,0.264
66,67,133,0.25976562,-0.007518797
53,79,132,0.2578125,-0.1969697
49,76,125,0.24414062,-0.216
72,57,129,0.25195312,0.11627907
55,62,117,0.22851562,-0.05982906
76,46,122,0.23828125,0.24590164
64,48,112,0.21875,0.14285714
77,47,124,0.2421875,0.24193548
57,68,125,0.24414062,-0.088
67,64,131,0.25585938,0.022900763
43,68,111,0.21679688,-0.22522523
66,58,124,0.2421875,0.064516129
67,50,117,0.22851562,0.14529915
65,61,126,0.24609375,0.031746032
57,57,114,0.22265625,0
72,55,127,0.24804688,0.13385827
69,55,124,0.2421875,0.11290323
70,48,118,0.23046875,0.18644068
56,64,120,0.234375,-0.066666667
45,79,124,0.2421875,-0.27419355
54,63,117,0.22851562,-0.076923077
76,48,124,0.2421875,0.22580645
53,77,130,0.25390625,-0.18461538
52,63,115,0.22460938,-0.095652174
51,56,107,0.20898438,-0.046728972
53,68,121,0.23632812,-0.12396694
61,49,110,0.21484375,0.10909091
49,52,101,0.19726562,-0.02970297
80,46,126,0.24609375,0.26984127
56,54,110,0.21484375,0.018181818
59,59,118,0.23046875,0
42,78,120,0.234375,-0.3
62,67,129,0.25195312,-0.03875969
59,62,121,0.23632812,-0.024793388
65,61,126,0.24609375,0.031746032
55,61,116,0.2265625,-0.051724138
46,76,122,0.23828125,-0.24590164
55,77,132,0.2578125,-0.16666667
86,40,126,0.24609375,0.36507937
40,75,115,0.22460938,-0.30434783
57,47,104,0.203125,0.096153846
56,59,115,0.22460938,-0.026086957
75,49,124,0.2421875,0.20967742
38,72,110,0.21484375,-0.30909091
60,54,114,0.22265625,0.052631579
58,61,119,0.23242188,-0.025210084
61,52,113,0.22070312,0.079646018
56,57,113,0.22070312,-0.0088495575
60,61,121,0.23632812,-0.0082644628
54,78,132,0.2578125,-0.18181818
69,57,126,0.24609375,0.095238095
53,71,124,0.2421875,-0.14516129
64,54,118,0.23046875,0.084745763
53,66,119,0.23242188,-0.1092437
55,56,111,0.21679688,-0.009009009
44,85,129,0.25195312,-0.31782946
65,56,121,0.23632812,0.074380165
70,64,134,0.26171875,0.044776119
64,53,117,0.22851562,0.094017094
54,81,135,0.26367188,-0.2
60,49,109,0.21289062,0.10091743
54,63,117,0.22851562,-0.076923077
55,57,112,0.21875,-0.017857143
55,66,121,0.23632812,-0.090909091
72,56,128,0.25,0.125
61,55,116,0.2265625,0.051724138
61,48,109,0.21289062,0.11926606
71,52,123,0.24023438,0.15447154
54,64,118,0.23046875,-0.084745763
76,40,116,0.2265625,0.31034483
67,55,122,0.23828125,0.098360656
76,44,120,0.234375,0.26666667
84,36,120,0.234375,0.4
64,57,121,0.23632812,0.05785124
66,53,119,0.23242188,0.1092437
69,58,127,0.24804688,0.086614173
55,74,129,0.25195312,-0.14728682
74,54,128,0.25,0.15625
85,40,125,0.24414062,0.36
78,58,136,0.265625,0.14705882
52,69,121,0.23632812,-0.14049587
54,65,119,0.23242188,-0.092436975
60,54,114,0.22265625,0.052631579
62,58,120,0.234375,0.033333333
78,44,122,0.23828125,0.27868852
57,55,112,0.21875,0.017857143
51,63,114,0.22265625,-0.10526316
60,65,125,0.24414062,-0.04
53,56,109,0.21289062,-0.027522936
65,65,130,0.25390625,0
93,43,136,0.265625,0.36764706
46,74,120,0.234375,-0.23333333
56,65,121,0.23632812,-0.074380165
65,70,135,0.26367188,-0.037037037
51,69,120,0.234375,-0.15
63,56,119,0.23242188,0.058823529
65,66,131,0.25585938,-0.0076335878
55,73,128,0.25,-0.140625
53,70,123,0.24023438,-0.13821138
83,41,124,0.2421875,0.33870968
70,52,122,0.23828125,0.14754098
53,76,129,0.25195312,-0.17829457
51,69,120,0.234375,-0.15
81,35,116,0.2265625,0.39655172
59,64,123,0.24023438,-0.040650407
65,55,120,0.234375,0.083333333
63,53,116,0.2265625,0.086206897
60,48,108,0.2109375,0.11111111
42,85,127,0.24804688,-0.33858268
79,47,126,0.24609375,0.25396825
65,51,116,0.2265625,0.12068966
75,40,115,0.22460938,0.30434783
62,57,119,0.23242188,0.042016807
63,50,113,0.22070312,0.11504425
68,56,124,0.2421875,0.096774194
59,65,124,0.2421875,-0.048387097
49,76,125,0.24414062,-0.216
81,46,127,0.24804688,0.27559055
73,65,138,0.26953125,0.057971014
60,77,137,0.26757812,-0.12408759
70,62,132,0.2578125,0.060606061
63,50,113,0.22070312,0.11504425
66,56,122,0.23828125,0.081967213
69,60,129,0.25195312,0.069767442
63,57,120,0.234375,0.05
66,61,127,0.24804688,0.039370079
65,63,128,0.25,0.015625
57,61,118,0.23046875,-0.033898305
59,47,106,0.20703125,0.11320755
50,72,122,0.23828125,-0.18032787
76,51,127,0.24804688,0.19685039
54,75,129,0.25195312,-0.1627907
53,65,118,0.23046875,-0.10169492
58,68,126,0.24609375,-0.079365079
57,66,123,0.24023438,-0.073170732
61,50,111,0.21679688,0.099099099
62,55,117,0.22851562,0.05982906
62,47,109,0.21289062,0.13761468
60,57,117,0.22851562,0.025641026
67,59,126,0.24609375,0.063492063
43,66,109,0.21289062,-0.21100917
62,60,122,0.23828125,0.016393443
57,71,128,0.25,-0.109375
74,51,125,0.24414062,0.184
55,58,113,0.22070312,-0.026548673
61,65,126,0.24609375,-0.031746032
58,52,110,0.21484375,0.054545455
72,48,120,0.234375,0.2
73,49,122,0.23828125,0.19672131
65,61,126,0.24609375,0.031746032
60,53,113,0.22070312,0.061946903
66,56,122,0.23828125,0.081967213
75,52,127,0.24804688,0.18110236
67,72,139,0.27148438,-0.035971223
76,55,131,0.25585938,0.16030534
54,70,124,0.2421875,-0.12903226
59,64,123,0.24023438,-0.040650407
51,60,111,0.21679688,-0.081081081
63,58,121,0.23632812,0.041322314
58,70,128,0.25,-0.09375
62,60,122,0.23828125,0.016393443
39,82,121,0.23632812,-0.3553719
45,71,116,0.2265625,-0.22413793
65,55,120,0.234375,0.083333333
60,52,112,0.21875,0.071428571
78,40,118,0.23046875,0.3220339
59,70,129,0.25195312,-0.085271318
55,66,121,0.23632812,-0.090909091
63,73,136,0.265625,-0.073529412
63,50,113,0.22070312,0.11504425
57,59,116,0.2265625,-0.017241379
67,46,113,0.22070312,0.18584071
76,50,126,0.24609375,0.20634921
66,65,131,0.25585938,0.0076335878
60,46,106,0.20703125,0.13207547
71,60,131,0.25585938,0.083969466
63,64,127,0.24804688,-0.0078740157
50,63,113,0.22070312,-0.11504425
55,65,120,0.234375,-0.083333333
56,64,120,0.234375,-0.066666667
67,63,130,0.25390625,0.030769231
69,55,124,0.2421875,0.11290323
57,62,119,0.23242188,-0.042016807
54,72,126,0.24609375,-0.14285714
67,59,126,0.24609375,0.063492063
46,70,116,0.2265625,-0.20689655
55,59,114,0.22265625,-0.035087719
52,59,111,0.21679688,-0.063063063
69,72,141,0.27539062,-0.021276596
71,61,132,0.2578125,0.075757576
60,49,109,0.21289062,0.10091743
37,70,107,0.20898438,-0.30841121
47,71,118,0.23046875,-0.20338983
72,53,125,0.24414062,0.152
50,71,121,0.23632812,-0.17355372
65,48,113,0.22070312,0.15044248
49,65,114,0.22265625,-0.14035088
71,60,131,0.25585938,0.083969466
82,42,124,0.2421875,0.32258065
63,66,129,0.25195312,-0.023255814
77,54,131,0.25585938,0.17557252
63,56,119,0.23242188,0.058823529
60,57,117,0.22851562,0.025641026
55,63,118,0.23046875,-0.06779661
73,50,123,0.24023438,0.18699187
63,58,121,0.23632812,0.041322314
40,84,124,0.2421875,-0.35483871
46,83,129,0.25195312,-0.28682171
50,74,124,0.2421875,-0.19354839
54,60,114,0.22265625,-0.052631579
60,68,128,0.25,-0.0625
46,77,123,0.24023438,-0.25203252
60,72,132,0.2578125,-0.090909091
56,67,123,0.24023438,-0.089430894
61,58,119,0.23242188,0.025210084
67,68,135,0.26367188,-0.0074074074
59,61,120,0.234375,-0.016666667
57,59,116,0.2265625,-0.017241379
68,50,118,0.23046875,0.15254237
85,39,124,0.2421875,0.37096774
61,63,124,0.2421875,-0.016129032
65,48,113,0.22070312,0.15044248
62,53,115,0.22460938,0.07826087
57,56,113,0.22070312,0.0088495575
65,57,122,0.23828125,0.06557377
77,47,124,0.2421875,0.24193548
47,68,115,0.22460938,-0.1826087
67,52,119,0.23242188,0.12605042
54,64,118,0.23046875,-0.084745763
53,57,110,0.21484375,-0.036363636
51,68,119,0.23242188,-0.14285714
51,70,121,0.23632812,-0.15702479
86,38,124,0.2421875,0.38709677
43,76,119,0.23242188,-0.27731092
51,66,117,0.22851562,-0.12820513
64,58,122,0.23828125,0.049180328
64,68,132,0.2578125,-0.03030303
46,80,126,0.24609375,-0.26984127
62,57,119,0.23242188,0.042016807
75,53,128,0.25,0.171875
54,70,124,0.2421875,-0.12903226
39,77,116,0.2265625,-0.32758621
43,78,121,0.23632812,-0.2892562
72,58,130,0.25390625,0.10769231
74,56,130,0.25390625,0.13846154
65,58,123,0.24023438,0.056910569
67,64,131,0.25585938,0.022900763
67,59,126,0.24609375,0.063492063
63,64,127,0.24804688,-0.0078740157
65,53,118,0.23046875,0.10169492
69,50,119,0.23242188,0.15966387
49,72,121,0.23632812,-0.19008264
46,73,119,0.23242188,-0.22689076
74,47,121,0.23632812,0.2231405
68,61,129,0.25195312,0.054263566
58,68,126,0.24609375,-0.079365079
51,66,117,0.22851562,-0.12820513
77,40,117,0.22851562,0.31623932
77,47,124,0.2421875,0.24193548
70,55,125,0.24414062,0.12
47,69,116,0.2265625,-0.18965517
75,54,129,0.25195312,0.1627907
69,53,122,0.23828125,0.13114754
59,59,118,0.23046875,0
55,84,139,0.27148438,-0.20863309
65,52,117,0.22851562,0.11111111
34,65,99,0.19335938,-0.31313131
56,59,115,0.22460938,-0.026086957
69,59,128,0.25,0.078125
42,77,119,0.23242188,-0.29411765
63,51,114,0.22265625,0.10526316
68,56,124,0.2421875,0.096774194
62,67,129,0.25195312,-0.03875969
62,71,133,0.25976562,-0.067669173
54,70,124,0.2421875,-0.12903226
53,68,121,0.23632812,-0.12396694
74,46,120,0.234375,0.23333333
70,57,127,0.24804688,0.1023622
63,64,127,0.24804688,-0.0078740157
48,64,112,0.21875,-0.14285714
56,58,114,0.22265625,-0.01754386
58,78,136,0.265625,-0.14705882
60,66,126,0.24609375,-0.047619048
69,57,126,0.24609375,0.095238095
54,59,113,0.22070312,-0.044247788
55,59,114,0.22265625,-0.035087719
60,59,119,0.23242188,0.0084033613
59,60,119,0.23242188,-0.0084033613
69,68,137,0.26757812,0.0072992701
53,64,117,0.22851562,-0.094017094
64,59,123,0.24023438,0.040650407
46,80,126,0.24609375,-0.26984127
67,53,120,0.234375,0.11666667
69,59,128,0.25,0.078125
63,55,118,0.23046875,0.06779661
71,57,128,0.25,0.109375
73,60,133,0.25976562,0.097744361
52,60,112,0.21875,-0.071428571
73,47,120,0.234375,0.21666667
55,86,141,0.27539062,-0.21985816
67,48,115,0.22460938,0.16521739
70,51,121,0.23632812,0.15702479
59,60,119,0.23242188,-0.0084033613
63,65,128,0.25,-0.015625
50,62,112,0.21875,-0.10714286
53,70,123,0.24023438,-0.13821138
70,58,128,0.25,0.09375
63,49,112,0.21875,0.125
44,73,117,0.22851562,-0.24786325
58,49,107,0.20898438,0.08411215
57,71,128,0.25,-0.109375
69,63,132,0.2578125,0.045454545
66,81,147,0.28710938,-0.10204082
68,51,119,0.23242188,0.14285714
59,65,124,0.2421875,-0.048387097
48,63,111,0.21679688,-0.13513514
53,71,124,0.2421875,-0.14516129
56,62,118,0.23046875,-0.050847458
71,58,129,0.25195312,0.10077519
75,48,123,0.24023438,0.2195122
49,77,126,0.24609375,-0.22222222
53,65,118,0.23046875,-0.10169492
56,63,119,0.23242188,-0.058823529
46,75,121,0.23632812,-0.23966942
62,51,113,0.22070312,0.097345133
72,52,124,0.2421875,0.16129032
69,71,140,0.2734375,-0.014285714
50,70,120,0.234375,-0.16666667
57,45,102,0.19921875,0.11764706
59,57,116,0.2265625,0.017241379
48,66,114,0.22265625,-0.15789474
61,55,116,0.2265625,0.051724138
67,53,120,0.234375,0.11666667
54,53,107,0.20898438,0.0093457944
56,67,123,0.24023438,-0.089430894
57,77,134,0.26171875,-0.14925373
56,64,120,0.234375,-0.066666667
68,40,108,0.2109375,0.25925926
54,67,121,0.23632812,-0.10743802
57,71,128,0.25,-0.109375
65,64,129,0.25195312,0.007751938
59,57,116,0.2265625,0.017241379
53,62,115,0.22460938,-0.07826087
72,44,116,0.2265625,0.24137931
52,68,120,0.234375,-0.13333333
50,54,104,0.203125,-0.038461538
79,53,132,0.2578125,0.1969697
56,61,117,0.22851562,-0.042735043
54,64,118,0.23046875,-0.084745763
45,67,112,0.21875,-0.19642857
62,56,118,0.23046875,0.050847458
78,53,131,0.25585938,0.19083969
59,57,116,0.2265625,0.017241379
50,68,118,0.23046875,-0.15254237
77,55,132,0.2578125,0.16666667
72,52,124,0.2421875,0.16129032
51,54,105,0.20507812,-0.028571429
63,60,123,0.24023438,0.024390244
49,90,139,0.27148438,-0.29496403
61,65,126,0.24609375,-0.031746032
49,64,113,0.22070312,-0.13274336
53,60,113,0.22070312,-0.061946903
54,55,109,0.21289062,-0.0091743119
54,73,127,0.24804688,-0.1496063
54,68,122,0.23828125,-0.1147541
54,67,121,0.23632812,-0.10743802
59,63,122,0.23828125,-0.032786885
67,67,134,0.26171875,0
63,60,123,0.24023438,0.024390244
46,73,119,0.23242188,-0.22689076
66,67,133,0.25976562,-0.007518797
63,58,121,0.23632812,0.041322314
46,71,117,0.22851562,-0.21367521
52,65,117,0.22851562,-0.11111111
68,53,121,0.23632812,0.12396694
62,62,124,0.2421875,0
45,82,127,0.24804688,-0.29133858
62,50,112,0.21875,0.10714286
71,52,123,0.24023438,0.15447154
64,49,113,0.22070312,0.13274336
55,74,129,0.25195312,-0.14728682
36,76,112,0.21875,-0.35714286
52,69,121,0.23632812,-0.14049587
59,66,125,0.24414062,-0.056
73,48,121,0.23632812,0.20661157
53,76,129,0.25195312,-0.17829457
58,63,121,0.23632812,-0.041322314
74,49,123,0.24023438,0.20325203
74,43,117,0.22851562,0.26495726
71,61,132,0.2578125,0.075757576
55,73,128,0.25,-0.140625
64,61,125,0.24414062,0.024
63,68,131,0.25585938,-0.038167939
68,64,132,0.2578125,0.03030303
70,40,110,0.21484375,0.27272727
64,59,123,0.24023438,0.040650407
73,49,122,0.23828125,0.19672131
54,59,113,0.22070312,-0.044247788
45,74,119,0.23242188,-0.24369748
52,58,110,0.21484375,-0.054545455
60,68,128,0.25,-0.0625
66,54,120,0.234375,0.1
53,61,114,0.22265625,-0.070175439
66,50,116,0.2265625,0.13793103
62,61,123,0.24023438,0.0081300813
68,53,121,0.23632812,0.12396694
51,76,127,0.24804688,-0.19685039
61,60,121,0.23632812,0.0082644628
59,61,120,0.234375,-0.016666667
86,53,139,0.27148438,0.23741007
61,61,122,0.23828125,0
55,56,111,0.21679688,-0.009009009
49,66,115,0.22460938,-0.14782609
54,64,118,0.23046875,-0.084745763
40,77,117,0.22851562,-0.31623932
67,55,122,0.23828125,0.098360656
51,71,122,0.23828125,-0.16393443
54,60,114,0.22265625,-0.052631579
58,64,122,0.23828125,-0.049180328
56,60,116,0.2265625,-0.034482759
74,51,125,0.24414062,0.184
52,66,118,0.23046875,-0.11864407
49,81,130,0.25390625,-0.24615385
73,57,130,0.25390625,0.12307692
72,59,131,0.25585938,0.099236641
77,45,122,0.23828125,0.26229508
43,72,115,0.22460938,-0.25217391
57,58,115,0.22460938,-0.0086956522
75,37,112,0.21875,0.33928571
55,62,117,0.22851562,-0.05982906
64,66,130,0.25390625,-0.015384615
70,50,120,0.234375,0.16666667
78,41,119,0.23242188,0.31092437
61,55,116,0.2265625,0.051724138
58,53,111,0.21679688,0.045045045
59,68,127,0.24804688,-0.070866142
62,51,113,0.22070312,0.097345133
48,67,115,0.22460938,-0.16521739
55,67,122,0.23828125,-0.098360656
63,54,117,0.22851562,0.076923077
53,63,116,0.2265625,-0.086206897
74,44,118,0.23046875,0.25423729
77,44,121,0.23632812,0.27272727
55,66,121,0.23632812,-0.090909091
59,72,131,0.25585938,-0.099236641
49,75,124,0.2421875,-0.20967742
61,58,119,0.23242188,0.025210084
67,51,118,0.23046875,0.13559322
60,60,120,0.234375,0
63,57,120,0.234375,0.05
60,49,109,0.21289062,0.10091743
65,59,124,0.2421875,0.048387097
59,65,124,0.2421875,-0.048387097
79,52,131,0.25585938,0.20610687
58,64,122,0.23828125,-0.049180328
77,52,129,0.25195312,0.19379845
70,70,140,0.2734375,0
55,68,123,0.24023438,-0.10569106
64,63,127,0.24804688,0.0078740157
62,62,124,0.2421875,0
49,69,118,0.23046875,-0.16949153
60,62,122,0.23828125,-0.016393443
61,63,124,0.2421875,-0.016129032
55,61,116,0.2265625,-0.051724138
55,65,120,0.234375,-0.083333333
57,54,111,0.21679688,0.027027027
52,55,107,0.20898438,-0.028037383
38,83,121,0.23632812,-0.37190083
56,66,122,0.23828125,-0.081967213
66,70,136,0.265625,-0.029411765
40,82,122,0.23828125,-0.3442623
84,43,127,0.24804688,0.32283465
37,81,118,0.23046875,-0.37288136
78,49,127,0.24804688,0.22834646
75,45,120,0.234375,0.25
63,65,128,0.25,-0.015625
47,76,123,0.24023438,-0.23577236
54,80,134,0.26171875,-0.19402985
37,88,125,0.24414062,-0.408
70,49,119,0.23242188,0.17647059
63,52,115,0.22460938,0.095652174
49,69,118,0.23046875,-0.16949153
91,40,131,0.25585938,0.38931298
70,47,117,0.22851562,0.1965812
66,48,114,0.22265625,0.15789474
56,64,120,0.234375,-0.066666667
63,64,127,0.24804688,-0.0078740157
53,65,118,0.23046875,-0.10169492
72,57,129,0.25195312,0.11627907
83,45,128,0.25,0.296875
66,54,120,0.234375,0.1
67,60,127,0.24804688,0.05511811
64,59,123,0.24023438,0.040650407
63,74,137,0.26757812,-0.080291971
50,60,110,0.21484375,-0.090909091
60,53,113,0.22070312,0.061946903
58,67,125,0.24414062,-0.072
62,60,122,0.23828125,0.016393443
75,61,136,0.265625,0.10294118
52,67,119,0.23242188,-0.12605042
61,52,113,0.22070312,0.079646018
76,47,123,0.24023438,0.23577236
57,78,135,0.26367188,-0.15555556
73,51,124,0.2421875,0.17741935
52,68,120,0.234375,-0.13333333
68,61,129,0.25195312,0.054263566
68,58,126,0.24609375,0.079365079
74,51,125,0.24414062,0.184
36,67,103,0.20117188,-0.30097087
50,69,119,0.23242188,-0.15966387
69,59,128,0.25,0.078125
57,50,107,0.20898438,0.065420561
54,59,113,0.22070312,-0.044247788
42,85,127,0.24804688,-0.33858268
53,62,115,0.22460938,-0.07826087
41,74,115,0.22460938,-0.28695652
49,73,122,0.23828125,-0.19672131
52,62,114,0.22265625,-0.087719298
77,53,130,0.25390625,0.18461538
68,57,125,0.24414062,0.088
58,49,107,0.20898438,0.08411215
43,73,116,0.2265625,-0.25862069
44,78,122,0.23828125,-0.27868852
56,73,129,0.25195312,-0.13178295
60,73,133,0.25976562,-0.097744361
57,68,125,0.24414062,-0.088
60,62,122,0.23828125,-0.016393443
40,73,113,0.22070312,-0.2920354
63,43,106,0.20703125,0.18867925
66,59,125,0.24414062,0.056
73,37,110,0.21484375,0.32727273
45,72,117,0.22851562,-0.23076923
59,67,126,0.24609375,-0.063492063
52,67,119,0.23242188,-0.12605042
59,61,120,0.234375,-0.016666667
82,42,124,0.2421875,0.32258065
72,58,130,0.25390625,0.10769231
55,63,118,0.23046875,-0.06779661
60,55,115,0.22460938,0.043478261
39,85,124,0.2421875,-0.37096774
62,55,117,0.22851562,0.05982906
77,41,118,0.23046875,0.30508475
43,82,125,0.24414062,-0.312
60,57,117,0.22851562,0.025641026
52,70,122,0.23828125,-0.14754098
69,64,133,0.25976562,0.037593985
74,41,115,0.22460938,0.28695652
66,53,119,0.23242188,0.1092437
60,59,119,0.23242188,0.0084033613
55,60,115,0.22460938,-0.043478261
68,41,109,0.21289062,0.24770642
67,48,115,0.22460938,0.16521739
64,61,125,0.24414062,0.024
67,47,114,0.22265625,0.1754386
71,53,124,0.2421875,0.14516129
70,59,129,0.25195312,0.085271318
42,71,113,0.22070312,-0.25663717
57,63,120,0.234375,-0.05
74,55,129,0.25195312,0.14728682
48,72,120,0.234375,-0.2
57,63,120,0.234375,-0.05
54,64,118,0.23046875,-0.084745763
79,52,131,0.25585938,0.20610687
56,64,120,0.234375,-0.066666667
72,56,128,0.25,0.125
63,53,116,0.2265625,0.086206897
72,36,108,0.2109375,0.33333333
43,86,129,0.25195312,-0.33333333
42,80,122,0.23828125,-0.31147541
46,75,121,0.23632812,-0.23966942
62,49,111,0.21679688,0.11711712
56,59,115,0.22460938,-0.026086957
44,75,119,0.23242188,-0.2605042
57,59,116,0.2265625,-0.017241379
58,74,132,0.2578125,-0.12121212
56,54,110,0.21484375,0.018181818
62,52,114,0.22265625,0.087719298
38,73,111,0.21679688,-0.31531532
62,64,126,0.24609375,-0.015873016
85,40,125,0.24414062,0.36
66,59,125,0.24414062,0.056
43,68,111,0.21679688,-0.22522523
73,49,122,0.23828125,0.19672131
84,52,136,0.265625,0.23529412
62,54,116,0.2265625,0.068965517
41,78,119,0.23242188,-0.31092437
81,42,123,0.24023438,0.31707317
68,58,126,0.24609375,0.079365079
43,79,122,0.23828125,-0.29508197
49,65,114,0.22265625,-0.14035088
40,67,107,0.20898438,-0.25233645
56,69,125,0.24414062,-0.104
75,46,121,0.23632812,0.23966942
60,59,119,0.23242188,0.0084033613
65,68,133,0.25976562,-0.022556391
60,60,120,0.234375,0
54,66,120,0.234375,-0.1
62,43,105,0.20507812,0.18095238
61,60,121,0.23632812,0.0082644628
69,45,114,0.22265625,0.21052632
81,53,134,0.26171875,0.20895522
67,60,127,0.24804688,0.05511811
58,64,122,0.23828125,-0.049180328
83,49,132,0.2578125,0.25757576
69,61,130,0.25390625,0.061538462
64,57,121,0.23632812,0.05785124
64,58,122,0.23828125,0.049180328
53,60,113,0.22070312,-0.061946903
51,66,117,0.22851562,-0.12820513
61,60,121,0.23632812,0.0082644628
75,48,123,0.24023438,0.2195122
65,55,120,0.234375,0.083333333
73,37,110,0.21484375,0.32727273
61,54,115,0.22460938,0.060869565
50,65,115,0.22460938,-0.13043478
52,68,120,0.234375,-0.13333333
49,65,114,0.22265625,-0.14035088
48,63,111,0.21679688,-0.13513514
49,58,107,0.20898438,-0.08411215
58,62,120,0.234375,-0.033333333
49,64,113,0.22070312,-0.13274336
55,68,123,0.24023438,-0.10569106
66,55,121,0.23632812,0.090909091
67,71,138,0.26953125,-0.028985507
70,54,124,0.2421875,0.12903226
61,70,131,0.25585938,-0.06870229
42,88,130,0.25390625,-0.35384615
49,63,112,0.21875,-0.125
50,70,120,0.234375,-0.16666667
53,67,120,0.234375,-0.11666667
51,62,113,0.22070312,-0.097345133
39,78,117,0.22851562,-0.33333333
57,65,122,0.23828125,-0.06557377
57,56,113,0.22070312,0.0088495575
58,59,117,0.22851562,-0.0085470085
54,62,116,0.2265625,-0.068965517
59,55,114,0.22265625,0.035087719
67,56,123,0.24023438,0.089430894
62,59,121,0.23632812,0.024793388
72,49,121,0.23632812,0.19008264
43,88,131,0.25585938,-0.34351145
55,44,99,0.19335938,0.11111111
49,72,121,0.23632812,-0.19008264
77,46,123,0.24023438,0.25203252
48,70,118,0.23046875,-0.18644068
63,50,113,0.22070312,0.11504425
65,78,143,0.27929688,-0.090909091
70,62,132,0.2578125,0.060606061
58,69,127,0.24804688,-0.086614173
47,74,121,0.23632812,-0.2231405
71,58,129,0.25195312,0.10077519
59,57,116,0.2265625,0.017241379
64,66,130,0.25390625,-0.015384615
60,56,116,0.2265625,0.034482759
77,57,134,0.26171875,0.14925373
77,45,122,0.23828125,0.26229508
68,55,123,0.24023438,0.10569106
71,59,130,0.25390625,0.092307692
68,54,122,0.23828125,0.1147541
68,58,126,0.24609375,0.079365079
70,54,124,0.2421875,0.12903226
59,60,119,0.23242188,-0.0084033613
50,69,119,0.23242188,-0.15966387
72,53,125,0.24414062,0.152
47,67,114,0.22265625,-0.1754386
66,51,117,0.22851562,0.12820513
56,68,124,0.2421875,-0.096774194
54,52,106,0.20703125,0.018867925
59,58,117,0.22851562,0.0085470085
58,57,115,0.22460938,0.0086956522
57,55,112,0.21875,0.017857143
61,60,121,0.23632812,0.0082644628
38,81,119,0.23242188,-0.36134454
69,57,126,0.24609375,0.095238095
52,66,118,0.23046875,-0.11864407
62,56,118,0.23046875,0.050847458
52,66,118,0.23046875,-0.11864407
59,68,127,0.24804688,-0.070866142
75,44,119,0.23242188,0.2605042
57,56,113,0.22070312,0.0088495575
57,53,110,0.21484375,0.036363636
63,65,128,0.25,-0.015625
53,60,113,0.22070312,-0.061946903
55,59,114,0.22265625,-0.035087719
54,49,103,0.20117188,0.048543689
65,62,127,0.24804688,0.023622047
60,62,122,0.23828125,-0.016393443
64,70,134,0.26171875,-0.044776119
61,58,119,0.23242188,0.025210084
51,74,125,0.24414062,-0.184
61,56,117,0.22851562,0.042735043
57,62,119,0.23242188,-0.042016807
67,46,113,0.22070312,0.18584071
42,77,119,0.23242188,-0.29411765
50,69,119,0.23242188,-0.15966387
67,67,134,0.26171875,0
46,60,106,0.20703125,-0.13207547
56,71,127,0.24804688,-0.11811024
44,78,122,0.23828125,-0.27868852
63,52,115,0.22460938,0.095652174
52,56,108,0.2109375,-0.037037037
56,50,106,0.20703125,0.056603774
78,52,130,0.25390625,0.2
52,78,130,0.25390625,-0.2
67,51,118,0.23046875,0.13559322
48,67,115,0.22460938,-0.16521739
50,65,115,0.22460938,-0.13043478
68,57,125,0.24414062,0.088
70,52,122,0.23828125,0.14754098
70,45,115,0.22460938,0.2173913
64,48,112,0.21875,0.14285714
58,63,121,0.23632812,-0.041322314
43,70,113,0.22070312,-0.23893805
64,62,126,0.24609375,0.015873016
60,64,124,0.2421875,-0.032258065
67,67,134,0.26171875,0
56,62,118,0.23046875,-0.050847458
65,66,131,0.25585938,-0.0076335878
54,69,123,0.24023438,-0.12195122
51,64,115,0.22460938,-0.11304348
42,78,120,0.234375,-0.3
65,51,116,0.2265625,0.12068966
86,40,126,0.24609375,0.36507937
67,52,119,0.23242188,0.12605042
49,63,112,0.21875,-0.125
71,62,133,0.25976562,0.067669173
39,75,114,0.22265625,-0.31578947
63,63,126,0.24609375,0
82,51,133,0.25976562,0.23308271
75,37,112,0.21875,0.33928571
74,60,134,0.26171875,0.10447761
42,69,111,0.21679688,-0.24324324
54,72,126,0.24609375,-0.14285714
61,60,121,0.23632812,0.0082644628
53,61,114,0.22265625,-0.070175439
35,77,112,0.21875,-0.375
51,60,111,0.21679688,-0.081081081
56,59,115,0.22460938,-0.026086957
72,48,120,0.234375,0.2
67,48,115,0.22460938,0.16521739
60,55,115,0.22460938,0.043478261
62,73,135,0.26367188,-0.081481481
79,44,123,0.24023438,0.28455285
59,61,120,0.234375,-0.016666667
78,52,130,0.25390625,0.2
66,66,132,0.2578125,0
63,54,117,0.22851562,0.076923077
65,70,135,0.26367188,-0.037037037
80,41,121,0.23632812,0.32231405
81,46,127,0.24804688,0.27559055
50,66,116,0.2265625,-0.13793103
45,76,121,0.23632812,-0.25619835
65,60,125,0.24414062,0.04
48,69,117,0.22851562,-0.17948718
56,63,119,0.23242188,-0.058823529
65,54,119,0.23242188,0.092436975
58,63,121,0.23632812,-0.041322314
60,51,111,0.21679688,0.081081081
40,72,112,0.21875,-0.28571429
43,96,139,0.27148438,-0.38129496
50,83,133,0.25976562,-0.2481203
81,42,123,0.24023438,0.31707317
70,57,127,0.24804688,0.1023622
83,45,128,0.25,0.296875
85,50,135,0.26367188,0.25925926
59,55,114,0.22265625,0.035087719
74,52,126,0.24609375,0.17460317
81,42,123,0.24023438,0.31707317
50,76,126,0.24609375,-0.20634921
73,63,136,0.265625,0.073529412
44,64,108,0.2109375,-0.18518519
53,71,124,0.2421875,-0.14516129
59,54,113,0.22070312,0.044247788
59,57,116,0.2265625,0.017241379
73,55,128,0.25,0.140625
56,69,125,0.24414062,-0.104
38,80,118,0.23046875,-0.3559322
66,64,130,0.25390625,0.015384615
54,69,123,0.24023438,-0.12195122
63,54,117,0.22851562,0.076923077
48,73,121,0.23632812,-0.20661157
66,62,128,0.25,0.03125
63,48,111,0.21679688,0.13513514
62,51,113,0.22070312,0.097345133
73,42,115,0.22460938,0.26956522
63,55,118,0.23046875,0.06779661
71,52,123,0.24023438,0.15447154
48,56,104,0.203125,-0.076923077
79,52,131,0.25585938,0.20610687
72,50,122,0.23828125,0.18032787
73,41,114,0.22265625,0.28070175
59,60,119,0.23242188,-0.0084033613
48,63,111,0.21679688,-0.13513514
69,62,131,0.25585938,0.053435115
48,69,117,0.22851562,-0.17948718
67,50,117,0.22851562,0.14529915
48,66,114,0.22265625,-0.15789474
59,64,123,0.24023438,-0.040650407
64,54,118,0.23046875,0.084745763
66,57,123,0.24023438,0.073170732
78,50,128,0.25,0.21875
55,64,119,0.23242188,-0.075630252
66,58,124,0.2421875,0.064516129
64,52,116,0.2265625,0.10344828
52,58,110,0.21484375,-0.054545455
70,55,125,0.24414062,0.12
76,45,121,0.23632812,0.25619835
52,57,109,0.21289062,-0.04587156
69,55,124,0.2421875,0.11290323
64,58,122,0.23828125,0.049180328
62,52,114,0.22265625,0.087719298
56,67,123,0.24023438,-0.089430894
64,49,113,0.22070312,0.13274336
71,64,135,0.26367188,0.051851852
83,46,129,0.25195312,0.28682171
56,67,123,0.24023438,-0.089430894
49,77,126,0.24609375,-0.22222222
60,62,122,0.23828125,-0.016393443
66,43,109,0.21289062,0.21100917
48,67,115,0.22460938,-0.16521739
66,41,107,0.20898438,0.23364486
71,45,116,0.2265625,0.22413793
54,54,108,0.2109375,0
60,67,127,0.24804688,-0.05511811
53,58,111,0.21679688,-0.045045045
56,56,112,0.21875,0
57,63,120,0.234375,-0.05
67,62,129,0.25195312,0.03875969
53,72,125,0.24414062,-0.152
64,53,117,0.22851562,0.094017094
65,50,115,0.22460938,0.13043478
63,47,110,0.21484375,0.14545455
70,52,122,0.23828125,0.14754098
53,64,117,0.22851562,-0.094017094
69,57,126,0.24609375,0.095238095
51,65,116,0.2265625,-0.12068966
76,47,123,0.24023438,0.23577236
62,57,119,0.23242188,0.042016807
80,51,131,0.25585938,0.22137405
68,63,131,0.25585938,0.038167939
47,71,118,0.23046875,-0.20338983
41,78,119,0.23242188,-0.31092437
48,86,134,0.26171875,-0.28358209
72,59,131,0.25585938,0.099236641
63,77,140,0.2734375,-0.1
65,57,122,0.23828125,0.06557377
64,55,119,0.23242188,0.075630252
77,52,129,0.25195312,0.19379845
74,57,131,0.25585938,0.12977099
60,60,120,0.234375,0
70,46,116,0.2265625,0.20689655
79,50,129,0.25195312,0.2248062
72,42,114,0.22265625,0.26315789
51,72,123,0.24023438,-0.17073171
63,60,123,0.24023438,0.024390244
51,68,119,0.23242188,-0.14285714
63,59,122,0.23828125,0.032786885
72,53,125,0.24414062,0.152
67,58,125,0.24414062,0.072
69,48,117,0.22851562,0.17948718
64,55,119,0.23242188,0.075630252
56,75,131,0.25585938,-0.14503817
73,50,123,0.24023438,0.18699187
54,71,125,0.24414062,-0.136
76,58,134,0.26171875,0.13432836
51,59,110,0.21484375,-0.072727273
69,58,127,0.24804688,0.086614173
59,59,118,0.23046875,0
59,67,126,0.24609375,-0.063492063
64,63,127,0.24804688,0.0078740157
62,64,126,0.24609375,-0.015873016
49,62,111,0.21679688,-0.11711712
63,52,115,0.22460938,0.095652174
41,86,127,0.24804688,-0.35433071
75,57,132,0.2578125,0.13636364
65,60,125,0.24414062,0.04
72,47,119,0.23242188,0.21008403
47,70,117,0.22851562,-0.1965812
55,75,130,0.25390625,-0.15384615
69,62,131,0.25585938,0.053435115
63,66,129,0.25195312,-0.023255814
59,52,111,0.21679688,0.063063063
59,67,126,0.24609375,-0.063492063
49,65,114,0.22265625,-0.14035088
57,60,117,0.22851562,-0.025641026
70,58,128,0.25,0.09375
69,54,123,0.24023438,0.12195122
52,56,108,0.2109375,-0.037037037
67,62,129,0.25195312,0.03875969
60,61,121,0.23632812,-0.0082644628
53,60,113,0.22070312,-0.061946903
65,47,112,0.21875,0.16071429
57,52,109,0.21289062,0.04587156
61,66,127,0.24804688,-0.039370079
68,51,119,0.23242188,0.14285714
80,55,135,0.26367188,0.18518519
64,61,125,0.24414062,0.024
66,56,122,0.23828125,0.081967213
64,46,110,0.21484375,0.16363636
54,67,121,0.23632812,-0.10743802
66,42,108,0.2109375,0.22222222
60,70,130,0.25390625,-0.076923077
47,77,124,0.2421875,-0.24193548
58,59,117,0.22851562,-0.0085470085
58,66,124,0.2421875,-0.064516129
32,78,110,0.21484375,-0.41818182
41,85,126,0.24609375,-0.34920635
55,65,120,0.234375,-0.083333333
53,71,124,0.2421875,-0.14516129
69,58,127,0.24804688,0.086614173
61,55,116,0.2265625,0.051724138
50,63,113,0.22070312,-0.11504425
72,49,121,0.23632812,0.19008264
92,40,132,0.2578125,0.39393939
59,52,111,0.21679688,0.063063063
55,64,119,0.23242188,-0.075630252
64,72,136,0.265625,-0.058823529
42,79,121,0.23632812,-0.30578512
57,69,126,0.24609375,-0.095238095
69,62,131,0.25585938,0.053435115
43,77,120,0.234375,-0.28333333
86,55,141,0.27539062,0.21985816
57,68,125,0.24414062,-0.088
44,73,117,0.22851562,-0.24786325
67,56,123,0.24023438,0.089430894
47,79,126,0.24609375,-0.25396825
65,59,124,0.2421875,0.048387097
64,41,105,0.20507812,0.21904762
60,51,111,0.21679688,0.081081081
66,53,119,0.23242188,0.1092437
53,64,117,0.22851562,-0.094017094
56,56,112,0.21875,0
63,54,117,0.22851562,0.076923077
60,56,116,0.2265625,0.034482759
67,59,126,0.24609375,0.063492063
59,57,116,0.2265625,0.017241379
50,74,124,0.2421875,-0.19354839
52,66,118,0.23046875,-0.11864407
51,66,117,0.22851562,-0.12820513
62,55,117,0.22851562,0.05982906
66,41,107,0.20898438,0.23364486
67,69,136,0.265625,-0.014705882
49,74,123,0.24023438,-0.20325203
48,76,124,0.2421875,-0.22580645
56,62,118,0.23046875,-0.050847458
35,85,120,0.234375,-0.41666667
58,63,121,0.23632812,-0.041322314
64,59,123,0.24023438,0.040650407
57,62,119,0.23242188,-0.042016807
54,76,130,0.25390625,-0.16923077
47,74,121,0.23632812,-0.2231405
64,58,122,0.23828125,0.049180328
72,58,130,0.25390625,0.10769231
75,47,122,0.23828125,0.2295082
67,48,115,0.22460938,0.16521739
67,47,114,0.22265625,0.1754386
53,71,124,0.2421875,-0.14516129
55,62,117,0.22851562,-0.05982906
63,65,128,0.25,-0.015625
51,73,124,0.2421875,-0.17741935
74,58,132,0.2578125,0.12121212
69,59,128,0.25,0.078125
61,59,120,0.234375,0.016666667
71,54,125,0.24414062,0.136
62,50,112,0.21875,0.10714286
51,77,128,0.25,-0.203125
54,55,109,0.21289062,-0.0091743119
52,66,118,0.23046875,-0.11864407
64,67,131,0.25585938,-0.022900763
50,56,106,0.20703125,-0.056603774
65,60,125,0.24414062,0.04
43,66,109,0.21289062,-0.21100917
50,55,105,0.20507812,-0.047619048
58,77,135,0.26367188,-0.14074074
72,47,119,0.23242188,0.21008403
69,55,124,0.2421875,0.11290323
55,81,136,0.265625,-0.19117647
84,58,142,0.27734375,0.18309859
67,61,128,0.25,0.046875
54,67,121,0.23632812,-0.10743802
74,56,130,0.25390625,0.13846154
63,49,112,0.21875,0.125
47,83,130,0.25390625,-0.27692308
47,63,110,0.21484375,-0.14545455
60,52,112,0.21875,0.071428571
71,61,132,0.2578125,0.075757576
50,72,122,0.23828125,-0.18032787
44,71,115,0.22460938,-0.23478261
37,67,104,0.203125,-0.28846154
63,60,123,0.24023438,0.024390244
73,42,115,0.22460938,0.26956522
70,62,132,0.2578125,0.060606061
49,60,109,0.21289062,-0.10091743
58,73,131,0.25585938,-0.11450382
59,60,119,0.23242188,-0.0084033613
54,61,115,0.22460938,-0.060869565
69,48,117,0.22851562,0.17948718
53,68,121,0.23632812,-0.12396694
68,46,114,0.22265625,0.19298246
62,50,112,0.21875,0.10714286
56,67,123,0.24023438,-0.089430894
62,68,130,0.25390625,-0.046153846
65,47,112,0.21875,0.16071429
70,53,123,0.24023438,0.13821138
75,47,122,0.23828125,0.2295082
71,61,132,0.2578125,0.075757576
53,73,126,0.24609375,-0.15873016
58,55,113,0.22070312,0.026548673
61,63,124,0.2421875,-0.016129032
77,55,132,0.2578125,0.16666667
47,75,122,0.23828125,-0.2295082
69,53,122,0.23828125,0.13114754
72,52,124,0.2421875,0.16129032
52,69,121,0.23632812,-0.14049587
67,57,124,0.2421875,0.080645161
55,59,114,0.22265625,-0.035087719
60,64,124,0.2421875,-0.032258065
57,63,120,0.234375,-0.05
77,57,134,0.26171875,0.14925373
63,53,116,0.2265625,0.086206897
73,41,114,0.22265625,0.28070175
71,56,127,0.24804688,0.11811024
52,57,109,0.21289062,-0.04587156
73,54,127,0.24804688,0.1496063
54,65,119,0.23242188,-0.092436975
54,70,124,0.2421875,-0.12903226
48,71,119,0.23242188,-0.19327731
59,67,126,0.24609375,-0.063492063
52,75,127,0.24804688,-0.18110236
58,61,119,0.23242188,-0.025210084
58,66,124,0.2421875,-0.064516129
51,52,103,0.20117188,-0.0097087379
51,71,122,0.23828125,-0.16393443
76,49,125,0.24414062,0.216
57,54,111,0.21679688,0.027027027
62,56,118,0.23046875,0.050847458
50,71,121,0.23632812,-0.17355372
66,58,124,0.2421875,0.064516129
60,64,124,0.2421875,-0.032258065
65,66,131,0.25585938,-0.0076335878
64,66,130,0.25390625,-0.015384615
49,82,131,0.25585938,-0.2519084
58,62,120,0.234375,-0.033333333
65,51,116,0.2265625,0.12068966
72,44,116,0.2265625,0.24137931
61,59,120,0.234375,0.016666667
58,81,139,0.27148438,-0.16546763
62,62,124,0.2421875,0
76,41,117,0.22851562,0.2991453
62,64,126,0.24609375,-0.015873016
70,58,128,0.25,0.09375
52,76,128,0.25,-0.1875
43,60,103,0.20117188,-0.16504854
61,59,120,0.234375,0.016666667
60,55,115,0.22460938,0.043478261
51,62,113,0.22070312,-0.097345133
63,48,111,0.21679688,0.13513514
33,80,113,0.22070312,-0.4159292
62,56,118,0.23046875,0.050847458
67,51,118,0.23046875,0.13559322
64,60,124,0.2421875,0.032258065
75,45,120,0.234375,0.25
65,57,122,0.23828125,0.06557377
51,71,122,0.23828125,-0.16393443
61,66,127,0.24804688,-0.039370079
64,50,114,0.22265625,0.12280702
64,58,122,0.23828125,0.049180328
74,45,119,0.23242188,0.24369748
69,46,115,0.22460938,0.2
57,67,124,0.2421875,-0.080645161
70,62,132,0.2578125,0.060606061
85,52,137,0.26757812,0.24087591
65,57,122,0.23828125,0.06557377
70,47,117,0.22851562,0.1965812
73,71,144,0.28125,0.013888889
64,47,111,0.21679688,0.15315315
54,51,105,0.20507812,0.028571429
59,72,131,0.25585938,-0.099236641
80,56,136,0.265625,0.17647059
48,62,110,0.21484375,-0.12727273
49,89,138,0.26953125,-0.28985507
56,60,116,0.2265625,-0.034482759
55,75,130,0.25390625,-0.15384615
52,60,112,0.21875,-0.071428571
70,54,124,0.2421875,0.12903226
61,66,127,0.24804688,-0.039370079
56,77,133,0.25976562,-0.15789474
60,43,103,0.20117188,0.16504854
51,69,120,0.234375,-0.15
51,62,113,0.22070312,-0.097345133
61,54,115,0.22460938,0.060869565
47,67,114,0.22265625,-0.1754386
39,78,117,0.22851562,-0.33333333
58,64,122,0.23828125,-0.049180328
49,69,118,0.23046875,-0.16949153
58,71,129,0.25195312,-0.10077519
60,60,120,0.234375,0
52,70,122,0.23828125,-0.14754098
71,57,128,0.25,0.109375
60,59,119,0.23242188,0.0084033613
63,52,115,0.22460938,0.095652174
82,48,130,0.25390625,0.26153846
62,55,117,0.22851562,0.05982906
75,42,117,0.22851562,0.28205128
71,53,124,0.2421875,0.14516129
69,59,128,0.25,0.078125
59,62,121,0.23632812,-0.024793388
63,64,127,0.24804688,-0.0078740157
61,65,126,0.24609375,-0.031746032
50,59,109,0.21289062,-0.082568807
76,49,125,0.24414062,0.216
83,39,122,0.23828125,0.36065574
52,78,130,0.25390625,-0.2
63,70,133,0.25976562,-0.052631579
69,53,122,0.23828125,0.13114754
68,49,117,0.22851562,0.16239316
80,45,125,0.24414062,0.28
54,56,110,0.21484375,-0.018181818
33,84,117,0.22851562,-0.43589744
60,53,113,0.22070312,0.061946903
66,40,106,0.20703125,0.24528302
87,56,143,0.27929688,0.21678322
53,71,124,0.2421875,-0.14516129
53,68,121,0.23632812,-0.12396694
57,56,113,0.22070312,0.0088495575
74,53,127,0.24804688,0.16535433
55,59,114,0.22265625,-0.035087719
57,53,110,0.21484375,0.036363636
45,75,120,0.234375,-0.25
53,68,121,0.23632812,-0.12396694
69,47,116,0.2265625,0.18965517
62,62,124,0.2421875,0
73,49,122,0.23828125,0.19672131
77,57,134,0.26171875,0.14925373
54,55,109,0.21289062,-0.0091743119
62,47,109,0.21289062,0.13761468
49,68,117,0.22851562,-0.16239316
58,56,114,0.22265625,0.01754386
68,49,117,0.22851562,0.16239316
85,45,130,0.25390625,0.30769231
44,67,111,0.21679688,-0.20720721
38,75,113,0.22070312,-0.32743363
50,83,133,0.25976562,-0.2481203
62,63,125,0.24414062,-0.008
60,63,123,0.24023438,-0.024390244
58,77,135,0.26367188,-0.14074074
54,69,123,0.24023438,-0.12195122
42,70,112,0.21875,-0.25
37,71,108,0.2109375,-0.31481481
64,67,131,0.25585938,-0.022900763
72,51,123,0.24023438,0.17073171
58,67,125,0.24414062,-0.072
63,60,123,0.24023438,0.024390244
48,81,129,0.25195312,-0.25581395
79,50,129,0.25195312,0.2248062
70,47,117,0.22851562,0.1965812
53,73,126,0.24609375,-0.15873016
52,66,118,0.23046875,-0.11864407
58,54,112,0.21875,0.035714286
52,57,109,0.21289062,-0.04587156
51,69,120,0.234375,-0.15
55,67,122,0.23828125,-0.098360656
51,72,123,0.24023438,-0.17073171
62,64,126,0.24609375,-0.015873016
59,76,135,0.26367188,-0.12592593
63,55,118,0.23046875,0.06779661
53,75,128,0.25,-0.171875
65,55,120,0.234375,0.083333333
82,51,133,0.25976562,0.23308271
64,55,119,0.23242188,0.075630252
57,59,116,0.2265625,-0.017241379
67,55,122,0.23828125,0.098360656
55,68,123,0.24023438,-0.10569106
69,55,124,0.2421875,0.11290323
70,67,137,0.26757812,0.02189781
46,61,107,0.20898438,-0.14018692
62,70,132,0.2578125,-0.060606061
46,67,113,0.22070312,-0.18584071
55,56,111,0.21679688,-0.009009009
55,52,107,0.20898438,0.028037383
68,61,129,0.25195312,0.054263566
69,63,132,0.2578125,0.045454545
77,48,125,0.24414062,0.232
56,57,113,0.22070312,-0.0088495575
63,66,129,0.25195312,-0.023255814
64,65,129,0.25195312,-0.007751938
63,56,119,0.23242188,0.058823529
56,47,103,0.20117188,0.087378641
85,50,135,0.26367188,0.25925926
80,42,122,0.23828125,0.31147541
62,62,124,0.2421875,0
67,61,128,0.25,0.046875
53,70,123,0.24023438,-0.13821138
53,58,111,0.21679688,-0.045045045
68,46,114,0.22265625,0.19298246
79,40,119,0.23242188,0.32773109
55,67,122,0.23828125,-0.098360656
52,68,120,0.234375,-0.13333333
47,77,124,0.2421875,-0.24193548
51,72,123,0.24023438,-0.17073171
46,76,122,0.23828125,-0.24590164
80,57,137,0.26757812,0.16788321
68,54,122,0.23828125,0.1147541
48,59,107,0.20898438,-0.10280374
44,76,120,0.234375,-0.26666667
46,75,121,0.23632812,-0.23966942
75,42,117,0.22851562,0.28205128
59,63,122,0.23828125,-0.032786885
61,62,123,0.24023438,-0.0081300813
58,71,129,0.25195312,-0.10077519
66,54,120,0.234375,0.1
52,72,124,0.2421875,-0.16129032
64,68,132,0.2578125,-0.03030303
70,57,127,0.24804688,0.1023622
68,59,127,0.24804688,0.070866142
66,47,113,0.22070312,0.16814159
48,79,127,0.24804688,-0.24409449
58,67,125,0.24414062,-0.072
77,46,123,0.24023438,0.25203252
52,63,115,0.22460938,-0.095652174
73,56,129,0.25195312,0.13178295
42,72,114,0.22265625,-0.26315789
53,58,111,0.21679688,-0.045045045
59,66,125,0.24414062,-0.056
65,63,128,0.25,0.015625
46,78,124,0.2421875,-0.25806452
75,41,116,0.2265625,0.29310345
66,57,123,0.24023438,0.073170732
58,50,108,0.2109375,0.074074074
63,54,117,0.22851562,0.076923077
64,50,114,0.22265625,0.12280702
57,68,125,0.24414062,-0.088
57,70,127,0.24804688,-0.1023622
68,60,128,0.25,0.0625
57,60,117,0.22851562,-0.025641026
70,46,116,0.2265625,0.20689655
52,50,102,0.19921875,0.019607843
71,55,126,0.24609375,0.12698413
56,74,130,0.25390625,-0.13846154
69,39,108,0.2109375,0.27777778
75,55,130,0.25390625,0.15384615
62,70,132,0.2578125,-0.060606061
62,57,119,0.23242188,0.042016807
57,70,127,0.24804688,-0.1023622
62,61,123,0.24023438,0.0081300813
50,71,121,0.23632812,-0.17355372
73,45,118,0.23046875,0.23728814
71,47,118,0.23046875,0.20338983
69,56,125,0.24414062,0.104
56,66,122,0.23828125,-0.081967213
59,52,111,0.21679688,0.063063063
56,68,124,0.2421875,-0.096774194
61,53,114,0.22265625,0.070175439
66,64,130,0.25390625,0.015384615
56,64,120,0.234375,-0.066666667
71,36,107,0.20898438,0.3271028
69,57,126,0.24609375,0.095238095
58,71,129,0.25195312,-0.10077519
57,56,113,0.22070312,0.0088495575
67,65,132,0.2578125,0.015151515
51,62,113,0.22070312,-0.097345133
63,63,126,0.24609375,0
50,73,123,0.24023438,-0.18699187
57,61,118,0.23046875,-0.033898305
52,64,116,0.2265625,-0.10344828
80,42,122,0.23828125,0.31147541
76,49,125,0.24414062,0.216
67,52,119,0.23242188,0.12605042
61,60,121,0.23632812,0.0082644628
67,50,117,0.22851562,0.14529915
64,67,131,0.25585938,-0.022900763
53,63,116,0.2265625,-0.086206897
50,71,121,0.23632812,-0.17355372
75,49,124,0.2421875,0.20967742
69,40,109,0.21289062,0.26605505
50,71,121,0.23632812,-0.17355372
55,76,131,0.25585938,-0.16030534
69,66,135,0.26367188,0.022222222
52,67,119,0.23242188,-0.12605042
45,70,115,0.22460938,-0.2173913
60,66,126,0.24609375,-0.047619048
75,43,118,0.23046875,0.27118644
52,69,121,0.23632812,-0.14049587
65,53,118,0.23046875,0.10169492
52,65,117,0.22851562,-0.11111111
62,52,114,0.22265625,0.087719298
39,61,100,0.1953125,-0.22
51,77,128,0.25,-0.203125
42,70,112,0.21875,-0.25
69,62,131,0.25585938,0.053435115
76,49,125,0.24414062,0.216
52,67,119,0.23242188,-0.12605042
61,65,126,0.24609375,-0.031746032
64,54,118,0.23046875,0.084745763
50,67,117,0.22851562,-0.14529915
81,39,120,0.234375,0.35
65,51,116,0.2265625,0.12068966
49,74,123,0.24023438,-0.20325203
73,55,128,0.25,0.140625
68,51,119,0.23242188,0.14285714
68,62,130,0.25390625,0.046153846
43,73,116,0.2265625,-0.25862069
47,64,111,0.21679688,-0.15315315
61,53,114,0.22265625,0.070175439
57,66,123,0.24023438,-0.073170732
63,60,123,0.24023438,0.024390244
65,53,118,0.23046875,0.10169492
82,49,131,0.25585938,0.2519084
67,54,121,0.23632812,0.10743802
66,54,120,0.234375,0.1
60,71,131,0.25585938,-0.083969466
66,61,127,0.24804688,0.039370079
35,68,103,0.20117188,-0.32038835
78,52,130,0.25390625,0.2
69,50,119,0.23242188,0.15966387
66,59,125,0.24414062,0.056
64,57,121,0.23632812,0.05785124
52,64,116,0.2265625,-0.10344828
70,48,118,0.23046875,0.18644068
50,68,118,0.23046875,-0.15254237
74,55,129,0.25195312,0.14728682
57,63,120,0.234375,-0.05
61,61,122,0.23828125,0
55,63,118,0.23046875,-0.06779661
39,69,108,0.2109375,-0.27777778
62,57,119,0.23242188,0.042016807
71,56,127,0.24804688,0.11811024
88,37,125,0.24414062,0.408
62,55,117,0.22851562,0.05982906
58,68,126,0.24609375,-0.079365079
67,51,118,0.23046875,0.13559322
57,65,122,0.23828125,-0.06557377
68,56,124,0.2421875,0.096774194
45,68,113,0.22070312,-0.20353982
59,67,126,0.24609375,-0.063492063
66,53,119,0.23242188,0.1092437
68,62,130,0.25390625,0.046153846
53,70,123,0.24023438,-0.13821138
62,47,109,0.21289062,0.13761468
63,72,135,0.26367188,-0.066666667
81,46,127,0.24804688,0.27559055
72,55,127,0.24804688,0.13385827
63,72,135,0.26367188,-0.066666667
67,63,130,0.25390625,0.030769231
61,55,116,0.2265625,0.051724138
69,57,126,0.24609375,0.095238095
63,46,109,0.21289062,0.1559633
71,46,117,0.22851562,0.21367521
72,46,118,0.23046875,0.22033898
54,69,123,0.24023438,-0.12195122
71,51,122,0.23828125,0.16393443
63,59,122,0.23828125,0.032786885
59,58,117,0.22851562,0.0085470085
57,63,120,0.234375,-0.05
62,44,106,0.20703125,0.16981132
66,65,131,0.25585938,0.0076335878
49,69,118,0.23046875,-0.16949153
65,55,120,0.234375,0.083333333
66,61,127,0.24804688,0.039370079
55,66,121,0.23632812,-0.090909091
60,81,141,0.27539062,-0.14893617
57,52,109,0.21289062,0.04587156
44,60,104,0.203125,-0.15384615
63,49,112,0.21875,0.125
58,54,112,0.21875,0.035714286
63,62,125,0.24414062,0.008
60,59,119,0.23242188,0.0084033613
60,52,112,0.21875,0.071428571
54,63,117,0.22851562,-0.076923077
69,46,115,0.22460938,0.2
59,69,128,0.25,-0.078125
67,69,136,0.265625,-0.014705882
54,73,127,0.24804688,-0.1496063
55,78,133,0.25976562,-0.17293233
60,56,116,0.2265625,0.034482759
45,82,127,0.24804688,-0.29133858
54,53,107,0.20898438,0.0093457944
58,52,110,0.21484375,0.054545455
69,61,130,0.25390625,0.061538462
51,65,116,0.2265625,-0.12068966
55,80,135,0.26367188,-0.18518519
54,78,132,0.2578125,-0.18181818
53,64,117,0.22851562,-0.094017094
53,72,125,0.24414062,-0.152
56,71,127,0.24804688,-0.11811024
62,57,119,0.23242188,0.042016807
56,66,122,0.23828125,-0.081967213
78,54,132,0.2578125,0.18181818
67,44,111,0.21679688,0.20720721
47,80,127,0.24804688,-0.25984252
53,62,115,0.22460938,-0.07826087
66,58,124,0.2421875,0.064516129
54,60,114,0.22265625,-0.052631579
64,63,127,0.24804688,0.0078740157
69,54,123,0.24023438,0.12195122
52,69,121,0.23632812,-0.14049587
53,54,107,0.20898438,-0.0093457944
57,64,121,0.23632812,-0.05785124
70,59,129,0.25195312,0.085271318
55,64,119,0.23242188,-0.075630252
64,57,121,0.23632812,0.05785124
56,74,130,0.25390625,-0.13846154
54,71,125,0.24414062,-0.136
56,63,119,0.23242188,-0.058823529
78,59,137,0.26757812,0.13868613
70,54,124,0.2421875,0.12903226
57,69,126,0.24609375,-0.095238095
49,67,116,0.2265625,-0.15517241
65,56,121,0.23632812,0.074380165
64,55,119,0.23242188,0.075630252
82,36,118,0.23046875,0.38983051
59,46,105,0.20507812,0.12380952
84,42,126,0.24609375,0.33333333
51,78,129,0.25195312,-0.20930233
63,61,124,0.2421875,0.016129032
52,81,133,0.25976562,-0.21804511
69,58,127,0.24804688,0.086614173
64,49,113,0.22070312,0.13274336
69,61,130,0.25390625,0.061538462
70,56,126,0.24609375,0.11111111
71,60,131,0.25585938,0.083969466
43,73,116,0.2265625,-0.25862069
52,69,121,0.23632812,-0.14049587
63,55,118,0.23046875,0.06779661
54,73,127,0.24804688,-0.1496063
57,69,126,0.24609375,-0.095238095
62,66,128,0.25,-0.03125
49,77,126,0.24609375,-0.22222222
63,58,121,0.23632812,0.041322314
52,65,117,0.22851562,-0.11111111
35,86,121,0.23632812,-0.4214876
68,63,131,0.25585938,0.038167939
48,71,119,0.23242188,-0.19327731
61,63,124,0.2421875,-0.016129032
61,55,116,0.2265625,0.051724138
47,68,115,0.22460938,-0.1826087
78,49,127,0.24804688,0.22834646
69,54,123,0.24023438,0.12195122
55,69,124,0.2421875,-0.11290323
60,67,127,0.24804688,-0.05511811
76,63,139,0.27148438,0.09352518
49,75,124,0.2421875,-0.20967742
71,51,122,0.23828125,0.16393443
78,49,127,0.24804688,0.22834646
70,58,128,0.25,0.09375
47,84,131,0.25585938,-0.28244275
61,54,115,0.22460938,0.060869565
51,71,122,0.23828125,-0.16393443
51,51,102,0.19921875,0
60,60,120,0.234375,0
43,76,119,0.23242188,-0.27731092
48,55,103,0.20117188,-0.067961165
74,61,135,0.26367188,0.096296296
67,65,132,0.2578125,0.015151515
86,42,128,0.25,0.34375
42,82,124,0.2421875,-0.32258065
52,48,100,0.1953125,0.04
59,62,121,0.23632812,-0.024793388
51,72,123,0.24023438,-0.17073171
68,56,124,0.2421875,0.096774194
59,58,117,0.22851562,0.0085470085
41,83,124,0.2421875,-0.33870968
50,60,110,0.21484375,-0.090909091
75,56,131,0.25585938,0.14503817
68,44,112,0.21875,0.21428571
39,78,117,0.22851562,-0.33333333
48,75,123,0.24023438,-0.2195122
53,68,121,0.23632812,-0.12396694
67,62,129,0.25195312,0.03875969
74,49,123,0.24023438,0.20325203
59,74,133,0.25976562,-0.11278195
70,44,114,0.22265625,0.22807018
67,58,125,0.24414062,0.072
65,56,121,0.23632812,0.074380165
76,56,132,0.2578125,0.15151515
65,37,102,0.19921875,0.2745098
57,67,124,0.2421875,-0.080645161
58,52,110,0.21484375,0.054545455
59,66,125,0.24414062,-0.056
50,79,129,0.25195312,-0.2248062
54,72,126,0.24609375,-0.14285714
76,55,131,0.25585938,0.16030534
58,60,118,0.23046875,-0.016949153
51,74,125,0.24414062,-0.184
68,53,121,0.23632812,0.12396694
61,74,135,0.26367188,-0.096296296
56,69,125,0.24414062,-0.104
76,49,125,0.24414062,0.216
74,53,127,0.24804688,0.16535433
67,59,126,0.24609375,0.063492063
65,42,107,0.20898438,0.21495327
60,71,131,0.25585938,-0.083969466
67,53,120,0.234375,0.11666667
55,56,111,0.21679688,-0.009009009
42,69,111,0.21679688,-0.24324324
81,46,127,0.24804688,0.27559055
56,58,114,0.22265625,-0.01754386
78,37,115,0.22460938,0.35652174
60,70,130,0.25390625,-0.076923077
59,49,108,0.2109375,0.092592593
71,56,127,0.24804688,0.11811024
75,54,129,0.25195312,0.1627907
70,52,122,0.23828125,0.14754098
76,61,137,0.26757812,0.10948905
69,50,119,0.23242188,0.15966387
54,61,115,0.22460938,-0.060869565
46,77,123,0.24023438,-0.25203252
53,65,118,0.23046875,-0.10169492
71,49,120,0.234375,0.18333333
54,67,121,0.23632812,-0.10743802
56,58,114,0.22265625,-0.01754386
72,56,128,0.25,0.125
70,47,117,0.22851562,0.1965812
59,67,126,0.24609375,-0.063492063
79,47,126,0.24609375,0.25396825
57,73,130,0.25390625,-0.12307692
61,59,120,0.234375,0.016666667
51,63,114,0.22265625,-0.10526316
51,60,111,0.21679688,-0.081081081
56,78,134,0.26171875,-0.1641791
59,57,116,0.2265625,0.017241379
66,47,113,0.22070312,0.16814159
58,54,112,0.21875,0.035714286
56,70,126,0.24609375,-0.11111111
48,74,122,0.23828125,-0.21311475
77,50,127,0.24804688,0.21259843
69,66,135,0.26367188,0.022222222
67,49,116,0.2265625,0.15517241
69,50,119,0.23242188,0.15966387
51,71,122,0.23828125,-0.16393443
80,43,123,0.24023438,0.30081301
55,57,112,0.21875,-0.017857143
75,60,135,0.26367188,0.11111111
69,64,133,0.25976562,0.037593985
60,69,129,0.25195312,-0.069767442
78,39,117,0.22851562,0.33333333
49,57,106,0.20703125,-0.075471698
51,68,119,0.23242188,-0.14285714
44,71,115,0.22460938,-0.23478261
64,52,116,0.2265625,0.10344828
54,58,112,0.21875,-0.035714286
69,56,125,0.24414062,0.104
71,59,130,0.25390625,0.092307692
78,58,136,0.265625,0.14705882
81,37,118,0.23046875,0.37288136
61,59,120,0.234375,0.016666667
56,65,121,0.23632812,-0.074380165
61,59,120,0.234375,0.016666667
54,77,131,0.25585938,-0.17557252
55,69,124,0.2421875,-0.11290323
53,62,115,0.22460938,-0.07826087
53,54,107,0.20898438,-0.0093457944
55,63,118,0.23046875,-0.06779661
51,73,124,0.2421875,-0.17741935
73,55,128,0.25,0.140625
61,61,122,0.23828125,0
45,78,123,0.24023438,-0.26829268
63,66,129,0.25195312,-0.023255814
52,72,124,0.2421875,-0.16129032
82,33,115,0.22460938,0.42608696
53,61,114,0.22265625,-0.070175439
52,70,122,0.23828125,-0.14754098
65,51,116,0.2265625,0.12068966
65,46,111,0.21679688,0.17117117
56,58,114,0.22265625,-0.01754386
60,64,124,0.2421875,-0.032258065
40,73,113,0.22070312,-0.2920354
69,49,118,0.23046875,0.16949153
54,61,115,0.22460938,-0.060869565
46,63,109,0.21289062,-0.1559633
64,56,120,0.234375,0.066666667
58,61,119,0.23242188,-0.025210084
62,61,123,0.24023438,0.0081300813
75,53,128,0.25,0.171875
52,69,121,0.23632812,-0.14049587
71,44,115,0.22460938,0.23478261
59,68,127,0.24804688,-0.070866142
63,54,117,0.22851562,0.076923077
57,68,125,0.24414062,-0.088
83,48,131,0.25585938,0.26717557
61,56,117,0.22851562,0.042735043
67,56,123,0.24023438,0.089430894
52,55,107,0.20898438,-0.028037383
72,44,116,0.2265625,0.24137931
71,47,118,0.23046875,0.20338983
61,61,122,0.23828125,0
60,47,107,0.20898438,0.12149533
54,65,119,0.23242188,-0.092436975
54,60,114,0.22265625,-0.052631579
59,65,124,0.2421875,-0.048387097
57,65,122,0.23828125,-0.06557377
43,85,128,0.25,-0.328125
62,59,121,0.23632812,0.024793388
51,64,115,0.22460938,-0.11304348
72,56,128,0.25,0.125
72,55,127,0.24804688,0.13385827
61,66,127,0.24804688,-0.039370079
67,57,124,0.2421875,0.080645161
71,44,115,0.22460938,0.23478261
58,55,113,0.22070312,0.026548673
72,74,146,0.28515625,-0.01369863
45,58,103,0.20117188,-0.12621359
48,58,106,0.20703125,-0.094339623
53,70,123,0.24023438,-0.13821138
48,65,113,0.22070312,-0.15044248
40,80,120,0.234375,-0.33333333
69,56,125,0.24414062,0.104
73,66,139,0.27148438,0.050359712
77,47,124,0.2421875,0.24193548
54,68,122,0.23828125,-0.1147541
61,56,117,0.22851562,0.042735043
59,53,112,0.21875,0.053571429
58,69,127,0.24804688,-0.086614173
42,79,121,0.23632812,-0.30578512
60,73,133,0.25976562,-0.097744361
52,60,112,0.21875,-0.071428571
82,47,129,0.25195312,0.27131783
61,70,131,0.25585938,-0.06870229
61,68,129,0.25195312,-0.054263566
45,77,122,0.23828125,-0.26229508
68,58,126,0.24609375,0.079365079
49,71,120,0.234375,-0.18333333
74,34,108,0.2109375,0.37037037
56,56,112,0.21875,0
59,60,119,0.23242188,-0.0084033613
78,49,127,0.24804688,0.22834646
65,59,124,0.2421875,0.048387097
66,55,121,0.23632812,0.090909091
58,59,117,0.22851562,-0.0085470085
66,51,117,0.22851562,0.12820513
44,76,120,0.234375,-0.26666667
79,57,136,0.265625,0.16176471
61,63,124,0.2421875,-0.016129032
54,77,131,0.25585938,-0.17557252
65,44,109,0.21289062,0.19266055
75,51,126,0.24609375,0.19047619
61,61,122,0.23828125,0
80,54,134,0.26171875,0.19402985
69,58,127,0.24804688,0.086614173
47,59,106,0.20703125,-0.11320755
60,67,127,0.24804688,-0.05511811
94,26,120,0.234375,0.56666667
63,38,101,0.19726562,0.24752475
39,74,113,0.22070312,-0.30973451
69,50,119,0.23242188,0.15966387
85,47,132,0.2578125,0.28787879
85,41,126,0.24609375,0.34920635
50,84,134,0.26171875,-0.25373134
52,58,110,0.21484375,-0.054545455
55,60,115,0.22460938,-0.043478261
59,63,122,0.23828125,-0.032786885
65,61,126,0.24609375,0.031746032
62,64,126,0.24609375,-0.015873016
64,60,124,0.2421875,0.032258065
73,48,121,0.23632812,0.20661157
68,50,118,0.23046875,0.15254237
72,52,124,0.2421875,0.16129032
78,45,123,0.24023438,0.26829268
57,64,121,0.23632812,-0.05785124
46,79,125,0.24414062,-0.264
65,57,122,0.23828125,0.06557377
44,73,117,0.22851562,-0.24786325
52,78,130,0.25390625,-0.2
42,78,120,0.234375,-0.3
60,62,122,0.23828125,-0.016393443
58,54,112,0.21875,0.035714286
47,70,117,0.22851562,-0.1965812
43,78,121,0.23632812,-0.2892562
61,51,112,0.21875,0.089285714
69,55,124,0.2421875,0.11290323
78,56,134,0.26171875,0.1641791
82,54,136,0.265625,0.20588235
62,65,127,0.24804688,-0.023622047
81,49,130,0.25390625,0.24615385
74,47,121,0.23632812,0.2231405
39,81,120,0.234375,-0.35
61,62,123,0.24023438,-0.0081300813
64,61,125,0.24414062,0.024
57,63,120,0.234375,-0.05
59,62,121,0.23632812,-0.024793388
65,63,128,0.25,0.015625
54,56,110,0.21484375,-0.018181818
68,39,107,0.20898438,0.27102804
70,56,126,0.24609375,0.11111111
68,60,128,0.25,0.0625
48,81,129,0.25195312,-0.25581395
66,58,124,0.2421875,0.064516129
42,79,121,0.23632812,-0.30578512
51,80,131,0.25585938,-0.22137405
73,59,132,0.2578125,0.10606061
87,46,133,0.25976562,0.30827068
62,55,117,0.22851562,0.05982906
71,60,131,0.25585938,0.083969466
48,68,116,0.2265625,-0.17241379
66,56,122,0.23828125,0.081967213
43,62,105,0.20507812,-0.18095238
52,60,112,0.21875,-0.071428571
76,51,127,0.24804688,0.19685039
66,49,115,0.22460938,0.14782609
49,68,117,0.22851562,-0.16239316
68,50,118,0.23046875,0.15254237
75,52,127,0.24804688,0.18110236
64,55,119,0.23242188,0.075630252
61,63,124,0.2421875,-0.016129032
53,72,125,0.24414062,-0.152
57,69,126,0.24609375,-0.095238095
78,46,124,0.2421875,0.25806452
74,41,115,0.22460938,0.28695652
66,61,127,0.24804688,0.039370079
54,59,113,0.22070312,-0.044247788
56,65,121,0.23632812,-0.074380165
62,62,124,0.2421875,0
62,61,123,0.24023438,0.0081300813
61,64,125,0.24414062,-0.024
77,45,122,0.23828125,0.26229508
53,68,121,0.23632812,-0.12396694
64,61,125,0.24414062,0.024
65,53,118,0.23046875,0.10169492
59,55,114,0.22265625,0.035087719
57,53,110,0.21484375,0.036363636
61,60,121,0.23632812,0.0082644628
76,49,125,0.24414062,0.216
68,62,130,0.25390625,0.046153846
56,76,132,0.2578125,-0.15151515
77,39,116,0.2265625,0.32758621
55,67,122,0.23828125,-0.098360656
55,66,121,0.23632812,-0.090909091
66,58,124,0.2421875,0.064516129
71,43,114,0.22265625,0.24561404
63,74,137,0.26757812,-0.080291971
41,74,115,0.22460938,-0.28695652
66,61,127,0.24804688,0.039370079
45,71,116,0.2265625,-0.22413793
64,57,121,0.23632812,0.05785124
73,58,131,0.25585938,0.11450382
52,69,121,0.23632812,-0.14049587
60,54,114,0.22265625,0.052631579
75,45,120,0.234375,0.25
74,56,130,0.25390625,0.13846154
73,52,125,0.24414062,0.168
54,75,129,0.25195312,-0.1627907
61,58,119,0.23242188,0.025210084
64,67,131,0.25585938,-0.022900763
54,58,112,0.21875,-0.035714286
55,53,108,0.2109375,0.018518519
71,48,119,0.23242188,0.19327731
70,38,108,0.2109375,0.2962963
74,43,117,0.22851562,0.26495726
68,66,134,0.26171875,0.014925373
66,51,117,0.22851562,0.12820513
55,54,109,0.21289062,0.0091743119
57,57,114,0.22265625,0
85,33,118,0.23046875,0.44067797
44,74,118,0.23046875,-0.25423729
74,54,128,0.25,0.15625
60,55,115,0.22460938,0.043478261
79,56,135,0.26367188,0.17037037
67,54,121,0.23632812,0.10743802
65,55,120,0.234375,0.083333333
73,41,114,0.22265625,0.28070175
63,43,106,0.20703125,0.18867925
46,91,137,0.26757812,-0.32846715
63,59,122,0.23828125,0.032786885
66,68,134,0.26171875,-0.014925373
55,59,114,0.22265625,-0.035087719
80,45,125,0.24414062,0.28
54,61,115,0.22460938,-0.060869565
76,62,138,0.26953125,0.10144928
66,54,120,0.234375,0.1
48,69,117,0.22851562,-0.17948718
62,71,133,0.25976562,-0.067669173
62,57,119,0.23242188,0.042016807
40,59,99,0.19335938,-0.19191919
69,54,123,0.24023438,0.12195122
47,51,98,0.19140625,-0.040816327
63,69,132,0.2578125,-0.045454545
67,61,128,0.25,0.046875
67,48,115,0.22460938,0.16521739
65,72,137,0.26757812,-0.051094891
51,72,123,0.24023438,-0.17073171
54,70,124,0.2421875,-0.12903226
81,41,122,0.23828125,0.32786885
52,68,120,0.234375,-0.13333333
59,55,114,0.22265625,0.035087719
77,52,129,0.25195312,0.19379845
49,75,124,0.2421875,-0.20967742
49,63,112,0.21875,-0.125
54,69,123,0.24023438,-0.12195122
63,62,125,0.24414062,0.008
59,60,119,0.23242188,-0.0084033613
64,55,119,0.23242188,0.075630252
56,77,133,0.25976562,-0.15789474
59,63,122,0.23828125,-0.032786885
51,68,119,0.23242188,-0.14285714
76,53,129,0.25195312,0.17829457
60,57,117,0.22851562,0.025641026
35,77,112,0.21875,-0.375
63,48,111,0.21679688,0.13513514
56,59,115,0.22460938,-0.026086957
71,49,120,0.234375,0.18333333
52,62,114,0.22265625,-0.087719298
65,54,119,0.23242188,0.092436975
58,65,123,0.24023438,-0.056910569
43,68,111,0.21679688,-0.22522523
60,61,121,0.23632812,-0.0082644628
61,56,117,0.22851562,0.042735043
59,68,127,0.24804688,-0.070866142
51,70,121,0.23632812,-0.15702479
68,49,117,0.22851562,0.16239316
62,52,114,0.22265625,0.087719298
60,59,119,0.23242188,0.0084033613
61,66,127,0.24804688,-0.039370079
63,57,120,0.234375,0.05
48,60,108,0.2109375,-0.11111111
68,47,115,0.22460938,0.1826087
90,38,128,0.25,0.40625
68,55,123,0.24023438,0.10569106
51,62,113,0.22070312,-0.097345133
71,52,123,0.24023438,0.15447154
72,44,116,0.2265625,0.24137931
50,75,125,0.24414062,-0.2
71,61,132,0.2578125,0.075757576
68,55,123,0.24023438,0.10569106
64,58,122,0.23828125,0.049180328
77,53,130,0.25390625,0.18461538
49,76,125,0.24414062,-0.216
69,47,116,0.2265625,0.18965517
65,50,115,0.22460938,0.13043478
54,62,116,0.2265625,-0.068965517
51,66,117,0.22851562,-0.12820513
53,68,121,0.23632812,-0.12396694
65,54,119,0.23242188,0.092436975
46,75,121,0.23632812,-0.23966942
66,53,119,0.23242188,0.1092437
60,67,127,0.24804688,-0.05511811
62,41,103,0.20117188,0.2038835
52,64,116,0.2265625,-0.10344828
38,80,118,0.23046875,-0.3559322
55,63,118,0.23046875,-0.06779661
55,61,116,0.2265625,-0.051724138
68,59,127,0.24804688,0.070866142
70,65,135,0.26367188,0.037037037
65,63,128,0.25,0.015625
52,79,131,0.25585938,-0.20610687
57,67,124,0.2421875,-0.080645161
40,65,105,0.20507812,-0.23809524
43,83,126,0.24609375,-0.31746032
52,68,120,0.234375,-0.13333333
71,47,118,0.23046875,0.20338983
59,66,125,0.24414062,-0.056
82,47,129,0.25195312,0.27131783
59,62,121,0.23632812,-0.024793388
74,51,125,0.24414062,0.184
56,74,130,0.25390625,-0.13846154
69,62,131,0.25585938,0.053435115
54,64,118,0.23046875,-0.084745763
67,59,126,0.24609375,0.063492063
65,58,123,0.24023438,0.056910569
69,63,132,0.2578125,0.045454545
57,71,128,0.25,-0.109375
65,63,128,0.25,0.015625
62,65,127,0.24804688,-0.023622047
62,56,118,0.23046875,0.050847458
76,50,126,0.24609375,0.20634921
73,48,121,0.23632812,0.20661157
59,63,122,0.23828125,-0.032786885
57,65,122,0.23828125,-0.06557377
60,50,110,0.21484375,0.090909091
85,48,133,0.25976562,0.27819549
63,56,119,0.23242188,0.058823529
56,56,112,0.21875,0
61,49,110,0.21484375,0.10909091
63,55,118,0.23046875,0.06779661
65,61,126,0.24609375,0.031746032
55,54,109,0.21289062,0.0091743119
59,64,123,0.24023438,-0.040650407
64,59,123,0.24023438,0.040650407
75,50,125,0.24414062,0.2
54,73,127,0.24804688,-0.1496063
64,55,119,0.23242188,0.075630252
52,72,124,0.2421875,-0.16129032
71,49,120,0.234375,0.18333333
61,53,114,0.22265625,0.070175439
60,60,120,0.234375,0
51,60,111,0.21679688,-0.081081081
59,61,120,0.234375,-0.016666667
64,44,108,0.2109375,0.18518519
49,82,131,0.25585938,-0.2519084
60,62,122,0.23828125,-0.016393443
54,67,121,0.23632812,-0.10743802
64,47,111,0.21679688,0.15315315
54,61,115,0.22460938,-0.060869565
62,55,117,0.22851562,0.05982906
65,52,117,0.22851562,0.11111111
56,64,120,0.234375,-0.066666667
58,67,125,0.24414062,-0.072
60,55,115,0.22460938,0.043478261
59,55,114,0.22265625,0.035087719
61,67,128,0.25,-0.046875
62,53,115,0.22460938,0.07826087
71,48,119,0.23242188,0.19327731
55,54,109,0.21289062,0.0091743119
71,49,120,0.234375,0.18333333
65,57,122,0.23828125,0.06557377
55,63,118,0.23046875,-0.06779661
56,65,121,0.23632812,-0.074380165
87,33,120,0.234375,0.45
65,40,105,0.20507812,0.23809524
59,66,125,0.24414062,-0.056
78,56,134,0.26171875,0.1641791
48,73,121,0.23632812,-0.20661157
62,70,132,0.2578125,-0.060606061
59,67,126,0.24609375,-0.063492063
40,76,116,0.2265625,-0.31034483
42,72,114,0.22265625,-0.26315789
39,84,123,0.24023438,-0.36585366
61,60,121,0.23632812,0.0082644628
57,67,124,0.2421875,-0.080645161
54,65,119,0.23242188,-0.092436975
59,54,113,0.22070312,0.044247788
60,76,136,0.265625,-0.11764706
54,69,123,0.24023438,-0.12195122
62,71,133,0.25976562,-0.067669173
71,55,126,0.24609375,0.12698413
73,56,129,0.25195312,0.13178295
62,54,116,0.2265625,0.068965517
69,57,126,0.24609375,0.095238095
61,50,111,0.21679688,0.099099099
73,50,123,0.24023438,0.18699187
80,44,124,0.2421875,0.29032258
43,79,122,0.23828125,-0.29508197
58,69,127,0.24804688,-0.086614173
65,45,110,0.21484375,0.18181818
33,86,119,0.23242188,-0.44537815
76,42,118,0.23046875,0.28813559
65,60,125,0.24414062,0.04
55,61,116,0.2265625,-0.051724138
56,51,107,0.20898438,0.046728972
65,61,126,0.24609375,0.031746032
55,72,127,0.24804688,-0.13385827
70,46,116,0.2265625,0.20689655
51,61,112,0.21875,-0.089285714
52,68,120,0.234375,-0.13333333
69,55,124,0.2421875,0.11290323
58,65,123,0.24023438,-0.056910569
52,63,115,0.22460938,-0.095652174
74,38,112,0.21875,0.32142857
48,66,114,0.22265625,-0.15789474
58,64,122,0.23828125,-0.049180328
60,69,129,0.25195312,-0.069767442
50,54,104,0.203125,-0.038461538
53,73,126,0.24609375,-0.15873016
68,47,115,0.22460938,0.1826087
60,58,118,0.23046875,0.016949153
58,59,117,0.22851562,-0.0085470085
64,63,127,0.24804688,0.0078740157
70,47,117,0.22851562,0.1965812
48,71,119,0.23242188,-0.19327731
33,71,104,0.203125,-0.36538462
52,55,107,0.20898438,-0.028037383
50,74,124,0.2421875,-0.19354839
49,62,111,0.21679688,-0.11711712
66,44,110,0.21484375,0.2
64,47,111,0.21679688,0.15315315
63,66,129,0.25195312,-0.023255814
53,51,104,0.203125,0.019230769
53,67,120,0.234375,-0.11666667
70,51,121,0.23632812,0.15702479
59,59,118,0.23046875,0
65,52,117,0.22851562,0.11111111
54,64,118,0.23046875,-0.084745763
60,61,121,0.23632812,-0.0082644628
62,65,127,0.24804688,-0.023622047
69,58,127,0.24804688,0.086614173
66,49,115,0.22460938,0.14782609
55,72,127,0.24804688,-0.13385827
57,54,111,0.21679688,0.027027027
61,55,116,0.2265625,0.051724138
52,77,129,0.25195312,-0.19379845
85,42,127,0.24804688,0.33858268
64,57,121,0.23632812,0.05785124
53,66,119,0.23242188,-0.1092437
62,68,130,0.25390625,-0.046153846
61,60,121,0.23632812,0.0082644628
66,55,121,0.23632812,0.090909091
60,65,125,0.24414062,-0.04
43,77,120,0.234375,-0.28333333
76,51,127,0.24804688,0.19685039
65,55,120,0.234375,0.083333333
62,60,122,0.23828125,0.016393443
68,50,118,0.23046875,0.15254237
58,64,122,0.23828125,-0.049180328
55,68,123,0.24023438,-0.10569106
62,74,136,0.265625,-0.088235294
60,63,123,0.24023438,-0.024390244
59,66,125,0.24414062,-0.056
60,70,130,0.25390625,-0.076923077
63,61,124,0.2421875,0.016129032
50,65,115,0.22460938,-0.13043478
44,71,115,0.22460938,-0.23478261
59,77,136,0.265625,-0.13235294
71,57,128,0.25,0.109375
64,56,120,0.234375,0.066666667
59,50,109,0.21289062,0.082568807
49,79,128,0.25,-0.234375
74,49,123,0.24023438,0.20325203
66,61,127,0.24804688,0.039370079
57,58,115,0.22460938,-0.0086956522
65,78,143,0.27929688,-0.090909091
52,67,119,0.23242188,-0.12605042
67,54,121,0.23632812,0.10743802
63,70,133,0.25976562,-0.052631579
75,55,130,0.25390625,0.15384615
67,54,121,0.23632812,0.10743802
53,60,113,0.22070312,-0.061946903
78,59,137,0.26757812,0.13868613
48,74,122,0.23828125,-0.21311475
68,41,109,0.21289062,0.24770642
46,66,112,0.21875,-0.17857143
67,54,121,0.23632812,0.10743802
51,77,128,0.25,-0.203125
58,67,125,0.24414062,-0.072
59,64,123,0.24023438,-0.040650407
66,53,119,0.23242188,0.1092437
58,62,120,0.234375,-0.033333333
72,61,133,0.25976562,0.082706767
52,79,131,0.25585938,-0.20610687
86,44,130,0.25390625,0.32307692
83,48,131,0.25585938,0.26717557
41,80,121,0.23632812,-0.32231405
68,61,129,0.25195312,0.054263566
60,64,124,0.2421875,-0.032258065
58,70,128,0.25,-0.09375
71,59,130,0.25390625,0.092307692
63,56,119,0.23242188,0.058823529
69,53,122,0.23828125,0.13114754
61,64,125,0.24414062,-0.024
69,53,122,0.23828125,0.13114754
63,54,117,0.22851562,0.076923077
88,46,134,0.26171875,0.31343284
51,63,114,0.22265625,-0.10526316
57,54,111,0.21679688,0.027027027
72,48,120,0.234375,0.2
74,55,129,0.25195312,0.14728682
51,68,119,0.23242188,-0.14285714
35,74,109,0.21289062,-0.35779817
63,57,120,0.234375,0.05
83,44,127,0.24804688,0.30708661
69,64,133,0.25976562,0.037593985
59,55,114,0.22265625,0.035087719
48,70,118,0.23046875,-0.18644068
51,61,112,0.21875,-0.089285714
69,60,129,0.25195312,0.069767442
57,68,125,0.24414062,-0.088
56,74,130,0.25390625,-0.13846154
72,45,117,0.22851562,0.23076923
68,54,122,0.23828125,0.1147541
47,67,114,0.22265625,-0.1754386
40,85,125,0.24414062,-0.36
49,64,113,0.22070312,-0.13274336
74,44,118,0.23046875,0.25423729
48,66,114,0.22265625,-0.15789474
76,46,122,0.23828125,0.24590164
66,49,115,0.22460938,0.14782609
65,59,124,0.2421875,0.048387097
50,75,125,0.24414062,-0.2
56,60,116,0.2265625,-0.034482759
72,51,123,0.24023438,0.17073171
64,55,119,0.23242188,0.075630252
55,71,126,0.24609375,-0.12698413
57,52,109,0.21289062,0.04587156
58,69,127,0.24804688,-0.086614173
74,59,133,0.25976562,0.11278195
41,68,109,0.21289062,-0.24770642
72,51,123,0.24023438,0.17073171
59,74,133,0.25976562,-0.11278195
64,48,112,0.21875,0.14285714
68,54,122,0.23828125,0.1147541
53,76,129,0.25195312,-0.17829457
65,65,130,0.25390625,0
55,67,122,0.23828125,-0.098360656
72,51,123,0.24023438,0.17073171
83,43,126,0.24609375,0.31746032
65,67,132,0.2578125,-0.015151515
73,48,121,0.23632812,0.20661157
70,50,120,0.234375,0.16666667
50,63,113,0.22070312,-0.11504425
50,67,117,0.22851562,-0.14529915
66,74,140,0.2734375,-0.057142857
59,57,116,0.2265625,0.017241379
56,81,137,0.26757812,-0.18248175
61,64,125,0.24414062,-0.024
64,52,116,0.2265625,0.10344828
65,47,112,0.21875,0.16071429
69,45,114,0.22265625,0.21052632
55,60,115,0.22460938,-0.043478261
64,55,119,0.23242188,0.075630252
68,61,129,0.25195312,0.054263566
63,56,119,0.23242188,0.058823529
66,49,115,0.22460938,0.14782609
55,69,124,0.2421875,-0.11290323
72,44,116,0.2265625,0.24137931
52,57,109,0.21289062,-0.04587156
52,81,133,0.25976562,-0.21804511
61,61,122,0.23828125,0
48,56,104,0.203125,-0.076923077
47,68,115,0.22460938,-0.1826087
61,58,119,0.23242188,0.025210084
43,75,118,0.23046875,-0.27118644
67,63,130,0.25390625,0.030769231
65,57,122,0.23828125,0.06557377
49,54,103,0.20117188,-0.048543689
61,52,113,0.22070312,0.079646018
62,66,128,0.25,-0.03125
80,44,124,0.2421875,0.29032258
43,79,122,0.23828125,-0.29508197
73,53,126,0.24609375,0.15873016
63,54,117,0.22851562,0.076923077
63,56,119,0.23242188,0.058823529
55,69,124,0.2421875,-0.11290323
56,54,110,0.21484375,0.018181818
60,50,110,0.21484375,0.090909091
55,63,118,0.23046875,-0.06779661
64,51,115,0.22460938,0.11304348
69,57,126,0.24609375,0.095238095
50,75,125,0.24414062,-0.2
64,56,120,0.234375,0.066666667
50,71,121,0.23632812,-0.17355372
60,51,111,0.21679688,0.081081081
83,64,147,0.28710938,0.1292517
69,57,126,0.24609375,0.095238095
63,66,129,0.25195312,-0.023255814
73,46,119,0.23242188,0.22689076
65,58,123,0.24023438,0.056910569
65,60,125,0.24414062,0.04
65,60,125,0.24414062,0.04
52,64,116,0.2265625,-0.10344828
72,53,125,0.24414062,0.152
68,46,114,0.22265625,0.19298246
62,65,127,0.24804688,-0.023622047
64,66,130,0.25390625,-0.015384615
62,62,124,0.2421875,0
66,52,118,0.23046875,0.11864407
65,59,124,0.2421875,0.048387097
65,62,127,0.24804688,0.023622047
60,63,123,0.24023438,-0.024390244
48,68,116,0.2265625,-0.17241379
60,73,133,0.25976562,-0.097744361
51,61,112,0.21875,-0.089285714
68,47,115,0.22460938,0.1826087
67,50,117,0.22851562,0.14529915
54,65,119,0.23242188,-0.092436975
63,55,118,0.23046875,0.06779661
64,51,115,0.22460938,0.11304348
61,72,133,0.25976562,-0.082706767
59,57,116,0.2265625,0.017241379
55,60,115,0.22460938,-0.043478261
36,88,124,0.2421875,-0.41935484
58,59,117,0.22851562,-0.0085470085
65,46,111,0.21679688,0.17117117
67,58,125,0.24414062,0.072
42,88,130,0.25390625,-0.35384615
76,46,122,0.23828125,0.24590164
56,49,105,0.20507812,0.066666667
73,51,124,0.2421875,0.17741935
45,75,120,0.234375,-0.25
45,85,130,0.25390625,-0.30769231
62,71,133,0.25976562,-0.067669173
67,64,131,0.25585938,0.022900763
60,68,128,0.25,-0.0625
54,62,116,0.2265625,-0.068965517
61,67,128,0.25,-0.046875
55,68,123,0.24023438,-0.10569106
52,71,123,0.24023438,-0.15447154
49,75,124,0.2421875,-0.20967742
45,69,114,0.22265625,-0.21052632
60,77,137,0.26757812,-0.12408759
79,48,127,0.24804688,0.24409449
52,61,113,0.22070312,-0.079646018
47,61,108,0.2109375,-0.12962963
62,53,115,0.22460938,0.07826087
61,57,118,0.23046875,0.033898305
55,61,116,0.2265625,-0.051724138
66,56,122,0.23828125,0.081967213
40,70,110,0.21484375,-0.27272727
60,69,129,0.25195312,-0.069767442
76,45,121,0.23632812,0.25619835
61,56,117,0.22851562,0.042735043
53,61,114,0.22265625,-0.070175439
85,44,129,0.25195312,0.31782946
76,62,138,0.26953125,0.10144928
65,57,122,0.23828125,0.06557377
66,57,123,0.24023438,0.073170732
62,53,115,0.22460938,0.07826087
55,71,126,0.24609375,-0.12698413
56,59,115,0.22460938,-0.026086957
64,55,119,0.23242188,0.075630252
52,76,128,0.25,-0.1875
55,79,134,0.26171875,-0.17910448
67,54,121,0.23632812,0.10743802
57,74,131,0.25585938,-0.12977099
55,77,132,0.2578125,-0.16666667
60,55,115,0.22460938,0.043478261
50,62,112,0.21875,-0.10714286
58,59,117,0.22851562,-0.0085470085
61,60,121,0.23632812,0.0082644628
49,65,114,0.22265625,-0.14035088
52,82,134,0.26171875,-0.2238806
60,55,115,0.22460938,0.043478261
54,62,116,0.2265625,-0.068965517
64,50,114,0.22265625,0.12280702
58,64,122,0.23828125,-0.049180328
46,69,115,0.22460938,-0.2
70,48,118,0.23046875,0.18644068
47,78,125,0.24414062,-0.248
57,59,116,0.2265625,-0.017241379
54,76,130,0.25390625,-0.16923077
58,68,126,0.24609375,-0.079365079
60,51,111,0.21679688,0.081081081
60,55,115,0.22460938,0.043478261
69,56,125,0.24414062,0.104
69,69,138,0.26953125,0
49,76,125,0.24414062,-0.216
65,70,135,0.26367188,-0.037037037
68,54,122,0.23828125,0.1147541
47,68,115,0.22460938,-0.1826087
36,84,120,0.234375,-0.4
38,76,114,0.22265625,-0.33333333
67,59,126,0.24609375,0.063492063
69,39,108,0.2109375,0.27777778
56,60,116,0.2265625,-0.034482759
40,79,119,0.23242188,-0.32773109
63,56,119,0.23242188,0.058823529
48,74,122,0.23828125,-0.21311475
50,71,121,0.23632812,-0.17355372
53,67,120,0.234375,-0.11666667
63,68,131,0.25585938,-0.038167939
52,66,118,0.23046875,-0.11864407
56,74,130,0.25390625,-0.13846154
64,47,111,0.21679688,0.15315315
51,78,129,0.25195312,-0.20930233
48,69,117,0.22851562,-0.17948718
64,44,108,0.2109375,0.18518519
63,61,124,0.2421875,0.016129032
80,51,131,0.25585938,0.22137405
46,71,117,0.22851562,-0.21367521
53,57,110,0.21484375,-0.036363636
72,62,134,0.26171875,0.074626866
69,53,122,0.23828125,0.13114754
71,64,135,0.26367188,0.051851852
54,75,129,0.25195312,-0.1627907
54,65,119,0.23242188,-0.092436975
50,68,118,0.23046875,-0.15254237
50,56,106,0.20703125,-0.056603774
75,47,122,0.23828125,0.2295082
56,58,114,0.22265625,-0.01754386
60,62,122,0.23828125,-0.016393443
62,66,128,0.25,-0.03125
50,68,118,0.23046875,-0.15254237
49,66,115,0.22460938,-0.14782609
64,60,124,0.2421875,0.032258065
59,57,116,0.2265625,0.017241379
64,49,113,0.22070312,0.13274336
50,79,129,0.25195312,-0.2248062
73,48,121,0.23632812,0.20661157
74,48,122,0.23828125,0.21311475
50,72,122,0.23828125,-0.18032787
46,65,111,0.21679688,-0.17117117
54,66,120,0.234375,-0.1
49,79,128,0.25,-0.234375
73,54,127,0.24804688,0.1496063
70,52,122,0.23828125,0.14754098
56,73,129,0.25195312,-0.13178295
58,74,132,0.2578125,-0.12121212
69,60,129,0.25195312,0.069767442
60,54,114,0.22265625,0.052631579
48,77,125,0.24414062,-0.232
58,66,124,0.2421875,-0.064516129
74,55,129,0.25195312,0.14728682
66,58,124,0.2421875,0.064516129
56,68,124,0.2421875,-0.096774194
56,67,123,0.24023438,-0.089430894
53,67,120,0.234375,-0.11666667
63,50,113,0.22070312,0.11504425
62,64,126,0.24609375,-0.015873016
70,51,121,0.23632812,0.15702479
47,70,117,0.22851562,-0.1965812
54,68,122,0.23828125,-0.1147541
51,69,120,0.234375,-0.15
54,73,127,0.24804688,-0.1496063
47,72,119,0.23242188,-0.21008403
61,59,120,0.234375,0.016666667
76,51,127,0.24804688,0.19685039
67,64,131,0.25585938,0.022900763
68,64,132,0.2578125,0.03030303
57,64,121,0.23632812,-0.05785124
72,68,140,0.2734375,0.028571429
47,76,123,0.24023438,-0.23577236
60,61,121,0.23632812,-0.0082644628
58,66,124,0.2421875,-0.064516129
65,65,130,0.25390625,0
68,60,128,0.25,0.0625
59,69,128,0.25,-0.078125
60,61,121,0.23632812,-0.0082644628
62,61,123,0.24023438,0.0081300813
67,54,121,0.23632812,0.10743802
59,58,117,0.22851562,0.0085470085
73,69,142,0.27734375,0.028169014
69,54,123,0.24023438,0.12195122
54,61,115,0.22460938,-0.060869565
55,71,126,0.24609375,-0.12698413
76,34,110,0.21484375,0.38181818
62,54,116,0.2265625,0.068965517
49,75,124,0.2421875,-0.20967742
73,40,113,0.22070312,0.2920354
58,50,108,0.2109375,0.074074074
68,61,129,0.25195312,0.054263566
63,52,115,0.22460938,0.095652174
53,73,126,0.24609375,-0.15873016
61,65,126,0.24609375,-0.031746032
56,62,118,0.23046875,-0.050847458
59,63,122,0.23828125,-0.032786885
75,44,119,0.23242188,0.2605042
68,54,122,0.23828125,0.1147541
80,39,119,0.23242188,0.34453782
58,51,109,0.21289062,0.064220183
51,74,125,0.24414062,-0.184
79,50,129,0.25195312,0.2248062
52,57,109,0.21289062,-0.04587156
64,50,114,0.22265625,0.12280702
72,52,124,0.2421875,0.16129032
45,63,108,0.2109375,-0.16666667
36,80,116,0.2265625,-0.37931034
61,66,127,0.24804688,-0.039370079
72,44,116,0.2265625,0.24137931
67,53,120,0.234375,0.11666667
62,63,125,0.24414062,-0.008
71,54,125,0.24414062,0.136
56,67,123,0.24023438,-0.089430894
55,67,122,0.23828125,-0.098360656
62,70,132,0.2578125,-0.060606061
53,64,117,0.22851562,-0.094017094
47,75,122,0.23828125,-0.2295082
79,39,118,0.23046875,0.33898305
53,73,126,0.24609375,-0.15873016
69,62,131,0.25585938,0.053435115
71,55,126,0.24609375,0.12698413
63,56,119,0.23242188,0.058823529
50,72,122,0.23828125,-0.18032787
72,63,135,0.26367188,0.066666667
57,57,114,0.22265625,0
62,63,125,0.24414062,-0.008
55,65,120,0.234375,-0.083333333
85,35,120,0.234375,0.41666667
54,67,121,0.23632812,-0.10743802
72,49,121,0.23632812,0.19008264
67,61,128,0.25,0.046875
45,70,115,0.22460938,-0.2173913
46,67,113,0.22070312,-0.18584071
69,55,124,0.2421875,0.11290323
71,57,128,0.25,0.109375
63,50,113,0.22070312,0.11504425
46,67,113,0.22070312,-0.18584071
52,81,133,0.25976562,-0.21804511
84,34,118,0.23046875,0.42372881
61,72,133,0.25976562,-0.082706767
56,62,118,0.23046875,-0.050847458
57,55,112,0.21875,0.017857143
52,72,124,0.2421875,-0.16129032
61,64,125,0.24414062,-0.024
65,62,127,0.24804688,0.023622047
63,54,117,0.22851562,0.076923077
64,77,141,0.27539062,-0.092198582
48,66,114,0.22265625,-0.15789474
44,70,114,0.22265625,-0.22807018
64,64,128,0.25,0
46,56,102,0.19921875,-0.098039216
63,71,134,0.26171875,-0.059701493
53,66,119,0.23242188,-0.1092437
78,39,117,0.22851562,0.33333333
61,66,127,0.24804688,-0.039370079
45,82,127,0.24804688,-0.29133858
54,63,117,0.22851562,-0.076923077
52,65,117,0.22851562,-0.11111111
59,57,116,0.2265625,0.017241379
62,60,122,0.23828125,0.016393443
50,68,118,0.23046875,-0.15254237
48,66,114,0.22265625,-0.15789474
68,71,139,0.27148438,-0.021582734
54,65,119,0.23242188,-0.092436975
59,54,113,0.22070312,0.044247788
57,78,135,0.26367188,-0.15555556
42,65,107,0.20898438,-0.21495327
48,71,119,0.23242188,-0.19327731
59,55,114,0.22265625,0.035087719
69,68,137,0.26757812,0.0072992701
68,61,129,0.25195312,0.054263566
80,46,126,0.24609375,0.26984127
53,69,122,0.23828125,-0.13114754
53,76,129,0.25195312,-0.17829457
70,51,121,0.23632812,0.15702479
83,42,125,0.24414062,0.328
62,55,117,0.22851562,0.05982906
64,58,122,0.23828125,0.049180328
61,50,111,0.21679688,0.099099099
54,66,120,0.234375,-0.1
60,66,126,0.24609375,-0.047619048
56,66,122,0.23828125,-0.081967213
81,63,144,0.28125,0.125
71,61,132,0.2578125,0.075757576
42,66,108,0.2109375,-0.22222222
40,85,125,0.24414062,-0.36
62,58,120,0.234375,0.033333333
68,47,115,0.22460938,0.1826087
74,58,132,0.2578125,0.12121212
72,55,127,0.24804688,0.13385827
74,40,114,0.22265625,0.29824561
76,55,131,0.25585938,0.16030534
56,80,136,0.265625,-0.17647059
62,63,125,0.24414062,-0.008
66,56,122,0.23828125,0.081967213
83,44,127,0.24804688,0.30708661
71,53,124,0.2421875,0.14516129
53,64,117,0.22851562,-0.094017094
83,49,132,0.2578125,0.25757576
71,45,116,0.2265625,0.22413793
71,55,126,0.24609375,0.12698413
68,51,119,0.23242188,0.14285714
69,46,115,0.22460938,0.2
68,62,130,0.25390625,0.046153846
54,60,114,0.22265625,-0.052631579
43,74,117,0.22851562,-0.26495726
59,65,124,0.2421875,-0.048387097
53,52,105,0.20507812,0.0095238095
61,62,123,0.24023438,-0.0081300813
41,85,126,0.24609375,-0.34920635
42,70,112,0.21875,-0.25
73,48,121,0.23632812,0.20661157
58,67,125,0.24414062,-0.072
60,56,116,0.2265625,0.034482759
58,54,112,0.21875,0.035714286
46,88,134,0.26171875,-0.31343284
56,62,118,0.23046875,-0.050847458
53,57,110,0.21484375,-0.036363636
86,41,127,0.24804688,0.35433071
50,71,121,0.23632812,-0.17355372
67,57,124,0.2421875,0.080645161
69,59,128,0.25,0.078125
52,60,112,0.21875,-0.071428571
50,87,137,0.26757812,-0.27007299
55,73,128,0.25,-0.140625
67,37,104,0.203125,0.28846154
84,29,113,0.22070312,0.48672566
72,52,124,0.2421875,0.16129032
52,62,114,0.22265625,-0.087719298
62,45,107,0.20898438,0.1588785
64,57,121,0.23632812,0.05785124
74,64,138,0.26953125,0.072463768
48,77,125,0.24414062,-0.232
53,77,130,0.25390625,-0.18461538
75,59,134,0.26171875,0.11940299
50,78,128,0.25,-0.21875
63,59,122,0.23828125,0.032786885
61,67,128,0.25,-0.046875
67,45,112,0.21875,0.19642857
55,68,123,0.24023438,-0.10569106
53,64,117,0.22851562,-0.094017094
76,60,136,0.265625,0.11764706
59,70,129,0.25195312,-0.085271318
61,62,123,0.24023438,-0.0081300813
71,49,120,0.234375,0.18333333
44,69,113,0.22070312,-0.22123894
54,63,117,0.22851562,-0.076923077
71,47,118,0.23046875,0.20338983
53,62,115,0.22460938,-0.07826087
66,48,114,0.22265625,0.15789474
50,72,122,0.23828125,-0.18032787
59,67,126,0.24609375,-0.063492063
66,66,132,0.2578125,0
60,67,127,0.24804688,-0.05511811
67,57,124,0.2421875,0.080645161
66,63,129,0.25195312,0.023255814
66,57,123,0.24023438,0.073170732
49,78,127,0.24804688,-0.22834646
57,62,119,0.23242188,-0.042016807
73,48,121,0.23632812,0.20661157
65,66,131,0.25585938,-0.0076335878
62,59,121,0.23632812,0.024793388
69,51,120,0.234375,0.15
47,60,107,0.20898438,-0.12149533
55,59,114,0.22265625,-0.035087719
68,56,124,0.2421875,0.096774194
53,67,120,0.234375,-0.11666667
44,60,104,0.203125,-0.15384615
53,72,125,0.24414062,-0.152
62,55,117,0.22851562,0.05982906
63,60,123,0.24023438,0.024390244
62,62,124,0.2421875,0
72,38,110,0.21484375,0.30909091
47,71,118,0.23046875,-0.20338983
62,44,106,0.20703125,0.16981132
59,70,129,0.25195312,-0.085271318
58,69,127,0.24804688,-0.086614173
70,67,137,0.26757812,0.02189781
66,55,121,0.23632812,0.090909091
64,58,122,0.23828125,0.049180328
53,63,116,0.2265625,-0.086206897
58,65,123,0.24023438,-0.056910569
63,66,129,0.25195312,-0.023255814
54,67,121,0.23632812,-0.10743802
52,50,102,0.19921875,0.019607843
63,59,122,0.23828125,0.032786885
50,79,129,0.25195312,-0.2248062
66,61,127,0.24804688,0.039370079
58,57,115,0.22460938,0.0086956522
76,52,128,0.25,0.1875
70,53,123,0.24023438,0.13821138
49,55,104,0.203125,-0.057692308
62,56,118,0.23046875,0.050847458
67,59,126,0.24609375,0.063492063
61,54,115,0.22460938,0.060869565
54,75,129,0.25195312,-0.1627907
70,60,130,0.25390625,0.076923077
60,56,116,0.2265625,0.034482759
75,57,132,0.2578125,0.13636364
37,77,114,0.22265625,-0.35087719
58,60,118,0.23046875,-0.016949153
76,44,120,0.234375,0.26666667
47,64,111,0.21679688,-0.15315315
64,60,124,0.2421875,0.032258065
55,57,112,0.21875,-0.017857143
61,62,123,0.24023438,-0.0081300813
44,71,115,0.22460938,-0.23478261
61,62,123,0.24023438,-0.0081300813
63,47,110,0.21484375,0.14545455
67,65,132,0.2578125,0.015151515
58,63,121,0.23632812,-0.041322314
61,63,124,0.2421875,-0.016129032
58,67,125,0.24414062,-0.072
75,60,135,0.26367188,0.11111111
57,69,126,0.24609375,-0.095238095
56,52,108,0.2109375,0.037037037
89,48,137,0.26757812,0.29927007
68,64,132,0.2578125,0.03030303
57,78,135,0.26367188,-0.15555556
80,49,129,0.25195312,0.24031008
58,71,129,0.25195312,-0.10077519
78,52,130,0.25390625,0.2
55,59,114,0.22265625,-0.035087719
49,80,129,0.25195312,-0.24031008
68,58,126,0.24609375,0.079365079
83,52,135,0.26367188,0.22962963
70,63,133,0.25976562,0.052631579
79,57,136,0.265625,0.16176471
57,62,119,0.23242188,-0.042016807
65,58,123,0.24023438,0.056910569
42,82,124,0.2421875,-0.32258065
62,64,126,0.24609375,-0.015873016
58,73,131,0.25585938,-0.11450382
60,52,112,0.21875,0.071428571
62,56,118,0.23046875,0.050847458
75,49,124,0.2421875,0.20967742
73,56,129,0.25195312,0.13178295
67,52,119,0.23242188,0.12605042
60,70,130,0.25390625,-0.076923077
49,72,121,0.23632812,-0.19008264
57,64,121,0.23632812,-0.05785124
59,59,118,0.23046875,0
56,65,121,0.23632812,-0.074380165
67,67,134,0.26171875,0
64,64,128,0.25,0
68,54,122,0.23828125,0.1147541
68,58,126,0.24609375,0.079365079
79,57,136,0.265625,0.16176471
52,66,118,0.23046875,-0.11864407
76,54,130,0.25390625,0.16923077
65,76,141,0.27539062,-0.078014184
46,66,112,0.21875,-0.17857143
58,64,122,0.23828125,-0.049180328
73,47,120,0.234375,0.21666667
54,53,107,0.20898438,0.0093457944
70,55,125,0.24414062,0.12
62,55,117,0.22851562,0.05982906
60,62,122,0.23828125,-0.016393443
52,73,125,0.24414062,-0.168
52,70,122,0.23828125,-0.14754098
75,52,127,0.24804688,0.18110236
42,79,121,0.23632812,-0.30578512
48,70,118,0.23046875,-0.18644068
62,63,125,0.24414062,-0.008
61,60,121,0.23632812,0.0082644628
66,42,108,0.2109375,0.22222222
57,65,122,0.23828125,-0.06557377
66,64,130,0.25390625,0.015384615
52,70,122,0.23828125,-0.14754098
82,51,133,0.25976562,0.23308271
69,71,140,0.2734375,-0.014285714
58,79,137,0.26757812,-0.15328467
43,71,114,0.22265625,-0.24561404
57,68,125,0.24414062,-0.088
53,71,124,0.2421875,-0.14516129
50,65,115,0.22460938,-0.13043478
61,62,123,0.24023438,-0.0081300813
72,58,130,0.25390625,0.10769231
60,65,125,0.24414062,-0.04
58,54,112,0.21875,0.035714286
76,50,126,0.24609375,0.20634921
60,59,119,0.23242188,0.0084033613
67,49,116,0.2265625,0.15517241
63,63,126,0.24609375,0
64,58,122,0.23828125,0.049180328
70,54,124,0.2421875,0.12903226
65,59,124,0.2421875,0.048387097
57,65,122,0.23828125,-0.06557377
37,60,97,0.18945312,-0.2371134
67,61,128,0.25,0.046875
61,65,126,0.24609375,-0.031746032
65,54,119,0.23242188,0.092436975
64,63,127,0.24804688,0.0078740157
69,50,119,0.23242188,0.15966387
44,79,123,0.24023438,-0.28455285
72,39,111,0.21679688,0.2972973
59,65,124,0.2421875,-0.048387097
49,78,127,0.24804688,-0.22834646
58,59,117,0.22851562,-0.0085470085
69,61,130,0.25390625,0.061538462
63,57,120,0.234375,0.05
68,66,134,0.26171875,0.014925373
63,68,131,0.25585938,-0.038167939
72,53,125,0.24414062,0.152
87,37,124,0.2421875,0.40322581
68,57,125,0.24414062,0.088
54,82,136,0.265625,-0.20588235
82,39,121,0.23632812,0.3553719
64,60,124,0.2421875,0.032258065
49,61,110,0.21484375,-0.10909091
59,65,124,0.2421875,-0.048387097
68,64,132,0.2578125,0.03030303
61,51,112,0.21875,0.089285714
66,60,126,0.24609375,0.047619048
65,52,117,0.22851562,0.11111111
70,53,123,0.24023438,0.13821138
68,52,120,0.234375,0.13333333
63,54,117,0.22851562,0.076923077
89,46,135,0.26367188,0.31851852
56,70,126,0.24609375,-0.11111111
68,49,117,0.22851562,0.16239316
56,63,119,0.23242188,-0.058823529
57,65,122,0.23828125,-0.06557377
62,55,117,0.22851562,0.05982906
58,64,122,0.23828125,-0.049180328
71,64,135,0.26367188,0.051851852
52,76,128,0.25,-0.1875
51,77,128,0.25,-0.203125
59,48,107,0.20898438,0.10280374
64,69,133,0.25976562,-0.037593985
58,63,121,0.23632812,-0.041322314
49,77,126,0.24609375,-0.22222222
79,47,126,0.24609375,0.25396825
61,70,131,0.25585938,-0.06870229
54,62,116,0.2265625,-0.068965517
48,66,114,0.22265625,-0.15789474
59,61,120,0.234375,-0.016666667
49,70,119,0.23242188,-0.17647059
52,64,116,0.2265625,-0.10344828
61,56,117,0.22851562,0.042735043
74,42,116,0.2265625,0.27586207
67,49,116,0.2265625,0.15517241
73,61,134,0.26171875,0.089552239
54,67,121,0.23632812,-0.10743802
73,41,114,0.22265625,0.28070175
62,59,121,0.23632812,0.024793388
60,54,114,0.22265625,0.052631579
53,48,101,0.19726562,0.04950495
59,64,123,0.24023438,-0.040650407
64,57,121,0.23632812,0.05785124
73,54,127,0.24804688,0.1496063
56,63,119,0.23242188,-0.058823529
60,64,124,0.2421875,-0.032258065
53,80,133,0.25976562,-0.20300752
66,65,131,0.25585938,0.0076335878
67,63,130,0.25390625,0.030769231
61,69,130,0.25390625,-0.061538462
68,51,119,0.23242188,0.14285714
47,61,108,0.2109375,-0.12962963
44,71,115,0.22460938,-0.23478261
70,48,118,0.23046875,0.18644068
67,49,116,0.2265625,0.15517241
62,54,116,0.2265625,0.068965517
58,59,117,0.22851562,-0.0085470085
56,79,135,0.26367188,-0.17037037
85,51,136,0.265625,0.25
52,69,121,0.23632812,-0.14049587
58,63,121,0.23632812,-0.041322314
64,57,121,0.23632812,0.05785124
61,65,126,0.24609375,-0.031746032
35,85,120,0.234375,-0.41666667
77,43,120,0.234375,0.28333333
58,83,141,0.27539062,-0.17730496
72,54,126,0.24609375,0.14285714
53,60,113,0.22070312,-0.061946903
66,55,121,0.23632812,0.090909091
70,48,118,0.23046875,0.18644068
49,76,125,0.24414062,-0.216
49,61,110,0.21484375,-0.10909091
46,82,128,0.25,-0.28125
75,36,111,0.21679688,0.35135135
58,56,114,0.22265625,0.01754386
72,48,120,0.234375,0.2
77,42,119,0.23242188,0.29411765
60,63,123,0.24023438,-0.024390244
63,49,112,0.21875,0.125
64,55,119,0.23242188,0.075630252
67,55,122,0.23828125,0.098360656
53,67,120,0.234375,-0.11666667
64,67,131,0.25585938,-0.022900763
62,66,128,0.25,-0.03125
55,69,124,0.2421875,-0.11290323
61,54,115,0.22460938,0.060869565
69,52,121,0.23632812,0.14049587
60,64,124,0.2421875,-0.032258065
59,65,124,0.2421875,-0.048387097
41,81,122,0.23828125,-0.32786885
61,42,103,0.20117188,0.18446602
94,34,128,0.25,0.46875
57,71,128,0.25,-0.109375
75,56,131,0.25585938,0.14503817
37,85,122,0.23828125,-0.39344262
59,69,128,0.25,-0.078125
52,63,115,0.22460938,-0.095652174
72,53,125,0.24414062,0.152
69,49,118,0.23046875,0.16949153
54,65,119,0.23242188,-0.092436975
45,83,128,0.25,-0.296875
50,57,107,0.20898438,-0.065420561
68,64,132,0.2578125,0.03030303
51,77,128,0.25,-0.203125
48,76,124,0.2421875,-0.22580645
59,61,120,0.234375,-0.016666667
45,79,124,0.2421875,-0.27419355
63,52,115,0.22460938,0.095652174
64,62,126,0.24609375,0.015873016
57,69,126,0.24609375,-0.095238095
64,54,118,0.23046875,0.084745763
58,63,121,0.23632812,-0.041322314
65,60,125,0.24414062,0.04
49,81,130,0.25390625,-0.24615385
72,43,115,0.22460938,0.25217391
65,48,113,0.22070312,0.15044248
59,58,117,0.22851562,0.0085470085
60,66,126,0.24609375,-0.047619048
65,58,123,0.24023438,0.056910569
73,45,118,0.23046875,0.23728814
60,45,105,0.20507812,0.14285714
60,70,130,0.25390625,-0.076923077
42,64,106,0.20703125,-0.20754717
39,73,112,0.21875,-0.30357143
80,54,134,0.26171875,0.19402985
64,60,124,0.2421875,0.032258065
72,59,131,0.25585938,0.099236641
74,47,121,0.23632812,0.2231405
51,52,103,0.20117188,-0.0097087379
63,56,119,0.23242188,0.058823529
69,44,113,0.22070312,0.22123894
72,55,127,0.24804688,0.13385827
50,77,127,0.24804688,-0.21259843
50,81,131,0.25585938,-0.23664122
51,69,120,0.234375,-0.15
59,66,125,0.24414062,-0.056
60,60,120,0.234375,0
71,41,112,0.21875,0.26785714
56,78,134,0.26171875,-0.1641791
57,53,110,0.21484375,0.036363636
63,65,128,0.25,-0.015625
45,65,110,0.21484375,-0.18181818
56,59,115,0.22460938,-0.026086957
50,57,107,0.20898438,-0.065420561
70,46,116,0.2265625,0.20689655
39,78,117,0.22851562,-0.33333333
69,47,116,0.2265625,0.18965517
72,57,129,0.25195312,0.11627907
49,63,112,0.21875,-0.125
68,58,126,0.24609375,0.079365079
63,53,116,0.2265625,0.086206897
59,65,124,0.2421875,-0.048387097
47,67,114,0.22265625,-0.1754386
53,59,112,0.21875,-0.053571429
71,54,125,0.24414062,0.136
64,61,125,0.24414062,0.024
52,75,127,0.24804688,-0.18110236
65,62,127,0.24804688,0.023622047
76,50,126,0.24609375,0.20634921
66,58,124,0.2421875,0.064516129
68,53,121,0.23632812,0.12396694
49,79,128,0.25,-0.234375
74,51,125,0.24414062,0.184
57,57,114,0.22265625,0
44,63,107,0.20898438,-0.17757009
64,59,123,0.24023438,0.040650407
61,69,130,0.25390625,-0.061538462
66,52,118,0.23046875,0.11864407
60,61,121,0.23632812,-0.0082644628
60,66,126,0.24609375,-0.047619048
75,57,132,0.2578125,0.13636364
53,61,114,0.22265625,-0.070175439
61,60,121,0.23632812,0.0082644628
58,69,127,0.24804688,-0.086614173
57,60,117,0.22851562,-0.025641026
51,57,108,0.2109375,-0.055555556
75,45,120,0.234375,0.25
47,78,125,0.24414062,-0.248
65,51,116,0.2265625,0.12068966
52,71,123,0.24023438,-0.15447154
69,54,123,0.24023438,0.12195122
68,53,121,0.23632812,0.12396694
51,62,113,0.22070312,-0.097345133
45,67,112,0.21875,-0.19642857
63,58,121,0.23632812,0.041322314
49,67,116,0.2265625,-0.15517241
55,67,122,0.23828125,-0.098360656
59,50,109,0.21289062,0.082568807
60,71,131,0.25585938,-0.083969466
57,59,116,0.2265625,-0.017241379
48,73,121,0.23632812,-0.20661157
63,60,123,0.24023438,0.024390244
60,51,111,0.21679688,0.081081081
51,66,117,0.22851562,-0.12820513
67,59,126,0.24609375,0.063492063
66,60,126,0.24609375,0.047619048
60,64,124,0.2421875,-0.032258065
63,57,120,0.234375,0.05
63,47,110,0.21484375,0.14545455
72,54,126,0.24609375,0.14285714
88,39,127,0.24804688,0.38582677
77,51,128,0.25,0.203125
54,65,119,0.23242188,-0.092436975
67,50,117,0.22851562,0.14529915
60,67,127,0.24804688,-0.05511811
48,77,125,0.24414062,-0.232
56,68,124,0.2421875,-0.096774194
69,52,121,0.23632812,0.14049587
49,62,111,0.21679688,-0.11711712
70,40,110,0.21484375,0.27272727
48,74,122,0.23828125,-0.21311475
62,56,118,0.23046875,0.050847458
55,51,106,0.20703125,0.037735849
53,54,107,0.20898438,-0.0093457944
67,63,130,0.25390625,0.030769231
64,57,121,0.23632812,0.05785124
62,65,127,0.24804688,-0.023622047
66,71,137,0.26757812,-0.03649635
60,67,127,0.24804688,-0.05511811
67,56,123,0.24023438,0.089430894
60,71,131,0.25585938,-0.083969466
56,71,127,0.24804688,-0.11811024
64,61,125,0.24414062,0.024
65,52,117,0.22851562,0.11111111
74,37,111,0.21679688,0.33333333
55,58,113,0.22070312,-0.026548673
58,63,121,0.23632812,-0.041322314
73,66,139,0.27148438,0.050359712
61,61,122,0.23828125,0
56,72,128,0.25,-0.125
53,59,112,0.21875,-0.053571429
49,73,122,0.23828125,-0.19672131
65,52,117,0.22851562,0.11111111
60,64,124,0.2421875,-0.032258065
44,76,120,0.234375,-0.26666667
62,61,123,0.24023438,0.0081300813
69,56,125,0.24414062,0.104
53,68,121,0.23632812,-0.12396694
68,63,131,0.25585938,0.038167939
58,60,118,0.23046875,-0.016949153
51,59,110,0.21484375,-0.072727273
56,73,129,0.25195312,-0.13178295
61,61,122,0.23828125,0
67,57,124,0.2421875,0.080645161
57,56,113,0.22070312,0.0088495575
55,70,125,0.24414062,-0.12
48,68,116,0.2265625,-0.17241379
63,49,112,0.21875,0.125
46,81,127,0.24804688,-0.27559055
59,64,123,0.24023438,-0.040650407
70,69,139,0.27148438,0.0071942446
73,47,120,0.234375,0.21666667
64,56,120,0.234375,0.066666667
67,52,119,0.23242188,0.12605042
60,63,123,0.24023438,-0.024390244
60,59,119,0.23242188,0.0084033613
63,72,135,0.26367188,-0.066666667
62,45,107,0.20898438,0.1588785
69,56,125,0.24414062,0.104
43,85,128,0.25,-0.328125
68,57,125,0.24414062,0.088
43,85,128,0.25,-0.328125
69,54,123,0.24023438,0.12195122
65,60,125,0.24414062,0.04
75,61,136,0.265625,0.10294118
58,66,124,0.2421875,-0.064516129
68,59,127,0.24804688,0.070866142
77,49,126,0.24609375,0.22222222
69,55,124,0.2421875,0.11290323
62,63,125,0.24414062,-0.008
67,59,126,0.24609375,0.063492063
68,54,122,0.23828125,0.1147541
60,60,120,0.234375,0
64,68,132,0.2578125,-0.03030303
64,61,125,0.24414062,0.024
63,59,122,0.23828125,0.032786885
65,55,120,0.234375,0.083333333
89,32,121,0.23632812,0.47107438
54,60,114,0.22265625,-0.052631579
68,54,122,0.23828125,0.1147541
70,51,121,0.23632812,0.15702479
53,62,115,0.22460938,-0.07826087
61,69,130,0.25390625,-0.061538462
69,49,118,0.23046875,0.16949153
55,58,113,0.22070312,-0.026548673
65,60,125,0.24414062,0.04
56,77,133,0.25976562,-0.15789474
63,52,115,0.22460938,0.095652174
64,59,123,0.24023438,0.040650407
67,48,115,0.22460938,0.16521739
77,48,125,0.24414062,0.232
80,47,127,0.24804688,0.25984252
75,44,119,0.23242188,0.2605042
53,58,111,0.21679688,-0.045045045
53,55,108,0.2109375,-0.018518519
54,76,130,0.25390625,-0.16923077
97,50,147,0.28710938,0.31972789
43,77,120,0.234375,-0.28333333
54,69,123,0.24023438,-0.12195122
84,47,131,0.25585938,0.28244275
74,54,128,0.25,0.15625
48,60,108,0.2109375,-0.11111111
59,65,124,0.2421875,-0.048387097
66,50,116,0.2265625,0.13793103
57,60,117,0.22851562,-0.025641026
53,53,106,0.20703125,0
68,51,119,0.23242188,0.14285714
55,71,126,0.24609375,-0.12698413
62,51,113,0.22070312,0.097345133
54,67,121,0.23632812,-0.10743802
70,55,125,0.24414062,0.12
45,79,124,0.2421875,-0.27419355
64,55,119,0.23242188,0.075630252
58,52,110,0.21484375,0.054545455
73,48,121,0.23632812,0.20661157
57,56,113,0.22070312,0.0088495575
49,70,119,0.23242188,-0.17647059
71,53,124,0.2421875,0.14516129
49,78,127,0.24804688,-0.22834646
68,50,118,0.23046875,0.15254237
65,57,122,0.23828125,0.06557377
71,50,121,0.23632812,0.17355372
78,52,130,0.25390625,0.2
66,48,114,0.22265625,0.15789474
79,45,124,0.2421875,0.27419355
59,63,122,0.23828125,-0.032786885
64,51,115,0.22460938,0.11304348
50,60,110,0.21484375,-0.090909091
53,73,126,0.24609375,-0.15873016
63,58,121,0.23632812,0.041322314
75,32,107,0.20898438,0.40186916
78,51,129,0.25195312,0.20930233
58,59,117,0.22851562,-0.0085470085
72,41,113,0.22070312,0.27433628
61,65,126,0.24609375,-0.031746032
55,57,112,0.21875,-0.017857143
57,56,113,0.22070312,0.0088495575
65,60,125,0.24414062,0.04
65,63,128,0.25,0.015625
56,60,116,0.2265625,-0.034482759
64,54,118,0.23046875,0.084745763
46,83,129,0.25195312,-0.28682171
59,74,133,0.25976562,-0.11278195
46,53,99,0.19335938,-0.070707071
59,50,109,0.21289062,0.082568807
77,41,118,0.23046875,0.30508475
73,50,123,0.24023438,0.18699187
65,56,121,0.23632812,0.074380165
83,45,128,0.25,0.296875
55,69,124,0.2421875,-0.11290323
59,62,121,0.23632812,-0.024793388
56,61,117,0.22851562,-0.042735043
47,84,131,0.25585938,-0.28244275
68,59,127,0.24804688,0.070866142
56,69,125,0.24414062,-0.104
70,47,117,0.22851562,0.1965812
60,60,120,0.234375,0
61,63,124,0.2421875,-0.016129032
53,76,129,0.25195312,-0.17829457
68,67,135,0.26367188,0.0074074074
42,80,122,0.23828125,-0.31147541
51,74,125,0.24414062,-0.184
57,62,119,0.23242188,-0.042016807
57,63,120,0.234375,-0.05
69,62,131,0.25585938,0.053435115
67,57,124,0.2421875,0.080645161
71,54,125,0.24414062,0.136
63,50,113,0.22070312,0.11504425
63,53,116,0.2265625,0.086206897
59,57,116,0.2265625,0.017241379
50,60,110,0.21484375,-0.090909091
49,71,120,0.234375,-0.18333333
55,62,117,0.22851562,-0.05982906
47,66,113,0.22070312,-0.16814159
69,57,126,0.24609375,0.095238095
85,49,134,0.26171875,0.26865672
71,56,127,0.24804688,0.11811024
64,55,119,0.23242188,0.075630252
83,49,132,0.2578125,0.25757576
62,59,121,0.23632812,0.024793388
79,40,119,0.23242188,0.32773109
88,37,125,0.24414062,0.408
64,50,114,0.22265625,0.12280702
68,56,124,0.2421875,0.096774194
57,50,107,0.20898438,0.065420561
45,75,120,0.234375,-0.25
67,52,119,0.23242188,0.12605042
60,65,125,0.24414062,-0.04
39,78,117,0.22851562,-0.33333333
69,58,127,0.24804688,0.086614173
71,40,111,0.21679688,0.27927928
57,62,119,0.23242188,-0.042016807
70,53,123,0.24023438,0.13821138
62,54,116,0.2265625,0.068965517
73,47,120,0.234375,0.21666667
76,51,127,0.24804688,0.19685039
56,69,125,0.24414062,-0.104
55,58,113,0.22070312,-0.026548673
65,65,130,0.25390625,0
62,56,118,0.23046875,0.050847458
40,85,125,0.24414062,-0.36
55,75,130,0.25390625,-0.15384615
69,47,116,0.2265625,0.18965517
60,69,129,0.25195312,-0.069767442
41,70,111,0.21679688,-0.26126126
54,76,130,0.25390625,-0.16923077
65,53,118,0.23046875,0.10169492
70,50,120,0.234375,0.16666667
75,56,131,0.25585938,0.14503817
66,57,123,0.24023438,0.073170732
64,65,129,0.25195312,-0.007751938
66,54,120,0.234375,0.1
69,58,127,0.24804688,0.086614173
53,69,122,0.23828125,-0.13114754
73,59,132,0.2578125,0.10606061
64,59,123,0.24023438,0.040650407
58,50,108,0.2109375,0.074074074
84,40,124,0.2421875,0.35483871
60,58,118,0.23046875,0.016949153
81,47,128,0.25,0.265625
55,54,109,0.21289062,0.0091743119
67,58,125,0.24414062,0.072
62,66,128,0.25,-0.03125
60,53,113,0.22070312,0.061946903
74,46,120,0.234375,0.23333333
62,56,118,0.23046875,0.050847458
49,72,121,0.23632812,-0.19008264
68,48,116,0.2265625,0.17241379
68,56,124,0.2421875,0.096774194
65,53,118,0.23046875,0.10169492
73,65,138,0.26953125,0.057971014
70,54,124,0.2421875,0.12903226
83,48,131,0.25585938,0.26717557
67,50,117,0.22851562,0.14529915
53,74,127,0.24804688,-0.16535433
63,55,118,0.23046875,0.06779661
57,62,119,0.23242188,-0.042016807
57,69,126,0.24609375,-0.095238095
54,61,115,0.22460938,-0.060869565
44,87,131,0.25585938,-0.32824427
60,54,114,0.22265625,0.052631579
84,56,140,0.2734375,0.2
52,67,119,0.23242188,-0.12605042
57,43,100,0.1953125,0.14
63,56,119,0.23242188,0.058823529
63,66,129,0.25195312,-0.023255814
60,71,131,0.25585938,-0.083969466
60,40,100,0.1953125,0.2
36,88,124,0.2421875,-0.41935484
51,80,131,0.25585938,-0.22137405
62,60,122,0.23828125,0.016393443
59,58,117,0.22851562,0.0085470085
71,53,124,0.2421875,0.14516129
53,63,116,0.2265625,-0.086206897
78,47,125,0.24414062,0.248
68,51,119,0.23242188,0.14285714
56,53,109,0.21289062,0.027522936
82,46,128,0.25,0.28125
87,54,141,0.27539062,0.23404255
65,57,122,0.23828125,0.06557377
51,92,143,0.27929688,-0.28671329
76,60,136,0.265625,0.11764706
53,56,109,0.21289062,-0.027522936
63,57,120,0.234375,0.05
62,48,110,0.21484375,0.12727273
60,71,131,0.25585938,-0.083969466
46,71,117,0.22851562,-0.21367521
59,63,122,0.23828125,-0.032786885
44,60,104,0.203125,-0.15384615
62,63,125,0.24414062,-0.008
53,82,135,0.26367188,-0.21481481
53,63,116,0.2265625,-0.086206897
59,54,113,0.22070312,0.044247788
67,54,121,0.23632812,0.10743802
65,66,131,0.25585938,-0.0076335878
64,63,127,0.24804688,0.0078740157
68,54,122,0.23828125,0.1147541
61,67,128,0.25,-0.046875
60,73,133,0.25976562,-0.097744361
49,74,123,0.24023438,-0.20325203
78,50,128,0.25,0.21875
60,59,119,0.23242188,0.0084033613
61,55,116,0.2265625,0.051724138
51,71,122,0.23828125,-0.16393443
72,62,134,0.26171875,0.074626866
74,57,131,0.25585938,0.12977099
54,77,131,0.25585938,-0.17557252
81,43,124,0.2421875,0.30645161
62,67,129,0.25195312,-0.03875969
66,60,126,0.24609375,0.047619048
53,65,118,0.23046875,-0.10169492
63,56,119,0.23242188,0.058823529
78,41,119,0.23242188,0.31092437
59,59,118,0.23046875,0
58,59,117,0.22851562,-0.0085470085
76,43,119,0.23242188,0.27731092
48,74,122,0.23828125,-0.21311475
57,53,110,0.21484375,0.036363636
54,65,119,0.23242188,-0.092436975
62,57,119,0.23242188,0.042016807
69,49,118,0.23046875,0.16949153
62,61,123,0.24023438,0.0081300813
49,66,115,0.22460938,-0.14782609
58,59,117,0.22851562,-0.0085470085
63,66,129,0.25195312,-0.023255814
64,54,118,0.23046875,0.084745763
65,76,141,0.27539062,-0.078014184
68,58,126,0.24609375,0.079365079
51,80,131,0.25585938,-0.22137405
50,67,117,0.22851562,-0.14529915
50,67,117,0.22851562,-0.14529915
62,59,121,0.23632812,0.024793388
50,64,114,0.22265625,-0.12280702
49,69,118,0.23046875,-0.16949153
51,65,116,0.2265625,-0.12068966
77,57,134,0.26171875,0.14925373
51,64,115,0.22460938,-0.11304348
66,50,116,0.2265625,0.13793103
66,65,131,0.25585938,0.0076335878
75,55,130,0.25390625,0.15384615
69,50,119,0.23242188,0.15966387
66,58,124,0.2421875,0.064516129
46,75,121,0.23632812,-0.23966942
59,41,100,0.1953125,0.18
57,58,115,0.22460938,-0.0086956522
50,71,121,0.23632812,-0.17355372
66,63,129,0.25195312,0.023255814
56,64,120,0.234375,-0.066666667
45,62,107,0.20898438,-0.1588785
71,50,121,0.23632812,0.17355372
47,79,126,0.24609375,-0.25396825
62,51,113,0.22070312,0.097345133
53,64,117,0.22851562,-0.094017094
56,56,112,0.21875,0
73,45,118,0.23046875,0.23728814
76,52,128,0.25,0.1875
70,49,119,0.23242188,0.17647059
50,70,120,0.234375,-0.16666667
55,58,113,0.22070312,-0.026548673
61,67,128,0.25,-0.046875
51,68,119,0.23242188,-0.14285714
58,69,127,0.24804688,-0.086614173
67,54,121,0.23632812,0.10743802
65,56,121,0.23632812,0.074380165
50,71,121,0.23632812,-0.17355372
76,43,119,0.23242188,0.27731092
61,72,133,0.25976562,-0.082706767
56,68,124,0.2421875,-0.096774194
53,70,123,0.24023438,-0.13821138
60,61,121,0.23632812,-0.0082644628
64,64,128,0.25,0
64,55,119,0.23242188,0.075630252
67,52,119,0.23242188,0.12605042
79,41,120,0.234375,0.31666667
59,61,120,0.234375,-0.016666667
62,54,116,0.2265625,0.068965517
68,66,134,0.26171875,0.014925373
67,68,135,0.26367188,-0.0074074074
51,86,137,0.26757812,-0.25547445
50,82,132,0.2578125,-0.24242424
45,71,116,0.2265625,-0.22413793
71,48,119,0.23242188,0.19327731
33,89,122,0.23828125,-0.45901639
56,76,132,0.2578125,-0.15151515
49,85,134,0.26171875,-0.26865672
73,47,120,0.234375,0.21666667
47,66,113,0.22070312,-0.16814159
62,59,121,0.23632812,0.024793388
56,59,115,0.22460938,-0.026086957
57,63,120,0.234375,-0.05
56,59,115,0.22460938,-0.026086957
61,65,126,0.24609375,-0.031746032
69,58,127,0.24804688,0.086614173
58,71,129,0.25195312,-0.10077519
64,63,127,0.24804688,0.0078740157
70,46,116,0.2265625,0.20689655
55,64,119,0.23242188,-0.075630252
59,48,107,0.20898438,0.10280374
67,46,113,0.22070312,0.18584071
60,67,127,0.24804688,-0.05511811
44,79,123,0.24023438,-0.28455285
54,60,114,0.22265625,-0.052631579
44,81,125,0.24414062,-0.296
71,50,121,0.23632812,0.17355372
54,65,119,0.23242188,-0.092436975
46,63,109,0.21289062,-0.1559633
53,69,122,0.23828125,-0.13114754
60,57,117,0.22851562,0.025641026
42,70,112,0.21875,-0.25
81,53,134,0.26171875,0.20895522
66,51,117,0.22851562,0.12820513
63,55,118,0.23046875,0.06779661
65,65,130,0.25390625,0
50,81,131,0.25585938,-0.23664122
66,55,121,0.23632812,0.090909091
55,57,112,0.21875,-0.017857143
57,74,131,0.25585938,-0.12977099
59,59,118,0.23046875,0
64,68,132,0.2578125,-0.03030303
57,48,105,0.20507812,0.085714286
57,56,113,0.22070312,0.0088495575
70,60,130,0.25390625,0.076923077
48,73,121,0.23632812,-0.20661157
68,47,115,0.22460938,0.1826087
70,51,121,0.23632812,0.15702479
77,42,119,0.23242188,0.29411765
65,61,126,0.24609375,0.031746032
45,67,112,0.21875,-0.19642857
60,72,132,0.2578125,-0.090909091
58,54,112,0.21875,0.035714286
54,71,125,0.24414062,-0.136
62,57,119,0.23242188,0.042016807
78,57,135,0.26367188,0.15555556
70,55,125,0.24414062,0.12
48,87,135,0.26367188,-0.28888889
64,64,128,0.25,0
53,71,124,0.2421875,-0.14516129
66,50,116,0.2265625,0.13793103
72,58,130,0.25390625,0.10769231
64,50,114,0.22265625,0.12280702
42,77,119,0.23242188,-0.29411765
69,56,125,0.24414062,0.104
67,50,117,0.22851562,0.14529915
61,56,117,0.22851562,0.042735043
61,59,120,0.234375,0.016666667
63,48,111,0.21679688,0.13513514
44,72,116,0.2265625,-0.24137931
44,83,127,0.24804688,-0.30708661
71,64,135,0.26367188,0.051851852
69,63,132,0.2578125,0.045454545
64,52,116,0.2265625,0.10344828
51,72,123,0.24023438,-0.17073171
62,67,129,0.25195312,-0.03875969
54,70,124,0.2421875,-0.12903226
68,56,124,0.2421875,0.096774194
67,56,123,0.24023438,0.089430894
60,75,135,0.26367188,-0.11111111
41,66,107,0.20898438,-0.23364486
59,59,118,0.23046875,0
58,67,125,0.24414062,-0.072
58,65,123,0.24023438,-0.056910569
54,73,127,0.24804688,-0.1496063
59,67,126,0.24609375,-0.063492063
61,64,125,0.24414062,-0.024
82,52,134,0.26171875,0.2238806
60,60,120,0.234375,0
66,59,125,0.24414062,0.056
57,76,133,0.25976562,-0.14285714
43,71,114,0.22265625,-0.24561404
48,73,121,0.23632812,-0.20661157
67,58,125,0.24414062,0.072
30,85,115,0.22460938,-0.47826087
59,56,115,0.22460938,0.026086957
57,64,121,0.23632812,-0.05785124
72,48,120,0.234375,0.2
66,51,117,0.22851562,0.12820513
73,45,118,0.23046875,0.23728814
59,65,124,0.2421875,-0.048387097
45,62,107,0.20898438,-0.1588785
57,48,105,0.20507812,0.085714286
55,65,120,0.234375,-0.083333333
50,67,117,0.22851562,-0.14529915
59,50,109,0.21289062,0.082568807
77,57,134,0.26171875,0.14925373
60,59,119,0.23242188,0.0084033613
66,65,131,0.25585938,0.0076335878
80,43,123,0.24023438,0.30081301
52,80,132,0.2578125,-0.21212121
62,56,118,0.23046875,0.050847458
68,66,134,0.26171875,0.014925373
58,59,117,0.22851562,-0.0085470085
59,61,120,0.234375,-0.016666667
47,83,130,0.25390625,-0.27692308
52,68,120,0.234375,-0.13333333
56,56,112,0.21875,0
58,68,126,0.24609375,-0.079365079
59,57,116,0.2265625,0.017241379
61,62,123,0.24023438,-0.0081300813
63,55,118,0.23046875,0.06779661
47,77,124,0.2421875,-0.24193548
69,64,133,0.25976562,0.037593985
49,64,113,0.22070312,-0.13274336
85,42,127,0.24804688,0.33858268
67,54,121,0.23632812,0.10743802
64,46,110,0.21484375,0.16363636
51,55,106,0.20703125,-0.037735849
57,54,111,0.21679688,0.027027027
44,81,125,0.24414062,-0.296
58,55,113,0.22070312,0.026548673
46,62,108,0.2109375,-0.14814815
68,51,119,0.23242188,0.14285714
71,41,112,0.21875,0.26785714
68,57,125,0.24414062,0.088
42,75,117,0.22851562,-0.28205128
51,80,131,0.25585938,-0.22137405
42,75,117,0.22851562,-0.28205128
65,56,121,0.23632812,0.074380165
62,53,115,0.22460938,0.07826087
58,57,115,0.22460938,0.0086956522
65,54,119,0.23242188,0.092436975
59,76,135,0.26367188,-0.12592593
67,61,128,0.25,0.046875
66,54,120,0.234375,0.1
63,52,115,0.22460938,0.095652174
63,57,120,0.234375,0.05
71,59,130,0.25390625,0.092307692
63,65,128,0.25,-0.015625
51,70,121,0.23632812,-0.15702479
68,64,132,0.2578125,0.03030303
78,49,127,0.24804688,0.22834646
69,50,119,0.23242188,0.15966387
33,83,116,0.2265625,-0.43103448
48,69,117,0.22851562,-0.17948718
44,73,117,0.22851562,-0.24786325
63,61,124,0.2421875,0.016129032
67,57,124,0.2421875,0.080645161
57,62,119,0.23242188,-0.042016807
71,50,121,0.23632812,0.17355372
40,76,116,0.2265625,-0.31034483
71,44,115,0.22460938,0.23478261
54,67,121,0.23632812,-0.10743802
57,78,135,0.26367188,-0.15555556
73,52,125,0.24414062,0.168
53,64,117,0.22851562,-0.094017094
72,45,117,0.22851562,0.23076923
52,56,108,0.2109375,-0.037037037
47,67,114,0.22265625,-0.1754386
54,60,114,0.22265625,-0.052631579
60,67,127,0.24804688,-0.05511811
56,59,115,0.22460938,-0.026086957
64,61,125,0.24414062,0.024
62,51,113,0.22070312,0.097345133
52,50,102,0.19921875,0.019607843
58,84,142,0.27734375,-0.18309859
65,64,129,0.25195312,0.007751938
58,61,119,0.23242188,-0.025210084
68,50,118,0.23046875,0.15254237
68,52,120,0.234375,0.13333333
59,64,123,0.24023438,-0.040650407
45,73,118,0.23046875,-0.23728814
69,60,129,0.25195312,0.069767442
50,55,105,0.20507812,-0.047619048
66,64,130,0.25390625,0.015384615
59,58,117,0.22851562,0.0085470085
53,52,105,0.20507812,0.0095238095
54,67,121,0.23632812,-0.10743802
71,58,129,0.25195312,0.10077519
58,65,123,0.24023438,-0.056910569
51,53,104,0.203125,-0.019230769
58,70,128,0.25,-0.09375
70,58,128,0.25,0.09375
86,49,135,0.26367188,0.27407407
68,56,124,0.2421875,0.096774194
56,56,112,0.21875,0
52,63,115,0.22460938,-0.095652174
64,60,124,0.2421875,0.032258065
52,71,123,0.24023438,-0.15447154
56,65,121,0.23632812,-0.074380165
59,46,105,0.20507812,0.12380952
77,49,126,0.24609375,0.22222222
74,64,138,0.26953125,0.072463768
48,74,122,0.23828125,-0.21311475
73,41,114,0.22265625,0.28070175
57,57,114,0.22265625,0
53,59,112,0.21875,-0.053571429
54,62,116,0.2265625,-0.068965517
38,75,113,0.22070312,-0.32743363
50,55,105,0.20507812,-0.047619048
43,80,123,0.24023438,-0.30081301
67,59,126,0.24609375,0.063492063
50,59,109,0.21289062,-0.082568807
54,61,115,0.22460938,-0.060869565
73,46,119,0.23242188,0.22689076
60,58,118,0.23046875,0.016949153
70,51,121,0.23632812,0.15702479
55,72,127,0.24804688,-0.13385827
63,59,122,0.23828125,0.032786885
55,57,112,0.21875,-0.017857143
56,71,127,0.24804688,-0.11811024
48,73,121,0.23632812,-0.20661157
65,55,120,0.234375,0.083333333
63,58,121,0.23632812,0.041322314
52,55,107,0.20898438,-0.028037383
62,73,135,0.26367188,-0.081481481
50,57,107,0.20898438,-0.065420561
53,52,105,0.20507812,0.0095238095
53,75,128,0.25,-0.171875
61,56,117,0.22851562,0.042735043
55,75,130,0.25390625,-0.15384615
54,72,126,0.24609375,-0.14285714
57,54,111,0.21679688,0.027027027
47,65,112,0.21875,-0.16071429
77,47,124,0.2421875,0.24193548
42,76,118,0.23046875,-0.28813559
60,70,130,0.25390625,-0.076923077
62,60,122,0.23828125,0.016393443
74,63,137,0.26757812,0.080291971
60,55,115,0.22460938,0.043478261
63,52,115,0.22460938,0.095652174
57,58,115,0.22460938,-0.0086956522
66,62,128,0.25,0.03125
49,61,110,0.21484375,-0.10909091
67,52,119,0.23242188,0.12605042
61,72,133,0.25976562,-0.082706767
55,54,109,0.21289062,0.0091743119
83,43,126,0.24609375,0.31746032
52,76,128,0.25,-0.1875
63,58,121,0.23632812,0.041322314
45,69,114,0.22265625,-0.21052632
66,51,117,0.22851562,0.12820513
62,47,109,0.21289062,0.13761468
60,50,110,0.21484375,0.090909091
52,64,116,0.2265625,-0.10344828
48,63,111,0.21679688,-0.13513514
62,61,123,0.24023438,0.0081300813
57,73,130,0.25390625,-0.12307692
90,40,130,0.25390625,0.38461538
65,66,131,0.25585938,-0.0076335878
60,52,112,0.21875,0.071428571
56,65,121,0.23632812,-0.074380165
60,65,125,0.24414062,-0.04
57,57,114,0.22265625,0
61,58,119,0.23242188,0.025210084
66,58,124,0.2421875,0.064516129
88,41,129,0.25195312,0.36434109
76,42,118,0.23046875,0.28813559
53,66,119,0.23242188,-0.1092437
67,57,124,0.2421875,0.080645161
58,59,117,0.22851562,-0.0085470085
78,52,130,0.25390625,0.2
58,69,127,0.24804688,-0.086614173
42,70,112,0.21875,-0.25
73,58,131,0.25585938,0.11450382
41,70,111,0.21679688,-0.26126126
72,58,130,0.25390625,0.10769231
71,71,142,0.27734375,0
57,69,126,0.24609375,-0.095238095
62,69,131,0.25585938,-0.053435115
60,56,116,0.2265625,0.034482759
60,56,116,0.2265625,0.034482759
51,79,130,0.25390625,-0.21538462
61,64,125,0.24414062,-0.024
57,64,121,0.23632812,-0.05785124
57,58,115,0.22460938,-0.0086956522
60,52,112,0.21875,0.071428571
61,62,123,0.24023438,-0.0081300813
67,50,117,0.22851562,0.14529915
59,74,133,0.25976562,-0.11278195
58,68,126,0.24609375,-0.079365079
58,64,122,0.23828125,-0.049180328
63,59,122,0.23828125,0.032786885
61,61,122,0.23828125,0
65,46,111,0.21679688,0.17117117
56,54,110,0.21484375,0.018181818
79,45,124,0.2421875,0.27419355
58,41,99,0.19335938,0.17171717
58,56,114,0.22265625,0.01754386
43,78,121,0.23632812,-0.2892562
57,67,124,0.2421875,-0.080645161
47,70,117,0.22851562,-0.1965812
59,67,126,0.24609375,-0.063492063
69,62,131,0.25585938,0.053435115
59,63,122,0.23828125,-0.032786885
83,46,129,0.25195312,0.28682171
66,65,131,0.25585938,0.0076335878
61,58,119,0.23242188,0.025210084
97,39,136,0.265625,0.42647059
57,67,124,0.2421875,-0.080645161
77,48,125,0.24414062,0.232
63,51,114,0.22265625,0.10526316
56,63,119,0.23242188,-0.058823529
60,59,119,0.23242188,0.0084033613
58,57,115,0.22460938,0.0086956522
64,68,132,0.2578125,-0.03030303
55,56,111,0.21679688,-0.009009009
59,60,119,0.23242188,-0.0084033613
47,67,114,0.22265625,-0.1754386
61,50,111,0.21679688,0.099099099
84,51,135,0.26367188,0.24444444
52,66,118,0.23046875,-0.11864407
59,63,122,0.23828125,-0.032786885
49,75,124,0.2421875,-0.20967742
55,65,120,0.234375,-0.083333333
56,65,121,0.23632812,-0.074380165
64,59,123,0.24023438,0.040650407
54,72,126,0.24609375,-0.14285714
42,78,120,0.234375,-0.3
59,58,117,0.22851562,0.0085470085
54,66,120,0.234375,-0.1
44,70,114,0.22265625,-0.22807018
68,58,126,0.24609375,0.079365079
62,48,110,0.21484375,0.12727273
70,59,129,0.25195312,0.085271318
75,53,128,0.25,0.171875
66,59,125,0.24414062,0.056
67,54,121,0.23632812,0.10743802
56,78,134,0.26171875,-0.1641791
54,70,124,0.2421875,-0.12903226
52,75,127,0.24804688,-0.18110236
60,58,118,0.23046875,0.016949153
67,46,113,0.22070312,0.18584071
65,70,135,0.26367188,-0.037037037
45,71,116,0.2265625,-0.22413793
78,50,128,0.25,0.21875
75,44,119,0.23242188,0.2605042
51,60,111,0.21679688,-0.081081081
59,56,115,0.22460938,0.026086957
50,72,122,0.23828125,-0.18032787
60,67,127,0.24804688,-0.05511811
84,50,134,0.26171875,0.25373134
53,65,118,0.23046875,-0.10169492
60,71,131,0.25585938,-0.083969466
59,66,125,0.24414062,-0.056
76,44,120,0.234375,0.26666667
66,57,123,0.24023438,0.073170732
56,80,136,0.265625,-0.17647059
68,60,128,0.25,0.0625
60,51,111,0.21679688,0.081081081
63,55,118,0.23046875,0.06779661
56,63,119,0.23242188,-0.058823529
62,61,123,0.24023438,0.0081300813
56,72,128,0.25,-0.125
65,56,121,0.23632812,0.074380165
65,56,121,0.23632812,0.074380165
69,54,123,0.24023438,0.12195122
68,52,120,0.234375,0.13333333
60,56,116,0.2265625,0.034482759
60,72,132,0.2578125,-0.090909091
61,66,127,0.24804688,-0.039370079
54,51,105,0.20507812,0.028571429
55,65,120,0.234375,-0.083333333
65,64,129,0.25195312,0.007751938
59,58,117,0.22851562,0.0085470085
81,56,137,0.26757812,0.18248175
69,60,129,0.25195312,0.069767442
74,42,116,0.2265625,0.27586207
53,66,119,0.23242188,-0.1092437
53,58,111,0.21679688,-0.045045045
66,57,123,0.24023438,0.073170732
56,60,116,0.2265625,-0.034482759
68,64,132,0.2578125,0.03030303
79,45,124,0.2421875,0.27419355
73,61,134,0.26171875,0.089552239
77,44,121,0.23632812,0.27272727
48,77,125,0.24414062,-0.232
61,49,110,0.21484375,0.10909091
59,74,133,0.25976562,-0.11278195
73,47,120,0.234375,0.21666667
64,52,116,0.2265625,0.10344828
72,51,123,0.24023438,0.17073171
54,57,111,0.21679688,-0.027027027
69,52,121,0.23632812,0.14049587
63,66,129,0.25195312,-0.023255814
70,45,115,0.22460938,0.2173913
45,75,120,0.234375,-0.25
71,58,129,0.25195312,0.10077519
66,54,120,0.234375,0.1
61,53,114,0.22265625,0.070175439
76,36,112,0.21875,0.35714286
74,54,128,0.25,0.15625
65,55,120,0.234375,0.083333333
67,58,125,0.24414062,0.072
57,64,121,0.23632812,-0.05785124
71,58,129,0.25195312,0.10077519
69,48,117,0.22851562,0.17948718
64,62,126,0.24609375,0.015873016
60,64,124,0.2421875,-0.032258065
53,60,113,0.22070312,-0.061946903
68,60,128,0.25,0.0625
62,60,122,0.23828125,0.016393443
61,51,112,0.21875,0.089285714
69,54,123,0.24023438,0.12195122
68,51,119,0.23242188,0.14285714
61,50,111,0.21679688,0.099099099
56,66,122,0.23828125,-0.081967213
65,55,120,0.234375,0.083333333
59,70,129,0.25195312,-0.085271318
59,61,120,0.234375,-0.016666667
59,72,131,0.25585938,-0.099236641
57,67,124,0.2421875,-0.080645161
88,45,133,0.25976562,0.32330827
59,57,116,0.2265625,0.017241379
59,67,126,0.24609375,-0.063492063
53,71,124,0.2421875,-0.14516129
52,64,116,0.2265625,-0.10344828
48,73,121,0.23632812,-0.20661157
63,56,119,0.23242188,0.058823529
66,55,121,0.23632812,0.090909091
68,55,123,0.24023438,0.10569106
60,62,122,0.23828125,-0.016393443
55,53,108,0.2109375,0.018518519
73,49,122,0.23828125,0.19672131
68,45,113,0.22070312,0.20353982
63,63,126,0.24609375,0
40,84,124,0.2421875,-0.35483871
62,54,116,0.2265625,0.068965517
47,76,123,0.24023438,-0.23577236
66,62,128,0.25,0.03125
75,37,112,0.21875,0.33928571
71,49,120,0.234375,0.18333333
55,76,131,0.25585938,-0.16030534
67,51,118,0.23046875,0.13559322
53,61,114,0.22265625,-0.070175439
63,46,109,0.21289062,0.1559633
66,48,114,0.22265625,0.15789474
50,67,117,0.22851562,-0.14529915
54,70,124,0.2421875,-0.12903226
65,62,127,0.24804688,0.023622047
58,63,121,0.23632812,-0.041322314
81,49,130,0.25390625,0.24615385
62,45,107,0.20898438,0.1588785
57,61,118,0.23046875,-0.033898305
72,38,110,0.21484375,0.30909091
52,73,125,0.24414062,-0.168
45,69,114,0.22265625,-0.21052632
71,61,132,0.2578125,0.075757576
55,73,128,0.25,-0.140625
67,42,109,0.21289062,0.2293578
61,54,115,0.22460938,0.060869565
72,43,115,0.22460938,0.25217391
62,56,118,0.23046875,0.050847458
55,66,121,0.23632812,-0.090909091
53,66,119,0.23242188,-0.1092437
52,62,114,0.22265625,-0.087719298
59,68,127,0.24804688,-0.070866142
66,49,115,0.22460938,0.14782609
49,90,139,0.27148438,-0.29496403
74,56,130,0.25390625,0.13846154
66,56,122,0.23828125,0.081967213
58,63,121,0.23632812,-0.041322314
73,54,127,0.24804688,0.1496063
71,57,128,0.25,0.109375
76,57,133,0.25976562,0.14285714
65,64,129,0.25195312,0.007751938
62,63,125,0.24414062,-0.008
54,54,108,0.2109375,0
46,73,119,0.23242188,-0.22689076
56,55,111,0.21679688,0.009009009
60,56,116,0.2265625,0.034482759
35,73,108,0.2109375,-0.35185185
56,76,132,0.2578125,-0.15151515
69,47,116,0.2265625,0.18965517
60,57,117,0.22851562,0.025641026
59,56,115,0.22460938,0.026086957
60,57,117,0.22851562,0.025641026
55,73,128,0.25,-0.140625
64,48,112,0.21875,0.14285714
66,50,116,0.2265625,0.13793103
60,50,110,0.21484375,0.090909091
73,54,127,0.24804688,0.1496063
51,65,116,0.2265625,-0.12068966
60,63,123,0.24023438,-0.024390244
70,53,123,0.24023438,0.13821138
69,58,127,0.24804688,0.086614173
64,59,123,0.24023438,0.040650407
53,65,118,0.23046875,-0.10169492
49,79,128,0.25,-0.234375
68,56,124,0.2421875,0.096774194
57,62,119,0.23242188,-0.042016807
74,54,128,0.25,0.15625
55,63,118,0.23046875,-0.06779661
47,62,109,0.21289062,-0.13761468
71,69,140,0.2734375,0.014285714
58,73,131,0.25585938,-0.11450382
58,73,131,0.25585938,-0.11450382
45,62,107,0.20898438,-0.1588785
69,59,128,0.25,0.078125
69,49,118,0.23046875,0.16949153
50,66,116,0.2265625,-0.13793103
76,50,126,0.24609375,0.20634921
61,58,119,0.23242188,0.025210084
65,54,119,0.23242188,0.092436975
58,62,120,0.234375,-0.033333333
71,66,137,0.26757812,0.03649635
66,43,109,0.21289062,0.21100917
50,72,122,0.23828125,-0.18032787
54,54,108,0.2109375,0
41,72,113,0.22070312,-0.27433628
53,63,116,0.2265625,-0.086206897
64,60,124,0.2421875,0.032258065
51,62,113,0.22070312,-0.097345133
45,78,123,0.24023438,-0.26829268
57,53,110,0.21484375,0.036363636
68,57,125,0.24414062,0.088
71,53,124,0.2421875,0.14516129
56,66,122,0.23828125,-0.081967213
80,51,131,0.25585938,0.22137405
51,61,112,0.21875,-0.089285714
79,50,129,0.25195312,0.2248062
72,51,123,0.24023438,0.17073171
69,47,116,0.2265625,0.18965517
66,59,125,0.24414062,0.056
47,69,116,0.2265625,-0.18965517
93,33,126,0.24609375,0.47619048
73,52,125,0.24414062,0.168
72,59,131,0.25585938,0.099236641
64,50,114,0.22265625,0.12280702
39,80,119,0.23242188,-0.34453782
52,80,132,0.2578125,-0.21212121
68,50,118,0.23046875,0.15254237
53,66,119,0.23242188,-0.1092437
50,71,121,0.23632812,-0.17355372
64,56,120,0.234375,0.066666667
57,73,130,0.25390625,-0.12307692
57,64,121,0.23632812,-0.05785124
53,74,127,0.24804688,-0.16535433
60,65,125,0.24414062,-0.04
68,49,117,0.22851562,0.16239316
61,54,115,0.22460938,0.060869565
63,83,146,0.28515625,-0.1369863
75,56,131,0.25585938,0.14503817
71,35,106,0.20703125,0.33962264
51,68,119,0.23242188,-0.14285714
81,43,124,0.2421875,0.30645161
62,66,128,0.25,-0.03125
57,69,126,0.24609375,-0.095238095
49,60,109,0.21289062,-0.10091743
55,77,132,0.2578125,-0.16666667
50,69,119,0.23242188,-0.15966387
67,67,134,0.26171875,0
53,68,121,0.23632812,-0.12396694
58,58,116,0.2265625,0
74,48,122,0.23828125,0.21311475
69,55,124,0.2421875,0.11290323
68,59,127,0.24804688,0.070866142
50,62,112,0.21875,-0.10714286
61,70,131,0.25585938,-0.06870229
65,56,121,0.23632812,0.074380165
71,59,130,0.25390625,0.092307692
55,73,128,0.25,-0.140625
73,47,120,0.234375,0.21666667
52,66,118,0.23046875,-0.11864407
70,58,128,0.25,0.09375
63,47,110,0.21484375,0.14545455
62,64,126,0.24609375,-0.015873016
58,53,111,0.21679688,0.045045045
56,55,111,0.21679688,0.009009009
63,55,118,0.23046875,0.06779661
65,53,118,0.23046875,0.10169492
72,56,128,0.25,0.125
61,61,122,0.23828125,0
44,77,121,0.23632812,-0.27272727
61,52,113,0.22070312,0.079646018
83,50,133,0.25976562,0.2481203
71,50,121,0.23632812,0.17355372
55,58,113,0.22070312,-0.026548673
61,57,118,0.23046875,0.033898305
53,73,126,0.24609375,-0.15873016
47,52,99,0.19335938,-0.050505051
71,59,130,0.25390625,0.092307692
72,50,122,0.23828125,0.18032787
50,61,111,0.21679688,-0.099099099
48,60,108,0.2109375,-0.11111111
69,67,136,0.265625,0.014705882
75,39,114,0.22265625,0.31578947
75,58,133,0.25976562,0.12781955
50,61,111,0.21679688,-0.099099099
63,51,114,0.22265625,0.10526316
40,75,115,0.22460938,-0.30434783
63,66,129,0.25195312,-0.023255814
64,56,120,0.234375,0.066666667
86,54,140,0.2734375,0.22857143
44,71,115,0.22460938,-0.23478261
73,59,132,0.2578125,0.10606061
83,42,125,0.24414062,0.328
55,70,125,0.24414062,-0.12
59,66,125,0.24414062,-0.056
60,64,124,0.2421875,-0.032258065
56,56,112,0.21875,0
56,55,111,0.21679688,0.009009009
66,59,125,0.24414062,0.056
58,70,128,0.25,-0.09375
69,52,121,0.23632812,0.14049587
58,59,117,0.22851562,-0.0085470085
59,66,125,0.24414062,-0.056
55,64,119,0.23242188,-0.075630252
72,57,129,0.25195312,0.11627907
44,73,117,0.22851562,-0.24786325
55,77,132,0.2578125,-0.16666667
57,57,114,0.22265625,0
66,57,123,0.24023438,0.073170732
74,53,127,0.24804688,0.16535433
48,74,122,0.23828125,-0.21311475
81,52,133,0.25976562,0.21804511
88,38,126,0.24609375,0.3968254
49,71,120,0.234375,-0.18333333
69,53,122,0.23828125,0.13114754
52,77,129,0.25195312,-0.19379845
48,94,142,0.27734375,-0.32394366
45,78,123,0.24023438,-0.26829268
49,66,115,0.22460938,-0.14782609
53,63,116,0.2265625,-0.086206897
69,63,132,0.2578125,0.045454545
65,62,127,0.24804688,0.023622047
62,54,116,0.2265625,0.068965517
61,62,123,0.24023438,-0.0081300813
58,61,119,0.23242188,-0.025210084
81,39,120,0.234375,0.35
64,54,118,0.23046875,0.084745763
68,42,110,0.21484375,0.23636364
69,56,125,0.24414062,0.104
55,67,122,0.23828125,-0.098360656
65,45,110,0.21484375,0.18181818
58,63,121,0.23632812,-0.041322314
53,69,122,0.23828125,-0.13114754
54,61,115,0.22460938,-0.060869565
55,68,123,0.24023438,-0.10569106
54,59,113,0.22070312,-0.044247788
47,83,130,0.25390625,-0.27692308
65,64,129,0.25195312,0.007751938
54,56,110,0.21484375,-0.018181818
75,52,127,0.24804688,0.18110236
66,59,125,0.24414062,0.056
47,80,127,0.24804688,-0.25984252
52,58,110,0.21484375,-0.054545455
80,43,123,0.24023438,0.30081301
80,51,131,0.25585938,0.22137405
64,55,119,0.23242188,0.075630252
66,58,124,0.2421875,0.064516129
54,67,121,0.23632812,-0.10743802
72,44,116,0.2265625,0.24137931
53,68,121,0.23632812,-0.12396694
66,63,129,0.25195312,0.023255814
77,53,130,0.25390625,0.18461538
39,79,118,0.23046875,-0.33898305
66,59,125,0.24414062,0.056
62,64,126,0.24609375,-0.015873016
77,65,142,0.27734375,0.084507042
67,55,122,0.23828125,0.098360656
52,68,120,0.234375,-0.13333333
54,67,121,0.23632812,-0.10743802
52,51,103,0.20117188,0.0097087379
79,55,134,0.26171875,0.17910448
68,55,123,0.24023438,0.10569106
69,69,138,0.26953125,0
66,64,130,0.25390625,0.015384615
47,64,111,0.21679688,-0.15315315
56,71,127,0.24804688,-0.11811024
60,58,118,0.23046875,0.016949153
56,62,118,0.23046875,-0.050847458
68,55,123,0.24023438,0.10569106
62,50,112,0.21875,0.10714286
76,50,126,0.24609375,0.20634921
64,58,122,0.23828125,0.049180328
56,65,121,0.23632812,-0.074380165
61,64,125,0.24414062,-0.024
60,64,124,0.2421875,-0.032258065
77,42,119,0.23242188,0.29411765
44,80,124,0.2421875,-0.29032258
63,64,127,0.24804688,-0.0078740157
66,51,117,0.22851562,0.12820513
58,68,126,0.24609375,-0.079365079
68,46,114,0.22265625,0.19298246
53,59,112,0.21875,-0.053571429
78,50,128,0.25,0.21875
77,63,140,0.2734375,0.1
61,63,124,0.2421875,-0.016129032
69,59,128,0.25,0.078125
64,64,128,0.25,0
67,51,118,0.23046875,0.13559322
55,61,116,0.2265625,-0.051724138
50,91,141,0.27539062,-0.29078014
52,64,116,0.2265625,-0.10344828
47,69,116,0.2265625,-0.18965517
71,58,129,0.25195312,0.10077519
70,46,116,0.2265625,0.20689655
62,64,126,0.24609375,-0.015873016
41,83,124,0.2421875,-0.33870968
62,61,123,0.24023438,0.0081300813
47,62,109,0.21289062,-0.13761468
65,48,113,0.22070312,0.15044248
58,48,106,0.20703125,0.094339623
53,72,125,0.24414062,-0.152
67,58,125,0.24414062,0.072
57,54,111,0.21679688,0.027027027
46,77,123,0.24023438,-0.25203252
68,54,122,0.23828125,0.1147541
44,76,120,0.234375,-0.26666667
68,54,122,0.23828125,0.1147541
50,60,110,0.21484375,-0.090909091
59,63,122,0.23828125,-0.032786885
57,63,120,0.234375,-0.05
52,73,125,0.24414062,-0.168
47,79,126,0.24609375,-0.25396825
50,80,130,0.25390625,-0.23076923
64,48,112,0.21875,0.14285714
55,77,132,0.2578125,-0.16666667
46,64,110,0.21484375,-0.16363636
74,53,127,0.24804688,0.16535433
67,54,121,0.23632812,0.10743802
59,55,114,0.22265625,0.035087719
67,54,121,0.23632812,0.10743802
55,67,122,0.23828125,-0.098360656
54,78,132,0.2578125,-0.18181818
67,52,119,0.23242188,0.12605042
53,64,117,0.22851562,-0.094017094
70,46,116,0.2265625,0.20689655
72,40,112,0.21875,0.28571429
62,66,128,0.25,-0.03125
48,79,127,0.24804688,-0.24409449
45,91,136,0.265625,-0.33823529
48,73,121,0.23632812,-0.20661157
57,62,119,0.23242188,-0.042016807
72,51,123,0.24023438,0.17073171
65,53,118,0.23046875,0.10169492
48,79,127,0.24804688,-0.24409449
70,56,126,0.24609375,0.11111111
59,83,142,0.27734375,-0.16901408
67,51,118,0.23046875,0.13559322
63,58,121,0.23632812,0.041322314
67,62,129,0.25195312,0.03875969
55,64,119,0.23242188,-0.075630252
62,52,114,0.22265625,0.087719298
68,48,116,0.2265625,0.17241379
82,52,134,0.26171875,0.2238806
80,45,125,0.24414062,0.28
50,71,121,0.23632812,-0.17355372
72,66,138,0.26953125,0.043478261
58,57,115,0.22460938,0.0086956522
63,62,125,0.24414062,0.008
61,64,125,0.24414062,-0.024
64,59,123,0.24023438,0.040650407
72,39,111,0.21679688,0.2972973
58,60,118,0.23046875,-0.016949153
62,63,125,0.24414062,-0.008
52,73,125,0.24414062,-0.168
67,61,128,0.25,0.046875
61,58,119,0.23242188,0.025210084
56,72,128,0.25,-0.125
60,80,140,0.2734375,-0.14285714
63,41,104,0.203125,0.21153846
49,69,118,0.23046875,-0.16949153
50,58,108,0.2109375,-0.074074074
55,65,120,0.234375,-0.083333333
50,68,118,0.23046875,-0.15254237
41,70,111,0.21679688,-0.26126126
48,74,122,0.23828125,-0.21311475
55,67,122,0.23828125,-0.098360656
61,37,98,0.19140625,0.24489796
49,61,110,0.21484375,-0.10909091
73,40,113,0.22070312,0.2920354
52,76,128,0.25,-0.1875
75,37,112,0.21875,0.33928571
53,67,120,0.234375,-0.11666667
70,35,105,0.20507812,0.33333333
44,64,108,0.2109375,-0.18518519
72,44,116,0.2265625,0.24137931
88,43,131,0.25585938,0.34351145
47,70,117,0.22851562,-0.1965812
53,64,117,0.22851562,-0.094017094
59,64,123,0.24023438,-0.040650407
67,55,122,0.23828125,0.098360656
55,60,115,0.22460938,-0.043478261
45,70,115,0.22460938,-0.2173913
58,69,127,0.24804688,-0.086614173
72,51,123,0.24023438,0.17073171
64,45,109,0.21289062,0.17431193
58,59,117,0.22851562,-0.0085470085
73,47,120,0.234375,0.21666667
56,79,135,0.26367188,-0.17037037
73,55,128,0.25,0.140625
74,47,121,0.23632812,0.2231405
55,57,112,0.21875,-0.017857143
60,62,122,0.23828125,-0.016393443
54,71,125,0.24414062,-0.136
54,69,123,0.24023438,-0.12195122
55,60,115,0.22460938,-0.043478261
65,67,132,0.2578125,-0.015151515
55,75,130,0.25390625,-0.15384615
73,51,124,0.2421875,0.17741935
52,72,124,0.2421875,-0.16129032
69,41,110,0.21484375,0.25454545
46,65,111,0.21679688,-0.17117117
44,83,127,0.24804688,-0.30708661
78,41,119,0.23242188,0.31092437
70,56,126,0.24609375,0.11111111
66,59,125,0.24414062,0.056
48,66,114,0.22265625,-0.15789474
47,77,124,0.2421875,-0.24193548
55,56,111,0.21679688,-0.009009009
64,63,127,0.24804688,0.0078740157
61,64,125,0.24414062,-0.024
43,71,114,0.22265625,-0.24561404
46,73,119,0.23242188,-0.22689076
62,67,129,0.25195312,-0.03875969
69,64,133,0.25976562,0.037593985
71,65,136,0.265625,0.044117647
67,57,124,0.2421875,0.080645161
66,53,119,0.23242188,0.1092437
51,63,114,0.22265625,-0.10526316
45,67,112,0.21875,-0.19642857
72,49,121,0.23632812,0.19008264
59,58,117,0.22851562,0.0085470085
58,61,119,0.23242188,-0.025210084
60,59,119,0.23242188,0.0084033613
42,70,112,0.21875,-0.25
66,56,122,0.23828125,0.081967213
72,58,130,0.25390625,0.10769231
61,56,117,0.22851562,0.042735043
59,68,127,0.24804688,-0.070866142
63,53,116,0.2265625,0.086206897
48,68,116,0.2265625,-0.17241379
65,46,111,0.21679688,0.17117117
73,48,121,0.23632812,0.20661157
66,56,122,0.23828125,0.081967213
67,58,125,0.24414062,0.072
59,71,130,0.25390625,-0.092307692
58,68,126,0.24609375,-0.079365079
73,41,114,0.22265625,0.28070175
53,63,116,0.2265625,-0.086206897
53,73,126,0.24609375,-0.15873016
60,58,118,0.23046875,0.016949153
61,70,131,0.25585938,-0.06870229
63,60,123,0.24023438,0.024390244
67,57,124,0.2421875,0.080645161
58,67,125,0.24414062,-0.072
55,68,123,0.24023438,-0.10569106
43,61,104,0.203125,-0.17307692
51,71,122,0.23828125,-0.16393443
81,54,135,0.26367188,0.2
57,55,112,0.21875,0.017857143
86,41,127,0.24804688,0.35433071
45,70,115,0.22460938,-0.2173913
52,69,121,0.23632812,-0.14049587
60,68,128,0.25,-0.0625
70,47,117,0.22851562,0.1965812
40,76,116,0.2265625,-0.31034483
80,60,140,0.2734375,0.14285714
75,45,120,0.234375,0.25
60,57,117,0.22851562,0.025641026
80,38,118,0.23046875,0.3559322
54,59,113,0.22070312,-0.044247788
55,61,116,0.2265625,-0.051724138
57,66,123,0.24023438,-0.073170732
68,43,111,0.21679688,0.22522523
63,63,126,0.24609375,0
34,65,99,0.19335938,-0.31313131
48,75,123,0.24023438,-0.2195122
40,80,120,0.234375,-0.33333333
34,65,99,0.19335938,-0.31313131
70,66,136,0.265625,0.029411765
80,51,131,0.25585938,0.22137405
60,55,115,0.22460938,0.043478261
44,72,116,0.2265625,-0.24137931
51,70,121,0.23632812,-0.15702479
64,52,116,0.2265625,0.10344828
63,56,119,0.23242188,0.058823529
63,57,120,0.234375,0.05
62,62,124,0.2421875,0
58,76,134,0.26171875,-0.13432836
77,50,127,0.24804688,0.21259843
75,37,112,0.21875,0.33928571
82,44,126,0.24609375,0.3015873
57,57,114,0.22265625,0
47,59,106,0.20703125,-0.11320755
62,59,121,0.23632812,0.024793388
44,57,101,0.19726562,-0.12871287
75,43,118,0.23046875,0.27118644
49,70,119,0.23242188,-0.17647059
59,70,129,0.25195312,-0.085271318
74,59,133,0.25976562,0.11278195
55,69,124,0.2421875,-0.11290323
64,55,119,0.23242188,0.075630252
65,56,121,0.23632812,0.074380165
68,38,106,0.20703125,0.28301887
64,63,127,0.24804688,0.0078740157
68,44,112,0.21875,0.21428571
47,82,129,0.25195312,-0.27131783
71,40,111,0.21679688,0.27927928
65,53,118,0.23046875,0.10169492
45,71,116,0.2265625,-0.22413793
44,91,135,0.26367188,-0.34814815
60,79,139,0.27148438,-0.13669065
82,47,129,0.25195312,0.27131783
64,66,130,0.25390625,-0.015384615
76,59,135,0.26367188,0.12592593
53,65,118,0.23046875,-0.10169492
78,42,120,0.234375,0.3
54,75,129,0.25195312,-0.1627907
43,69,112,0.21875,-0.23214286
61,55,116,0.2265625,0.051724138
56,69,125,0.24414062,-0.104
75,53,128,0.25,0.171875
63,45,108,0.2109375,0.16666667
65,61,126,0.24609375,0.031746032
71,45,116,0.2265625,0.22413793
74,48,122,0.23828125,0.21311475
44,72,116,0.2265625,-0.24137931
44,80,124,0.2421875,-0.29032258
60,73,133,0.25976562,-0.097744361
51,56,107,0.20898438,-0.046728972
47,86,133,0.25976562,-0.29323308
54,64,118,0.23046875,-0.084745763
65,58,123,0.24023438,0.056910569
68,44,112,0.21875,0.21428571
67,67,134,0.26171875,0
44,86,130,0.25390625,-0.32307692
78,52,130,0.25390625,0.2
62,57,119,0.23242188,0.042016807
46,73,119,0.23242188,-0.22689076
64,52,116,0.2265625,0.10344828
47,64,111,0.21679688,-0.15315315
64,55,119,0.23242188,0.075630252
58,54,112,0.21875,0.035714286
51,66,117,0.22851562,-0.12820513
52,67,119,0.23242188,-0.12605042
65,69,134,0.26171875,-0.029850746
49,82,131,0.25585938,-0.2519084
65,52,117,0.22851562,0.11111111
47,75,122,0.23828125,-0.2295082
47,72,119,0.23242188,-0.21008403
50,67,117,0.22851562,-0.14529915
61,57,118,0.23046875,0.033898305
63,72,135,0.26367188,-0.066666667
71,58,129,0.25195312,0.10077519
51,69,120,0.234375,-0.15
40,67,107,0.20898438,-0.25233645
60,65,125,0.24414062,-0.04
50,81,131,0.25585938,-0.23664122
59,64,123,0.24023438,-0.040650407
50,54,104,0.203125,-0.038461538
53,54,107,0.20898438,-0.0093457944
66,53,119,0.23242188,0.1092437
49,58,107,0.20898438,-0.08411215
68,52,120,0.234375,0.13333333
60,56,116,0.2265625,0.034482759
65,69,134,0.26171875,-0.029850746
62,52,114,0.22265625,0.087719298
81,45,126,0.24609375,0.28571429
66,59,125,0.24414062,0.056
52,61,113,0.22070312,-0.079646018
71,57,128,0.25,0.109375
61,62,123,0.24023438,-0.0081300813
69,65,134,0.26171875,0.029850746
70,53,123,0.24023438,0.13821138
84,36,120,0.234375,0.4
63,59,122,0.23828125,0.032786885
59,68,127,0.24804688,-0.070866142
50,73,123,0.24023438,-0.18699187
64,55,119,0.23242188,0.075630252
49,66,115,0.22460938,-0.14782609
60,61,121,0.23632812,-0.0082644628
68,52,120,0.234375,0.13333333
72,57,129,0.25195312,0.11627907
65,65,130,0.25390625,0
51,78,129,0.25195312,-0.20930233
48,78,126,0.24609375,-0.23809524
42,76,118,0.23046875,-0.28813559
58,52,110,0.21484375,0.054545455
59,64,123,0.24023438,-0.040650407
61,64,125,0.24414062,-0.024
70,55,125,0.24414062,0.12
69,47,116,0.2265625,0.18965517
61,54,115,0.22460938,0.060869565
64,57,121,0.23632812,0.05785124
56,64,120,0.234375,-0.066666667
38,72,110,0.21484375,-0.30909091
57,68,125,0.24414062,-0.088
57,63,120,0.234375,-0.05
54,57,111,0.21679688,-0.027027027
56,59,115,0.22460938,-0.026086957
63,51,114,0.22265625,0.10526316
65,50,115,0.22460938,0.13043478
76,51,127,0.24804688,0.19685039
64,63,127,0.24804688,0.0078740157
75,45,120,0.234375,0.25
69,58,127,0.24804688,0.086614173
78,48,126,0.24609375,0.23809524
62,62,124,0.2421875,0
73,53,126,0.24609375,0.15873016
72,38,110,0.21484375,0.30909091
60,52,112,0.21875,0.071428571
71,51,122,0.23828125,0.16393443
69,52,121,0.23632812,0.14049587
68,58,126,0.24609375,0.079365079
56,70,126,0.24609375,-0.11111111
61,54,115,0.22460938,0.060869565
64,51,115,0.22460938,0.11304348
65,59,124,0.2421875,0.048387097
62,59,121,0.23632812,0.024793388
75,47,122,0.23828125,0.2295082
57,56,113,0.22070312,0.0088495575
74,47,121,0.23632812,0.2231405
53,66,119,0.23242188,-0.1092437
60,61,121,0.23632812,-0.0082644628
61,58,119,0.23242188,0.025210084
68,52,120,0.234375,0.13333333
70,52,122,0.23828125,0.14754098
77,51,128,0.25,0.203125
50,75,125,0.24414062,-0.2
71,64,135,0.26367188,0.051851852
54,71,125,0.24414062,-0.136
75,65,140,0.2734375,0.071428571
64,63,127,0.24804688,0.0078740157
66,61,127,0.24804688,0.039370079
77,47,124,0.2421875,0.24193548
67,55,122,0.23828125,0.098360656
62,60,122,0.23828125,0.016393443
62,64,126,0.24609375,-0.015873016
56,49,105,0.20507812,0.066666667
54,70,124,0.2421875,-0.12903226
50,62,112,0.21875,-0.10714286
73,56,129,0.25195312,0.13178295
60,59,119,0.23242188,0.0084033613
77,50,127,0.24804688,0.21259843
62,62,124,0.2421875,0
54,58,112,0.21875,-0.035714286
35,79,114,0.22265625,-0.38596491
59,62,121,0.23632812,-0.024793388
47,61,108,0.2109375,-0.12962963
42,84,126,0.24609375,-0.33333333
62,54,116,0.2265625,0.068965517
49,55,104,0.203125,-0.057692308
41,65,106,0.20703125,-0.22641509
92,31,123,0.24023438,0.49593496
68,50,118,0.23046875,0.15254237
57,69,126,0.24609375,-0.095238095
49,62,111,0.21679688,-0.11711712
45,68,113,0.22070312,-0.20353982
42,64,106,0.20703125,-0.20754717
43,89,132,0.2578125,-0.34848485
50,85,135,0.26367188,-0.25925926
74,45,119,0.23242188,0.24369748
71,48,119,0.23242188,0.19327731
65,56,121,0.23632812,0.074380165
81,47,128,0.25,0.265625
83,48,131,0.25585938,0.26717557
58,67,125,0.24414062,-0.072
70,41,111,0.21679688,0.26126126
62,65,127,0.24804688,-0.023622047
80,46,126,0.24609375,0.26984127
55,64,119,0.23242188,-0.075630252
74,49,123,0.24023438,0.20325203
64,54,118,0.23046875,0.084745763
61,56,117,0.22851562,0.042735043
58,67,125,0.24414062,-0.072
52,62,114,0.22265625,-0.087719298
59,57,116,0.2265625,0.017241379
82,53,135,0.26367188,0.21481481
69,51,120,0.234375,0.15
50,71,121,0.23632812,-0.17355372
77,57,134,0.26171875,0.14925373
69,63,132,0.2578125,0.045454545
64,53,117,0.22851562,0.094017094
63,66,129,0.25195312,-0.023255814
59,65,124,0.2421875,-0.048387097
61,69,130,0.25390625,-0.061538462
80,41,121,0.23632812,0.32231405
83,45,128,0.25,0.296875
52,65,117,0.22851562,-0.11111111
49,76,125,0.24414062,-0.216
52,65,117,0.22851562,-0.11111111
65,60,125,0.24414062,0.04
53,81,134,0.26171875,-0.20895522
46,67,113,0.22070312,-0.18584071
72,63,135,0.26367188,0.066666667
63,58,121,0.23632812,0.041322314
36,80,116,0.2265625,-0.37931034
58,57,115,0.22460938,0.0086956522
82,47,129,0.25195312,0.27131783
58,54,112,0.21875,0.035714286
63,62,125,0.24414062,0.008
65,50,115,0.22460938,0.13043478
75,55,130,0.25390625,0.15384615
50,64,114,0.22265625,-0.12280702
58,53,111,0.21679688,0.045045045
73,47,120,0.234375,0.21666667
54,60,114,0.22265625,-0.052631579
59,54,113,0.22070312,0.044247788
55,77,132,0.2578125,-0.16666667
59,59,118,0.23046875,0
70,54,124,0.2421875,0.12903226
63,57,120,0.234375,0.05
49,79,128,0.25,-0.234375
74,55,129,0.25195312,0.14728682
58,61,119,0.23242188,-0.025210084
73,51,124,0.2421875,0.17741935
55,66,121,0.23632812,-0.090909091
69,51,120,0.234375,0.15
56,67,123,0.24023438,-0.089430894
59,52,111,0.21679688,0.063063063
71,57,128,0.25,0.109375
73,53,126,0.24609375,0.15873016
75,42,117,0.22851562,0.28205128
74,50,124,0.2421875,0.19354839
68,50,118,0.23046875,0.15254237
51,62,113,0.22070312,-0.097345133
71,59,130,0.25390625,0.092307692
77,47,124,0.2421875,0.24193548
49,76,125,0.24414062,-0.216
65,73,138,0.26953125,-0.057971014
46,75,121,0.23632812,-0.23966942
61,54,115,0.22460938,0.060869565
65,60,125,0.24414062,0.04
78,50,128,0.25,0.21875
85,39,124,0.2421875,0.37096774
58,60,118,0.23046875,-0.016949153
69,56,125,0.24414062,0.104
36,84,120,0.234375,-0.4
62,60,122,0.23828125,0.016393443
43,91,134,0.26171875,-0.35820896
68,51,119,0.23242188,0.14285714
77,59,136,0.265625,0.13235294
49,64,113,0.22070312,-0.13274336
71,54,125,0.24414062,0.136
67,66,133,0.25976562,0.007518797
55,71,126,0.24609375,-0.12698413
62,62,124,0.2421875,0
50,69,119,0.23242188,-0.15966387
44,70,114,0.22265625,-0.22807018
31,84,115,0.22460938,-0.46086957
57,61,118,0.23046875,-0.033898305
63,60,123,0.24023438,0.024390244
68,60,128,0.25,0.0625
36,82,118,0.23046875,-0.38983051
59,60,119,0.23242188,-0.0084033613
70,52,122,0.23828125,0.14754098
69,63,132,0.2578125,0.045454545
66,55,121,0.23632812,0.090909091
61,54,115,0.22460938,0.060869565
70,43,113,0.22070312,0.23893805
62,54,116,0.2265625,0.068965517
68,49,117,0.22851562,0.16239316
60,54,114,0.22265625,0.052631579
70,48,118,0.23046875,0.18644068
64,63,127,0.24804688,0.0078740157
53,65,118,0.23046875,-0.10169492
69,46,115,0.22460938,0.2
53,61,114,0.22265625,-0.070175439
82,53,135,0.26367188,0.21481481
58,62,120,0.234375,-0.033333333
51,83,134,0.26171875,-0.23880597
55,53,108,0.2109375,0.018518519
77,55,132,0.2578125,0.16666667
55,68,123,0.24023438,-0.10569106
53,63,116,0.2265625,-0.086206897
57,64,121,0.23632812,-0.05785124
66,57,123,0.24023438,0.073170732
62,59,121,0.23632812,0.024793388
54,71,125,0.24414062,-0.136
49,74,123,0.24023438,-0.20325203
71,52,123,0.24023438,0.15447154
57,74,131,0.25585938,-0.12977099
59,59,118,0.23046875,0
64,56,120,0.234375,0.066666667
59,57,116,0.2265625,0.017241379
54,68,122,0.23828125,-0.1147541
49,68,117,0.22851562,-0.16239316
61,58,119,0.23242188,0.025210084
68,54,122,0.23828125,0.1147541
50,72,122,0.23828125,-0.18032787
51,73,124,0.2421875,-0.17741935
61,66,127,0.24804688,-0.039370079
59,50,109,0.21289062,0.082568807
61,48,109,0.21289062,0.11926606
72,48,120,0.234375,0.2
61,57,118,0.23046875,0.033898305
52,64,116,0.2265625,-0.10344828
74,42,116,0.2265625,0.27586207
66,69,135,0.26367188,-0.022222222
56,75,131,0.25585938,-0.14503817
68,49,117,0.22851562,0.16239316
64,57,121,0.23632812,0.05785124
51,71,122,0.23828125,-0.16393443
76,50,126,0.24609375,0.20634921
62,58,120,0.234375,0.033333333
50,62,112,0.21875,-0.10714286
56,70,126,0.24609375,-0.11111111
49,75,124,0.2421875,-0.20967742
58,54,112,0.21875,0.035714286
83,51,134,0.26171875,0.23880597
49,76,125,0.24414062,-0.216
66,58,124,0.2421875,0.064516129
56,58,114,0.22265625,-0.01754386
86,44,130,0.25390625,0.32307692
55,48,103,0.20117188,0.067961165
70,58,128,0.25,0.09375
61,55,116,0.2265625,0.051724138
59,65,124,0.2421875,-0.048387097
77,44,121,0.23632812,0.27272727
77,43,120,0.234375,0.28333333
48,81,129,0.25195312,-0.25581395
61,59,120,0.234375,0.016666667
60,62,122,0.23828125,-0.016393443
64,53,117,0.22851562,0.094017094
54,63,117,0.22851562,-0.076923077
65,55,120,0.234375,0.083333333
75,57,132,0.2578125,0.13636364
54,63,117,0.22851562,-0.076923077
62,57,119,0.23242188,0.042016807
59,61,120,0.234375,-0.016666667
64,53,117,0.22851562,0.094017094
52,67,119,0.23242188,-0.12605042
45,75,120,0.234375,-0.25
58,70,128,0.25,-0.09375
61,59,120,0.234375,0.016666667
68,57,125,0.24414062,0.088
88,37,125,0.24414062,0.408
46,67,113,0.22070312,-0.18584071
55,69,124,0.2421875,-0.11290323
49,61,110,0.21484375,-0.10909091
53,62,115,0.22460938,-0.07826087
69,59,128,0.25,0.078125
61,48,109,0.21289062,0.11926606
56,65,121,0.23632812,-0.074380165
75,56,131,0.25585938,0.14503817
61,57,118,0.23046875,0.033898305
87,38,125,0.24414062,0.392
51,71,122,0.23828125,-0.16393443
73,56,129,0.25195312,0.13178295
50,81,131,0.25585938,-0.23664122
92,36,128,0.25,0.4375
63,58,121,0.23632812,0.041322314
67,46,113,0.22070312,0.18584071
59,57,116,0.2265625,0.017241379
57,66,123,0.24023438,-0.073170732
64,57,121,0.23632812,0.05785124
67,64,131,0.25585938,0.022900763
57,78,135,0.26367188,-0.15555556
88,46,134,0.26171875,0.31343284
47,62,109,0.21289062,-0.13761468
55,57,112,0.21875,-0.017857143
64,64,128,0.25,0
38,85,123,0.24023438,-0.38211382
58,65,123,0.24023438,-0.056910569
58,57,115,0.22460938,0.0086956522
61,51,112,0.21875,0.089285714
84,54,138,0.26953125,0.2173913
65,48,113,0.22070312,0.15044248
57,67,124,0.2421875,-0.080645161
68,48,116,0.2265625,0.17241379
51,63,114,0.22265625,-0.10526316
60,57,117,0.22851562,0.025641026
53,63,116,0.2265625,-0.086206897
62,58,120,0.234375,0.033333333
70,66,136,0.265625,0.029411765
44,73,117,0.22851562,-0.24786325
59,59,118,0.23046875,0
60,55,115,0.22460938,0.043478261
50,74,124,0.2421875,-0.19354839
53,65,118,0.23046875,-0.10169492
75,38,113,0.22070312,0.32743363
77,43,120,0.234375,0.28333333
61,58,119,0.23242188,0.025210084
67,54,121,0.23632812,0.10743802
54,61,115,0.22460938,-0.060869565
43,84,127,0.24804688,-0.32283465
71,49,120,0.234375,0.18333333
65,68,133,0.25976562,-0.022556391
62,64,126,0.24609375,-0.015873016
56,72,128,0.25,-0.125
77,41,118,0.23046875,0.30508475
51,82,133,0.25976562,-0.23308271
51,63,114,0.22265625,-0.10526316
63,59,122,0.23828125,0.032786885
41,76,117,0.22851562,-0.2991453
61,60,121,0.23632812,0.0082644628
63,68,131,0.25585938,-0.038167939
48,65,113,0.22070312,-0.15044248
71,51,122,0.23828125,0.16393443
77,51,128,0.25,0.203125
50,75,125,0.24414062,-0.2
62,60,122,0.23828125,0.016393443
45,80,125,0.24414062,-0.28
68,60,128,0.25,0.0625
68,64,132,0.2578125,0.03030303
45,69,114,0.22265625,-0.21052632
57,72,129,0.25195312,-0.11627907
47,82,129,0.25195312,-0.27131783
63,45,108,0.2109375,0.16666667
63,53,116,0.2265625,0.086206897
47,76,123,0.24023438,-0.23577236
70,52,122,0.23828125,0.14754098
66,52,118,0.23046875,0.11864407
65,51,116,0.2265625,0.12068966
30,97,127,0.24804688,-0.52755906
54,62,116,0.2265625,-0.068965517
50,56,106,0.20703125,-0.056603774
66,49,115,0.22460938,0.14782609
71,61,132,0.2578125,0.075757576
47,76,123,0.24023438,-0.23577236
48,78,126,0.24609375,-0.23809524
84,45,129,0.25195312,0.30232558
51,75,126,0.24609375,-0.19047619
52,74,126,0.24609375,-0.17460317
69,62,131,0.25585938,0.053435115
70,52,122,0.23828125,0.14754098
50,67,117,0.22851562,-0.14529915
62,69,131,0.25585938,-0.053435115
60,55,115,0.22460938,0.043478261
52,75,127,0.24804688,-0.18110236
68,63,131,0.25585938,0.038167939
65,63,128,0.25,0.015625
67,59,126,0.24609375,0.063492063
57,52,109,0.21289062,0.04587156
69,66,135,0.26367188,0.022222222
65,57,122,0.23828125,0.06557377
64,60,124,0.2421875,0.032258065
66,58,124,0.2421875,0.064516129
68,51,119,0.23242188,0.14285714
62,58,120,0.234375,0.033333333
77,53,130,0.25390625,0.18461538
60,60,120,0.234375,0
65,52,117,0.22851562,0.11111111
55,76,131,0.25585938,-0.16030534
51,73,124,0.2421875,-0.17741935
51,69,120,0.234375,-0.15
68,56,124,0.2421875,0.096774194
66,52,118,0.23046875,0.11864407
66,63,129,0.25195312,0.023255814
64,60,124,0.2421875,0.032258065
72,49,121,0.23632812,0.19008264
80,44,124,0.2421875,0.29032258
77,45,122,0.23828125,0.26229508
72,55,127,0.24804688,0.13385827
69,50,119,0.23242188,0.15966387
68,63,131,0.25585938,0.038167939
63,62,125,0.24414062,0.008
56,68,124,0.2421875,-0.096774194
52,70,122,0.23828125,-0.14754098
54,57,111,0.21679688,-0.027027027
72,60,132,0.2578125,0.090909091
56,67,123,0.24023438,-0.089430894
78,45,123,0.24023438,0.26829268
57,63,120,0.234375,-0.05
69,55,124,0.2421875,0.11290323
47,79,126,0.24609375,-0.25396825
66,52,118,0.23046875,0.11864407
60,58,118,0.23046875,0.016949153
76,45,121,0.23632812,0.25619835
49,71,120,0.234375,-0.18333333
71,60,131,0.25585938,0.083969466
61,64,125,0.24414062,-0.024
65,46,111,0.21679688,0.17117117
48,77,125,0.24414062,-0.232
44,80,124,0.2421875,-0.29032258
57,58,115,0.22460938,-0.0086956522
69,51,120,0.234375,0.15
51,71,122,0.23828125,-0.16393443
52,65,117,0.22851562,-0.11111111
59,62,121,0.23632812,-0.024793388
58,64,122,0.23828125,-0.049180328
83,58,141,0.27539062,0.17730496
60,58,118,0.23046875,0.016949153
64,58,122,0.23828125,0.049180328
60,58,118,0.23046875,0.016949153
49,76,125,0.24414062,-0.216
43,81,124,0.2421875,-0.30645161
60,53,113,0.22070312,0.061946903
52,62,114,0.22265625,-0.087719298
57,51,108,0.2109375,0.055555556
52,60,112,0.21875,-0.071428571
65,64,129,0.25195312,0.007751938
59,60,119,0.23242188,-0.0084033613
73,51,124,0.2421875,0.17741935
62,67,129,0.25195312,-0.03875969
48,59,107,0.20898438,-0.10280374
58,56,114,0.22265625,0.01754386
70,63,133,0.25976562,0.052631579
49,71,120,0.234375,-0.18333333
49,59,108,0.2109375,-0.092592593
53,79,132,0.2578125,-0.1969697
62,47,109,0.21289062,0.13761468
59,72,131,0.25585938,-0.099236641
65,64,129,0.25195312,0.007751938
65,59,124,0.2421875,0.048387097
61,54,115,0.22460938,0.060869565
52,66,118,0.23046875,-0.11864407
62,48,110,0.21484375,0.12727273
80,57,137,0.26757812,0.16788321
61,54,115,0.22460938,0.060869565
72,49,121,0.23632812,0.19008264
58,60,118,0.23046875,-0.016949153
72,50,122,0.23828125,0.18032787
70,55,125,0.24414062,0.12
69,62,131,0.25585938,0.053435115
57,76,133,0.25976562,-0.14285714
57,70,127,0.24804688,-0.1023622
43,71,114,0.22265625,-0.24561404
42,79,121,0.23632812,-0.30578512
62,62,124,0.2421875,0
59,64,123,0.24023438,-0.040650407
59,62,121,0.23632812,-0.024793388
82,50,132,0.2578125,0.24242424
56,56,112,0.21875,0
76,53,129,0.25195312,0.17829457
58,57,115,0.22460938,0.0086956522
71,64,135,0.26367188,0.051851852
60,57,117,0.22851562,0.025641026
58,62,120,0.234375,-0.033333333
66,67,133,0.25976562,-0.007518797
67,69,136,0.265625,-0.014705882
52,67,119,0.23242188,-0.12605042
76,48,124,0.2421875,0.22580645
61,50,111,0.21679688,0.099099099
70,53,123,0.24023438,0.13821138
62,66,128,0.25,-0.03125
68,56,124,0.2421875,0.096774194
66,65,131,0.25585938,0.0076335878
84,47,131,0.25585938,0.28244275
55,70,125,0.24414062,-0.12
64,48,112,0.21875,0.14285714
63,56,119,0.23242188,0.058823529
69,58,127,0.24804688,0.086614173
49,66,115,0.22460938,-0.14782609
39,78,117,0.22851562,-0.33333333
45,79,124,0.2421875,-0.27419355
58,67,125,0.24414062,-0.072
55,57,112,0.21875,-0.017857143
61,59,120,0.234375,0.016666667
61,51,112,0.21875,0.089285714
64,66,130,0.25390625,-0.015384615
47,70,117,0.22851562,-0.1965812
55,63,118,0.23046875,-0.06779661
56,60,116,0.2265625,-0.034482759
47,68,115,0.22460938,-0.1826087
62,62,124,0.2421875,0
73,51,124,0.2421875,0.17741935
65,52,117,0.22851562,0.11111111
63,67,130,0.25390625,-0.030769231
58,68,126,0.24609375,-0.079365079
53,58,111,0.21679688,-0.045045045
73,50,123,0.24023438,0.18699187
31,98,129,0.25195312,-0.51937984
71,52,123,0.24023438,0.15447154
53,67,120,0.234375,-0.11666667
55,64,119,0.23242188,-0.075630252
67,48,115,0.22460938,0.16521739
61,70,131,0.25585938,-0.06870229
72,52,124,0.2421875,0.16129032
73,56,129,0.25195312,0.13178295
58,75,133,0.25976562,-0.12781955
73,52,125,0.24414062,0.168
47,59,106,0.20703125,-0.11320755
68,45,113,0.22070312,0.20353982
74,52,126,0.24609375,0.17460317
64,69,133,0.25976562,-0.037593985
52,66,118,0.23046875,-0.11864407
77,45,122,0.23828125,0.26229508
68,46,114,0.22265625,0.19298246
62,51,113,0.22070312,0.097345133
64,58,122,0.23828125,0.049180328
71,52,123,0.24023438,0.15447154
60,69,129,0.25195312,-0.069767442
54,65,119,0.23242188,-0.092436975
68,70,138,0.26953125,-0.014492754
53,60,113,0.22070312,-0.061946903
64,56,120,0.234375,0.066666667
70,59,129,0.25195312,0.085271318
57,66,123,0.24023438,-0.073170732
58,64,122,0.23828125,-0.049180328
86,39,125,0.24414062,0.376
59,66,125,0.24414062,-0.056
58,58,116,0.2265625,0
76,43,119,0.23242188,0.27731092
77,60,137,0.26757812,0.12408759
54,66,120,0.234375,-0.1
59,60,119,0.23242188,-0.0084033613
58,69,127,0.24804688,-0.086614173
75,51,126,0.24609375,0.19047619
60,58,118,0.23046875,0.016949153
75,53,128,0.25,0.171875
71,45,116,0.2265625,0.22413793
58,57,115,0.22460938,0.0086956522
55,66,121,0.23632812,-0.090909091
81,52,133,0.25976562,0.21804511
78,50,128,0.25,0.21875
66,63,129,0.25195312,0.023255814
56,55,111,0.21679688,0.009009009
71,53,124,0.2421875,0.14516129
57,65,122,0.23828125,-0.06557377
61,64,125,0.24414062,-0.024
53,72,125,0.24414062,-0.152
69,57,126,0.24609375,0.095238095
61,67,128,0.25,-0.046875
79,61,140,0.2734375,0.12857143
52,69,121,0.23632812,-0.14049587
56,55,111,0.21679688,0.009009009
63,60,123,0.24023438,0.024390244
58,64,122,0.23828125,-0.049180328
53,59,112,0.21875,-0.053571429
43,76,119,0.23242188,-0.27731092
70,59,129,0.25195312,0.085271318
64,53,117,0.22851562,0.094017094
60,58,118,0.23046875,0.016949153
55,72,127,0.24804688,-0.13385827
78,48,126,0.24609375,0.23809524
68,56,124,0.2421875,0.096774194
78,50,128,0.25,0.21875
70,51,121,0.23632812,0.15702479
62,50,112,0.21875,0.10714286
71,46,117,0.22851562,0.21367521
60,59,119,0.23242188,0.0084033613
52,63,115,0.22460938,-0.095652174
48,80,128,0.25,-0.25
55,60,115,0.22460938,-0.043478261
55,58,113,0.22070312,-0.026548673
60,57,117,0.22851562,0.025641026
60,59,119,0.23242188,0.0084033613
60,56,116,0.2265625,0.034482759
63,57,120,0.234375,0.05
70,54,124,0.2421875,0.12903226
65,47,112,0.21875,0.16071429
57,66,123,0.24023438,-0.073170732
65,51,116,0.2265625,0.12068966
52,70,122,0.23828125,-0.14754098
78,44,122,0.23828125,0.27868852
58,68,126,0.24609375,-0.079365079
57,70,127,0.24804688,-0.1023622
59,48,107,0.20898438,0.10280374
43,62,105,0.20507812,-0.18095238
79,51,130,0.25390625,0.21538462
60,60,120,0.234375,0
65,56,121,0.23632812,0.074380165
73,66,139,0.27148438,0.050359712
64,58,122,0.23828125,0.049180328
71,50,121,0.23632812,0.17355372
56,60,116,0.2265625,-0.034482759
58,53,111,0.21679688,0.045045045
59,60,119,0.23242188,-0.0084033613
48,87,135,0.26367188,-0.28888889
72,48,120,0.234375,0.2
51,69,120,0.234375,-0.15
59,63,122,0.23828125,-0.032786885
62,61,123,0.24023438,0.0081300813
58,57,115,0.22460938,0.0086956522
61,63,124,0.2421875,-0.016129032
75,52,127,0.24804688,0.18110236
56,60,116,0.2265625,-0.034482759
70,61,131,0.25585938,0.06870229
56,64,120,0.234375,-0.066666667
64,63,127,0.24804688,0.0078740157
73,52,125,0.24414062,0.168
48,81,129,0.25195312,-0.25581395
64,50,114,0.22265625,0.12280702
39,73,112,0.21875,-0.30357143
63,60,123,0.24023438,0.024390244
56,74,130,0.25390625,-0.13846154
66,54,120,0.234375,0.1
69,45,114,0.22265625,0.21052632
47,74,121,0.23632812,-0.2231405
55,76,131,0.25585938,-0.16030534
44,71,115,0.22460938,-0.23478261
63,57,120,0.234375,0.05
63,67,130,0.25390625,-0.030769231
53,65,118,0.23046875,-0.10169492
71,54,125,0.24414062,0.136
50,61,111,0.21679688,-0.099099099
49,61,110,0.21484375,-0.10909091
40,78,118,0.23046875,-0.3220339
48,72,120,0.234375,-0.2
65,50,115,0.22460938,0.13043478
39,75,114,0.22265625,-0.31578947
50,82,132,0.2578125,-0.24242424
57,67,124,0.2421875,-0.080645161
62,60,122,0.23828125,0.016393443
54,76,130,0.25390625,-0.16923077
66,53,119,0.23242188,0.1092437
69,53,122,0.23828125,0.13114754
82,42,124,0.2421875,0.32258065
76,46,122,0.23828125,0.24590164
42,64,106,0.20703125,-0.20754717
63,60,123,0.24023438,0.024390244
70,48,118,0.23046875,0.18644068
67,61,128,0.25,0.046875
58,76,134,0.26171875,-0.13432836
60,61,121,0.23632812,-0.0082644628
53,60,113,0.22070312,-0.061946903
62,48,110,0.21484375,0.12727273
63,63,126,0.24609375,0
88,44,132,0.2578125,0.33333333
42,79,121,0.23632812,-0.30578512
65,52,117,0.22851562,0.11111111
57,64,121,0.23632812,-0.05785124
65,58,123,0.24023438,0.056910569
56,66,122,0.23828125,-0.081967213
51,61,112,0.21875,-0.089285714
52,81,133,0.25976562,-0.21804511
40,74,114,0.22265625,-0.29824561
66,59,125,0.24414062,0.056
61,58,119,0.23242188,0.025210084
55,63,118,0.23046875,-0.06779661
57,63,120,0.234375,-0.05
73,65,138,0.26953125,0.057971014
60,57,117,0.22851562,0.025641026
56,71,127,0.24804688,-0.11811024
52,59,111,0.21679688,-0.063063063
69,61,130,0.25390625,0.061538462
45,53,98,0.19140625,-0.081632653
62,62,124,0.2421875,0
57,51,108,0.2109375,0.055555556
74,44,118,0.23046875,0.25423729
60,60,120,0.234375,0
75,64,139,0.27148438,0.079136691
54,71,125,0.24414062,-0.136
70,56,126,0.24609375,0.11111111
58,70,128,0.25,-0.09375
44,68,112,0.21875,-0.21428571
75,46,121,0.23632812,0.23966942
58,52,110,0.21484375,0.054545455
63,60,123,0.24023438,0.024390244
72,48,120,0.234375,0.2
70,56,126,0.24609375,0.11111111
61,59,120,0.234375,0.016666667
69,61,130,0.25390625,0.061538462
56,63,119,0.23242188,-0.058823529
64,67,131,0.25585938,-0.022900763
61,55,116,0.2265625,0.051724138
67,59,126,0.24609375,0.063492063
62,55,117,0.22851562,0.05982906
63,62,125,0.24414062,0.008
51,70,121,0.23632812,-0.15702479
56,67,123,0.24023438,-0.089430894
86,43,129,0.25195312,0.33333333
57,65,122,0.23828125,-0.06557377
74,53,127,0.24804688,0.16535433
57,71,128,0.25,-0.109375
54,73,127,0.24804688,-0.1496063
64,62,126,0.24609375,0.015873016
47,76,123,0.24023438,-0.23577236
69,55,124,0.2421875,0.11290323
60,67,127,0.24804688,-0.05511811
54,68,122,0.23828125,-0.1147541
53,74,127,0.24804688,-0.16535433
61,57,118,0.23046875,0.033898305
75,45,120,0.234375,0.25
73,54,127,0.24804688,0.1496063
55,67,122,0.23828125,-0.098360656
77,47,124,0.2421875,0.24193548
64,60,124,0.2421875,0.032258065
47,75,122,0.23828125,-0.2295082
56,55,111,0.21679688,0.009009009
55,69,124,0.2421875,-0.11290323
67,54,121,0.23632812,0.10743802
83,45,128,0.25,0.296875
74,51,125,0.24414062,0.184
58,65,123,0.24023438,-0.056910569
41,81,122,0.23828125,-0.32786885
64,59,123,0.24023438,0.040650407
61,59,120,0.234375,0.016666667
62,59,121,0.23632812,0.024793388
42,82,124,0.2421875,-0.32258065
58,62,120,0.234375,-0.033333333
51,74,125,0.24414062,-0.184
34,87,121,0.23632812,-0.43801653
65,72,137,0.26757812,-0.051094891
52,78,130,0.25390625,-0.2
68,59,127,0.24804688,0.070866142
72,52,124,0.2421875,0.16129032
58,55,113,0.22070312,0.026548673
72,62,134,0.26171875,0.074626866
60,65,125,0.24414062,-0.04
57,77,134,0.26171875,-0.14925373
44,71,115,0.22460938,-0.23478261
68,58,126,0.24609375,0.079365079
54,64,118,0.23046875,-0.084745763
47,72,119,0.23242188,-0.21008403
48,60,108,0.2109375,-0.11111111
46,63,109,0.21289062,-0.1559633
57,67,124,0.2421875,-0.080645161
62,58,120,0.234375,0.033333333
71,48,119,0.23242188,0.19327731
70,61,131,0.25585938,0.06870229
54,55,109,0.21289062,-0.0091743119
65,64,129,0.25195312,0.007751938
55,71,126,0.24609375,-0.12698413
49,72,121,0.23632812,-0.19008264
44,60,104,0.203125,-0.15384615
81,40,121,0.23632812,0.33884298
73,39,112,0.21875,0.30357143
58,65,123,0.24023438,-0.056910569
51,78,129,0.25195312,-0.20930233
64,63,127,0.24804688,0.0078740157
50,70,120,0.234375,-0.16666667
64,69,133,0.25976562,-0.037593985
55,58,113,0.22070312,-0.026548673
76,46,122,0.23828125,0.24590164
57,69,126,0.24609375,-0.095238095
68,43,111,0.21679688,0.22522523
40,78,118,0.23046875,-0.3220339
70,51,121,0.23632812,0.15702479
53,71,124,0.2421875,-0.14516129
69,58,127,0.24804688,0.086614173
58,70,128,0.25,-0.09375
63,57,120,0.234375,0.05
35,77,112,0.21875,-0.375
62,64,126,0.24609375,-0.015873016
56,54,110,0.21484375,0.018181818
64,67,131,0.25585938,-0.022900763
53,75,128,0.25,-0.171875
60,70,130,0.25390625,-0.076923077
66,58,124,0.2421875,0.064516129
63,53,116,0.2265625,0.086206897
62,66,128,0.25,-0.03125
60,68,128,0.25,-0.0625
68,50,118,0.23046875,0.15254237
69,51,120,0.234375,0.15
73,43,116,0.2265625,0.25862069
51,62,113,0.22070312,-0.097345133
83,54,137,0.26757812,0.21167883
69,65,134,0.26171875,0.029850746
67,56,123,0.24023438,0.089430894
58,69,127,0.24804688,-0.086614173
79,50,129,0.25195312,0.2248062
56,57,113,0.22070312,-0.0088495575
75,37,112,0.21875,0.33928571
60,59,119,0.23242188,0.0084033613
50,66,116,0.2265625,-0.13793103
51,64,115,0.22460938,-0.11304348
71,54,125,0.24414062,0.136
56,39,95,0.18554688,0.17894737
59,65,124,0.2421875,-0.048387097
68,45,113,0.22070312,0.20353982
53,56,109,0.21289062,-0.027522936
61,50,111,0.21679688,0.099099099
