n_hor,n_ver,n_tot,eta,S
131,154,285,0.55664062,-0.080701754
186,104,290,0.56640625,0.28275862
212,82,294,0.57421875,0.44217687
178,110,288,0.5625,0.23611111
212,72,284,0.5546875,0.49295775
196,98,294,0.57421875,0.33333333
198,102,300,0.5859375,0.32
165,119,284,0.5546875,0.16197183
217,71,288,0.5625,0.50694444
112,179,291,0.56835938,-0.23024055
134,141,275,0.53710938,-0.025454545
120,164,284,0.5546875,-0.15492958
149,133,282,0.55078125,0.056737589
72,214,286,0.55859375,-0.4965035
43,243,286,0.55859375,-0.6993007
99,187,286,0.55859375,-0.30769231
39,253,292,0.5703125,-0.73287671
46,236,282,0.55078125,-0.67375887
51,223,274,0.53515625,-0.62773723
86,198,284,0.5546875,-0.3943662
42,248,290,0.56640625,-0.71034483
185,102,287,0.56054688,0.28919861
159,125,284,0.5546875,0.11971831
148,138,286,0.55859375,0.034965035
192,95,287,0.56054688,0.33797909
226,53,279,0.54492188,0.62007168
141,144,285,0.55664062,-0.010526316
137,160,297,0.58007812,-0.077441077
90,201,291,0.56835938,-0.3814433
150,118,268,0.5234375,0.11940299
179,111,290,0.56640625,0.23448276
177,118,295,0.57617188,0.2
211,80,291,0.56835938,0.45017182
196,86,282,0.55078125,0.39007092
187,95,282,0.55078125,0.32624113
198,87,285,0.55664062,0.38947368
188,107,295,0.57617188,0.27457627
115,171,286,0.55859375,-0.1958042
124,170,294,0.57421875,-0.15646259
134,168,302,0.58984375,-0.11258278
135,143,278,0.54296875,-0.028776978
38,247,285,0.55664062,-0.73333333
21,270,291,0.56835938,-0.8556701
58,230,288,0.5625,-0.59722222
45,237,282,0.55078125,-0.68085106
40,247,287,0.56054688,-0.72125436
79,209,288,0.5625,-0.45138889
86,199,285,0.55664062,-0.39649123
62,230,292,0.5703125,-0.57534247
80,205,285,0.55664062,-0.43859649
99,192,291,0.56835938,-0.31958763
108,182,290,0.56640625,-0.25517241
161,122,283,0.55273438,0.13780919
219,86,305,0.59570312,0.43606557
205,85,290,0.56640625,0.4137931
221,73,294,0.57421875,0.50340136
103,170,273,0.53320312,-0.24542125
157,128,285,0.55664062,0.10175439
140,140,280,0.546875,0
152,129,281,0.54882812,0.081850534
98,189,287,0.56054688,-0.31707317
208,89,297,0.58007812,0.4006734
176,106,282,0.55078125,0.24822695
154,125,279,0.54492188,0.10394265
145,139,284,0.5546875,0.021126761
128,160,288,0.5625,-0.11111111
82,182,264,0.515625,-0.37878788
31,259,290,0.56640625,-0.7862069
68,215,283,0.55273438,-0.51943463
61,230,291,0.56835938,-0.58075601
52,237,289,0.56445312,-0.64013841
125,153,278,0.54296875,-0.10071942
107,172,279,0.54492188,-0.23297491
99,172,271,0.52929688,-0.26937269
37,247,284,0.5546875,-0.73943662
41,256,297,0.58007812,-0.72390572
40,261,301,0.58789062,-0.73421927
37,255,292,0.5703125,-0.74657534
136,160,296,0.578125,-0.081081081
64,211,275,0.53710938,-0.53454545
95,196,291,0.56835938,-0.34707904
61,219,280,0.546875,-0.56428571
53,246,299,0.58398438,-0.64548495
60,229,289,0.56445312,-0.58477509
44,239,283,0.55273438,-0.68904594
34,266,300,0.5859375,-0.77333333
90,205,295,0.57617188,-0.38983051
182,110,292,0.5703125,0.24657534
187,113,300,0.5859375,0.24666667
252,40,292,0.5703125,0.7260274
269,21,290,0.56640625,0.85517241
230,64,294,0.57421875,0.56462585
246,53,299,0.58398438,0.64548495
149,149,298,0.58203125,0
154,122,276,0.5390625,0.11594203
147,141,288,0.5625,0.020833333
133,153,286,0.55859375,-0.06993007
174,106,280,0.546875,0.24285714
233,56,289,0.56445312,0.61245675
252,39,291,0.56835938,0.73195876
239,48,287,0.56054688,0.66550523
255,44,299,0.58398438,0.70568562
283,9,292,0.5703125,0.93835616
254,30,284,0.5546875,0.78873239
294,12,306,0.59765625,0.92156863
251,38,289,0.56445312,0.73702422
229,50,279,0.54492188,0.64157706
184,109,293,0.57226562,0.2559727
133,149,282,0.55078125,-0.056737589
66,225,291,0.56835938,-0.54639175
135,136,271,0.52929688,-0.0036900369
43,256,299,0.58398438,-0.71237458
70,214,284,0.5546875,-0.50704225
73,223,296,0.578125,-0.50675676
124,170,294,0.57421875,-0.15646259
238,54,292,0.5703125,0.63013699
203,70,273,0.53320312,0.48717949
178,105,283,0.55273438,0.25795053
199,85,284,0.5546875,0.40140845
236,52,288,0.5625,0.63888889
200,79,279,0.54492188,0.43369176
184,110,294,0.57421875,0.25170068
156,126,282,0.55078125,0.10638298
219,76,295,0.57617188,0.48474576
183,103,286,0.55859375,0.27972028
194,96,290,0.56640625,0.33793103
222,72,294,0.57421875,0.51020408
156,131,287,0.56054688,0.087108014
207,74,281,0.54882812,0.47330961
257,46,303,0.59179688,0.69636964
222,73,295,0.57617188,0.50508475
171,110,281,0.54882812,0.21708185
120,165,285,0.55664062,-0.15789474
162,126,288,0.5625,0.125
171,107,278,0.54296875,0.23021583
166,117,283,0.55273438,0.17314488
146,143,289,0.56445312,0.010380623
86,196,282,0.55078125,-0.39007092
97,194,291,0.56835938,-0.33333333
84,198,282,0.55078125,-0.40425532
148,143,291,0.56835938,0.017182131
200,96,296,0.578125,0.35135135
126,146,272,0.53125,-0.073529412
124,171,295,0.57617188,-0.15932203
148,145,293,0.57226562,0.010238908
117,180,297,0.58007812,-0.21212121
183,98,281,0.54882812,0.3024911
180,120,300,0.5859375,0.2
184,104,288,0.5625,0.27777778
195,96,291,0.56835938,0.34020619
190,91,281,0.54882812,0.35231317
191,103,294,0.57421875,0.29931973
153,113,266,0.51953125,0.15037594
152,124,276,0.5390625,0.10144928
173,103,276,0.5390625,0.25362319
178,116,294,0.57421875,0.21088435
190,101,291,0.56835938,0.30584192
131,148,279,0.54492188,-0.0609319
128,160,288,0.5625,-0.11111111
185,101,286,0.55859375,0.29370629
180,109,289,0.56445312,0.24567474
206,86,292,0.5703125,0.4109589
195,100,295,0.57617188,0.3220339
217,75,292,0.5703125,0.48630137
149,135,284,0.5546875,0.049295775
181,107,288,0.5625,0.25694444
264,34,298,0.58203125,0.77181208
208,74,282,0.55078125,0.4751773
178,112,290,0.56640625,0.22758621
36,265,301,0.58789062,-0.76079734
49,243,292,0.5703125,-0.66438356
122,166,288,0.5625,-0.15277778
113,181,294,0.57421875,-0.23129252
112,164,276,0.5390625,-0.1884058
116,172,288,0.5625,-0.19444444
155,139,294,0.57421875,0.054421769
103,179,282,0.55078125,-0.26950355
93,183,276,0.5390625,-0.32608696
87,210,297,0.58007812,-0.41414141
73,212,285,0.55664062,-0.4877193
42,236,278,0.54296875,-0.69784173
59,223,282,0.55078125,-0.58156028
36,248,284,0.5546875,-0.74647887
125,166,291,0.56835938,-0.14089347
97,187,284,0.5546875,-0.31690141
76,206,282,0.55078125,-0.46099291
93,192,285,0.55664062,-0.34736842
118,168,286,0.55859375,-0.17482517
82,212,294,0.57421875,-0.44217687
100,183,283,0.55273438,-0.29328622
184,100,284,0.5546875,0.29577465
137,139,276,0.5390625,-0.0072463768
175,105,280,0.546875,0.25
202,94,296,0.578125,0.36486486
194,86,280,0.546875,0.38571429
139,145,284,0.5546875,-0.021126761
146,144,290,0.56640625,0.0068965517
56,233,289,0.56445312,-0.61245675
121,158,279,0.54492188,-0.13261649
92,202,294,0.57421875,-0.37414966
128,161,289,0.56445312,-0.11418685
190,88,278,0.54296875,0.36690647
169,110,279,0.54492188,0.21146953
186,98,284,0.5546875,0.30985915
172,123,295,0.57617188,0.16610169
209,69,278,0.54296875,0.50359712
96,185,281,0.54882812,-0.31672598
233,53,286,0.55859375,0.62937063
246,51,297,0.58007812,0.65656566
182,103,285,0.55664062,0.27719298
151,130,281,0.54882812,0.074733096
107,166,273,0.53320312,-0.21611722
193,98,291,0.56835938,0.32646048
142,134,276,0.5390625,0.028985507
144,133,277,0.54101562,0.039711191
156,131,287,0.56054688,0.087108014
166,118,284,0.5546875,0.16901408
143,143,286,0.55859375,0
156,118,274,0.53515625,0.13868613
154,128,282,0.55078125,0.092198582
255,41,296,0.578125,0.72297297
235,54,289,0.56445312,0.62629758
249,42,291,0.56835938,0.71134021
190,84,274,0.53515625,0.38686131
197,91,288,0.5625,0.36805556
201,95,296,0.578125,0.35810811
152,137,289,0.56445312,0.051903114
149,148,297,0.58007812,0.0033670034
193,73,266,0.51953125,0.45112782
163,126,289,0.56445312,0.12802768
160,129,289,0.56445312,0.10726644
88,188,276,0.5390625,-0.36231884
31,258,289,0.56445312,-0.78546713
85,205,290,0.56640625,-0.4137931
91,188,279,0.54492188,-0.34767025
38,249,287,0.56054688,-0.73519164
75,215,290,0.56640625,-0.48275862
115,170,285,0.55664062,-0.19298246
118,159,277,0.54101562,-0.14801444
125,150,275,0.53710938,-0.090909091
96,204,300,0.5859375,-0.36
85,202,287,0.56054688,-0.40766551
75,215,290,0.56640625,-0.48275862
75,213,288,0.5625,-0.47916667
48,243,291,0.56835938,-0.67010309
102,175,277,0.54101562,-0.26353791
97,189,286,0.55859375,-0.32167832
44,246,290,0.56640625,-0.69655172
118,169,287,0.56054688,-0.17770035
137,147,284,0.5546875,-0.035211268
113,181,294,0.57421875,-0.23129252
74,216,290,0.56640625,-0.48965517
33,254,287,0.56054688,-0.77003484
81,218,299,0.58398438,-0.45819398
132,159,291,0.56835938,-0.092783505
186,96,282,0.55078125,0.31914894
157,132,289,0.56445312,0.08650519
93,189,282,0.55078125,-0.34042553
119,171,290,0.56640625,-0.17931034
129,173,302,0.58984375,-0.14569536
103,186,289,0.56445312,-0.28719723
90,196,286,0.55859375,-0.37062937
148,145,293,0.57226562,0.010238908
182,104,286,0.55859375,0.27272727
182,112,294,0.57421875,0.23809524
236,57,293,0.57226562,0.6109215
252,37,289,0.56445312,0.74394464
244,57,301,0.58789062,0.62126246
185,104,289,0.56445312,0.28027682
168,98,266,0.51953125,0.26315789
179,115,294,0.57421875,0.21768707
120,167,287,0.56054688,-0.16376307
115,157,272,0.53125,-0.15441176
152,121,273,0.53320312,0.11355311
179,111,290,0.56640625,0.23448276
113,184,297,0.58007812,-0.23905724
143,141,284,0.5546875,0.0070422535
181,120,301,0.58789062,0.20265781
169,107,276,0.5390625,0.22463768
148,134,282,0.55078125,0.04964539
168,130,298,0.58203125,0.12751678
172,119,291,0.56835938,0.18213058
201,82,283,0.55273438,0.4204947
187,93,280,0.546875,0.33571429
222,91,313,0.61132812,0.41853035
241,52,293,0.57226562,0.64505119
297,12,309,0.60351562,0.9223301
198,91,289,0.56445312,0.37024221
97,168,265,0.51757812,-0.26792453
115,153,268,0.5234375,-0.14179104
53,241,294,0.57421875,-0.63945578
86,188,274,0.53515625,-0.37226277
112,175,287,0.56054688,-0.2195122
72,209,281,0.54882812,-0.48754448
90,197,287,0.56054688,-0.3728223
107,160,267,0.52148438,-0.19850187
127,139,266,0.51953125,-0.045112782
107,178,285,0.55664062,-0.24912281
135,148,283,0.55273438,-0.045936396
152,123,275,0.53710938,0.10545455
98,188,286,0.55859375,-0.31468531
68,224,292,0.5703125,-0.53424658
56,234,290,0.56640625,-0.6137931
91,203,294,0.57421875,-0.38095238
100,191,291,0.56835938,-0.31271478
108,182,290,0.56640625,-0.25517241
93,190,283,0.55273438,-0.34275618
88,192,280,0.546875,-0.37142857
60,234,294,0.57421875,-0.59183673
100,201,301,0.58789062,-0.33554817
122,167,289,0.56445312,-0.15570934
90,202,292,0.5703125,-0.38356164
142,148,290,0.56640625,-0.020689655
77,212,289,0.56445312,-0.46712803
78,208,286,0.55859375,-0.45454545
160,117,277,0.54101562,0.15523466
139,155,294,0.57421875,-0.054421769
98,177,275,0.53710938,-0.28727273
121,168,289,0.56445312,-0.16262976
88,208,296,0.578125,-0.40540541
132,157,289,0.56445312,-0.08650519
65,224,289,0.56445312,-0.55017301
88,194,282,0.55078125,-0.37588652
112,168,280,0.546875,-0.2
111,160,271,0.52929688,-0.18081181
76,214,290,0.56640625,-0.47586207
74,203,277,0.54101562,-0.46570397
31,260,291,0.56835938,-0.78694158
31,260,291,0.56835938,-0.78694158
57,233,290,0.56640625,-0.60689655
37,251,288,0.5625,-0.74305556
30,277,307,0.59960938,-0.80456026
121,157,278,0.54296875,-0.1294964
64,232,296,0.578125,-0.56756757
36,247,283,0.55273438,-0.74558304
35,268,303,0.59179688,-0.7689769
101,196,297,0.58007812,-0.31986532
102,183,285,0.55664062,-0.28421053
150,141,291,0.56835938,0.030927835
178,105,283,0.55273438,0.25795053
160,132,292,0.5703125,0.095890411
177,113,290,0.56640625,0.22068966
163,126,289,0.56445312,0.12802768
110,195,305,0.59570312,-0.27868852
87,202,289,0.56445312,-0.39792388
123,161,284,0.5546875,-0.13380282
121,165,286,0.55859375,-0.15384615
181,101,282,0.55078125,0.28368794
120,161,281,0.54882812,-0.14590747
130,138,268,0.5234375,-0.029850746
157,137,294,0.57421875,0.068027211
157,139,296,0.578125,0.060810811
97,183,280,0.546875,-0.30714286
155,124,279,0.54492188,0.11111111
207,97,304,0.59375,0.36184211
168,113,281,0.54882812,0.19572954
159,129,288,0.5625,0.10416667
169,127,296,0.578125,0.14189189
161,124,285,0.55664062,0.12982456
152,144,296,0.578125,0.027027027
99,197,296,0.578125,-0.33108108
41,253,294,0.57421875,-0.72108844
101,197,298,0.58203125,-0.32214765
84,198,282,0.55078125,-0.40425532
103,180,283,0.55273438,-0.27208481
153,134,287,0.56054688,0.066202091
233,61,294,0.57421875,0.58503401
173,122,295,0.57617188,0.17288136
60,220,280,0.546875,-0.57142857
132,152,284,0.5546875,-0.070422535
70,219,289,0.56445312,-0.51557093
81,210,291,0.56835938,-0.44329897
110,166,276,0.5390625,-0.20289855
192,96,288,0.5625,0.33333333
199,85,284,0.5546875,0.40140845
124,152,276,0.5390625,-0.10144928
140,137,277,0.54101562,0.010830325
199,82,281,0.54882812,0.41637011
122,154,276,0.5390625,-0.11594203
190,95,285,0.55664062,0.33333333
200,103,303,0.59179688,0.32013201
131,151,282,0.55078125,-0.070921986
161,107,268,0.5234375,0.20149254
153,136,289,0.56445312,0.058823529
102,184,286,0.55859375,-0.28671329
151,128,279,0.54492188,0.082437276
161,125,286,0.55859375,0.12587413
223,77,300,0.5859375,0.48666667
195,83,278,0.54296875,0.4028777
234,65,299,0.58398438,0.56521739
159,126,285,0.55664062,0.11578947
120,171,291,0.56835938,-0.17525773
211,81,292,0.5703125,0.44520548
149,147,296,0.578125,0.0067567568
150,130,280,0.546875,0.071428571
142,129,271,0.52929688,0.04797048
19,260,279,0.54492188,-0.86379928
44,225,269,0.52539062,-0.67286245
49,231,280,0.546875,-0.65
21,286,307,0.59960938,-0.86319218
50,243,293,0.57226562,-0.65870307
37,249,286,0.55859375,-0.74125874
104,170,274,0.53515625,-0.24087591
83,207,290,0.56640625,-0.42758621
180,104,284,0.5546875,0.26760563
137,147,284,0.5546875,-0.035211268
175,116,291,0.56835938,0.20274914
166,123,289,0.56445312,0.14878893
107,188,295,0.57617188,-0.27457627
60,241,301,0.58789062,-0.6013289
102,195,297,0.58007812,-0.31313131
163,126,289,0.56445312,0.12802768
179,115,294,0.57421875,0.21768707
213,71,284,0.5546875,0.5
183,98,281,0.54882812,0.3024911
249,47,296,0.578125,0.68243243
203,83,286,0.55859375,0.41958042
176,111,287,0.56054688,0.22648084
191,105,296,0.578125,0.29054054
253,53,306,0.59765625,0.65359477
227,64,291,0.56835938,0.56013746
186,111,297,0.58007812,0.25252525
260,35,295,0.57617188,0.76271186
192,99,291,0.56835938,0.31958763
217,58,275,0.53710938,0.57818182
275,17,292,0.5703125,0.88356164
240,37,277,0.54101562,0.73285199
212,60,272,0.53125,0.55882353
230,42,272,0.53125,0.69117647
215,85,300,0.5859375,0.43333333
131,159,290,0.56640625,-0.096551724
150,141,291,0.56835938,0.030927835
101,180,281,0.54882812,-0.28113879
70,231,301,0.58789062,-0.53488372
64,220,284,0.5546875,-0.54929577
111,165,276,0.5390625,-0.19565217
39,251,290,0.56640625,-0.73103448
61,224,285,0.55664062,-0.57192982
89,196,285,0.55664062,-0.3754386
151,124,275,0.53710938,0.098181818
132,135,267,0.52148438,-0.011235955
133,152,285,0.55664062,-0.066666667
70,208,278,0.54296875,-0.49640288
72,225,297,0.58007812,-0.51515152
72,211,283,0.55273438,-0.49116608
94,177,271,0.52929688,-0.30627306
115,176,291,0.56835938,-0.20962199
98,192,290,0.56640625,-0.32413793
44,247,291,0.56835938,-0.6975945
118,160,278,0.54296875,-0.15107914
152,138,290,0.56640625,0.048275862
215,73,288,0.5625,0.49305556
140,142,282,0.55078125,-0.0070921986
167,120,287,0.56054688,0.16376307
153,134,287,0.56054688,0.066202091
137,146,283,0.55273438,-0.03180212
102,195,297,0.58007812,-0.31313131
93,198,291,0.56835938,-0.36082474
43,237,280,0.546875,-0.69285714
68,221,289,0.56445312,-0.52941176
62,214,276,0.5390625,-0.55072464
101,174,275,0.53710938,-0.26545455
102,183,285,0.55664062,-0.28421053
76,201,277,0.54101562,-0.45126354
126,172,298,0.58203125,-0.15436242
76,209,285,0.55664062,-0.46666667
73,209,282,0.55078125,-0.4822695
53,237,290,0.56640625,-0.63448276
63,238,301,0.58789062,-0.58139535
47,256,303,0.59179688,-0.68976898
27,255,282,0.55078125,-0.80851064
51,238,289,0.56445312,-0.64705882
87,197,284,0.5546875,-0.38732394
44,252,296,0.578125,-0.7027027
12,293,305,0.59570312,-0.92131148
47,244,291,0.56835938,-0.67697595
145,128,273,0.53320312,0.062271062
80,197,277,0.54101562,-0.42238267
77,204,281,0.54882812,-0.4519573
178,109,287,0.56054688,0.24041812
158,126,284,0.5546875,0.11267606
147,143,290,0.56640625,0.013793103
182,105,287,0.56054688,0.26829268
214,63,277,0.54101562,0.54512635
161,121,282,0.55078125,0.14184397
93,181,274,0.53515625,-0.32116788
91,191,282,0.55078125,-0.35460993
159,125,284,0.5546875,0.11971831
58,223,281,0.54882812,-0.58718861
98,186,284,0.5546875,-0.30985915
46,249,295,0.57617188,-0.68813559
55,236,291,0.56835938,-0.62199313
63,227,290,0.56640625,-0.56551724
70,215,285,0.55664062,-0.50877193
89,202,291,0.56835938,-0.38831615
162,114,276,0.5390625,0.17391304
76,200,276,0.5390625,-0.44927536
93,177,270,0.52734375,-0.31111111
150,142,292,0.5703125,0.02739726
215,87,302,0.58984375,0.42384106
200,93,293,0.57226562,0.36518771
167,111,278,0.54296875,0.20143885
207,75,282,0.55078125,0.46808511
165,129,294,0.57421875,0.12244898
138,143,281,0.54882812,-0.017793594
211,76,287,0.56054688,0.47038328
163,114,277,0.54101562,0.17689531
103,178,281,0.54882812,-0.26690391
87,203,290,0.56640625,-0.4
132,162,294,0.57421875,-0.10204082
132,153,285,0.55664062,-0.073684211
154,140,294,0.57421875,0.047619048
155,135,290,0.56640625,0.068965517
171,109,280,0.546875,0.22142857
173,115,288,0.5625,0.20138889
178,97,275,0.53710938,0.29454545
192,88,280,0.546875,0.37142857
200,79,279,0.54492188,0.43369176
195,81,276,0.5390625,0.41304348
191,108,299,0.58398438,0.27759197
149,130,279,0.54492188,0.068100358
104,179,283,0.55273438,-0.26501767
143,149,292,0.5703125,-0.020547945
144,130,274,0.53515625,0.051094891
122,149,271,0.52929688,-0.099630996
106,169,275,0.53710938,-0.22909091
136,148,284,0.5546875,-0.042253521
160,122,282,0.55078125,0.13475177
191,100,291,0.56835938,0.31271478
236,54,290,0.56640625,0.62758621
201,101,302,0.58984375,0.33112583
134,153,287,0.56054688,-0.066202091
138,132,270,0.52734375,0.022222222
119,176,295,0.57617188,-0.19322034
140,140,280,0.546875,0
173,121,294,0.57421875,0.17687075
191,97,288,0.5625,0.32638889
214,75,289,0.56445312,0.48096886
192,89,281,0.54882812,0.36654804
196,101,297,0.58007812,0.31986532
160,114,274,0.53515625,0.16788321
196,88,284,0.5546875,0.38028169
194,90,284,0.5546875,0.36619718
214,82,296,0.578125,0.44594595
251,41,292,0.5703125,0.71917808
247,48,295,0.57617188,0.67457627
229,66,295,0.57617188,0.55254237
271,22,293,0.57226562,0.84982935
199,72,271,0.52929688,0.46863469
206,86,292,0.5703125,0.4109589
214,75,289,0.56445312,0.48096886
126,154,280,0.546875,-0.1
153,150,303,0.59179688,0.0099009901
191,87,278,0.54296875,0.37410072
103,181,284,0.5546875,-0.27464789
114,175,289,0.56445312,-0.21107266
93,188,281,0.54882812,-0.33807829
72,207,279,0.54492188,-0.48387097
141,150,291,0.56835938,-0.030927835
148,134,282,0.55078125,0.04964539
184,89,273,0.53320312,0.34798535
198,87,285,0.55664062,0.38947368
187,91,278,0.54296875,0.34532374
181,104,285,0.55664062,0.27017544
170,118,288,0.5625,0.18055556
166,111,277,0.54101562,0.19855596
161,116,277,0.54101562,0.16245487
204,69,273,0.53320312,0.49450549
136,145,281,0.54882812,-0.03202847
112,164,276,0.5390625,-0.1884058
194,94,288,0.5625,0.34722222
86,200,286,0.55859375,-0.3986014
185,98,283,0.55273438,0.30742049
242,46,288,0.5625,0.68055556
167,115,282,0.55078125,0.18439716
171,111,282,0.55078125,0.21276596
168,113,281,0.54882812,0.19572954
217,74,291,0.56835938,0.49140893
239,46,285,0.55664062,0.67719298
167,123,290,0.56640625,0.15172414
157,130,287,0.56054688,0.094076655
132,157,289,0.56445312,-0.08650519
174,122,296,0.578125,0.17567568
203,80,283,0.55273438,0.43462898
205,89,294,0.57421875,0.39455782
210,69,279,0.54492188,0.50537634
217,67,284,0.5546875,0.52816901
165,108,273,0.53320312,0.20879121
138,137,275,0.53710938,0.0036363636
162,130,292,0.5703125,0.10958904
177,112,289,0.56445312,0.22491349
181,108,289,0.56445312,0.25259516
162,132,294,0.57421875,0.10204082
142,152,294,0.57421875,-0.034013605
230,55,285,0.55664062,0.61403509
216,73,289,0.56445312,0.49480969
123,157,280,0.546875,-0.12142857
253,50,303,0.59179688,0.669967
233,48,281,0.54882812,0.65836299
169,127,296,0.578125,0.14189189
122,155,277,0.54101562,-0.11913357
93,196,289,0.56445312,-0.35640138
101,182,283,0.55273438,-0.28621908
203,84,287,0.56054688,0.41463415
172,113,285,0.55664062,0.20701754
138,140,278,0.54296875,-0.0071942446
111,167,278,0.54296875,-0.20143885
130,154,284,0.5546875,-0.084507042
219,67,286,0.55859375,0.53146853
140,145,285,0.55664062,-0.01754386
81,208,289,0.56445312,-0.43944637
200,83,283,0.55273438,0.41342756
104,190,294,0.57421875,-0.29251701
102,195,297,0.58007812,-0.31313131
57,227,284,0.5546875,-0.59859155
133,150,283,0.55273438,-0.060070671
182,109,291,0.56835938,0.25085911
165,134,299,0.58398438,0.10367893
209,77,286,0.55859375,0.46153846
242,53,295,0.57617188,0.64067797
162,115,277,0.54101562,0.16967509
176,103,279,0.54492188,0.26164875
178,98,276,0.5390625,0.28985507
184,100,284,0.5546875,0.29577465
184,107,291,0.56835938,0.26460481
219,82,301,0.58789062,0.4551495
199,86,285,0.55664062,0.39649123
155,134,289,0.56445312,0.07266436
229,61,290,0.56640625,0.57931034
209,73,282,0.55078125,0.4822695
232,71,303,0.59179688,0.53135314
267,37,304,0.59375,0.75657895
274,20,294,0.57421875,0.86394558
180,90,270,0.52734375,0.33333333
239,63,302,0.58984375,0.58278146
180,112,292,0.5703125,0.23287671
122,160,282,0.55078125,-0.13475177
163,135,298,0.58203125,0.093959732
214,81,295,0.57617188,0.45084746
180,103,283,0.55273438,0.27208481
76,210,286,0.55859375,-0.46853147
109,194,303,0.59179688,-0.28052805
163,120,283,0.55273438,0.15194346
251,30,281,0.54882812,0.78647687
215,58,273,0.53320312,0.57509158
235,58,293,0.57226562,0.60409556
208,75,283,0.55273438,0.46996466
207,78,285,0.55664062,0.45263158
197,85,282,0.55078125,0.39716312
225,48,273,0.53320312,0.64835165
235,58,293,0.57226562,0.60409556
272,27,299,0.58398438,0.81939799
275,29,304,0.59375,0.80921053
210,84,294,0.57421875,0.42857143
287,13,300,0.5859375,0.91333333
272,10,282,0.55078125,0.92907801
245,54,299,0.58398438,0.63879599
220,69,289,0.56445312,0.52249135
194,97,291,0.56835938,0.33333333
201,92,293,0.57226562,0.37201365
125,165,290,0.56640625,-0.13793103
176,102,278,0.54296875,0.26618705
181,105,286,0.55859375,0.26573427
201,83,284,0.5546875,0.41549296
251,43,294,0.57421875,0.70748299
226,65,291,0.56835938,0.5532646
265,36,301,0.58789062,0.76079734
243,56,299,0.58398438,0.62541806
111,170,281,0.54882812,-0.20996441
135,142,277,0.54101562,-0.025270758
102,185,287,0.56054688,-0.28919861
41,254,295,0.57617188,-0.7220339
29,272,301,0.58789062,-0.80730897
52,240,292,0.5703125,-0.64383562
118,165,283,0.55273438,-0.16607774
151,139,290,0.56640625,0.04137931
196,90,286,0.55859375,0.37062937
143,133,276,0.5390625,0.036231884
205,81,286,0.55859375,0.43356643
192,82,274,0.53515625,0.40145985
252,33,285,0.55664062,0.76842105
162,132,294,0.57421875,0.10204082
117,175,292,0.5703125,-0.19863014
175,106,281,0.54882812,0.2455516
252,50,302,0.58984375,0.66887417
213,68,281,0.54882812,0.51601423
170,120,290,0.56640625,0.17241379
131,149,280,0.546875,-0.064285714
97,190,287,0.56054688,-0.32404181
94,172,266,0.51953125,-0.29323308
135,154,289,0.56445312,-0.065743945
204,77,281,0.54882812,0.4519573
206,77,283,0.55273438,0.45583039
253,33,286,0.55859375,0.76923077
264,23,287,0.56054688,0.83972125
215,79,294,0.57421875,0.46258503
249,32,281,0.54882812,0.77224199
275,34,309,0.60351562,0.77993528
245,45,290,0.56640625,0.68965517
212,71,283,0.55273438,0.49823322
197,79,276,0.5390625,0.42753623
221,62,283,0.55273438,0.56183746
146,128,274,0.53515625,0.065693431
218,86,304,0.59375,0.43421053
154,119,273,0.53320312,0.12820513
55,235,290,0.56640625,-0.62068966
29,252,281,0.54882812,-0.79359431
73,215,288,0.5625,-0.49305556
122,164,286,0.55859375,-0.14685315
128,163,291,0.56835938,-0.12027491
117,190,307,0.59960938,-0.23778502
183,108,291,0.56835938,0.25773196
227,60,287,0.56054688,0.58188153
246,47,293,0.57226562,0.67918089
158,131,289,0.56445312,0.093425606
99,201,300,0.5859375,-0.34
106,195,301,0.58789062,-0.29568106
17,267,284,0.5546875,-0.88028169
70,226,296,0.578125,-0.52702703
88,205,293,0.57226562,-0.39931741
137,150,287,0.56054688,-0.045296167
81,205,286,0.55859375,-0.43356643
108,163,271,0.52929688,-0.20295203
49,228,277,0.54101562,-0.64620939
157,125,282,0.55078125,0.11347518
226,67,293,0.57226562,0.54266212
262,31,293,0.57226562,0.7883959
220,67,287,0.56054688,0.53310105
198,86,284,0.5546875,0.3943662
210,74,284,0.5546875,0.47887324
230,61,291,0.56835938,0.58075601
261,35,296,0.578125,0.76351351
239,42,281,0.54882812,0.70106762
114,185,299,0.58398438,-0.23745819
130,157,287,0.56054688,-0.094076655
123,155,278,0.54296875,-0.11510791
100,180,280,0.546875,-0.28571429
167,123,290,0.56640625,0.15172414
165,127,292,0.5703125,0.13013699
181,107,288,0.5625,0.25694444
185,100,285,0.55664062,0.29824561
211,72,283,0.55273438,0.49116608
220,63,283,0.55273438,0.55477032
189,89,278,0.54296875,0.35971223
230,66,296,0.578125,0.55405405
126,167,293,0.57226562,-0.13993174
147,127,274,0.53515625,0.072992701
139,140,279,0.54492188,-0.0035842294
166,127,293,0.57226562,0.1331058
110,187,297,0.58007812,-0.25925926
122,162,284,0.5546875,-0.14084507
139,149,288,0.5625,-0.034722222
204,78,282,0.55078125,0.44680851
243,40,283,0.55273438,0.71731449
244,49,293,0.57226562,0.66552901
155,138,293,0.57226562,0.058020478
108,179,287,0.56054688,-0.24738676
118,171,289,0.56445312,-0.183391
78,205,283,0.55273438,-0.44876325
86,196,282,0.55078125,-0.39007092
104,179,283,0.55273438,-0.26501767
91,201,292,0.5703125,-0.37671233
124,169,293,0.57226562,-0.15358362
130,153,283,0.55273438,-0.081272085
172,114,286,0.55859375,0.2027972
251,47,298,0.58203125,0.68456376
203,91,294,0.57421875,0.38095238
180,101,281,0.54882812,0.28113879
194,85,279,0.54492188,0.390681
101,196,297,0.58007812,-0.31986532
63,220,283,0.55273438,-0.55477032
21,273,294,0.57421875,-0.85714286
21,276,297,0.58007812,-0.85858586
20,271,291,0.56835938,-0.86254296
68,226,294,0.57421875,-0.53741497
27,256,283,0.55273438,-0.80918728
45,229,274,0.53515625,-0.67153285
129,152,281,0.54882812,-0.081850534
155,105,260,0.5078125,0.19230769
160,128,288,0.5625,0.11111111
135,149,284,0.5546875,-0.049295775
176,107,283,0.55273438,0.24381625
115,186,301,0.58789062,-0.2358804
134,147,281,0.54882812,-0.046263345
189,112,301,0.58789062,0.25581395
195,95,290,0.56640625,0.34482759
96,193,289,0.56445312,-0.33564014
86,208,294,0.57421875,-0.41496599
53,234,287,0.56054688,-0.63066202
112,167,279,0.54492188,-0.19713262
165,119,284,0.5546875,0.16197183
107,170,277,0.54101562,-0.22743682
132,153,285,0.55664062,-0.073684211
198,91,289,0.56445312,0.37024221
157,131,288,0.5625,0.090277778
183,103,286,0.55859375,0.27972028
147,134,281,0.54882812,0.046263345
163,120,283,0.55273438,0.15194346
149,123,272,0.53125,0.095588235
109,163,272,0.53125,-0.19852941
128,162,290,0.56640625,-0.11724138
98,200,298,0.58203125,-0.34228188
70,222,292,0.5703125,-0.52054795
105,181,286,0.55859375,-0.26573427
76,204,280,0.546875,-0.45714286
155,129,284,0.5546875,0.091549296
143,147,290,0.56640625,-0.013793103
206,87,293,0.57226562,0.40614334
230,64,294,0.57421875,0.56462585
155,129,284,0.5546875,0.091549296
103,189,292,0.5703125,-0.29452055
99,193,292,0.5703125,-0.32191781
91,202,293,0.57226562,-0.37883959
81,195,276,0.5390625,-0.41304348
100,194,294,0.57421875,-0.31972789
161,129,290,0.56640625,0.11034483
198,83,281,0.54882812,0.40925267
187,94,281,0.54882812,0.33096085
264,43,307,0.59960938,0.71986971
229,67,296,0.578125,0.5472973
169,125,294,0.57421875,0.14965986
124,156,280,0.546875,-0.11428571
123,145,268,0.5234375,-0.082089552
140,163,303,0.59179688,-0.075907591
114,167,281,0.54882812,-0.1886121
79,207,286,0.55859375,-0.44755245
156,135,291,0.56835938,0.072164948
188,111,299,0.58398438,0.25752508
192,94,286,0.55859375,0.34265734
222,64,286,0.55859375,0.55244755
267,32,299,0.58398438,0.78595318
258,41,299,0.58398438,0.72575251
211,84,295,0.57617188,0.43050847
135,150,285,0.55664062,-0.052631579
108,189,297,0.58007812,-0.27272727
142,144,286,0.55859375,-0.006993007
187,92,279,0.54492188,0.34050179
196,98,294,0.57421875,0.33333333
215,63,278,0.54296875,0.54676259
238,55,293,0.57226562,0.62457338
164,106,270,0.52734375,0.21481481
179,95,274,0.53515625,0.30656934
221,55,276,0.5390625,0.60144928
261,44,305,0.59570312,0.71147541
193,101,294,0.57421875,0.31292517
227,65,292,0.5703125,0.55479452
227,64,291,0.56835938,0.56013746
187,95,282,0.55078125,0.32624113
158,119,277,0.54101562,0.14079422
178,106,284,0.5546875,0.25352113
230,52,282,0.55078125,0.63120567
245,48,293,0.57226562,0.67235495
256,20,276,0.5390625,0.85507246
235,50,285,0.55664062,0.64912281
217,74,291,0.56835938,0.49140893
217,67,284,0.5546875,0.52816901
235,49,284,0.5546875,0.65492958
244,49,293,0.57226562,0.66552901
181,113,294,0.57421875,0.23129252
156,123,279,0.54492188,0.11827957
168,124,292,0.5703125,0.15068493
140,136,276,0.5390625,0.014492754
170,123,293,0.57226562,0.16040956
117,172,289,0.56445312,-0.19031142
132,161,293,0.57226562,-0.098976109
169,108,277,0.54101562,0.22021661
107,186,293,0.57226562,-0.26962457
75,199,274,0.53515625,-0.45255474
44,254,298,0.58203125,-0.70469799
70,214,284,0.5546875,-0.50704225
22,286,308,0.6015625,-0.85714286
90,191,281,0.54882812,-0.3594306
125,153,278,0.54296875,-0.10071942
142,145,287,0.56054688,-0.010452962
143,140,283,0.55273438,0.010600707
177,95,272,0.53125,0.30147059
135,151,286,0.55859375,-0.055944056
74,212,286,0.55859375,-0.48251748
76,207,283,0.55273438,-0.46289753
22,280,302,0.58984375,-0.85430464
42,253,295,0.57617188,-0.71525424
157,119,276,0.5390625,0.13768116
147,145,292,0.5703125,0.0068493151
138,142,280,0.546875,-0.014285714
218,69,287,0.56054688,0.51916376
189,85,274,0.53515625,0.37956204
164,114,278,0.54296875,0.17985612
192,107,299,0.58398438,0.28428094
228,55,283,0.55273438,0.61130742
199,91,290,0.56640625,0.37241379
269,22,291,0.56835938,0.84879725
270,20,290,0.56640625,0.86206897
224,70,294,0.57421875,0.52380952
140,140,280,0.546875,0
206,78,284,0.5546875,0.45070423
124,154,278,0.54296875,-0.10791367
125,160,285,0.55664062,-0.12280702
87,199,286,0.55859375,-0.39160839
182,117,299,0.58398438,0.2173913
230,47,277,0.54101562,0.66064982
168,113,281,0.54882812,0.19572954
150,137,287,0.56054688,0.045296167
112,170,282,0.55078125,-0.20567376
125,150,275,0.53710938,-0.090909091
157,128,285,0.55664062,0.10175439
115,166,281,0.54882812,-0.18149466
73,211,284,0.5546875,-0.48591549
78,206,284,0.5546875,-0.45070423
65,223,288,0.5625,-0.54861111
53,246,299,0.58398438,-0.64548495
46,228,274,0.53515625,-0.66423358
36,270,306,0.59765625,-0.76470588
76,219,295,0.57617188,-0.48474576
17,280,297,0.58007812,-0.88552189
30,256,286,0.55859375,-0.79020979
56,236,292,0.5703125,-0.61643836
163,113,276,0.5390625,0.18115942
200,91,291,0.56835938,0.37457045
196,92,288,0.5625,0.36111111
172,112,284,0.5546875,0.21126761
197,92,289,0.56445312,0.3633218
175,94,269,0.52539062,0.30111524
227,58,285,0.55664062,0.59298246
205,90,295,0.57617188,0.38983051
193,84,277,0.54101562,0.39350181
186,98,284,0.5546875,0.30985915
175,115,290,0.56640625,0.20689655
203,92,295,0.57617188,0.37627119
173,96,269,0.52539062,0.28624535
198,83,281,0.54882812,0.40925267
240,37,277,0.54101562,0.73285199
276,20,296,0.578125,0.86486486
246,44,290,0.56640625,0.69655172
142,160,302,0.58984375,-0.059602649
134,156,290,0.56640625,-0.075862069
203,92,295,0.57617188,0.37627119
236,63,299,0.58398438,0.57859532
228,74,302,0.58984375,0.50993377
201,78,279,0.54492188,0.44086022
272,22,294,0.57421875,0.85034014
148,134,282,0.55078125,0.04964539
118,164,282,0.55078125,-0.16312057
154,137,291,0.56835938,0.058419244
202,88,290,0.56640625,0.39310345
168,121,289,0.56445312,0.16262976
143,145,288,0.5625,-0.0069444444
135,143,278,0.54296875,-0.028776978
124,161,285,0.55664062,-0.12982456
123,162,285,0.55664062,-0.13684211
100,181,281,0.54882812,-0.28825623
121,165,286,0.55859375,-0.15384615
126,155,281,0.54882812,-0.10320285
94,186,280,0.546875,-0.32857143
29,254,283,0.55273438,-0.795053
51,244,295,0.57617188,-0.65423729
77,203,280,0.546875,-0.45
53,231,284,0.5546875,-0.62676056
85,205,290,0.56640625,-0.4137931
128,160,288,0.5625,-0.11111111
9,280,289,0.56445312,-0.93771626
63,219,282,0.55078125,-0.55319149
63,238,301,0.58789062,-0.58139535
74,218,292,0.5703125,-0.49315068
160,139,299,0.58398438,0.070234114
148,124,272,0.53125,0.088235294
175,106,281,0.54882812,0.2455516
194,88,282,0.55078125,0.37588652
194,96,290,0.56640625,0.33793103
64,231,295,0.57617188,-0.56610169
73,210,283,0.55273438,-0.48409894
100,183,283,0.55273438,-0.29328622
63,215,278,0.54296875,-0.54676259
85,204,289,0.56445312,-0.41176471
71,237,308,0.6015625,-0.53896104
133,162,295,0.57617188,-0.098305085
132,153,285,0.55664062,-0.073684211
203,81,284,0.5546875,0.42957746
182,112,294,0.57421875,0.23809524
212,59,271,0.52929688,0.56457565
203,96,299,0.58398438,0.35785953
117,183,300,0.5859375,-0.22
141,145,286,0.55859375,-0.013986014
75,213,288,0.5625,-0.47916667
138,141,279,0.54492188,-0.010752688
64,237,301,0.58789062,-0.57475083
88,203,291,0.56835938,-0.395189
80,214,294,0.57421875,-0.45578231
87,188,275,0.53710938,-0.36727273
152,133,285,0.55664062,0.066666667
131,161,292,0.5703125,-0.10273973
85,193,278,0.54296875,-0.38848921
127,173,300,0.5859375,-0.15333333
55,229,284,0.5546875,-0.61267606
49,241,290,0.56640625,-0.66206897
31,265,296,0.578125,-0.79054054
93,201,294,0.57421875,-0.36734694
152,139,291,0.56835938,0.04467354
225,56,281,0.54882812,0.60142349
250,39,289,0.56445312,0.73010381
237,56,293,0.57226562,0.61774744
257,39,296,0.578125,0.73648649
152,109,261,0.50976562,0.16475096
169,113,282,0.55078125,0.19858156
194,109,303,0.59179688,0.28052805
234,50,284,0.5546875,0.64788732
271,26,297,0.58007812,0.82491582
210,61,271,0.52929688,0.5498155
251,50,301,0.58789062,0.66777409
260,38,298,0.58203125,0.74496644
251,38,289,0.56445312,0.73702422
282,16,298,0.58203125,0.89261745
265,41,306,0.59765625,0.73202614
218,59,277,0.54101562,0.57400722
187,101,288,0.5625,0.29861111
189,91,280,0.546875,0.35
158,135,293,0.57226562,0.078498294
93,191,284,0.5546875,-0.34507042
66,223,289,0.56445312,-0.5432526
100,184,284,0.5546875,-0.29577465
79,210,289,0.56445312,-0.4532872
78,207,285,0.55664062,-0.45263158
53,221,274,0.53515625,-0.61313869
94,192,286,0.55859375,-0.34265734
176,101,277,0.54101562,0.27075812
100,191,291,0.56835938,-0.31271478
114,169,283,0.55273438,-0.19434629
235,51,286,0.55859375,0.64335664
211,73,284,0.5546875,0.48591549
135,153,288,0.5625,-0.0625
165,112,277,0.54101562,0.19133574
154,126,280,0.546875,0.1
189,105,294,0.57421875,0.28571429
157,130,287,0.56054688,0.094076655
159,126,285,0.55664062,0.11578947
150,138,288,0.5625,0.041666667
58,216,274,0.53515625,-0.57664234
103,192,295,0.57617188,-0.30169492
84,199,283,0.55273438,-0.40636042
173,111,284,0.5546875,0.21830986
131,158,289,0.56445312,-0.093425606
156,122,278,0.54296875,0.12230216
213,78,291,0.56835938,0.46391753
150,152,302,0.58984375,-0.0066225166
166,129,295,0.57617188,0.12542373
195,92,287,0.56054688,0.35888502
229,55,284,0.5546875,0.61267606
228,67,295,0.57617188,0.54576271
215,83,298,0.58203125,0.44295302
167,100,267,0.52148438,0.25093633
151,140,291,0.56835938,0.037800687
88,206,294,0.57421875,-0.40136054
100,185,285,0.55664062,-0.29824561
120,157,277,0.54101562,-0.13357401
132,146,278,0.54296875,-0.050359712
111,170,281,0.54882812,-0.20996441
40,245,285,0.55664062,-0.71929825
54,239,293,0.57226562,-0.63139932
52,240,292,0.5703125,-0.64383562
114,161,275,0.53710938,-0.17090909
53,235,288,0.5625,-0.63194444
47,252,299,0.58398438,-0.68561873
116,160,276,0.5390625,-0.15942029
146,141,287,0.56054688,0.017421603
51,241,292,0.5703125,-0.65068493
97,190,287,0.56054688,-0.32404181
117,170,287,0.56054688,-0.18466899
134,147,281,0.54882812,-0.046263345
35,284,319,0.62304688,-0.78056426
82,200,282,0.55078125,-0.41843972
56,220,276,0.5390625,-0.5942029
95,187,282,0.55078125,-0.32624113
41,251,292,0.5703125,-0.71917808
100,187,287,0.56054688,-0.30313589
172,111,283,0.55273438,0.2155477
154,139,293,0.57226562,0.051194539
185,113,298,0.58203125,0.24161074
193,97,290,0.56640625,0.33103448
226,61,287,0.56054688,0.57491289
258,27,285,0.55664062,0.81052632
234,50,284,0.5546875,0.64788732
274,22,296,0.578125,0.85135135
254,43,297,0.58007812,0.71043771
238,54,292,0.5703125,0.63013699
245,48,293,0.57226562,0.67235495
239,50,289,0.56445312,0.65397924
125,159,284,0.5546875,-0.11971831
126,151,277,0.54101562,-0.090252708
110,180,290,0.56640625,-0.24137931
139,147,286,0.55859375,-0.027972028
96,184,280,0.546875,-0.31428571
175,112,287,0.56054688,0.2195122
113,158,271,0.52929688,-0.16605166
170,108,278,0.54296875,0.22302158
169,117,286,0.55859375,0.18181818
142,141,283,0.55273438,0.0035335689
167,122,289,0.56445312,0.15570934
154,132,286,0.55859375,0.076923077
91,180,271,0.52929688,-0.32841328
102,188,290,0.56640625,-0.29655172
70,222,292,0.5703125,-0.52054795
78,206,284,0.5546875,-0.45070423
156,134,290,0.56640625,0.075862069
163,135,298,0.58203125,0.093959732
167,109,276,0.5390625,0.21014493
131,145,276,0.5390625,-0.050724638
142,148,290,0.56640625,-0.020689655
220,77,297,0.58007812,0.48148148
226,66,292,0.5703125,0.54794521
245,51,296,0.578125,0.65540541
216,60,276,0.5390625,0.56521739
221,72,293,0.57226562,0.50853242
196,83,279,0.54492188,0.40501792
168,114,282,0.55078125,0.19148936
167,121,288,0.5625,0.15972222
140,148,288,0.5625,-0.027777778
146,129,275,0.53710938,0.061818182
179,114,293,0.57226562,0.221843
133,144,277,0.54101562,-0.039711191
176,107,283,0.55273438,0.24381625
182,99,281,0.54882812,0.29537367
177,104,281,0.54882812,0.25978648
106,180,286,0.55859375,-0.25874126
213,68,281,0.54882812,0.51601423
185,112,297,0.58007812,0.24579125
207,82,289,0.56445312,0.43252595
198,94,292,0.5703125,0.35616438
172,120,292,0.5703125,0.17808219
198,89,287,0.56054688,0.37979094
193,90,283,0.55273438,0.3639576
191,92,283,0.55273438,0.34982332
159,138,297,0.58007812,0.070707071
154,143,297,0.58007812,0.037037037
68,239,307,0.59960938,-0.55700326
125,184,309,0.60351562,-0.19093851
135,157,292,0.5703125,-0.075342466
173,118,291,0.56835938,0.18900344
148,141,289,0.56445312,0.024221453
113,169,282,0.55078125,-0.19858156
104,165,269,0.52539062,-0.2267658
120,161,281,0.54882812,-0.14590747
160,120,280,0.546875,0.14285714
199,92,291,0.56835938,0.36769759
202,95,297,0.58007812,0.36026936
191,92,283,0.55273438,0.34982332
129,153,282,0.55078125,-0.085106383
181,105,286,0.55859375,0.26573427
235,49,284,0.5546875,0.65492958
190,92,282,0.55078125,0.34751773
113,178,291,0.56835938,-0.2233677
196,104,300,0.5859375,0.30666667
217,87,304,0.59375,0.42763158
184,89,273,0.53320312,0.34798535
250,40,290,0.56640625,0.72413793
254,32,286,0.55859375,0.77622378
281,17,298,0.58203125,0.88590604
180,95,275,0.53710938,0.30909091
149,153,302,0.58984375,-0.013245033
171,103,274,0.53515625,0.24817518
177,99,276,0.5390625,0.2826087
171,126,297,0.58007812,0.15151515
208,76,284,0.5546875,0.46478873
241,45,286,0.55859375,0.68531469
217,97,314,0.61328125,0.38216561
125,152,277,0.54101562,-0.097472924
103,185,288,0.5625,-0.28472222
105,179,284,0.5546875,-0.26056338
111,175,286,0.55859375,-0.22377622
71,188,259,0.50585938,-0.45173745
40,250,290,0.56640625,-0.72413793
90,192,282,0.55078125,-0.36170213
106,162,268,0.5234375,-0.20895522
95,191,286,0.55859375,-0.33566434
115,174,289,0.56445312,-0.20415225
90,211,301,0.58789062,-0.40199336
81,216,297,0.58007812,-0.45454545
113,180,293,0.57226562,-0.22866894
83,204,287,0.56054688,-0.42160279
85,215,300,0.5859375,-0.43333333
100,176,276,0.5390625,-0.27536232
89,196,285,0.55664062,-0.3754386
74,206,280,0.546875,-0.47142857
162,111,273,0.53320312,0.18681319
171,119,290,0.56640625,0.17931034
140,151,291,0.56835938,-0.037800687
196,93,289,0.56445312,0.35640138
196,91,287,0.56054688,0.36585366
188,93,281,0.54882812,0.33807829
224,55,279,0.54492188,0.60573477
249,41,290,0.56640625,0.71724138
268,28,296,0.578125,0.81081081
265,45,310,0.60546875,0.70967742
208,95,303,0.59179688,0.37293729
133,143,276,0.5390625,-0.036231884
127,161,288,0.5625,-0.11805556
102,174,276,0.5390625,-0.26086957
59,226,285,0.55664062,-0.58596491
78,203,281,0.54882812,-0.44483986
35,246,281,0.54882812,-0.75088968
136,141,277,0.54101562,-0.018050542
215,67,282,0.55078125,0.5248227
230,60,290,0.56640625,0.5862069
199,102,301,0.58789062,0.32225914
196,93,289,0.56445312,0.35640138
157,145,302,0.58984375,0.039735099
112,180,292,0.5703125,-0.23287671
64,228,292,0.5703125,-0.56164384
173,114,287,0.56054688,0.20557491
223,58,281,0.54882812,0.58718861
246,42,288,0.5625,0.70833333
243,50,293,0.57226562,0.65870307
152,146,298,0.58203125,0.020134228
158,133,291,0.56835938,0.085910653
89,181,270,0.52734375,-0.34074074
217,77,294,0.57421875,0.47619048
259,31,290,0.56640625,0.7862069
204,83,287,0.56054688,0.42160279
211,79,290,0.56640625,0.45517241
273,21,294,0.57421875,0.85714286
204,81,285,0.55664062,0.43157895
82,206,288,0.5625,-0.43055556
140,140,280,0.546875,0
161,122,283,0.55273438,0.13780919
196,93,289,0.56445312,0.35640138
188,94,282,0.55078125,0.33333333
224,59,283,0.55273438,0.58303887
130,149,279,0.54492188,-0.068100358
122,177,299,0.58398438,-0.18394649
50,223,273,0.53320312,-0.63369963
115,179,294,0.57421875,-0.21768707
109,176,285,0.55664062,-0.23508772
103,179,282,0.55078125,-0.26950355
82,214,296,0.578125,-0.44594595
91,194,285,0.55664062,-0.36140351
105,168,273,0.53320312,-0.23076923
144,145,289,0.56445312,-0.0034602076
146,141,287,0.56054688,0.017421603
152,121,273,0.53320312,0.11355311
131,160,291,0.56835938,-0.099656357
145,120,265,0.51757812,0.094339623
108,174,282,0.55078125,-0.23404255
110,176,286,0.55859375,-0.23076923
197,84,281,0.54882812,0.40213523
175,106,281,0.54882812,0.2455516
170,106,276,0.5390625,0.23188406
117,171,288,0.5625,-0.1875
34,267,301,0.58789062,-0.77408638
57,230,287,0.56054688,-0.60278746
58,228,286,0.55859375,-0.59440559
40,245,285,0.55664062,-0.71929825
53,239,292,0.5703125,-0.6369863
82,203,285,0.55664062,-0.4245614
110,171,281,0.54882812,-0.21708185
184,106,290,0.56640625,0.26896552
301,10,311,0.60742188,0.93569132
240,28,268,0.5234375,0.79104478
265,25,290,0.56640625,0.82758621
201,93,294,0.57421875,0.36734694
200,99,299,0.58398438,0.33779264
187,113,300,0.5859375,0.24666667
127,157,284,0.5546875,-0.1056338
41,251,292,0.5703125,-0.71917808
51,242,293,0.57226562,-0.65187713
24,270,294,0.57421875,-0.83673469
51,234,285,0.55664062,-0.64210526
77,196,273,0.53320312,-0.43589744
81,198,279,0.54492188,-0.41935484
52,237,289,0.56445312,-0.64013841
69,218,287,0.56054688,-0.51916376
61,231,292,0.5703125,-0.58219178
88,198,286,0.55859375,-0.38461538
57,230,287,0.56054688,-0.60278746
83,195,278,0.54296875,-0.4028777
115,180,295,0.57617188,-0.22033898
97,182,279,0.54492188,-0.3046595
59,219,278,0.54296875,-0.57553957
83,200,283,0.55273438,-0.41342756
99,196,295,0.57617188,-0.32881356
82,209,291,0.56835938,-0.43642612
47,230,277,0.54101562,-0.66064982
92,185,277,0.54101562,-0.33574007
42,248,290,0.56640625,-0.71034483
63,219,282,0.55078125,-0.55319149
62,232,294,0.57421875,-0.57823129
125,170,295,0.57617188,-0.15254237
159,117,276,0.5390625,0.15217391
110,181,291,0.56835938,-0.24398625
74,207,281,0.54882812,-0.47330961
181,111,292,0.5703125,0.23972603
129,161,290,0.56640625,-0.11034483
56,218,274,0.53515625,-0.59124088
128,150,278,0.54296875,-0.079136691
120,168,288,0.5625,-0.16666667
93,190,283,0.55273438,-0.34275618
77,221,298,0.58203125,-0.48322148
71,211,282,0.55078125,-0.4964539
72,201,273,0.53320312,-0.47252747
64,222,286,0.55859375,-0.55244755
47,248,295,0.57617188,-0.68135593
116,178,294,0.57421875,-0.21088435
106,175,281,0.54882812,-0.2455516
117,180,297,0.58007812,-0.21212121
83,208,291,0.56835938,-0.42955326
46,237,283,0.55273438,-0.67491166
81,211,292,0.5703125,-0.44520548
141,141,282,0.55078125,0
158,143,301,0.58789062,0.049833887
116,176,292,0.5703125,-0.20547945
88,187,275,0.53710938,-0.36
128,159,287,0.56054688,-0.10801394
144,145,289,0.56445312,-0.0034602076
133,152,285,0.55664062,-0.066666667
126,167,293,0.57226562,-0.13993174
134,155,289,0.56445312,-0.07266436
108,169,277,0.54101562,-0.22021661
162,130,292,0.5703125,0.10958904
183,97,280,0.546875,0.30714286
228,62,290,0.56640625,0.57241379
180,103,283,0.55273438,0.27208481
117,166,283,0.55273438,-0.17314488
155,137,292,0.5703125,0.061643836
203,75,278,0.54296875,0.46043165
155,136,291,0.56835938,0.065292096
87,203,290,0.56640625,-0.4
118,171,289,0.56445312,-0.183391
152,129,281,0.54882812,0.081850534
150,117,267,0.52148438,0.12359551
202,73,275,0.53710938,0.46909091
194,93,287,0.56054688,0.35191638
243,59,302,0.58984375,0.60927152
279,10,289,0.56445312,0.93079585
208,82,290,0.56640625,0.43448276
184,106,290,0.56640625,0.26896552
177,111,288,0.5625,0.22916667
119,170,289,0.56445312,-0.17647059
93,187,280,0.546875,-0.33571429
52,246,298,0.58203125,-0.65100671
95,190,285,0.55664062,-0.33333333
118,182,300,0.5859375,-0.21333333
147,136,283,0.55273438,0.038869258
124,156,280,0.546875,-0.11428571
197,78,275,0.53710938,0.43272727
219,68,287,0.56054688,0.5261324
185,89,274,0.53515625,0.35036496
208,86,294,0.57421875,0.41496599
142,133,275,0.53710938,0.032727273
200,95,295,0.57617188,0.3559322
202,85,287,0.56054688,0.40766551
201,91,292,0.5703125,0.37671233
238,62,300,0.5859375,0.58666667
178,95,273,0.53320312,0.3040293
81,202,283,0.55273438,-0.42756184
184,121,305,0.59570312,0.20655738
135,143,278,0.54296875,-0.028776978
41,247,288,0.5625,-0.71527778
29,251,280,0.546875,-0.79285714
35,252,287,0.56054688,-0.75609756
56,224,280,0.546875,-0.6
62,225,287,0.56054688,-0.56794425
56,235,291,0.56835938,-0.61512027
106,186,292,0.5703125,-0.2739726
116,164,280,0.546875,-0.17142857
104,188,292,0.5703125,-0.28767123
167,103,270,0.52734375,0.23703704
173,109,282,0.55078125,0.22695035
146,130,276,0.5390625,0.057971014
58,217,275,0.53710938,-0.57818182
65,221,286,0.55859375,-0.54545455
81,204,285,0.55664062,-0.43157895
28,263,291,0.56835938,-0.80756014
12,276,288,0.5625,-0.91666667
50,242,292,0.5703125,-0.65753425
64,225,289,0.56445312,-0.55709343
39,255,294,0.57421875,-0.73469388
18,270,288,0.5625,-0.875
58,222,280,0.546875,-0.58571429
77,216,293,0.57226562,-0.47440273
11,291,302,0.58984375,-0.92715232
72,211,283,0.55273438,-0.49116608
105,176,281,0.54882812,-0.25266904
76,211,287,0.56054688,-0.47038328
72,212,284,0.5546875,-0.49295775
78,225,303,0.59179688,-0.48514851
75,222,297,0.58007812,-0.49494949
19,277,296,0.578125,-0.87162162
62,227,289,0.56445312,-0.57093426
151,136,287,0.56054688,0.052264808
144,128,272,0.53125,0.058823529
145,133,278,0.54296875,0.043165468
88,207,295,0.57617188,-0.40338983
77,217,294,0.57421875,-0.47619048
135,149,284,0.5546875,-0.049295775
91,190,281,0.54882812,-0.35231317
87,197,284,0.5546875,-0.38732394
102,186,288,0.5625,-0.29166667
24,274,298,0.58203125,-0.83892617
36,257,293,0.57226562,-0.75426621
82,186,268,0.5234375,-0.3880597
177,104,281,0.54882812,0.25978648
148,131,279,0.54492188,0.0609319
196,96,292,0.5703125,0.34246575
213,73,286,0.55859375,0.48951049
239,60,299,0.58398438,0.59866221
210,81,291,0.56835938,0.44329897
194,95,289,0.56445312,0.34256055
260,32,292,0.5703125,0.78082192
159,123,282,0.55078125,0.12765957
163,122,285,0.55664062,0.14385965
184,121,305,0.59570312,0.20655738
134,151,285,0.55664062,-0.059649123
89,210,299,0.58398438,-0.40468227
103,180,283,0.55273438,-0.27208481
55,234,289,0.56445312,-0.61937716
58,226,284,0.5546875,-0.5915493
61,228,289,0.56445312,-0.57785467
90,212,302,0.58984375,-0.40397351
112,178,290,0.56640625,-0.22758621
54,238,292,0.5703125,-0.63013699
108,151,259,0.50585938,-0.16602317
180,107,287,0.56054688,0.2543554
90,196,286,0.55859375,-0.37062937
98,186,284,0.5546875,-0.30985915
69,215,284,0.5546875,-0.51408451
23,274,297,0.58007812,-0.84511785
67,228,295,0.57617188,-0.54576271
110,174,284,0.5546875,-0.22535211
102,186,288,0.5625,-0.29166667
58,239,297,0.58007812,-0.60942761
95,190,285,0.55664062,-0.33333333
181,107,288,0.5625,0.25694444
202,77,279,0.54492188,0.44802867
250,46,296,0.578125,0.68918919
153,135,288,0.5625,0.0625
157,112,269,0.52539062,0.16728625
133,148,281,0.54882812,-0.053380783
199,79,278,0.54296875,0.43165468
93,192,285,0.55664062,-0.34736842
90,203,293,0.57226562,-0.38566553
90,191,281,0.54882812,-0.3594306
166,138,304,0.59375,0.092105263
90,194,284,0.5546875,-0.36619718
58,225,283,0.55273438,-0.59010601
53,228,281,0.54882812,-0.6227758
25,267,292,0.5703125,-0.82876712
78,209,287,0.56054688,-0.45644599
69,222,291,0.56835938,-0.5257732
131,153,284,0.5546875,-0.077464789
158,120,278,0.54296875,0.13669065
229,57,286,0.55859375,0.6013986
233,53,286,0.55859375,0.62937063
255,46,301,0.58789062,0.69435216
196,86,282,0.55078125,0.39007092
250,41,291,0.56835938,0.71821306
266,22,288,0.5625,0.84722222
254,49,303,0.59179688,0.67656766
203,101,304,0.59375,0.33552632
88,198,286,0.55859375,-0.38461538
68,218,286,0.55859375,-0.52447552
56,238,294,0.57421875,-0.61904762
15,288,303,0.59179688,-0.9009901
20,264,284,0.5546875,-0.85915493
39,260,299,0.58398438,-0.73913043
70,225,295,0.57617188,-0.52542373
81,209,290,0.56640625,-0.44137931
54,240,294,0.57421875,-0.63265306
108,185,293,0.57226562,-0.26279863
89,189,278,0.54296875,-0.35971223
131,153,284,0.5546875,-0.077464789
66,225,291,0.56835938,-0.54639175
84,207,291,0.56835938,-0.42268041
123,178,301,0.58789062,-0.18272425
153,136,289,0.56445312,0.058823529
125,151,276,0.5390625,-0.094202899
222,59,281,0.54882812,0.58007117
251,49,300,0.5859375,0.67333333
243,51,294,0.57421875,0.65306122
249,38,287,0.56054688,0.73519164
262,31,293,0.57226562,0.7883959
254,34,288,0.5625,0.76388889
193,84,277,0.54101562,0.39350181
192,87,279,0.54492188,0.37634409
75,211,286,0.55859375,-0.47552448
213,76,289,0.56445312,0.47404844
229,69,298,0.58203125,0.53691275
135,135,270,0.52734375,0
88,202,290,0.56640625,-0.39310345
85,200,285,0.55664062,-0.40350877
74,218,292,0.5703125,-0.49315068
50,235,285,0.55664062,-0.64912281
57,231,288,0.5625,-0.60416667
52,216,268,0.5234375,-0.6119403
39,253,292,0.5703125,-0.73287671
66,215,281,0.54882812,-0.53024911
96,185,281,0.54882812,-0.31672598
177,126,303,0.59179688,0.16831683
187,93,280,0.546875,0.33571429
200,77,277,0.54101562,0.44404332
211,80,291,0.56835938,0.45017182
117,165,282,0.55078125,-0.17021277
145,144,289,0.56445312,0.0034602076
122,160,282,0.55078125,-0.13475177
132,134,266,0.51953125,-0.007518797
142,148,290,0.56640625,-0.020689655
165,117,282,0.55078125,0.17021277
220,67,287,0.56054688,0.53310105
208,95,303,0.59179688,0.37293729
163,125,288,0.5625,0.13194444
142,141,283,0.55273438,0.0035335689
192,77,269,0.52539062,0.42750929
200,78,278,0.54296875,0.43884892
242,44,286,0.55859375,0.69230769
203,70,273,0.53320312,0.48717949
193,77,270,0.52734375,0.42962963
116,166,282,0.55078125,-0.17730496
140,154,294,0.57421875,-0.047619048
133,166,299,0.58398438,-0.11036789
149,149,298,0.58203125,0
112,172,284,0.5546875,-0.21126761
164,124,288,0.5625,0.13888889
214,67,281,0.54882812,0.52313167
236,50,286,0.55859375,0.65034965
254,36,290,0.56640625,0.75172414
263,45,308,0.6015625,0.70779221
232,54,286,0.55859375,0.62237762
178,102,280,0.546875,0.27142857
151,146,297,0.58007812,0.016835017
201,81,282,0.55078125,0.42553191
186,102,288,0.5625,0.29166667
151,128,279,0.54492188,0.082437276
147,135,282,0.55078125,0.042553191
209,84,293,0.57226562,0.42662116
174,96,270,0.52734375,0.28888889
247,45,292,0.5703125,0.69178082
204,93,297,0.58007812,0.37373737
194,95,289,0.56445312,0.34256055
236,43,279,0.54492188,0.69175627
177,116,293,0.57226562,0.20819113
184,98,282,0.55078125,0.30496454
248,33,281,0.54882812,0.76512456
266,18,284,0.5546875,0.87323944
215,71,286,0.55859375,0.5034965
154,126,280,0.546875,0.1
157,117,274,0.53515625,0.1459854
105,165,270,0.52734375,-0.22222222
64,225,289,0.56445312,-0.55709343
72,211,283,0.55273438,-0.49116608
169,112,281,0.54882812,0.20284698
159,131,290,0.56640625,0.096551724
159,119,278,0.54296875,0.14388489
171,129,300,0.5859375,0.14
203,96,299,0.58398438,0.35785953
154,124,278,0.54296875,0.10791367
168,116,284,0.5546875,0.18309859
89,190,279,0.54492188,-0.36200717
105,182,287,0.56054688,-0.26829268
151,135,286,0.55859375,0.055944056
128,148,276,0.5390625,-0.072463768
118,150,268,0.5234375,-0.11940299
83,212,295,0.57617188,-0.43728814
99,202,301,0.58789062,-0.34219269
189,99,288,0.5625,0.3125
106,201,307,0.59960938,-0.30944625
89,202,291,0.56835938,-0.38831615
19,278,297,0.58007812,-0.87205387
50,241,291,0.56835938,-0.65635739
50,250,300,0.5859375,-0.66666667
140,156,296,0.578125,-0.054054054
128,139,267,0.52148438,-0.041198502
147,130,277,0.54101562,0.061371841
132,146,278,0.54296875,-0.050359712
156,133,289,0.56445312,0.079584775
81,199,280,0.546875,-0.42142857
49,233,282,0.55078125,-0.65248227
47,244,291,0.56835938,-0.67697595
81,202,283,0.55273438,-0.42756184
113,166,279,0.54492188,-0.18996416
174,107,281,0.54882812,0.23843416
161,121,282,0.55078125,0.14184397
185,108,293,0.57226562,0.26279863
200,87,287,0.56054688,0.39372822
155,139,294,0.57421875,0.054421769
174,114,288,0.5625,0.20833333
172,123,295,0.57617188,0.16610169
145,145,290,0.56640625,0
112,193,305,0.59570312,-0.26557377
147,143,290,0.56640625,0.013793103
129,145,274,0.53515625,-0.058394161
137,149,286,0.55859375,-0.041958042
138,144,282,0.55078125,-0.021276596
123,159,282,0.55078125,-0.12765957
194,98,292,0.5703125,0.32876712
207,70,277,0.54101562,0.49458484
181,98,279,0.54492188,0.29749104
208,87,295,0.57617188,0.41016949
174,118,292,0.5703125,0.19178082
234,57,291,0.56835938,0.60824742
199,82,281,0.54882812,0.41637011
139,149,288,0.5625,-0.034722222
187,100,287,0.56054688,0.30313589
157,134,291,0.56835938,0.079037801
182,93,275,0.53710938,0.32363636
182,105,287,0.56054688,0.26829268
138,146,284,0.5546875,-0.028169014
172,109,281,0.54882812,0.22419929
141,135,276,0.5390625,0.02173913
132,135,267,0.52148438,-0.011235955
147,142,289,0.56445312,0.017301038
100,190,290,0.56640625,-0.31034483
129,145,274,0.53515625,-0.058394161
196,100,296,0.578125,0.32432432
166,115,281,0.54882812,0.18149466
151,139,290,0.56640625,0.04137931
67,229,296,0.578125,-0.5472973
41,247,288,0.5625,-0.71527778
53,231,284,0.5546875,-0.62676056
37,264,301,0.58789062,-0.75415282
60,226,286,0.55859375,-0.58041958
86,192,278,0.54296875,-0.38129496
87,193,280,0.546875,-0.37857143
65,216,281,0.54882812,-0.53736655
115,160,275,0.53710938,-0.16363636
72,209,281,0.54882812,-0.48754448
68,233,301,0.58789062,-0.54817276
69,213,282,0.55078125,-0.5106383
46,261,307,0.59960938,-0.70032573
96,182,278,0.54296875,-0.30935252
119,161,280,0.546875,-0.15
159,140,299,0.58398438,0.063545151
129,159,288,0.5625,-0.10416667
129,148,277,0.54101562,-0.068592058
76,221,297,0.58007812,-0.48821549
89,189,278,0.54296875,-0.35971223
145,129,274,0.53515625,0.058394161
140,151,291,0.56835938,-0.037800687
278,11,289,0.56445312,0.92387543
268,37,305,0.59570312,0.75737705
193,72,265,0.51757812,0.45660377
239,43,282,0.55078125,0.69503546
112,171,283,0.55273438,-0.20848057
154,148,302,0.58984375,0.01986755
226,66,292,0.5703125,0.54794521
212,67,279,0.54492188,0.51971326
218,74,292,0.5703125,0.49315068
235,56,291,0.56835938,0.61512027
218,85,303,0.59179688,0.43894389
200,76,276,0.5390625,0.44927536
170,102,272,0.53125,0.25
102,187,289,0.56445312,-0.29411765
104,199,303,0.59179688,-0.31353135
188,105,293,0.57226562,0.28327645
190,104,294,0.57421875,0.29251701
128,156,284,0.5546875,-0.098591549
136,150,286,0.55859375,-0.048951049
174,114,288,0.5625,0.20833333
90,191,281,0.54882812,-0.3594306
149,141,290,0.56640625,0.027586207
184,100,284,0.5546875,0.29577465
189,90,279,0.54492188,0.35483871
222,62,284,0.5546875,0.56338028
228,62,290,0.56640625,0.57241379
188,102,290,0.56640625,0.29655172
166,115,281,0.54882812,0.18149466
161,126,287,0.56054688,0.12195122
148,140,288,0.5625,0.027777778
170,132,302,0.58984375,0.12582781
134,156,290,0.56640625,-0.075862069
132,160,292,0.5703125,-0.095890411
197,87,284,0.5546875,0.38732394
233,62,295,0.57617188,0.57966102
180,118,298,0.58203125,0.20805369
176,108,284,0.5546875,0.23943662
197,82,279,0.54492188,0.41218638
201,89,290,0.56640625,0.3862069
234,55,289,0.56445312,0.61937716
203,78,281,0.54882812,0.44483986
161,136,297,0.58007812,0.084175084
175,102,277,0.54101562,0.26353791
119,190,309,0.60351562,-0.22977346
183,97,280,0.546875,0.30714286
94,201,295,0.57617188,-0.36271186
155,134,289,0.56445312,0.07266436
153,140,293,0.57226562,0.044368601
188,100,288,0.5625,0.30555556
113,167,280,0.546875,-0.19285714
126,163,289,0.56445312,-0.12802768
181,108,289,0.56445312,0.25259516
219,75,294,0.57421875,0.48979592
185,101,286,0.55859375,0.29370629
115,171,286,0.55859375,-0.1958042
87,205,292,0.5703125,-0.40410959
82,186,268,0.5234375,-0.3880597
152,129,281,0.54882812,0.081850534
215,73,288,0.5625,0.49305556
191,109,300,0.5859375,0.27333333
93,198,291,0.56835938,-0.36082474
38,242,280,0.546875,-0.72857143
52,238,290,0.56640625,-0.64137931
36,252,288,0.5625,-0.75
41,240,281,0.54882812,-0.70818505
58,228,286,0.55859375,-0.59440559
69,211,280,0.546875,-0.50714286
110,188,298,0.58203125,-0.26174497
65,218,283,0.55273438,-0.54063604
85,200,285,0.55664062,-0.40350877
69,218,287,0.56054688,-0.51916376
38,231,269,0.52539062,-0.71747212
32,265,297,0.58007812,-0.78451178
37,248,285,0.55664062,-0.74035088
166,110,276,0.5390625,0.20289855
55,226,281,0.54882812,-0.60854093
78,215,293,0.57226562,-0.46757679
115,184,299,0.58398438,-0.23076923
64,215,279,0.54492188,-0.54121864
93,174,267,0.52148438,-0.30337079
134,160,294,0.57421875,-0.088435374
179,111,290,0.56640625,0.23448276
245,49,294,0.57421875,0.66666667
199,76,275,0.53710938,0.44727273
113,172,285,0.55664062,-0.20701754
74,211,285,0.55664062,-0.48070175
102,176,278,0.54296875,-0.26618705
93,194,287,0.56054688,-0.35191638
121,172,293,0.57226562,-0.17406143
61,228,289,0.56445312,-0.57785467
95,188,283,0.55273438,-0.32862191
179,100,279,0.54492188,0.28315412
200,81,281,0.54882812,0.42348754
216,67,283,0.55273438,0.52650177
187,82,269,0.52539062,0.39033457
212,83,295,0.57617188,0.43728814
211,62,273,0.53320312,0.54578755
190,107,297,0.58007812,0.27946128
186,90,276,0.5390625,0.34782609
176,102,278,0.54296875,0.26618705
188,97,285,0.55664062,0.31929825
114,167,281,0.54882812,-0.1886121
172,124,296,0.578125,0.16216216
159,125,284,0.5546875,0.11971831
159,110,269,0.52539062,0.18215613
41,252,293,0.57226562,-0.72013652
70,219,289,0.56445312,-0.51557093
103,187,290,0.56640625,-0.28965517
202,87,289,0.56445312,0.39792388
97,200,297,0.58007812,-0.34680135
108,168,276,0.5390625,-0.2173913
123,176,299,0.58398438,-0.17725753
106,178,284,0.5546875,-0.25352113
139,144,283,0.55273438,-0.017667845
84,197,281,0.54882812,-0.40213523
49,230,279,0.54492188,-0.64874552
109,178,287,0.56054688,-0.24041812
205,83,288,0.5625,0.42361111
98,186,284,0.5546875,-0.30985915
60,238,298,0.58203125,-0.59731544
125,171,296,0.578125,-0.15540541
168,127,295,0.57617188,0.13898305
162,137,299,0.58398438,0.08361204
175,100,275,0.53710938,0.27272727
194,92,286,0.55859375,0.35664336
92,209,301,0.58789062,-0.38870432
108,189,297,0.58007812,-0.27272727
61,231,292,0.5703125,-0.58219178
84,194,278,0.54296875,-0.39568345
52,234,286,0.55859375,-0.63636364
58,226,284,0.5546875,-0.5915493
28,265,293,0.57226562,-0.80887372
31,262,293,0.57226562,-0.7883959
27,255,282,0.55078125,-0.80851064
131,157,288,0.5625,-0.090277778
103,181,284,0.5546875,-0.27464789
145,131,276,0.5390625,0.050724638
86,198,284,0.5546875,-0.3943662
96,188,284,0.5546875,-0.32394366
62,235,297,0.58007812,-0.58249158
42,243,285,0.55664062,-0.70526316
30,274,304,0.59375,-0.80263158
54,226,280,0.546875,-0.61428571
108,179,287,0.56054688,-0.24738676
79,211,290,0.56640625,-0.45517241
128,169,297,0.58007812,-0.13804714
37,254,291,0.56835938,-0.74570447
22,269,291,0.56835938,-0.84879725
26,253,279,0.54492188,-0.81362007
23,280,303,0.59179688,-0.84818482
83,207,290,0.56640625,-0.42758621
109,186,295,0.57617188,-0.26101695
71,227,298,0.58203125,-0.52348993
107,165,272,0.53125,-0.21323529
183,115,298,0.58203125,0.22818792
165,132,297,0.58007812,0.11111111
142,146,288,0.5625,-0.013888889
177,97,274,0.53515625,0.2919708
142,147,289,0.56445312,-0.017301038
60,235,295,0.57617188,-0.59322034
91,200,291,0.56835938,-0.37457045
81,204,285,0.55664062,-0.43157895
100,180,280,0.546875,-0.28571429
55,225,280,0.546875,-0.60714286
40,254,294,0.57421875,-0.72789116
139,145,284,0.5546875,-0.021126761
137,146,283,0.55273438,-0.03180212
144,134,278,0.54296875,0.035971223
180,95,275,0.53710938,0.30909091
153,121,274,0.53515625,0.11678832
131,161,292,0.5703125,-0.10273973
54,236,290,0.56640625,-0.62758621
90,203,293,0.57226562,-0.38566553
83,210,293,0.57226562,-0.4334471
157,133,290,0.56640625,0.082758621
105,179,284,0.5546875,-0.26056338
87,193,280,0.546875,-0.37857143
53,239,292,0.5703125,-0.6369863
121,167,288,0.5625,-0.15972222
64,223,287,0.56054688,-0.55400697
90,191,281,0.54882812,-0.3594306
126,156,282,0.55078125,-0.10638298
146,147,293,0.57226562,-0.0034129693
71,200,271,0.52929688,-0.47601476
110,174,284,0.5546875,-0.22535211
122,159,281,0.54882812,-0.1316726
93,184,277,0.54101562,-0.32851986
182,114,296,0.578125,0.22972973
175,110,285,0.55664062,0.22807018
195,81,276,0.5390625,0.41304348
252,45,297,0.58007812,0.6969697
188,98,286,0.55859375,0.31468531
101,194,295,0.57617188,-0.31525424
125,154,279,0.54492188,-0.10394265
89,198,287,0.56054688,-0.37979094
92,201,293,0.57226562,-0.37201365
77,210,287,0.56054688,-0.46341463
56,220,276,0.5390625,-0.5942029
66,212,278,0.54296875,-0.52517986
17,259,276,0.5390625,-0.87681159
34,248,282,0.55078125,-0.75886525
61,224,285,0.55664062,-0.57192982
34,255,289,0.56445312,-0.76470588
185,104,289,0.56445312,0.28027682
174,107,281,0.54882812,0.23843416
126,154,280,0.546875,-0.1
122,180,302,0.58984375,-0.19205298
65,225,290,0.56640625,-0.55172414
61,229,290,0.56640625,-0.57931034
70,224,294,0.57421875,-0.52380952
52,235,287,0.56054688,-0.63763066
128,157,285,0.55664062,-0.10175439
139,140,279,0.54492188,-0.0035842294
153,134,287,0.56054688,0.066202091
134,147,281,0.54882812,-0.046263345
59,232,291,0.56835938,-0.59450172
41,243,284,0.5546875,-0.71126761
99,190,289,0.56445312,-0.31487889
141,132,273,0.53320312,0.032967033
221,73,294,0.57421875,0.50340136
112,179,291,0.56835938,-0.23024055
126,158,284,0.5546875,-0.11267606
120,170,290,0.56640625,-0.17241379
92,187,279,0.54492188,-0.34050179
131,145,276,0.5390625,-0.050724638
204,76,280,0.546875,0.45714286
181,101,282,0.55078125,0.28368794
178,99,277,0.54101562,0.28519856
123,154,277,0.54101562,-0.11191336
188,105,293,0.57226562,0.28327645
254,34,288,0.5625,0.76388889
287,6,293,0.57226562,0.95904437
252,32,284,0.5546875,0.77464789
189,96,285,0.55664062,0.32631579
204,84,288,0.5625,0.41666667
213,76,289,0.56445312,0.47404844
264,47,311,0.60742188,0.6977492
221,68,289,0.56445312,0.52941176
200,82,282,0.55078125,0.41843972
151,137,288,0.5625,0.048611111
113,178,291,0.56835938,-0.2233677
129,145,274,0.53515625,-0.058394161
163,116,279,0.54492188,0.16845878
163,116,279,0.54492188,0.16845878
122,182,304,0.59375,-0.19736842
56,213,269,0.52539062,-0.58364312
104,181,285,0.55664062,-0.27017544
164,126,290,0.56640625,0.13103448
202,82,284,0.5546875,0.42253521
156,111,267,0.52148438,0.16853933
100,175,275,0.53710938,-0.27272727
134,158,292,0.5703125,-0.082191781
262,30,292,0.5703125,0.79452055
244,36,280,0.546875,0.74285714
238,67,305,0.59570312,0.56065574
185,108,293,0.57226562,0.26279863
113,164,277,0.54101562,-0.18411552
86,188,274,0.53515625,-0.37226277
62,232,294,0.57421875,-0.57823129
81,203,284,0.5546875,-0.42957746
104,200,304,0.59375,-0.31578947
29,256,285,0.55664062,-0.79649123
66,234,300,0.5859375,-0.56
148,142,290,0.56640625,0.020689655
58,229,287,0.56054688,-0.59581882
83,201,284,0.5546875,-0.41549296
98,186,284,0.5546875,-0.30985915
111,170,281,0.54882812,-0.20996441
114,183,297,0.58007812,-0.23232323
71,224,295,0.57617188,-0.51864407
62,238,300,0.5859375,-0.58666667
20,270,290,0.56640625,-0.86206897
105,182,287,0.56054688,-0.26829268
116,158,274,0.53515625,-0.15328467
151,144,295,0.57617188,0.023728814
135,145,280,0.546875,-0.035714286
85,198,283,0.55273438,-0.39929329
36,253,289,0.56445312,-0.75086505
62,212,274,0.53515625,-0.54744526
15,273,288,0.5625,-0.89583333
31,254,285,0.55664062,-0.78245614
57,239,296,0.578125,-0.61486486
81,213,294,0.57421875,-0.44897959
109,177,286,0.55859375,-0.23776224
99,192,291,0.56835938,-0.31958763
152,134,286,0.55859375,0.062937063
238,59,297,0.58007812,0.6026936
209,70,279,0.54492188,0.49820789
145,132,277,0.54101562,0.046931408
125,171,296,0.578125,-0.15540541
102,184,286,0.55859375,-0.28671329
174,107,281,0.54882812,0.23843416
201,88,289,0.56445312,0.39100346
192,94,286,0.55859375,0.34265734
164,124,288,0.5625,0.13888889
144,143,287,0.56054688,0.0034843206
148,134,282,0.55078125,0.04964539
133,147,280,0.546875,-0.05
187,94,281,0.54882812,0.33096085
130,165,295,0.57617188,-0.11864407
146,136,282,0.55078125,0.035460993
140,158,298,0.58203125,-0.060402685
192,102,294,0.57421875,0.30612245
260,44,304,0.59375,0.71052632
284,13,297,0.58007812,0.91245791
180,110,290,0.56640625,0.24137931
115,177,292,0.5703125,-0.21232877
153,122,275,0.53710938,0.11272727
122,159,281,0.54882812,-0.1316726
236,44,280,0.546875,0.68571429
168,121,289,0.56445312,0.16262976
153,132,285,0.55664062,0.073684211
196,79,275,0.53710938,0.42545455
156,117,273,0.53320312,0.14285714
192,82,274,0.53515625,0.40145985
175,99,274,0.53515625,0.27737226
187,103,290,0.56640625,0.28965517
163,116,279,0.54492188,0.16845878
96,183,279,0.54492188,-0.31182796
125,152,277,0.54101562,-0.097472924
85,197,282,0.55078125,-0.39716312
51,240,291,0.56835938,-0.64948454
58,249,307,0.59960938,-0.62214984
151,130,281,0.54882812,0.074733096
138,148,286,0.55859375,-0.034965035
136,154,290,0.56640625,-0.062068966
153,132,285,0.55664062,0.073684211
117,164,281,0.54882812,-0.16725979
53,230,283,0.55273438,-0.6254417
87,195,282,0.55078125,-0.38297872
67,220,287,0.56054688,-0.53310105
57,229,286,0.55859375,-0.6013986
109,170,279,0.54492188,-0.21863799
227,51,278,0.54296875,0.63309353
211,83,294,0.57421875,0.43537415
151,126,277,0.54101562,0.090252708
147,130,277,0.54101562,0.061371841
130,129,259,0.50585938,0.0038610039
217,78,295,0.57617188,0.47118644
247,34,281,0.54882812,0.75800712
239,58,297,0.58007812,0.60942761
217,72,289,0.56445312,0.5017301
213,76,289,0.56445312,0.47404844
217,73,290,0.56640625,0.49655172
95,171,266,0.51953125,-0.28571429
41,253,294,0.57421875,-0.72108844
61,216,277,0.54101562,-0.55956679
66,233,299,0.58398438,-0.55852843
48,245,293,0.57226562,-0.67235495
81,210,291,0.56835938,-0.44329897
92,197,289,0.56445312,-0.3633218
88,193,281,0.54882812,-0.37366548
70,222,292,0.5703125,-0.52054795
164,104,268,0.5234375,0.2238806
185,104,289,0.56445312,0.28027682
207,84,291,0.56835938,0.42268041
254,35,289,0.56445312,0.75778547
231,49,280,0.546875,0.65
247,44,291,0.56835938,0.6975945
194,92,286,0.55859375,0.35664336
210,84,294,0.57421875,0.42857143
220,62,282,0.55078125,0.56028369
221,67,288,0.5625,0.53472222
203,102,305,0.59570312,0.33114754
176,106,282,0.55078125,0.24822695
203,77,280,0.546875,0.45
236,56,292,0.5703125,0.61643836
270,20,290,0.56640625,0.86206897
221,75,296,0.578125,0.49324324
142,129,271,0.52929688,0.04797048
203,79,282,0.55078125,0.43971631
218,60,278,0.54296875,0.56834532
162,117,279,0.54492188,0.16129032
203,68,271,0.52929688,0.49815498
164,125,289,0.56445312,0.1349481
78,204,282,0.55078125,-0.44680851
35,263,298,0.58203125,-0.76510067
43,244,287,0.56054688,-0.70034843
63,224,287,0.56054688,-0.56097561
43,241,284,0.5546875,-0.6971831
73,216,289,0.56445312,-0.49480969
87,208,295,0.57617188,-0.41016949
55,232,287,0.56054688,-0.61672474
65,212,277,0.54101562,-0.53068592
57,242,299,0.58398438,-0.6187291
101,180,281,0.54882812,-0.28113879
182,101,283,0.55273438,0.28621908
219,62,281,0.54882812,0.55871886
203,83,286,0.55859375,0.41958042
238,54,292,0.5703125,0.63013699
246,54,300,0.5859375,0.64
152,129,281,0.54882812,0.081850534
99,184,283,0.55273438,-0.30035336
173,127,300,0.5859375,0.15333333
157,133,290,0.56640625,0.082758621
125,154,279,0.54492188,-0.10394265
138,143,281,0.54882812,-0.017793594
164,111,275,0.53710938,0.19272727
229,60,289,0.56445312,0.58477509
237,43,280,0.546875,0.69285714
239,59,298,0.58203125,0.60402685
177,113,290,0.56640625,0.22068966
136,156,292,0.5703125,-0.068493151
162,135,297,0.58007812,0.090909091
115,183,298,0.58203125,-0.22818792
128,150,278,0.54296875,-0.079136691
145,144,289,0.56445312,0.0034602076
107,173,280,0.546875,-0.23571429
67,225,292,0.5703125,-0.54109589
89,192,281,0.54882812,-0.36654804
120,149,269,0.52539062,-0.10780669
193,89,282,0.55078125,0.36879433
225,69,294,0.57421875,0.53061224
207,67,274,0.53515625,0.51094891
197,87,284,0.5546875,0.38732394
256,50,306,0.59765625,0.67320261
122,161,283,0.55273438,-0.13780919
134,156,290,0.56640625,-0.075862069
141,150,291,0.56835938,-0.030927835
199,93,292,0.5703125,0.3630137
273,33,306,0.59765625,0.78431373
261,34,295,0.57617188,0.76949153
207,73,280,0.546875,0.47857143
272,16,288,0.5625,0.88888889
233,55,288,0.5625,0.61805556
262,29,291,0.56835938,0.80068729
226,64,290,0.56640625,0.55862069
204,79,283,0.55273438,0.44169611
252,44,296,0.578125,0.7027027
173,101,274,0.53515625,0.26277372
153,121,274,0.53515625,0.11678832
170,119,289,0.56445312,0.17647059
159,123,282,0.55078125,0.12765957
129,162,291,0.56835938,-0.11340206
133,141,274,0.53515625,-0.02919708
86,206,292,0.5703125,-0.4109589
181,114,295,0.57617188,0.22711864
157,121,278,0.54296875,0.1294964
197,98,295,0.57617188,0.33559322
207,84,291,0.56835938,0.42268041
194,111,305,0.59570312,0.27213115
131,159,290,0.56640625,-0.096551724
182,107,289,0.56445312,0.25951557
187,98,285,0.55664062,0.3122807
142,157,299,0.58398438,-0.050167224
185,111,296,0.578125,0.25
178,108,286,0.55859375,0.24475524
149,132,281,0.54882812,0.060498221
130,161,291,0.56835938,-0.10652921
178,114,292,0.5703125,0.21917808
190,87,277,0.54101562,0.37184116
167,119,286,0.55859375,0.16783217
140,142,282,0.55078125,-0.0070921986
136,143,279,0.54492188,-0.025089606
110,180,290,0.56640625,-0.24137931
42,256,298,0.58203125,-0.71812081
65,238,303,0.59179688,-0.5709571
113,156,269,0.52539062,-0.1598513
198,99,297,0.58007812,0.33333333
207,89,296,0.578125,0.39864865
264,21,285,0.55664062,0.85263158
216,61,277,0.54101562,0.55956679
207,71,278,0.54296875,0.48920863
185,88,273,0.53320312,0.35531136
106,185,291,0.56835938,-0.27147766
134,156,290,0.56640625,-0.075862069
215,69,284,0.5546875,0.51408451
166,133,299,0.58398438,0.11036789
119,170,289,0.56445312,-0.17647059
81,210,291,0.56835938,-0.44329897
150,141,291,0.56835938,0.030927835
240,64,304,0.59375,0.57894737
173,108,281,0.54882812,0.23131673
129,156,285,0.55664062,-0.094736842
121,168,289,0.56445312,-0.16262976
195,93,288,0.5625,0.35416667
223,65,288,0.5625,0.54861111
200,75,275,0.53710938,0.45454545
252,37,289,0.56445312,0.74394464
263,25,288,0.5625,0.82638889
253,41,294,0.57421875,0.72108844
238,44,282,0.55078125,0.68794326
231,57,288,0.5625,0.60416667
178,122,300,0.5859375,0.18666667
234,44,278,0.54296875,0.68345324
238,35,273,0.53320312,0.74358974
188,88,276,0.5390625,0.36231884
171,114,285,0.55664062,0.2
97,200,297,0.58007812,-0.34680135
150,139,289,0.56445312,0.038062284
123,157,280,0.546875,-0.12142857
106,175,281,0.54882812,-0.2455516
81,206,287,0.56054688,-0.43554007
118,176,294,0.57421875,-0.19727891
84,197,281,0.54882812,-0.40213523
123,158,281,0.54882812,-0.12455516
112,158,270,0.52734375,-0.17037037
119,166,285,0.55664062,-0.16491228
155,115,270,0.52734375,0.14814815
174,95,269,0.52539062,0.2936803
173,116,289,0.56445312,0.19723183
150,122,272,0.53125,0.10294118
156,134,290,0.56640625,0.075862069
169,121,290,0.56640625,0.16551724
171,114,285,0.55664062,0.2
86,203,289,0.56445312,-0.40484429
95,185,280,0.546875,-0.32142857
137,161,298,0.58203125,-0.080536913
39,265,304,0.59375,-0.74342105
40,255,295,0.57617188,-0.72881356
161,131,292,0.5703125,0.10273973
174,122,296,0.578125,0.17567568
218,76,294,0.57421875,0.4829932
112,170,282,0.55078125,-0.20567376
90,192,282,0.55078125,-0.36170213
104,182,286,0.55859375,-0.27272727
69,231,300,0.5859375,-0.54
106,186,292,0.5703125,-0.2739726
170,128,298,0.58203125,0.1409396
160,129,289,0.56445312,0.10726644
85,192,277,0.54101562,-0.38628159
76,211,287,0.56054688,-0.47038328
114,162,276,0.5390625,-0.17391304
164,128,292,0.5703125,0.12328767
230,66,296,0.578125,0.55405405
251,34,285,0.55664062,0.76140351
242,42,284,0.5546875,0.70422535
233,75,308,0.6015625,0.51298701
207,88,295,0.57617188,0.40338983
209,94,303,0.59179688,0.37953795
112,172,284,0.5546875,-0.21126761
111,163,274,0.53515625,-0.18978102
126,153,279,0.54492188,-0.096774194
184,94,278,0.54296875,0.32374101
166,113,279,0.54492188,0.18996416
166,116,282,0.55078125,0.17730496
163,119,282,0.55078125,0.15602837
72,219,291,0.56835938,-0.50515464
114,171,285,0.55664062,-0.2
75,209,284,0.5546875,-0.47183099
61,237,298,0.58203125,-0.59060403
75,215,290,0.56640625,-0.48275862
92,193,285,0.55664062,-0.35438596
118,171,289,0.56445312,-0.183391
130,152,282,0.55078125,-0.078014184
149,139,288,0.5625,0.034722222
194,92,286,0.55859375,0.35664336
104,184,288,0.5625,-0.27777778
26,267,293,0.57226562,-0.8225256
39,252,291,0.56835938,-0.73195876
66,226,292,0.5703125,-0.54794521
201,92,293,0.57226562,0.37201365
96,195,291,0.56835938,-0.34020619
108,191,299,0.58398438,-0.27759197
61,228,289,0.56445312,-0.57785467
25,277,302,0.58984375,-0.83443709
90,216,306,0.59765625,-0.41176471
49,248,297,0.58007812,-0.67003367
127,153,280,0.546875,-0.092857143
103,179,282,0.55078125,-0.26950355
46,251,297,0.58007812,-0.69023569
19,277,296,0.578125,-0.87162162
33,263,296,0.578125,-0.77702703
41,248,289,0.56445312,-0.71626298
13,285,298,0.58203125,-0.91275168
63,219,282,0.55078125,-0.55319149
107,176,283,0.55273438,-0.24381625
125,170,295,0.57617188,-0.15254237
122,154,276,0.5390625,-0.11594203
72,209,281,0.54882812,-0.48754448
59,220,279,0.54492188,-0.57706093
88,199,287,0.56054688,-0.38675958
93,199,292,0.5703125,-0.3630137
70,219,289,0.56445312,-0.51557093
102,189,291,0.56835938,-0.29896907
93,194,287,0.56054688,-0.35191638
96,190,286,0.55859375,-0.32867133
130,180,310,0.60546875,-0.16129032
118,168,286,0.55859375,-0.17482517
119,162,281,0.54882812,-0.15302491
37,265,302,0.58984375,-0.75496689
34,258,292,0.5703125,-0.76712329
15,280,295,0.57617188,-0.89830508
27,280,307,0.59960938,-0.82410423
57,245,302,0.58984375,-0.62251656
39,230,269,0.52539062,-0.71003717
102,185,287,0.56054688,-0.28919861
123,153,276,0.5390625,-0.10869565
210,91,301,0.58789062,0.39534884
192,91,283,0.55273438,0.35689046
189,88,277,0.54101562,0.36462094
179,117,296,0.578125,0.20945946
148,137,285,0.55664062,0.038596491
229,64,293,0.57226562,0.56313993
211,67,278,0.54296875,0.51798561
238,47,285,0.55664062,0.67017544
256,48,304,0.59375,0.68421053
256,48,304,0.59375,0.68421053
157,126,283,0.55273438,0.10954064
126,149,275,0.53710938,-0.083636364
99,184,283,0.55273438,-0.30035336
94,196,290,0.56640625,-0.35172414
115,166,281,0.54882812,-0.18149466
204,85,289,0.56445312,0.41176471
248,50,298,0.58203125,0.66442953
233,55,288,0.5625,0.61805556
186,95,281,0.54882812,0.32384342
261,37,298,0.58203125,0.75167785
216,69,285,0.55664062,0.51578947
199,94,293,0.57226562,0.35836177
281,9,290,0.56640625,0.93793103
233,68,301,0.58789062,0.54817276
248,46,294,0.57421875,0.68707483
251,44,295,0.57617188,0.70169492
196,88,284,0.5546875,0.38028169
170,121,291,0.56835938,0.16838488
121,161,282,0.55078125,-0.14184397
70,222,292,0.5703125,-0.52054795
37,244,281,0.54882812,-0.7366548
23,260,283,0.55273438,-0.83745583
45,244,289,0.56445312,-0.68858131
55,229,284,0.5546875,-0.61267606
43,247,290,0.56640625,-0.70344828
34,254,288,0.5625,-0.76388889
111,173,284,0.5546875,-0.21830986
73,219,292,0.5703125,-0.5
165,124,289,0.56445312,0.14186851
114,168,282,0.55078125,-0.19148936
83,197,280,0.546875,-0.40714286
153,123,276,0.5390625,0.10869565
138,159,297,0.58007812,-0.070707071
84,212,296,0.578125,-0.43243243
65,211,276,0.5390625,-0.52898551
159,119,278,0.54296875,0.14388489
102,181,283,0.55273438,-0.27915194
141,145,286,0.55859375,-0.013986014
129,157,286,0.55859375,-0.097902098
152,126,278,0.54296875,0.09352518
100,192,292,0.5703125,-0.31506849
119,172,291,0.56835938,-0.18213058
172,118,290,0.56640625,0.1862069
192,101,293,0.57226562,0.3105802
163,121,284,0.5546875,0.14788732
103,191,294,0.57421875,-0.29931973
181,112,293,0.57226562,0.23549488
215,62,277,0.54101562,0.55234657
190,89,279,0.54492188,0.36200717
194,108,302,0.58984375,0.28476821
171,131,302,0.58984375,0.13245033
198,103,301,0.58789062,0.31561462
205,94,299,0.58398438,0.37123746
166,122,288,0.5625,0.15277778
202,85,287,0.56054688,0.40766551
110,161,271,0.52929688,-0.18819188
43,261,304,0.59375,-0.71710526
88,185,273,0.53320312,-0.35531136
109,191,300,0.5859375,-0.27333333
90,212,302,0.58984375,-0.40397351
46,248,294,0.57421875,-0.68707483
139,168,307,0.59960938,-0.094462541
130,139,269,0.52539062,-0.033457249
205,78,283,0.55273438,0.44876325
188,99,287,0.56054688,0.31010453
206,81,287,0.56054688,0.43554007
161,110,271,0.52929688,0.18819188
109,167,276,0.5390625,-0.21014493
136,156,292,0.5703125,-0.068493151
139,157,296,0.578125,-0.060810811
197,81,278,0.54296875,0.41726619
156,120,276,0.5390625,0.13043478
186,90,276,0.5390625,0.34782609
210,93,303,0.59179688,0.38613861
170,112,282,0.55078125,0.20567376
182,106,288,0.5625,0.26388889
185,88,273,0.53320312,0.35531136
246,38,284,0.5546875,0.73239437
248,49,297,0.58007812,0.67003367
216,85,301,0.58789062,0.43521595
122,155,277,0.54101562,-0.11913357
96,192,288,0.5625,-0.33333333
155,118,273,0.53320312,0.13553114
98,183,281,0.54882812,-0.3024911
146,134,280,0.546875,0.042857143
256,45,301,0.58789062,0.70099668
193,83,276,0.5390625,0.39855072
231,62,293,0.57226562,0.57679181
182,103,285,0.55664062,0.27719298
199,93,292,0.5703125,0.3630137
146,140,286,0.55859375,0.020979021
108,178,286,0.55859375,-0.24475524
127,158,285,0.55664062,-0.10877193
110,176,286,0.55859375,-0.23076923
106,190,296,0.578125,-0.28378378
94,197,291,0.56835938,-0.35395189
113,180,293,0.57226562,-0.22866894
177,111,288,0.5625,0.22916667
170,118,288,0.5625,0.18055556
189,94,283,0.55273438,0.33568905
118,175,293,0.57226562,-0.19453925
175,117,292,0.5703125,0.19863014
154,124,278,0.54296875,0.10791367
136,158,294,0.57421875,-0.074829932
112,181,293,0.57226562,-0.23549488
175,124,299,0.58398438,0.17056856
136,148,284,0.5546875,-0.042253521
117,170,287,0.56054688,-0.18466899
149,141,290,0.56640625,0.027586207
87,203,290,0.56640625,-0.4
141,138,279,0.54492188,0.010752688
117,159,276,0.5390625,-0.15217391
184,100,284,0.5546875,0.29577465
202,105,307,0.59960938,0.31596091
199,77,276,0.5390625,0.44202899
219,56,275,0.53710938,0.59272727
250,39,289,0.56445312,0.73010381
212,81,293,0.57226562,0.44709898
141,151,292,0.5703125,-0.034246575
150,132,282,0.55078125,0.063829787
147,138,285,0.55664062,0.031578947
123,166,289,0.56445312,-0.14878893
159,124,283,0.55273438,0.12367491
217,77,294,0.57421875,0.47619048
211,82,293,0.57226562,0.44027304
217,82,299,0.58398438,0.45150502
103,195,298,0.58203125,-0.30872483
168,107,275,0.53710938,0.22181818
240,36,276,0.5390625,0.73913043
229,61,290,0.56640625,0.57931034
270,31,301,0.58789062,0.79401993
228,48,276,0.5390625,0.65217391
168,115,283,0.55273438,0.18727915
162,133,295,0.57617188,0.098305085
127,164,291,0.56835938,-0.12714777
112,169,281,0.54882812,-0.20284698
144,131,275,0.53710938,0.047272727
193,90,283,0.55273438,0.3639576
234,63,297,0.58007812,0.57575758
239,69,308,0.6015625,0.55194805
270,26,296,0.578125,0.82432432
220,45,265,0.51757812,0.66037736
280,14,294,0.57421875,0.9047619
192,76,268,0.5234375,0.43283582
227,58,285,0.55664062,0.59298246
191,104,295,0.57617188,0.29491525
115,167,282,0.55078125,-0.18439716
187,100,287,0.56054688,0.30313589
251,45,296,0.578125,0.69594595
225,52,277,0.54101562,0.62454874
231,58,289,0.56445312,0.59861592
264,21,285,0.55664062,0.85263158
260,27,287,0.56054688,0.81184669
197,74,271,0.52929688,0.45387454
204,83,287,0.56054688,0.42160279
189,100,289,0.56445312,0.30795848
193,96,289,0.56445312,0.33564014
85,205,290,0.56640625,-0.4137931
118,156,274,0.53515625,-0.13868613
99,186,285,0.55664062,-0.30526316
168,124,292,0.5703125,0.15068493
149,142,291,0.56835938,0.024054983
127,148,275,0.53710938,-0.076363636
122,157,279,0.54492188,-0.12544803
144,141,285,0.55664062,0.010526316
215,72,287,0.56054688,0.49825784
216,79,295,0.57617188,0.46440678
164,124,288,0.5625,0.13888889
234,60,294,0.57421875,0.59183673
169,114,283,0.55273438,0.19434629
224,67,291,0.56835938,0.5395189
161,126,287,0.56054688,0.12195122
125,164,289,0.56445312,-0.1349481
222,61,283,0.55273438,0.56890459
278,32,310,0.60546875,0.79354839
224,67,291,0.56835938,0.5395189
228,49,277,0.54101562,0.64620939
238,46,284,0.5546875,0.67605634
202,80,282,0.55078125,0.43262411
81,200,281,0.54882812,-0.42348754
76,225,301,0.58789062,-0.49501661
66,228,294,0.57421875,-0.55102041
110,176,286,0.55859375,-0.23076923
168,120,288,0.5625,0.16666667
164,122,286,0.55859375,0.14685315
172,117,289,0.56445312,0.19031142
149,140,289,0.56445312,0.031141869
172,112,284,0.5546875,0.21126761
179,109,288,0.5625,0.24305556
193,94,287,0.56054688,0.34494774
221,65,286,0.55859375,0.54545455
267,31,298,0.58203125,0.79194631
271,20,291,0.56835938,0.86254296
185,106,291,0.56835938,0.27147766
256,32,288,0.5625,0.77777778
274,27,301,0.58789062,0.82059801
262,35,297,0.58007812,0.76430976
247,40,287,0.56054688,0.72125436
247,39,286,0.55859375,0.72727273
243,44,287,0.56054688,0.69337979
174,119,293,0.57226562,0.18771331
173,115,288,0.5625,0.20138889
130,157,287,0.56054688,-0.094076655
109,176,285,0.55664062,-0.23508772
131,154,285,0.55664062,-0.080701754
130,157,287,0.56054688,-0.094076655
222,65,287,0.56054688,0.54703833
240,44,284,0.5546875,0.69014085
230,60,290,0.56640625,0.5862069
187,99,286,0.55859375,0.30769231
184,106,290,0.56640625,0.26896552
157,136,293,0.57226562,0.071672355
73,218,291,0.56835938,-0.49828179
50,233,283,0.55273438,-0.64664311
76,218,294,0.57421875,-0.4829932
69,214,283,0.55273438,-0.51236749
42,242,284,0.5546875,-0.70422535
37,251,288,0.5625,-0.74305556
71,203,274,0.53515625,-0.48175182
69,217,286,0.55859375,-0.51748252
113,167,280,0.546875,-0.19285714
97,181,278,0.54296875,-0.30215827
115,174,289,0.56445312,-0.20415225
163,102,265,0.51757812,0.23018868
208,81,289,0.56445312,0.43944637
173,119,292,0.5703125,0.18493151
172,113,285,0.55664062,0.20701754
155,131,286,0.55859375,0.083916084
98,186,284,0.5546875,-0.30985915
130,167,297,0.58007812,-0.12457912
124,167,291,0.56835938,-0.14776632
150,142,292,0.5703125,0.02739726
195,96,291,0.56835938,0.34020619
206,78,284,0.5546875,0.45070423
260,44,304,0.59375,0.71052632
219,70,289,0.56445312,0.51557093
252,43,295,0.57617188,0.70847458
178,96,274,0.53515625,0.29927007
96,180,276,0.5390625,-0.30434783
155,135,290,0.56640625,0.068965517
194,91,285,0.55664062,0.36140351
237,54,291,0.56835938,0.62886598
235,26,261,0.50976562,0.80076628
240,49,289,0.56445312,0.66089965
178,111,289,0.56445312,0.23183391
98,189,287,0.56054688,-0.31707317
142,156,298,0.58203125,-0.046979866
160,121,281,0.54882812,0.13879004
127,161,288,0.5625,-0.11805556
87,210,297,0.58007812,-0.41414141
75,225,300,0.5859375,-0.5
80,211,291,0.56835938,-0.45017182
70,209,279,0.54492188,-0.49820789
132,151,283,0.55273438,-0.067137809
63,229,292,0.5703125,-0.56849315
29,269,298,0.58203125,-0.80536913
36,245,281,0.54882812,-0.74377224
33,270,303,0.59179688,-0.78217822
64,216,280,0.546875,-0.54285714
51,243,294,0.57421875,-0.65306122
126,167,293,0.57226562,-0.13993174
101,185,286,0.55859375,-0.29370629
137,160,297,0.58007812,-0.077441077
165,120,285,0.55664062,0.15789474
133,157,290,0.56640625,-0.082758621
161,126,287,0.56054688,0.12195122
172,106,278,0.54296875,0.23741007
129,160,289,0.56445312,-0.10726644
196,88,284,0.5546875,0.38028169
201,86,287,0.56054688,0.40069686
148,133,281,0.54882812,0.053380783
99,184,283,0.55273438,-0.30035336
152,120,272,0.53125,0.11764706
137,138,275,0.53710938,-0.0036363636
132,153,285,0.55664062,-0.073684211
161,141,302,0.58984375,0.066225166
159,126,285,0.55664062,0.11578947
153,127,280,0.546875,0.092857143
129,156,285,0.55664062,-0.094736842
168,107,275,0.53710938,0.22181818
130,149,279,0.54492188,-0.068100358
59,228,287,0.56054688,-0.58885017
69,223,292,0.5703125,-0.52739726
52,225,277,0.54101562,-0.62454874
96,186,282,0.55078125,-0.31914894
98,190,288,0.5625,-0.31944444
164,108,272,0.53125,0.20588235
160,123,283,0.55273438,0.13074205
93,200,293,0.57226562,-0.36518771
110,162,272,0.53125,-0.19117647
183,107,290,0.56640625,0.26206897
116,169,285,0.55664062,-0.18596491
87,201,288,0.5625,-0.39583333
106,176,282,0.55078125,-0.24822695
3,293,296,0.578125,-0.97972973
46,240,286,0.55859375,-0.67832168
59,238,297,0.58007812,-0.6026936
97,192,289,0.56445312,-0.32871972
131,160,291,0.56835938,-0.099656357
119,168,287,0.56054688,-0.17073171
93,189,282,0.55078125,-0.34042553
161,135,296,0.578125,0.087837838
143,129,272,0.53125,0.051470588
194,94,288,0.5625,0.34722222
237,45,282,0.55078125,0.68085106
176,107,283,0.55273438,0.24381625
185,93,278,0.54296875,0.33093525
170,124,294,0.57421875,0.15646259
195,95,290,0.56640625,0.34482759
167,131,298,0.58203125,0.12080537
85,195,280,0.546875,-0.39285714
58,225,283,0.55273438,-0.59010601
20,253,273,0.53320312,-0.85347985
85,191,276,0.5390625,-0.38405797
39,255,294,0.57421875,-0.73469388
35,258,293,0.57226562,-0.76109215
65,217,282,0.55078125,-0.53900709
143,156,299,0.58398438,-0.043478261
239,39,278,0.54296875,0.71942446
207,76,283,0.55273438,0.46289753
171,120,291,0.56835938,0.17525773
163,124,287,0.56054688,0.1358885
116,185,301,0.58789062,-0.22923588
140,138,278,0.54296875,0.0071942446
137,163,300,0.5859375,-0.086666667
173,111,284,0.5546875,0.21830986
231,73,304,0.59375,0.51973684
170,106,276,0.5390625,0.23188406
140,146,286,0.55859375,-0.020979021
119,175,294,0.57421875,-0.19047619
134,154,288,0.5625,-0.069444444
112,166,278,0.54296875,-0.1942446
116,156,272,0.53125,-0.14705882
143,140,283,0.55273438,0.010600707
240,51,291,0.56835938,0.64948454
277,24,301,0.58789062,0.84053156
263,40,303,0.59179688,0.7359736
235,49,284,0.5546875,0.65492958
195,96,291,0.56835938,0.34020619
226,78,304,0.59375,0.48684211
212,75,287,0.56054688,0.47735192
224,52,276,0.5390625,0.62318841
186,110,296,0.578125,0.25675676
111,180,291,0.56835938,-0.2371134
149,138,287,0.56054688,0.038327526
79,203,282,0.55078125,-0.43971631
74,215,289,0.56445312,-0.48788927
27,257,284,0.5546875,-0.80985915
35,252,287,0.56054688,-0.75609756
52,242,294,0.57421875,-0.6462585
125,166,291,0.56835938,-0.14089347
76,199,275,0.53710938,-0.44727273
174,101,275,0.53710938,0.26545455
191,83,274,0.53515625,0.39416058
164,104,268,0.5234375,0.2238806
139,136,275,0.53710938,0.010909091
169,107,276,0.5390625,0.22463768
182,120,302,0.58984375,0.20529801
56,236,292,0.5703125,-0.61643836
99,175,274,0.53515625,-0.27737226
126,149,275,0.53710938,-0.083636364
48,258,306,0.59765625,-0.68627451
64,212,276,0.5390625,-0.53623188
83,214,297,0.58007812,-0.44107744
26,275,301,0.58789062,-0.82724252
32,254,286,0.55859375,-0.77622378
37,260,297,0.58007812,-0.75084175
36,239,275,0.53710938,-0.73818182
38,254,292,0.5703125,-0.73972603
55,228,283,0.55273438,-0.61130742
11,277,288,0.5625,-0.92361111
125,164,289,0.56445312,-0.1349481
90,184,274,0.53515625,-0.34306569
37,273,310,0.60546875,-0.76129032
56,236,292,0.5703125,-0.61643836
106,183,289,0.56445312,-0.26643599
68,217,285,0.55664062,-0.52280702
78,195,273,0.53320312,-0.42857143
103,174,277,0.54101562,-0.25631769
85,196,281,0.54882812,-0.39501779
142,148,290,0.56640625,-0.020689655
130,150,280,0.546875,-0.071428571
164,117,281,0.54882812,0.16725979
146,140,286,0.55859375,0.020979021
139,157,296,0.578125,-0.060810811
142,140,282,0.55078125,0.0070921986
152,122,274,0.53515625,0.10948905
159,123,282,0.55078125,0.12765957
98,193,291,0.56835938,-0.32646048
177,114,291,0.56835938,0.21649485
219,68,287,0.56054688,0.5261324
206,79,285,0.55664062,0.44561404
137,131,268,0.5234375,0.02238806
114,173,287,0.56054688,-0.20557491
85,195,280,0.546875,-0.39285714
106,184,290,0.56640625,-0.26896552
159,117,276,0.5390625,0.15217391
175,128,303,0.59179688,0.15511551
156,124,280,0.546875,0.11428571
134,158,292,0.5703125,-0.082191781
91,198,289,0.56445312,-0.37024221
104,182,286,0.55859375,-0.27272727
192,97,289,0.56445312,0.32871972
199,91,290,0.56640625,0.37241379
216,73,289,0.56445312,0.49480969
199,81,280,0.546875,0.42142857
138,146,284,0.5546875,-0.028169014
116,172,288,0.5625,-0.19444444
107,177,284,0.5546875,-0.24647887
140,149,289,0.56445312,-0.031141869
62,236,298,0.58203125,-0.58389262
61,216,277,0.54101562,-0.55956679
128,172,300,0.5859375,-0.14666667
121,174,295,0.57617188,-0.17966102
140,136,276,0.5390625,0.014492754
153,128,281,0.54882812,0.088967972
258,30,288,0.5625,0.79166667
227,45,272,0.53125,0.66911765
158,129,287,0.56054688,0.1010453
86,198,284,0.5546875,-0.3943662
136,135,271,0.52929688,0.0036900369
234,64,298,0.58203125,0.5704698
229,62,291,0.56835938,0.57388316
229,61,290,0.56640625,0.57931034
148,150,298,0.58203125,-0.0067114094
236,53,289,0.56445312,0.63321799
193,80,273,0.53320312,0.41391941
205,80,285,0.55664062,0.43859649
256,41,297,0.58007812,0.72390572
222,74,296,0.578125,0.5
191,80,271,0.52929688,0.4095941
178,111,289,0.56445312,0.23183391
240,59,299,0.58398438,0.60535117
194,106,300,0.5859375,0.29333333
169,95,264,0.515625,0.28030303
142,150,292,0.5703125,-0.02739726
134,151,285,0.55664062,-0.059649123
134,138,272,0.53125,-0.014705882
189,86,275,0.53710938,0.37454545
153,132,285,0.55664062,0.073684211
126,166,292,0.5703125,-0.1369863
196,88,284,0.5546875,0.38028169
100,183,283,0.55273438,-0.29328622
59,227,286,0.55859375,-0.58741259
33,266,299,0.58398438,-0.77926421
21,258,279,0.54492188,-0.84946237
28,272,300,0.5859375,-0.81333333
79,205,284,0.5546875,-0.44366197
183,96,279,0.54492188,0.31182796
182,116,298,0.58203125,0.22147651
111,174,285,0.55664062,-0.22105263
185,105,290,0.56640625,0.27586207
227,55,282,0.55078125,0.60992908
168,124,292,0.5703125,0.15068493
130,160,290,0.56640625,-0.10344828
151,144,295,0.57617188,0.023728814
150,128,278,0.54296875,0.079136691
138,153,291,0.56835938,-0.051546392
202,78,280,0.546875,0.44285714
123,165,288,0.5625,-0.14583333
151,139,290,0.56640625,0.04137931
162,129,291,0.56835938,0.11340206
112,162,274,0.53515625,-0.18248175
84,194,278,0.54296875,-0.39568345
37,257,294,0.57421875,-0.74829932
131,163,294,0.57421875,-0.10884354
103,180,283,0.55273438,-0.27208481
80,214,294,0.57421875,-0.45578231
40,241,281,0.54882812,-0.71530249
74,225,299,0.58398438,-0.50501672
56,210,266,0.51953125,-0.57894737
31,265,296,0.578125,-0.79054054
81,215,296,0.578125,-0.4527027
47,246,293,0.57226562,-0.67918089
80,215,295,0.57617188,-0.45762712
88,199,287,0.56054688,-0.38675958
53,236,289,0.56445312,-0.63321799
125,148,273,0.53320312,-0.084249084
134,144,278,0.54296875,-0.035971223
205,85,290,0.56640625,0.4137931
243,55,298,0.58203125,0.63087248
244,45,289,0.56445312,0.68858131
286,1,287,0.56054688,0.99303136
232,47,279,0.54492188,0.66308244
216,64,280,0.546875,0.54285714
123,173,296,0.578125,-0.16891892
93,198,291,0.56835938,-0.36082474
105,182,287,0.56054688,-0.26829268
33,258,291,0.56835938,-0.77319588
120,156,276,0.5390625,-0.13043478
59,215,274,0.53515625,-0.56934307
50,241,291,0.56835938,-0.65635739
84,200,284,0.5546875,-0.4084507
49,236,285,0.55664062,-0.65614035
59,232,291,0.56835938,-0.59450172
80,191,271,0.52929688,-0.4095941
114,169,283,0.55273438,-0.19434629
92,198,290,0.56640625,-0.36551724
82,202,284,0.5546875,-0.42253521
74,213,287,0.56054688,-0.48432056
220,79,299,0.58398438,0.47157191
194,98,292,0.5703125,0.32876712
229,60,289,0.56445312,0.58477509
204,68,272,0.53125,0.5
247,43,290,0.56640625,0.70344828
242,54,296,0.578125,0.63513514
168,133,301,0.58789062,0.11627907
100,177,277,0.54101562,-0.27797834
85,199,284,0.5546875,-0.40140845
43,248,291,0.56835938,-0.70446735
16,284,300,0.5859375,-0.89333333
52,235,287,0.56054688,-0.63763066
31,267,298,0.58203125,-0.79194631
61,223,284,0.5546875,-0.57042254
55,230,285,0.55664062,-0.61403509
89,192,281,0.54882812,-0.36654804
53,242,295,0.57617188,-0.64067797
64,225,289,0.56445312,-0.55709343
80,205,285,0.55664062,-0.43859649
44,263,307,0.59960938,-0.71335505
50,234,284,0.5546875,-0.64788732
140,146,286,0.55859375,-0.020979021
184,97,281,0.54882812,0.30960854
231,61,292,0.5703125,0.58219178
229,59,288,0.5625,0.59027778
240,36,276,0.5390625,0.73913043
230,72,302,0.58984375,0.52317881
191,85,276,0.5390625,0.38405797
160,113,273,0.53320312,0.17216117
194,83,277,0.54101562,0.40072202
179,114,293,0.57226562,0.221843
204,80,284,0.5546875,0.43661972
157,126,283,0.55273438,0.10954064
270,21,291,0.56835938,0.8556701
225,60,285,0.55664062,0.57894737
175,110,285,0.55664062,0.22807018
170,108,278,0.54296875,0.22302158
178,111,289,0.56445312,0.23183391
197,87,284,0.5546875,0.38732394
180,113,293,0.57226562,0.22866894
130,154,284,0.5546875,-0.084507042
137,144,281,0.54882812,-0.024911032
73,202,275,0.53710938,-0.46909091
101,172,273,0.53320312,-0.26007326
195,91,286,0.55859375,0.36363636
141,146,287,0.56054688,-0.017421603
110,164,274,0.53515625,-0.19708029
166,136,302,0.58984375,0.099337748
152,120,272,0.53125,0.11764706
127,160,287,0.56054688,-0.11498258
154,126,280,0.546875,0.1
217,70,287,0.56054688,0.51219512
109,168,277,0.54101562,-0.21299639
131,157,288,0.5625,-0.090277778
142,133,275,0.53710938,0.032727273
169,111,280,0.546875,0.20714286
153,138,291,0.56835938,0.051546392
191,86,277,0.54101562,0.37906137
238,45,283,0.55273438,0.6819788
195,86,281,0.54882812,0.38790036
210,82,292,0.5703125,0.43835616
244,46,290,0.56640625,0.68275862
279,16,295,0.57617188,0.89152542
210,80,290,0.56640625,0.44827586
216,76,292,0.5703125,0.47945205
241,41,282,0.55078125,0.70921986
195,99,294,0.57421875,0.32653061
201,90,291,0.56835938,0.3814433
125,159,284,0.5546875,-0.11971831
127,167,294,0.57421875,-0.13605442
93,186,279,0.54492188,-0.33333333
75,206,281,0.54882812,-0.46619217
72,211,283,0.55273438,-0.49116608
46,252,298,0.58203125,-0.69127517
77,199,276,0.5390625,-0.44202899
117,177,294,0.57421875,-0.20408163
114,164,278,0.54296875,-0.17985612
88,213,301,0.58789062,-0.41528239
65,205,270,0.52734375,-0.51851852
104,182,286,0.55859375,-0.27272727
115,183,298,0.58203125,-0.22818792
121,154,275,0.53710938,-0.12
37,253,290,0.56640625,-0.74482759
81,193,274,0.53515625,-0.40875912
19,275,294,0.57421875,-0.8707483
43,258,301,0.58789062,-0.71428571
124,165,289,0.56445312,-0.14186851
106,177,283,0.55273438,-0.25088339
148,142,290,0.56640625,0.020689655
95,195,290,0.56640625,-0.34482759
109,172,281,0.54882812,-0.22419929
31,251,282,0.55078125,-0.78014184
34,271,305,0.59570312,-0.77704918
37,252,289,0.56445312,-0.74394464
113,157,270,0.52734375,-0.16296296
157,136,293,0.57226562,0.071672355
146,159,305,0.59570312,-0.042622951
46,239,285,0.55664062,-0.67719298
50,235,285,0.55664062,-0.64912281
115,170,285,0.55664062,-0.19298246
51,243,294,0.57421875,-0.65306122
33,270,303,0.59179688,-0.78217822
44,253,297,0.58007812,-0.7037037
31,265,296,0.578125,-0.79054054
114,158,272,0.53125,-0.16176471
140,145,285,0.55664062,-0.01754386
82,211,293,0.57226562,-0.44027304
112,160,272,0.53125,-0.17647059
119,172,291,0.56835938,-0.18213058
30,266,296,0.578125,-0.7972973
39,253,292,0.5703125,-0.73287671
123,163,286,0.55859375,-0.13986014
140,135,275,0.53710938,0.018181818
168,111,279,0.54492188,0.20430108
141,143,284,0.5546875,-0.0070422535
164,127,291,0.56835938,0.12714777
125,158,283,0.55273438,-0.11660777
157,124,281,0.54882812,0.11743772
210,84,294,0.57421875,0.42857143
177,115,292,0.5703125,0.21232877
161,123,284,0.5546875,0.13380282
211,85,296,0.578125,0.42567568
222,75,297,0.58007812,0.49494949
217,51,268,0.5234375,0.61940299
260,39,299,0.58398438,0.73913043
217,65,282,0.55078125,0.53900709
225,52,277,0.54101562,0.62454874
221,57,278,0.54296875,0.58992806
247,55,302,0.58984375,0.63576159
214,70,284,0.5546875,0.50704225
211,68,279,0.54492188,0.5125448
253,42,295,0.57617188,0.71525424
199,89,288,0.5625,0.38194444
130,152,282,0.55078125,-0.078014184
137,144,281,0.54882812,-0.024911032
139,156,295,0.57617188,-0.057627119
180,99,279,0.54492188,0.29032258
124,170,294,0.57421875,-0.15646259
39,247,286,0.55859375,-0.72727273
126,166,292,0.5703125,-0.1369863
105,189,294,0.57421875,-0.28571429
184,98,282,0.55078125,0.30496454
203,92,295,0.57617188,0.37627119
134,160,294,0.57421875,-0.088435374
130,153,283,0.55273438,-0.081272085
108,192,300,0.5859375,-0.28
215,69,284,0.5546875,0.51408451
183,108,291,0.56835938,0.25773196
163,118,281,0.54882812,0.16014235
203,93,296,0.578125,0.37162162
134,147,281,0.54882812,-0.046263345
172,117,289,0.56445312,0.19031142
167,117,284,0.5546875,0.17605634
237,53,290,0.56640625,0.63448276
194,90,284,0.5546875,0.36619718
195,103,298,0.58203125,0.30872483
143,137,280,0.546875,0.021428571
142,150,292,0.5703125,-0.02739726
162,120,282,0.55078125,0.14893617
136,154,290,0.56640625,-0.062068966
90,175,265,0.51757812,-0.32075472
89,185,274,0.53515625,-0.35036496
135,157,292,0.5703125,-0.075342466
155,136,291,0.56835938,0.065292096
159,132,291,0.56835938,0.092783505
118,176,294,0.57421875,-0.19727891
100,182,282,0.55078125,-0.29078014
36,242,278,0.54296875,-0.74100719
43,244,287,0.56054688,-0.70034843
55,221,276,0.5390625,-0.60144928
135,158,293,0.57226562,-0.078498294
99,192,291,0.56835938,-0.31958763
47,241,288,0.5625,-0.67361111
53,237,290,0.56640625,-0.63448276
39,265,304,0.59375,-0.74342105
46,236,282,0.55078125,-0.67375887
63,243,306,0.59765625,-0.58823529
63,207,270,0.52734375,-0.53333333
169,108,277,0.54101562,0.22021661
228,63,291,0.56835938,0.56701031
169,125,294,0.57421875,0.14965986
251,33,284,0.5546875,0.76760563
199,81,280,0.546875,0.42142857
211,69,280,0.546875,0.50714286
177,123,300,0.5859375,0.18
133,154,287,0.56054688,-0.073170732
125,156,281,0.54882812,-0.11032028
95,193,288,0.5625,-0.34027778
115,175,290,0.56640625,-0.20689655
110,169,279,0.54492188,-0.21146953
94,197,291,0.56835938,-0.35395189
170,117,287,0.56054688,0.18466899
196,102,298,0.58203125,0.31543624
118,147,265,0.51757812,-0.10943396
83,200,283,0.55273438,-0.41342756
133,149,282,0.55078125,-0.056737589
211,75,286,0.55859375,0.47552448
193,92,285,0.55664062,0.35438596
182,112,294,0.57421875,0.23809524
211,64,275,0.53710938,0.53454545
175,104,279,0.54492188,0.25448029
229,47,276,0.5390625,0.65942029
170,128,298,0.58203125,0.1409396
162,121,283,0.55273438,0.14487633
131,151,282,0.55078125,-0.070921986
105,184,289,0.56445312,-0.2733564
103,173,276,0.5390625,-0.25362319
117,168,285,0.55664062,-0.17894737
168,115,283,0.55273438,0.18727915
99,184,283,0.55273438,-0.30035336
154,127,281,0.54882812,0.096085409
160,114,274,0.53515625,0.16788321
113,164,277,0.54101562,-0.18411552
136,151,287,0.56054688,-0.052264808
61,225,286,0.55859375,-0.57342657
10,305,315,0.61523438,-0.93650794
20,257,277,0.54101562,-0.85559567
17,279,296,0.578125,-0.88513514
64,244,308,0.6015625,-0.58441558
66,227,293,0.57226562,-0.54948805
68,219,287,0.56054688,-0.5261324
87,190,277,0.54101562,-0.37184116
92,196,288,0.5625,-0.36111111
77,217,294,0.57421875,-0.47619048
112,173,285,0.55664062,-0.21403509
72,216,288,0.5625,-0.5
118,165,283,0.55273438,-0.16607774
161,135,296,0.578125,0.087837838
150,114,264,0.515625,0.13636364
203,91,294,0.57421875,0.38095238
122,151,273,0.53320312,-0.10622711
158,119,277,0.54101562,0.14079422
146,126,272,0.53125,0.073529412
164,107,271,0.52929688,0.2103321
267,33,300,0.5859375,0.78
244,34,278,0.54296875,0.75539568
191,102,293,0.57226562,0.30375427
205,75,280,0.546875,0.46428571
92,188,280,0.546875,-0.34285714
114,172,286,0.55859375,-0.2027972
167,122,289,0.56445312,0.15570934
204,91,295,0.57617188,0.38305085
128,155,283,0.55273438,-0.09540636
185,101,286,0.55859375,0.29370629
186,98,284,0.5546875,0.30985915
254,48,302,0.58984375,0.68211921
236,48,284,0.5546875,0.66197183
218,79,297,0.58007812,0.46801347
175,111,286,0.55859375,0.22377622
200,89,289,0.56445312,0.38408304
169,114,283,0.55273438,0.19434629
146,122,268,0.5234375,0.089552239
127,158,285,0.55664062,-0.10877193
162,132,294,0.57421875,0.10204082
117,165,282,0.55078125,-0.17021277
62,240,302,0.58984375,-0.58940397
28,265,293,0.57226562,-0.80887372
34,251,285,0.55664062,-0.76140351
66,213,279,0.54492188,-0.52688172
82,197,279,0.54492188,-0.41218638
108,182,290,0.56640625,-0.25517241
151,147,298,0.58203125,0.013422819
100,173,273,0.53320312,-0.26739927
100,181,281,0.54882812,-0.28825623
114,174,288,0.5625,-0.20833333
97,171,268,0.5234375,-0.2761194
92,201,293,0.57226562,-0.37201365
119,162,281,0.54882812,-0.15302491
83,193,276,0.5390625,-0.39855072
71,202,273,0.53320312,-0.47985348
78,212,290,0.56640625,-0.46206897
108,182,290,0.56640625,-0.25517241
106,177,283,0.55273438,-0.25088339
109,169,278,0.54296875,-0.21582734
33,268,301,0.58789062,-0.7807309
68,206,274,0.53515625,-0.50364964
56,216,272,0.53125,-0.58823529
113,177,290,0.56640625,-0.22068966
76,206,282,0.55078125,-0.46099291
114,170,284,0.5546875,-0.1971831
57,214,271,0.52929688,-0.57933579
60,231,291,0.56835938,-0.58762887
174,100,274,0.53515625,0.27007299
175,123,298,0.58203125,0.17449664
185,108,293,0.57226562,0.26279863
204,94,298,0.58203125,0.36912752
196,104,300,0.5859375,0.30666667
160,126,286,0.55859375,0.11888112
110,175,285,0.55664062,-0.22807018
152,128,280,0.546875,0.085714286
170,124,294,0.57421875,0.15646259
240,67,307,0.59960938,0.56351792
171,117,288,0.5625,0.1875
155,134,289,0.56445312,0.07266436
195,99,294,0.57421875,0.32653061
183,103,286,0.55859375,0.27972028
200,85,285,0.55664062,0.40350877
151,136,287,0.56054688,0.052264808
155,131,286,0.55859375,0.083916084
131,156,287,0.56054688,-0.087108014
148,144,292,0.5703125,0.01369863
192,94,286,0.55859375,0.34265734
262,28,290,0.56640625,0.80689655
263,15,278,0.54296875,0.89208633
246,39,285,0.55664062,0.72631579
246,31,277,0.54101562,0.77617329
224,62,286,0.55859375,0.56643357
190,89,279,0.54492188,0.36200717
205,69,274,0.53515625,0.49635036
217,78,295,0.57617188,0.47118644
218,58,276,0.5390625,0.57971014
184,110,294,0.57421875,0.25170068
160,137,297,0.58007812,0.077441077
225,66,291,0.56835938,0.54639175
235,53,288,0.5625,0.63194444
155,115,270,0.52734375,0.14814815
153,135,288,0.5625,0.0625
186,104,290,0.56640625,0.28275862
189,107,296,0.578125,0.27702703
192,101,293,0.57226562,0.3105802
217,66,283,0.55273438,0.5335689
255,51,306,0.59765625,0.66666667
163,117,280,0.546875,0.16428571
129,168,297,0.58007812,-0.13131313
101,180,281,0.54882812,-0.28113879
94,183,277,0.54101562,-0.32129964
30,262,292,0.5703125,-0.79452055
134,151,285,0.55664062,-0.059649123
147,149,296,0.578125,-0.0067567568
264,43,307,0.59960938,0.71986971
267,26,293,0.57226562,0.8225256
209,84,293,0.57226562,0.42662116
139,144,283,0.55273438,-0.017667845
141,133,274,0.53515625,0.02919708
216,75,291,0.56835938,0.48453608
248,34,282,0.55078125,0.75886525
256,22,278,0.54296875,0.84172662
249,47,296,0.578125,0.68243243
157,130,287,0.56054688,0.094076655
149,124,273,0.53320312,0.091575092
133,137,270,0.52734375,-0.014814815
221,70,291,0.56835938,0.51890034
188,101,289,0.56445312,0.30103806
189,98,287,0.56054688,0.31707317
189,92,281,0.54882812,0.34519573
194,104,298,0.58203125,0.30201342
168,115,283,0.55273438,0.18727915
169,124,293,0.57226562,0.15358362
96,188,284,0.5546875,-0.32394366
103,179,282,0.55078125,-0.26950355
65,214,279,0.54492188,-0.53405018
103,193,296,0.578125,-0.30405405
93,194,287,0.56054688,-0.35191638
64,219,283,0.55273438,-0.54770318
80,199,279,0.54492188,-0.4265233
130,155,285,0.55664062,-0.087719298
119,156,275,0.53710938,-0.13454545
83,205,288,0.5625,-0.42361111
85,204,289,0.56445312,-0.41176471
119,159,278,0.54296875,-0.14388489
96,192,288,0.5625,-0.33333333
137,154,291,0.56835938,-0.058419244
109,159,268,0.5234375,-0.18656716
91,197,288,0.5625,-0.36805556
85,213,298,0.58203125,-0.4295302
40,247,287,0.56054688,-0.72125436
60,231,291,0.56835938,-0.58762887
51,232,283,0.55273438,-0.63957597
164,127,291,0.56835938,0.12714777
155,129,284,0.5546875,0.091549296
74,199,273,0.53320312,-0.45787546
23,263,286,0.55859375,-0.83916084
53,221,274,0.53515625,-0.61313869
98,193,291,0.56835938,-0.32646048
93,185,278,0.54296875,-0.33093525
16,277,293,0.57226562,-0.89078498
74,205,279,0.54492188,-0.46953405
108,180,288,0.5625,-0.25
110,183,293,0.57226562,-0.24914676
143,129,272,0.53125,0.051470588
217,69,286,0.55859375,0.51748252
202,81,283,0.55273438,0.42756184
243,45,288,0.5625,0.6875
178,90,268,0.5234375,0.32835821
204,96,300,0.5859375,0.36
285,17,302,0.58984375,0.88741722
203,92,295,0.57617188,0.37627119
168,117,285,0.55664062,0.17894737
195,92,287,0.56054688,0.35888502
99,186,285,0.55664062,-0.30526316
96,190,286,0.55859375,-0.32867133
173,120,293,0.57226562,0.18088737
245,36,281,0.54882812,0.74377224
189,99,288,0.5625,0.3125
190,104,294,0.57421875,0.29251701
209,81,290,0.56640625,0.44137931
232,53,285,0.55664062,0.62807018
154,133,287,0.56054688,0.073170732
109,170,279,0.54492188,-0.21863799
133,143,276,0.5390625,-0.036231884
96,192,288,0.5625,-0.33333333
84,200,284,0.5546875,-0.4084507
82,215,297,0.58007812,-0.44781145
80,221,301,0.58789062,-0.46843854
105,184,289,0.56445312,-0.2733564
119,159,278,0.54296875,-0.14388489
102,190,292,0.5703125,-0.30136986
28,261,289,0.56445312,-0.80622837
48,247,295,0.57617188,-0.67457627
53,228,281,0.54882812,-0.6227758
44,257,301,0.58789062,-0.7076412
27,277,304,0.59375,-0.82236842
49,244,293,0.57226562,-0.66552901
89,209,298,0.58203125,-0.40268456
134,156,290,0.56640625,-0.075862069
63,217,280,0.546875,-0.55
58,229,287,0.56054688,-0.59581882
76,225,301,0.58789062,-0.49501661
73,216,289,0.56445312,-0.49480969
62,234,296,0.578125,-0.58108108
37,260,297,0.58007812,-0.75084175
60,235,295,0.57617188,-0.59322034
88,192,280,0.546875,-0.37142857
138,143,281,0.54882812,-0.017793594
249,42,291,0.56835938,0.71134021
217,74,291,0.56835938,0.49140893
246,41,287,0.56054688,0.71428571
183,104,287,0.56054688,0.27526132
250,47,297,0.58007812,0.68350168
212,86,298,0.58203125,0.42281879
250,56,306,0.59765625,0.63398693
264,24,288,0.5625,0.83333333
247,44,291,0.56835938,0.6975945
236,59,295,0.57617188,0.6
224,74,298,0.58203125,0.5033557
258,38,296,0.578125,0.74324324
234,61,295,0.57617188,0.58644068
234,66,300,0.5859375,0.56
231,58,289,0.56445312,0.59861592
191,92,283,0.55273438,0.34982332
236,54,290,0.56640625,0.62758621
221,67,288,0.5625,0.53472222
262,37,299,0.58398438,0.75250836
242,41,283,0.55273438,0.71024735
241,30,271,0.52929688,0.77859779
221,75,296,0.578125,0.49324324
193,91,284,0.5546875,0.35915493
203,86,289,0.56445312,0.40484429
184,111,295,0.57617188,0.24745763
119,164,283,0.55273438,-0.1590106
87,189,276,0.5390625,-0.36956522
113,174,287,0.56054688,-0.21254355
104,179,283,0.55273438,-0.26501767
140,145,285,0.55664062,-0.01754386
108,182,290,0.56640625,-0.25517241
247,32,279,0.54492188,0.77060932
241,50,291,0.56835938,0.65635739
173,107,280,0.546875,0.23571429
222,61,283,0.55273438,0.56890459
265,46,311,0.60742188,0.70418006
196,87,283,0.55273438,0.38515901
169,118,287,0.56054688,0.17770035
104,173,277,0.54101562,-0.24909747
67,220,287,0.56054688,-0.53310105
1,307,308,0.6015625,-0.99350649
24,279,303,0.59179688,-0.84158416
64,230,294,0.57421875,-0.56462585
155,123,278,0.54296875,0.11510791
208,87,295,0.57617188,0.41016949
178,105,283,0.55273438,0.25795053
193,92,285,0.55664062,0.35438596
192,112,304,0.59375,0.26315789
211,69,280,0.546875,0.50714286
212,58,270,0.52734375,0.57037037
235,47,282,0.55078125,0.66666667
209,77,286,0.55859375,0.46153846
215,81,296,0.578125,0.4527027
233,57,290,0.56640625,0.60689655
150,127,277,0.54101562,0.083032491
163,129,292,0.5703125,0.11643836
134,161,295,0.57617188,-0.091525424
113,171,284,0.5546875,-0.20422535
214,74,288,0.5625,0.48611111
242,49,291,0.56835938,0.66323024
198,79,277,0.54101562,0.42960289
217,61,278,0.54296875,0.56115108
205,77,282,0.55078125,0.45390071
214,62,276,0.5390625,0.55072464
180,106,286,0.55859375,0.25874126
171,117,288,0.5625,0.1875
110,170,280,0.546875,-0.21428571
125,158,283,0.55273438,-0.11660777
115,160,275,0.53710938,-0.16363636
73,215,288,0.5625,-0.49305556
50,258,308,0.6015625,-0.67532468
147,140,287,0.56054688,0.024390244
156,128,284,0.5546875,0.098591549
109,172,281,0.54882812,-0.22419929
41,244,285,0.55664062,-0.7122807
49,241,290,0.56640625,-0.66206897
106,183,289,0.56445312,-0.26643599
108,194,302,0.58984375,-0.28476821
97,189,286,0.55859375,-0.32167832
92,182,274,0.53515625,-0.32846715
103,185,288,0.5625,-0.28472222
178,95,273,0.53320312,0.3040293
125,156,281,0.54882812,-0.11032028
130,156,286,0.55859375,-0.090909091
237,56,293,0.57226562,0.61774744
253,52,305,0.59570312,0.65901639
229,55,284,0.5546875,0.61267606
286,14,300,0.5859375,0.90666667
234,65,299,0.58398438,0.56521739
211,66,277,0.54101562,0.5234657
242,50,292,0.5703125,0.65753425
227,38,265,0.51757812,0.71320755
251,24,275,0.53710938,0.82545455
240,38,278,0.54296875,0.72661871
249,40,289,0.56445312,0.72318339
194,94,288,0.5625,0.34722222
214,92,306,0.59765625,0.39869281
144,156,300,0.5859375,-0.04
232,42,274,0.53515625,0.69343066
198,85,283,0.55273438,0.39929329
223,66,289,0.56445312,0.5432526
267,27,294,0.57421875,0.81632653
222,68,290,0.56640625,0.53103448
270,18,288,0.5625,0.875
203,70,273,0.53320312,0.48717949
216,54,270,0.52734375,0.6
199,76,275,0.53710938,0.44727273
132,151,283,0.55273438,-0.067137809
99,193,292,0.5703125,-0.32191781
181,104,285,0.55664062,0.27017544
218,63,281,0.54882812,0.55160142
217,81,298,0.58203125,0.45637584
194,94,288,0.5625,0.34722222
215,67,282,0.55078125,0.5248227
199,84,283,0.55273438,0.40636042
230,65,295,0.57617188,0.55932203
191,103,294,0.57421875,0.29931973
175,117,292,0.5703125,0.19863014
132,155,287,0.56054688,-0.080139373
135,167,302,0.58984375,-0.10596026
168,113,281,0.54882812,0.19572954
117,179,296,0.578125,-0.20945946
85,206,291,0.56835938,-0.41580756
69,204,273,0.53320312,-0.49450549
42,251,293,0.57226562,-0.71331058
80,202,282,0.55078125,-0.43262411
148,147,295,0.57617188,0.0033898305
161,130,291,0.56835938,0.10652921
154,132,286,0.55859375,0.076923077
203,86,289,0.56445312,0.40484429
117,177,294,0.57421875,-0.20408163
65,213,278,0.54296875,-0.5323741
150,128,278,0.54296875,0.079136691
166,122,288,0.5625,0.15277778
144,126,270,0.52734375,0.066666667
203,86,289,0.56445312,0.40484429
117,157,274,0.53515625,-0.1459854
129,156,285,0.55664062,-0.094736842
124,159,283,0.55273438,-0.12367491
146,138,284,0.5546875,0.028169014
192,81,273,0.53320312,0.40659341
80,202,282,0.55078125,-0.43262411
147,138,285,0.55664062,0.031578947
156,135,291,0.56835938,0.072164948
171,105,276,0.5390625,0.23913043
160,131,291,0.56835938,0.099656357
233,61,294,0.57421875,0.58503401
263,37,300,0.5859375,0.75333333
238,45,283,0.55273438,0.6819788
220,81,301,0.58789062,0.46179402
149,142,291,0.56835938,0.024054983
198,81,279,0.54492188,0.41935484
192,97,289,0.56445312,0.32871972
165,117,282,0.55078125,0.17021277
175,107,282,0.55078125,0.24113475
194,93,287,0.56054688,0.35191638
214,74,288,0.5625,0.48611111
258,34,292,0.5703125,0.76712329
199,75,274,0.53515625,0.45255474
188,106,294,0.57421875,0.27891156
184,96,280,0.546875,0.31428571
262,29,291,0.56835938,0.80068729
184,114,298,0.58203125,0.23489933
105,169,274,0.53515625,-0.23357664
51,231,282,0.55078125,-0.63829787
123,166,289,0.56445312,-0.14878893
232,65,297,0.58007812,0.56228956
205,88,293,0.57226562,0.39931741
240,54,294,0.57421875,0.63265306
255,33,288,0.5625,0.77083333
229,56,285,0.55664062,0.60701754
254,41,295,0.57617188,0.7220339
195,78,273,0.53320312,0.42857143
257,39,296,0.578125,0.73648649
248,56,304,0.59375,0.63157895
157,141,298,0.58203125,0.053691275
96,175,271,0.52929688,-0.29151292
87,206,293,0.57226562,-0.40614334
165,119,284,0.5546875,0.16197183
115,165,280,0.546875,-0.17857143
178,111,289,0.56445312,0.23183391
134,149,283,0.55273438,-0.053003534
132,147,279,0.54492188,-0.053763441
104,188,292,0.5703125,-0.28767123
82,218,300,0.5859375,-0.45333333
93,185,278,0.54296875,-0.33093525
94,187,281,0.54882812,-0.33096085
122,165,287,0.56054688,-0.14982578
135,154,289,0.56445312,-0.065743945
158,130,288,0.5625,0.097222222
130,147,277,0.54101562,-0.061371841
92,201,293,0.57226562,-0.37201365
51,229,280,0.546875,-0.63571429
25,272,297,0.58007812,-0.83164983
73,209,282,0.55078125,-0.4822695
22,267,289,0.56445312,-0.84775087
39,253,292,0.5703125,-0.73287671
54,233,287,0.56054688,-0.62369338
68,217,285,0.55664062,-0.52280702
75,221,296,0.578125,-0.49324324
74,215,289,0.56445312,-0.48788927
68,241,309,0.60351562,-0.55987055
157,128,285,0.55664062,0.10175439
100,195,295,0.57617188,-0.3220339
116,168,284,0.5546875,-0.18309859
154,139,293,0.57226562,0.051194539
177,107,284,0.5546875,0.24647887
240,52,292,0.5703125,0.64383562
185,101,286,0.55859375,0.29370629
136,141,277,0.54101562,-0.018050542
173,116,289,0.56445312,0.19723183
87,211,298,0.58203125,-0.41610738
80,198,278,0.54296875,-0.42446043
69,232,301,0.58789062,-0.54152824
215,82,297,0.58007812,0.44781145
210,71,281,0.54882812,0.49466192
180,97,277,0.54101562,0.29963899
171,113,284,0.5546875,0.20422535
252,42,294,0.57421875,0.71428571
217,78,295,0.57617188,0.47118644
286,15,301,0.58789062,0.90033223
248,42,290,0.56640625,0.71034483
244,47,291,0.56835938,0.67697595
305,3,308,0.6015625,0.98051948
274,12,286,0.55859375,0.91608392
264,30,294,0.57421875,0.79591837
214,67,281,0.54882812,0.52313167
201,95,296,0.578125,0.35810811
286,15,301,0.58789062,0.90033223
249,32,281,0.54882812,0.77224199
229,52,281,0.54882812,0.62989324
173,113,286,0.55859375,0.20979021
259,40,299,0.58398438,0.73244147
185,100,285,0.55664062,0.29824561
225,63,288,0.5625,0.5625
241,45,286,0.55859375,0.68531469
219,60,279,0.54492188,0.56989247
190,94,284,0.5546875,0.33802817
280,14,294,0.57421875,0.9047619
276,20,296,0.578125,0.86486486
249,44,293,0.57226562,0.6996587
270,18,288,0.5625,0.875
248,42,290,0.56640625,0.71034483
231,59,290,0.56640625,0.59310345
261,29,290,0.56640625,0.8
212,74,286,0.55859375,0.48251748
112,170,282,0.55078125,-0.20567376
74,213,287,0.56054688,-0.48432056
45,253,298,0.58203125,-0.69798658
99,186,285,0.55664062,-0.30526316
58,242,300,0.5859375,-0.61333333
94,190,284,0.5546875,-0.33802817
101,158,259,0.50585938,-0.22007722
199,92,291,0.56835938,0.36769759
167,118,285,0.55664062,0.17192982
131,158,289,0.56445312,-0.093425606
201,75,276,0.5390625,0.45652174
153,141,294,0.57421875,0.040816327
130,165,295,0.57617188,-0.11864407
188,95,283,0.55273438,0.32862191
119,160,279,0.54492188,-0.14695341
120,174,294,0.57421875,-0.18367347
150,140,290,0.56640625,0.034482759
158,115,273,0.53320312,0.15750916
216,73,289,0.56445312,0.49480969
247,31,278,0.54296875,0.77697842
180,102,282,0.55078125,0.27659574
184,106,290,0.56640625,0.26896552
168,116,284,0.5546875,0.18309859
160,127,287,0.56054688,0.11498258
105,182,287,0.56054688,-0.26829268
111,181,292,0.5703125,-0.23972603
122,165,287,0.56054688,-0.14982578
126,164,290,0.56640625,-0.13103448
176,109,285,0.55664062,0.23508772
154,135,289,0.56445312,0.065743945
144,154,298,0.58203125,-0.033557047
180,101,281,0.54882812,0.28113879
159,115,274,0.53515625,0.16058394
156,130,286,0.55859375,0.090909091
143,150,293,0.57226562,-0.023890785
220,60,280,0.546875,0.57142857
122,153,275,0.53710938,-0.11272727
91,204,295,0.57617188,-0.38305085
121,162,283,0.55273438,-0.14487633
163,112,275,0.53710938,0.18545455
137,131,268,0.5234375,0.02238806
126,152,278,0.54296875,-0.09352518
64,217,281,0.54882812,-0.54448399
96,199,295,0.57617188,-0.34915254
82,196,278,0.54296875,-0.41007194
103,178,281,0.54882812,-0.26690391
80,217,297,0.58007812,-0.46127946
87,191,278,0.54296875,-0.37410072
58,231,289,0.56445312,-0.59861592
140,132,272,0.53125,0.029411765
207,94,301,0.58789062,0.37541528
108,169,277,0.54101562,-0.22021661
140,144,284,0.5546875,-0.014084507
86,199,285,0.55664062,-0.39649123
142,141,283,0.55273438,0.0035335689
92,202,294,0.57421875,-0.37414966
119,169,288,0.5625,-0.17361111
95,186,281,0.54882812,-0.32384342
232,70,302,0.58984375,0.53642384
178,116,294,0.57421875,0.21088435
84,200,284,0.5546875,-0.4084507
166,117,283,0.55273438,0.17314488
162,123,285,0.55664062,0.13684211
217,61,278,0.54296875,0.56115108
170,116,286,0.55859375,0.18881119
257,26,283,0.55273438,0.81625442
197,92,289,0.56445312,0.3633218
181,116,297,0.58007812,0.21885522
193,90,283,0.55273438,0.3639576
146,140,286,0.55859375,0.020979021
181,112,293,0.57226562,0.23549488
236,37,273,0.53320312,0.72893773
196,92,288,0.5625,0.36111111
213,54,267,0.52148438,0.59550562
283,14,297,0.58007812,0.90572391
203,83,286,0.55859375,0.41958042
231,58,289,0.56445312,0.59861592
266,25,291,0.56835938,0.82817869
245,47,292,0.5703125,0.67808219
233,44,277,0.54101562,0.68231047
260,43,303,0.59179688,0.71617162
225,79,304,0.59375,0.48026316
181,117,298,0.58203125,0.2147651
113,178,291,0.56835938,-0.2233677
134,143,277,0.54101562,-0.032490975
128,149,277,0.54101562,-0.075812274
102,178,280,0.546875,-0.27142857
43,251,294,0.57421875,-0.70748299
24,269,293,0.57226562,-0.83617747
146,155,301,0.58789062,-0.029900332
105,180,285,0.55664062,-0.26315789
125,151,276,0.5390625,-0.094202899
86,191,277,0.54101562,-0.37906137
115,169,284,0.5546875,-0.19014085
111,185,296,0.578125,-0.25
113,171,284,0.5546875,-0.20422535
181,101,282,0.55078125,0.28368794
168,126,294,0.57421875,0.14285714
90,177,267,0.52148438,-0.3258427
56,228,284,0.5546875,-0.6056338
99,185,284,0.5546875,-0.3028169
106,178,284,0.5546875,-0.25352113
87,208,295,0.57617188,-0.41016949
171,104,275,0.53710938,0.24363636
192,86,278,0.54296875,0.38129496
178,103,281,0.54882812,0.26690391
166,120,286,0.55859375,0.16083916
131,159,290,0.56640625,-0.096551724
125,149,274,0.53515625,-0.087591241
78,199,277,0.54101562,-0.4368231
118,169,287,0.56054688,-0.17770035
53,234,287,0.56054688,-0.63066202
118,170,288,0.5625,-0.18055556
141,152,293,0.57226562,-0.037542662
99,187,286,0.55859375,-0.30769231
140,144,284,0.5546875,-0.014084507
146,127,273,0.53320312,0.06959707
286,19,305,0.59570312,0.87540984
227,44,271,0.52929688,0.67527675
225,51,276,0.5390625,0.63043478
214,71,285,0.55664062,0.50175439
167,115,282,0.55078125,0.18439716
181,92,273,0.53320312,0.32600733
145,133,278,0.54296875,0.043165468
74,198,272,0.53125,-0.45588235
126,163,289,0.56445312,-0.12802768
65,215,280,0.546875,-0.53571429
21,254,275,0.53710938,-0.84727273
42,229,271,0.52929688,-0.6900369
89,192,281,0.54882812,-0.36654804
97,184,281,0.54882812,-0.30960854
102,175,277,0.54101562,-0.26353791
78,204,282,0.55078125,-0.44680851
56,232,288,0.5625,-0.61111111
69,216,285,0.55664062,-0.51578947
35,251,286,0.55859375,-0.75524476
39,262,301,0.58789062,-0.74086379
16,290,306,0.59765625,-0.89542484
43,253,296,0.578125,-0.70945946
53,233,286,0.55859375,-0.62937063
74,212,286,0.55859375,-0.48251748
36,257,293,0.57226562,-0.75426621
82,203,285,0.55664062,-0.4245614
58,227,285,0.55664062,-0.59298246
57,226,283,0.55273438,-0.59717314
61,229,290,0.56640625,-0.57931034
109,193,302,0.58984375,-0.2781457
136,165,301,0.58789062,-0.096345515
143,159,302,0.58984375,-0.052980132
74,209,283,0.55273438,-0.4770318
56,227,283,0.55273438,-0.60424028
109,179,288,0.5625,-0.24305556
102,186,288,0.5625,-0.29166667
96,194,290,0.56640625,-0.33793103
95,192,287,0.56054688,-0.33797909
182,105,287,0.56054688,0.26829268
173,111,284,0.5546875,0.21830986
137,154,291,0.56835938,-0.058419244
36,254,290,0.56640625,-0.75172414
54,224,278,0.54296875,-0.61151079
79,228,307,0.59960938,-0.48534202
63,232,295,0.57617188,-0.57288136
74,208,282,0.55078125,-0.4751773
60,239,299,0.58398438,-0.59866221
86,203,289,0.56445312,-0.40484429
137,138,275,0.53710938,-0.0036363636
201,97,298,0.58203125,0.34899329
161,113,274,0.53515625,0.17518248
159,109,268,0.5234375,0.18656716
129,157,286,0.55859375,-0.097902098
120,160,280,0.546875,-0.14285714
136,138,274,0.53515625,-0.0072992701
187,99,286,0.55859375,0.30769231
137,158,295,0.57617188,-0.071186441
132,163,295,0.57617188,-0.10508475
154,132,286,0.55859375,0.076923077
88,205,293,0.57226562,-0.39931741
71,213,284,0.5546875,-0.5
142,142,284,0.5546875,0
87,192,279,0.54492188,-0.37634409
62,218,280,0.546875,-0.55714286
90,209,299,0.58398438,-0.39799331
60,236,296,0.578125,-0.59459459
94,192,286,0.55859375,-0.34265734
64,221,285,0.55664062,-0.55087719
48,249,297,0.58007812,-0.67676768
79,207,286,0.55859375,-0.44755245
118,163,281,0.54882812,-0.16014235
69,226,295,0.57617188,-0.53220339
70,214,284,0.5546875,-0.50704225
102,194,296,0.578125,-0.31081081
144,133,277,0.54101562,0.039711191
113,167,280,0.546875,-0.19285714
149,145,294,0.57421875,0.013605442
164,127,291,0.56835938,0.12714777
134,147,281,0.54882812,-0.046263345
126,152,278,0.54296875,-0.09352518
142,134,276,0.5390625,0.028985507
146,153,299,0.58398438,-0.023411371
134,148,282,0.55078125,-0.04964539
177,102,279,0.54492188,0.2688172
115,167,282,0.55078125,-0.18439716
134,152,286,0.55859375,-0.062937063
107,183,290,0.56640625,-0.26206897
118,173,291,0.56835938,-0.18900344
94,179,273,0.53320312,-0.31135531
123,155,278,0.54296875,-0.11510791
131,173,304,0.59375,-0.13815789
157,120,277,0.54101562,0.13357401
127,155,282,0.55078125,-0.09929078
185,109,294,0.57421875,0.2585034
170,132,302,0.58984375,0.12582781
146,145,291,0.56835938,0.0034364261
141,157,298,0.58203125,-0.053691275
62,219,281,0.54882812,-0.55871886
74,222,296,0.578125,-0.5
186,105,291,0.56835938,0.27835052
148,150,298,0.58203125,-0.0067114094
182,100,282,0.55078125,0.29078014
114,176,290,0.56640625,-0.2137931
114,169,283,0.55273438,-0.19434629
73,211,284,0.5546875,-0.48591549
177,105,282,0.55078125,0.25531915
237,37,274,0.53515625,0.72992701
208,69,277,0.54101562,0.50180505
227,66,293,0.57226562,0.54948805
201,94,295,0.57617188,0.36271186
215,75,290,0.56640625,0.48275862
209,70,279,0.54492188,0.49820789
197,96,293,0.57226562,0.3447099
156,119,275,0.53710938,0.13454545
206,60,266,0.51953125,0.54887218
258,44,302,0.58984375,0.70860927
160,124,284,0.5546875,0.12676056
113,166,279,0.54492188,-0.18996416
171,111,282,0.55078125,0.21276596
152,135,287,0.56054688,0.059233449
194,94,288,0.5625,0.34722222
103,173,276,0.5390625,-0.25362319
120,172,292,0.5703125,-0.17808219
156,117,273,0.53320312,0.14285714
224,63,287,0.56054688,0.56097561
192,87,279,0.54492188,0.37634409
213,80,293,0.57226562,0.45392491
127,152,279,0.54492188,-0.089605735
154,128,282,0.55078125,0.092198582
197,93,290,0.56640625,0.35862069
164,125,289,0.56445312,0.1349481
146,138,284,0.5546875,0.028169014
158,128,286,0.55859375,0.1048951
128,152,280,0.546875,-0.085714286
192,108,300,0.5859375,0.28
239,57,296,0.578125,0.61486486
231,56,287,0.56054688,0.6097561
228,75,303,0.59179688,0.5049505
284,13,297,0.58007812,0.91245791
205,81,286,0.55859375,0.43356643
212,84,296,0.578125,0.43243243
167,129,296,0.578125,0.12837838
149,139,288,0.5625,0.034722222
114,163,277,0.54101562,-0.17689531
54,249,303,0.59179688,-0.64356436
102,176,278,0.54296875,-0.26618705
52,239,291,0.56835938,-0.64261168
42,237,279,0.54492188,-0.69892473
78,212,290,0.56640625,-0.46206897
78,213,291,0.56835938,-0.46391753
87,204,291,0.56835938,-0.40206186
81,212,293,0.57226562,-0.44709898
95,199,294,0.57421875,-0.3537415
179,113,292,0.5703125,0.2260274
106,161,267,0.52148438,-0.20599251
180,101,281,0.54882812,0.28113879
183,107,290,0.56640625,0.26206897
162,123,285,0.55664062,0.13684211
195,95,290,0.56640625,0.34482759
204,86,290,0.56640625,0.40689655
202,70,272,0.53125,0.48529412
183,102,285,0.55664062,0.28421053
277,26,303,0.59179688,0.82838284
233,59,292,0.5703125,0.59589041
217,72,289,0.56445312,0.5017301
239,59,298,0.58203125,0.60402685
155,122,277,0.54101562,0.11913357
100,191,291,0.56835938,-0.31271478
126,158,284,0.5546875,-0.11267606
125,154,279,0.54492188,-0.10394265
127,154,281,0.54882812,-0.096085409
75,199,274,0.53515625,-0.45255474
156,120,276,0.5390625,0.13043478
198,91,289,0.56445312,0.37024221
172,106,278,0.54296875,0.23741007
180,118,298,0.58203125,0.20805369
164,109,273,0.53320312,0.2014652
191,91,282,0.55078125,0.35460993
200,74,274,0.53515625,0.45985401
206,77,283,0.55273438,0.45583039
249,45,294,0.57421875,0.69387755
242,46,288,0.5625,0.68055556
255,34,289,0.56445312,0.76470588
213,74,287,0.56054688,0.48432056
227,48,275,0.53710938,0.65090909
255,41,296,0.578125,0.72297297
251,44,295,0.57617188,0.70169492
198,86,284,0.5546875,0.3943662
193,100,293,0.57226562,0.31740614
230,59,289,0.56445312,0.5916955
233,57,290,0.56640625,0.60689655
135,150,285,0.55664062,-0.052631579
169,120,289,0.56445312,0.16955017
224,59,283,0.55273438,0.58303887
214,67,281,0.54882812,0.52313167
212,89,301,0.58789062,0.40863787
115,167,282,0.55078125,-0.18439716
101,183,284,0.5546875,-0.28873239
110,177,287,0.56054688,-0.23344948
179,114,293,0.57226562,0.221843
196,85,281,0.54882812,0.39501779
182,101,283,0.55273438,0.28621908
137,156,293,0.57226562,-0.064846416
84,202,286,0.55859375,-0.41258741
145,143,288,0.5625,0.0069444444
161,127,288,0.5625,0.11805556
123,172,295,0.57617188,-0.16610169
151,123,274,0.53515625,0.10218978
157,131,288,0.5625,0.090277778
201,93,294,0.57421875,0.36734694
229,53,282,0.55078125,0.62411348
250,40,290,0.56640625,0.72413793
270,16,286,0.55859375,0.88811189
163,119,282,0.55078125,0.15602837
206,84,290,0.56640625,0.42068966
249,41,290,0.56640625,0.71724138
265,37,302,0.58984375,0.75496689
221,69,290,0.56640625,0.52413793
222,69,291,0.56835938,0.5257732
183,118,301,0.58789062,0.21594684
225,69,294,0.57421875,0.53061224
275,29,304,0.59375,0.80921053
207,67,274,0.53515625,0.51094891
181,113,294,0.57421875,0.23129252
177,113,290,0.56640625,0.22068966
205,95,300,0.5859375,0.36666667
227,59,286,0.55859375,0.58741259
130,159,289,0.56445312,-0.10034602
174,104,278,0.54296875,0.25179856
223,66,289,0.56445312,0.5432526
215,90,305,0.59570312,0.40983607
144,145,289,0.56445312,-0.0034602076
234,57,291,0.56835938,0.60824742
217,55,272,0.53125,0.59558824
245,63,308,0.6015625,0.59090909
283,10,293,0.57226562,0.93174061
204,92,296,0.578125,0.37837838
188,84,272,0.53125,0.38235294
167,121,288,0.5625,0.15972222
198,91,289,0.56445312,0.37024221
168,98,266,0.51953125,0.26315789
275,24,299,0.58398438,0.83946488
254,33,287,0.56054688,0.77003484
202,85,287,0.56054688,0.40766551
77,212,289,0.56445312,-0.46712803
91,186,277,0.54101562,-0.34296029
100,196,296,0.578125,-0.32432432
54,240,294,0.57421875,-0.63265306
33,250,283,0.55273438,-0.76678445
41,262,303,0.59179688,-0.72937294
26,268,294,0.57421875,-0.82312925
67,229,296,0.578125,-0.5472973
80,192,272,0.53125,-0.41176471
76,206,282,0.55078125,-0.46099291
121,164,285,0.55664062,-0.15087719
96,194,290,0.56640625,-0.33793103
36,257,293,0.57226562,-0.75426621
48,238,286,0.55859375,-0.66433566
43,245,288,0.5625,-0.70138889
48,246,294,0.57421875,-0.67346939
81,206,287,0.56054688,-0.43554007
9,286,295,0.57617188,-0.93898305
35,255,290,0.56640625,-0.75862069
39,269,308,0.6015625,-0.74675325
36,260,296,0.578125,-0.75675676
49,233,282,0.55078125,-0.65248227
78,215,293,0.57226562,-0.46757679
157,138,295,0.57617188,0.06440678
139,148,287,0.56054688,-0.031358885
98,183,281,0.54882812,-0.3024911
112,176,288,0.5625,-0.22222222
72,224,296,0.578125,-0.51351351
26,266,292,0.5703125,-0.82191781
110,163,273,0.53320312,-0.19413919
99,183,282,0.55078125,-0.29787234
81,210,291,0.56835938,-0.44329897
38,246,284,0.5546875,-0.73239437
141,137,278,0.54296875,0.014388489
153,135,288,0.5625,0.0625
117,177,294,0.57421875,-0.20408163
93,204,297,0.58007812,-0.37373737
117,165,282,0.55078125,-0.17021277
92,190,282,0.55078125,-0.34751773
111,174,285,0.55664062,-0.22105263
110,181,291,0.56835938,-0.24398625
159,138,297,0.58007812,0.070707071
214,62,276,0.5390625,0.55072464
246,40,286,0.55859375,0.72027972
245,50,295,0.57617188,0.66101695
212,72,284,0.5546875,0.49295775
222,65,287,0.56054688,0.54703833
302,10,312,0.609375,0.93589744
205,89,294,0.57421875,0.39455782
248,37,285,0.55664062,0.74035088
220,84,304,0.59375,0.44736842
196,93,289,0.56445312,0.35640138
228,72,300,0.5859375,0.52
228,62,290,0.56640625,0.57241379
256,42,298,0.58203125,0.71812081
196,97,293,0.57226562,0.33788396
197,78,275,0.53710938,0.43272727
154,129,283,0.55273438,0.088339223
106,182,288,0.5625,-0.26388889
146,131,277,0.54101562,0.054151625
147,140,287,0.56054688,0.024390244
164,120,284,0.5546875,0.15492958
143,144,287,0.56054688,-0.0034843206
170,111,281,0.54882812,0.20996441
222,57,279,0.54492188,0.59139785
232,57,289,0.56445312,0.60553633
248,50,298,0.58203125,0.66442953
286,12,298,0.58203125,0.91946309
259,31,290,0.56640625,0.7862069
227,70,297,0.58007812,0.52861953
238,45,283,0.55273438,0.6819788
295,9,304,0.59375,0.94078947
243,51,294,0.57421875,0.65306122
219,71,290,0.56640625,0.51034483
144,155,299,0.58398438,-0.036789298
135,164,299,0.58398438,-0.096989967
78,208,286,0.55859375,-0.45454545
135,155,290,0.56640625,-0.068965517
149,144,293,0.57226562,0.017064846
210,76,286,0.55859375,0.46853147
139,121,260,0.5078125,0.069230769
180,108,288,0.5625,0.25
201,88,289,0.56445312,0.39100346
218,63,281,0.54882812,0.55160142
236,54,290,0.56640625,0.62758621
202,89,291,0.56835938,0.38831615
201,85,286,0.55859375,0.40559441
225,69,294,0.57421875,0.53061224
230,70,300,0.5859375,0.53333333
182,104,286,0.55859375,0.27272727
213,89,302,0.58984375,0.41059603
194,94,288,0.5625,0.34722222
199,90,289,0.56445312,0.37716263
194,95,289,0.56445312,0.34256055
154,141,295,0.57617188,0.044067797
182,99,281,0.54882812,0.29537367
157,121,278,0.54296875,0.1294964
197,99,296,0.578125,0.33108108
220,69,289,0.56445312,0.52249135
237,63,300,0.5859375,0.58
259,32,291,0.56835938,0.78006873
172,106,278,0.54296875,0.23741007
131,157,288,0.5625,-0.090277778
141,136,277,0.54101562,0.018050542
120,154,274,0.53515625,-0.12408759
203,90,293,0.57226562,0.38566553
262,37,299,0.58398438,0.75250836
216,81,297,0.58007812,0.45454545
194,97,291,0.56835938,0.33333333
220,72,292,0.5703125,0.50684932
215,78,293,0.57226562,0.46757679
115,184,299,0.58398438,-0.23076923
182,108,290,0.56640625,0.25517241
160,118,278,0.54296875,0.15107914
166,108,274,0.53515625,0.21167883
256,39,295,0.57617188,0.73559322
270,21,291,0.56835938,0.8556701
205,94,299,0.58398438,0.37123746
274,22,296,0.578125,0.85135135
187,92,279,0.54492188,0.34050179
230,59,289,0.56445312,0.5916955
116,164,280,0.546875,-0.17142857
127,144,271,0.52929688,-0.062730627
134,140,274,0.53515625,-0.02189781
127,178,305,0.59570312,-0.16721311
111,174,285,0.55664062,-0.22105263
143,135,278,0.54296875,0.028776978
185,115,300,0.5859375,0.23333333
184,101,285,0.55664062,0.29122807
172,110,282,0.55078125,0.21985816
188,103,291,0.56835938,0.29209622
145,128,273,0.53320312,0.062271062
129,161,290,0.56640625,-0.11034483
205,97,302,0.58984375,0.35761589
188,96,284,0.5546875,0.32394366
172,119,291,0.56835938,0.18213058
184,113,297,0.58007812,0.23905724
204,69,273,0.53320312,0.49450549
248,32,280,0.546875,0.77142857
237,57,294,0.57421875,0.6122449
190,94,284,0.5546875,0.33802817
228,74,302,0.58984375,0.50993377
248,50,298,0.58203125,0.66442953
184,95,279,0.54492188,0.31899642
161,123,284,0.5546875,0.13380282
92,186,278,0.54296875,-0.3381295
122,158,280,0.546875,-0.12857143
76,221,297,0.58007812,-0.48821549
155,123,278,0.54296875,0.11510791
213,70,283,0.55273438,0.50530035
146,126,272,0.53125,0.073529412
78,204,282,0.55078125,-0.44680851
70,209,279,0.54492188,-0.49820789
76,214,290,0.56640625,-0.47586207
100,192,292,0.5703125,-0.31506849
152,141,293,0.57226562,0.037542662
69,219,288,0.5625,-0.52083333
98,186,284,0.5546875,-0.30985915
84,200,284,0.5546875,-0.4084507
83,194,277,0.54101562,-0.40072202
30,256,286,0.55859375,-0.79020979
75,222,297,0.58007812,-0.49494949
106,187,293,0.57226562,-0.27645051
139,154,293,0.57226562,-0.051194539
181,104,285,0.55664062,0.27017544
210,77,287,0.56054688,0.46341463
147,123,270,0.52734375,0.088888889
145,132,277,0.54101562,0.046931408
214,68,282,0.55078125,0.5177305
129,146,275,0.53710938,-0.061818182
189,91,280,0.546875,0.35
206,89,295,0.57617188,0.39661017
166,118,284,0.5546875,0.16901408
149,128,277,0.54101562,0.075812274
103,180,283,0.55273438,-0.27208481
48,249,297,0.58007812,-0.67676768
37,257,294,0.57421875,-0.74829932
39,244,283,0.55273438,-0.72438163
27,270,297,0.58007812,-0.81818182
26,258,284,0.5546875,-0.81690141
24,271,295,0.57617188,-0.83728814
53,241,294,0.57421875,-0.63945578
81,195,276,0.5390625,-0.41304348
17,283,300,0.5859375,-0.88666667
57,233,290,0.56640625,-0.60689655
60,239,299,0.58398438,-0.59866221
99,185,284,0.5546875,-0.3028169
177,120,297,0.58007812,0.19191919
180,104,284,0.5546875,0.26760563
112,165,277,0.54101562,-0.19133574
158,125,283,0.55273438,0.11660777
180,105,285,0.55664062,0.26315789
274,41,315,0.61523438,0.73968254
208,87,295,0.57617188,0.41016949
174,115,289,0.56445312,0.20415225
201,83,284,0.5546875,0.41549296
197,82,279,0.54492188,0.41218638
254,41,295,0.57617188,0.7220339
239,41,280,0.546875,0.70714286
240,52,292,0.5703125,0.64383562
265,16,281,0.54882812,0.886121
267,34,301,0.58789062,0.77408638
215,83,298,0.58203125,0.44295302
226,61,287,0.56054688,0.57491289
193,90,283,0.55273438,0.3639576
192,88,280,0.546875,0.37142857
124,172,296,0.578125,-0.16216216
164,121,285,0.55664062,0.15087719
190,104,294,0.57421875,0.29251701
152,143,295,0.57617188,0.030508475
205,75,280,0.546875,0.46428571
99,181,280,0.546875,-0.29285714
101,186,287,0.56054688,-0.29616725
165,128,293,0.57226562,0.12627986
147,133,280,0.546875,0.05
131,162,293,0.57226562,-0.10580205
134,149,283,0.55273438,-0.053003534
131,160,291,0.56835938,-0.099656357
100,195,295,0.57617188,-0.3220339
63,233,296,0.578125,-0.57432432
30,256,286,0.55859375,-0.79020979
106,171,277,0.54101562,-0.23465704
115,166,281,0.54882812,-0.18149466
128,139,267,0.52148438,-0.041198502
57,230,287,0.56054688,-0.60278746
54,245,299,0.58398438,-0.63879599
144,129,273,0.53320312,0.054945055
43,240,283,0.55273438,-0.69611307
48,241,289,0.56445312,-0.66782007
63,226,289,0.56445312,-0.56401384
37,271,308,0.6015625,-0.75974026
83,212,295,0.57617188,-0.43728814
125,161,286,0.55859375,-0.12587413
268,31,299,0.58398438,0.79264214
209,92,301,0.58789062,0.38870432
127,145,272,0.53125,-0.066176471
37,244,281,0.54882812,-0.7366548
