n_hor,n_ver,n_tot,eta,S
201,113,314,0.61328125,0.28025478
236,86,322,0.62890625,0.46583851
257,83,340,0.6640625,0.51176471
286,52,338,0.66015625,0.69230769
289,31,320,0.625,0.80625
315,18,333,0.65039062,0.89189189
312,31,343,0.66992188,0.81924198
290,32,322,0.62890625,0.80124224
272,57,329,0.64257812,0.65349544
271,64,335,0.65429688,0.61791045
240,81,321,0.62695312,0.4953271
250,76,326,0.63671875,0.53374233
295,28,323,0.63085938,0.82662539
317,10,327,0.63867188,0.93883792
310,13,323,0.63085938,0.91950464
337,9,346,0.67578125,0.94797688
323,20,343,0.66992188,0.88338192
309,32,341,0.66601562,0.81231672
313,15,328,0.640625,0.90853659
312,27,339,0.66210938,0.84070796
315,22,337,0.65820312,0.8694362
303,17,320,0.625,0.89375
324,7,331,0.64648438,0.95770393
331,21,352,0.6875,0.88068182
304,30,334,0.65234375,0.82035928
329,2,331,0.64648438,0.98791541
341,1,342,0.66796875,0.99415205
322,14,336,0.65625,0.91666667
339,0,339,0.66210938,1
326,4,330,0.64453125,0.97575758
330,4,334,0.65234375,0.9760479
345,5,350,0.68359375,0.97142857
345,1,346,0.67578125,0.99421965
335,1,336,0.65625,0.99404762
340,1,341,0.66601562,0.9941349
312,11,323,0.63085938,0.93188854
324,12,336,0.65625,0.92857143
312,18,330,0.64453125,0.89090909
317,19,336,0.65625,0.88690476
316,19,335,0.65429688,0.88656716
314,25,339,0.66210938,0.85250737
333,11,344,0.671875,0.93604651
332,7,339,0.66210938,0.95870206
296,38,334,0.65234375,0.77245509
292,45,337,0.65820312,0.73293769
315,23,338,0.66015625,0.86390533
312,19,331,0.64648438,0.88519637
338,5,343,0.66992188,0.97084548
329,4,333,0.65039062,0.97597598
335,4,339,0.66210938,0.97640118
327,4,331,0.64648438,0.97583082
318,11,329,0.64257812,0.9331307
318,15,333,0.65039062,0.90990991
289,38,327,0.63867188,0.7675841
317,18,335,0.65429688,0.89253731
312,31,343,0.66992188,0.81924198
305,26,331,0.64648438,0.8429003
276,56,332,0.6484375,0.6626506
285,37,322,0.62890625,0.77018634
284,60,344,0.671875,0.65116279
320,16,336,0.65625,0.9047619
310,18,328,0.640625,0.8902439
287,47,334,0.65234375,0.71856287
266,49,315,0.61523438,0.68888889
299,42,341,0.66601562,0.75366569
270,51,321,0.62695312,0.68224299
305,28,333,0.65039062,0.83183183
336,1,337,0.65820312,0.99406528
325,4,329,0.64257812,0.97568389
282,29,311,0.60742188,0.81350482
317,14,331,0.64648438,0.91540785
315,20,335,0.65429688,0.88059701
298,42,340,0.6640625,0.75294118
294,41,335,0.65429688,0.75522388
305,18,323,0.63085938,0.88854489
320,25,345,0.67382812,0.85507246
322,6,328,0.640625,0.96341463
340,0,340,0.6640625,1
326,6,332,0.6484375,0.96385542
325,5,330,0.64453125,0.96969697
302,31,333,0.65039062,0.81381381
303,29,332,0.6484375,0.8253012
291,37,328,0.640625,0.77439024
274,59,333,0.65039062,0.64564565
280,48,328,0.640625,0.70731707
309,24,333,0.65039062,0.85585586
332,12,344,0.671875,0.93023256
318,18,336,0.65625,0.89285714
319,17,336,0.65625,0.89880952
319,15,334,0.65234375,0.91017964
325,5,330,0.64453125,0.96969697
323,10,333,0.65039062,0.93993994
299,32,331,0.64648438,0.80664653
303,32,335,0.65429688,0.80895522
281,59,340,0.6640625,0.65294118
296,31,327,0.63867188,0.81039755
316,24,340,0.6640625,0.85882353
332,10,342,0.66796875,0.94152047
350,0,350,0.68359375,1
325,12,337,0.65820312,0.92878338
298,30,328,0.640625,0.81707317
326,7,333,0.65039062,0.95795796
328,3,331,0.64648438,0.98187311
320,12,332,0.6484375,0.92771084
342,4,346,0.67578125,0.97687861
320,14,334,0.65234375,0.91616766
339,0,339,0.66210938,1
331,5,336,0.65625,0.9702381
332,0,332,0.6484375,1
334,3,337,0.65820312,0.98219585
327,19,346,0.67578125,0.89017341
299,31,330,0.64453125,0.81212121
314,22,336,0.65625,0.86904762
332,3,335,0.65429688,0.98208955
342,0,342,0.66796875,1
334,6,340,0.6640625,0.96470588
337,3,340,0.6640625,0.98235294
339,1,340,0.6640625,0.99411765
301,28,329,0.64257812,0.82978723
325,9,334,0.65234375,0.94610778
318,20,338,0.66015625,0.8816568
330,22,352,0.6875,0.875
319,15,334,0.65234375,0.91017964
335,7,342,0.66796875,0.95906433
332,8,340,0.6640625,0.95294118
319,16,335,0.65429688,0.90447761
276,42,318,0.62109375,0.73584906
291,39,330,0.64453125,0.76363636
308,36,344,0.671875,0.79069767
286,56,342,0.66796875,0.67251462
262,70,332,0.6484375,0.57831325
260,75,335,0.65429688,0.55223881
273,57,330,0.64453125,0.65454545
258,75,333,0.65039062,0.54954955
236,104,340,0.6640625,0.38823529
184,142,326,0.63671875,0.12883436
171,173,344,0.671875,-0.0058139535
112,212,324,0.6328125,-0.30864198
97,229,326,0.63671875,-0.40490798
132,190,322,0.62890625,-0.18012422
141,193,334,0.65234375,-0.15568862
141,187,328,0.640625,-0.1402439
124,201,325,0.63476562,-0.23692308
80,246,326,0.63671875,-0.50920245
114,210,324,0.6328125,-0.2962963
104,233,337,0.65820312,-0.38278932
123,207,330,0.64453125,-0.25454545
133,190,323,0.63085938,-0.17647059
152,186,338,0.66015625,-0.10059172
148,168,316,0.6171875,-0.063291139
136,204,340,0.6640625,-0.2
150,169,319,0.62304688,-0.059561129
179,144,323,0.63085938,0.10835913
158,172,330,0.64453125,-0.042424242
136,193,329,0.64257812,-0.17325228
132,206,338,0.66015625,-0.21893491
104,215,319,0.62304688,-0.34796238
123,205,328,0.640625,-0.25
119,200,319,0.62304688,-0.2539185
106,214,320,0.625,-0.3375
101,240,341,0.66601562,-0.40762463
83,247,330,0.64453125,-0.4969697
76,260,336,0.65625,-0.54761905
45,275,320,0.625,-0.71875
58,273,331,0.64648438,-0.64954683
54,290,344,0.671875,-0.68604651
20,301,321,0.62695312,-0.87538941
3,347,350,0.68359375,-0.98285714
9,322,331,0.64648438,-0.94561934
29,308,337,0.65820312,-0.82789318
37,290,327,0.63867188,-0.77370031
28,292,320,0.625,-0.825
7,326,333,0.65039062,-0.95795796
10,328,338,0.66015625,-0.9408284
5,333,338,0.66015625,-0.9704142
2,333,335,0.65429688,-0.9880597
13,329,342,0.66796875,-0.92397661
7,327,334,0.65234375,-0.95808383
13,326,339,0.66210938,-0.92330383
37,294,331,0.64648438,-0.77643505
0,344,344,0.671875,-1
23,318,341,0.66601562,-0.86510264
13,330,343,0.66992188,-0.92419825
19,323,342,0.66796875,-0.88888889
16,315,331,0.64648438,-0.90332326
18,314,332,0.6484375,-0.89156627
5,326,331,0.64648438,-0.96978852
27,311,338,0.66015625,-0.84023669
27,298,325,0.63476562,-0.83384615
65,276,341,0.66601562,-0.61876833
31,311,342,0.66796875,-0.81871345
43,299,342,0.66796875,-0.74853801
46,285,331,0.64648438,-0.72205438
44,292,336,0.65625,-0.73809524
0,330,330,0.64453125,-1
2,334,336,0.65625,-0.98809524
2,332,334,0.65234375,-0.98802395
24,304,328,0.640625,-0.85365854
14,315,329,0.64257812,-0.91489362
5,344,349,0.68164062,-0.9713467
10,334,344,0.671875,-0.94186047
27,313,340,0.6640625,-0.84117647
15,322,337,0.65820312,-0.91097923
5,333,338,0.66015625,-0.9704142
11,309,320,0.625,-0.93125
15,318,333,0.65039062,-0.90990991
30,304,334,0.65234375,-0.82035928
15,310,325,0.63476562,-0.90769231
12,327,339,0.66210938,-0.92920354
3,327,330,0.64453125,-0.98181818
8,325,333,0.65039062,-0.95195195
7,331,338,0.66015625,-0.95857988
3,329,332,0.6484375,-0.98192771
2,329,331,0.64648438,-0.98791541
7,329,336,0.65625,-0.95833333
3,330,333,0.65039062,-0.98198198
13,330,343,0.66992188,-0.92419825
1,343,344,0.671875,-0.99418605
8,329,337,0.65820312,-0.95252226
28,315,343,0.66992188,-0.83673469
4,329,333,0.65039062,-0.97597598
27,304,331,0.64648438,-0.83685801
55,286,341,0.66601562,-0.67741935
57,269,326,0.63671875,-0.65030675
58,274,332,0.6484375,-0.65060241
38,288,326,0.63671875,-0.76687117
59,275,334,0.65234375,-0.64670659
32,299,331,0.64648438,-0.80664653
26,303,329,0.64257812,-0.84194529
0,341,341,0.66601562,-1
1,336,337,0.65820312,-0.99406528
30,306,336,0.65625,-0.82142857
17,312,329,0.64257812,-0.89665653
4,331,335,0.65429688,-0.9761194
5,331,336,0.65625,-0.9702381
5,325,330,0.64453125,-0.96969697
7,330,337,0.65820312,-0.95845697
3,349,352,0.6875,-0.98295455
4,322,326,0.63671875,-0.97546012
13,324,337,0.65820312,-0.92284866
17,317,334,0.65234375,-0.89820359
3,332,335,0.65429688,-0.98208955
14,321,335,0.65429688,-0.91641791
19,318,337,0.65820312,-0.88724036
20,305,325,0.63476562,-0.87692308
21,319,340,0.6640625,-0.87647059
20,327,347,0.67773438,-0.88472622
7,324,331,0.64648438,-0.95770393
4,328,332,0.6484375,-0.97590361
5,338,343,0.66992188,-0.97084548
16,308,324,0.6328125,-0.90123457
21,316,337,0.65820312,-0.87537092
48,294,342,0.66796875,-0.71929825
63,268,331,0.64648438,-0.61933535
43,287,330,0.64453125,-0.73939394
55,269,324,0.6328125,-0.66049383
15,323,338,0.66015625,-0.9112426
22,302,324,0.6328125,-0.86419753
36,292,328,0.640625,-0.7804878
23,308,331,0.64648438,-0.86102719
11,322,333,0.65039062,-0.93393393
15,313,328,0.640625,-0.90853659
22,318,340,0.6640625,-0.87058824
69,264,333,0.65039062,-0.58558559
74,260,334,0.65234375,-0.55688623
92,229,321,0.62695312,-0.42679128
114,216,330,0.64453125,-0.30909091
144,182,326,0.63671875,-0.11656442
142,181,323,0.63085938,-0.12074303
138,184,322,0.62890625,-0.14285714
139,184,323,0.63085938,-0.13931889
146,177,323,0.63085938,-0.095975232
173,146,319,0.62304688,0.084639498
166,148,314,0.61328125,0.057324841
156,169,325,0.63476562,-0.04
168,167,335,0.65429688,0.0029850746
198,132,330,0.64453125,0.2
215,94,309,0.60351562,0.39158576
280,39,319,0.62304688,0.75548589
298,34,332,0.6484375,0.79518072
319,5,324,0.6328125,0.9691358
319,21,340,0.6640625,0.87647059
321,15,336,0.65625,0.91071429
304,15,319,0.62304688,0.90595611
313,23,336,0.65625,0.86309524
309,28,337,0.65820312,0.83382789
301,24,325,0.63476562,0.85230769
317,11,328,0.640625,0.93292683
292,36,328,0.640625,0.7804878
297,29,326,0.63671875,0.82208589
309,26,335,0.65429688,0.84477612
323,3,326,0.63671875,0.98159509
340,1,341,0.66601562,0.9941349
329,7,336,0.65625,0.95833333
327,7,334,0.65234375,0.95808383
306,9,315,0.61523438,0.94285714
332,5,337,0.65820312,0.97032641
318,21,339,0.66210938,0.87610619
320,12,332,0.6484375,0.92771084
332,7,339,0.66210938,0.95870206
338,7,345,0.67382812,0.95942029
304,25,329,0.64257812,0.84802432
300,41,341,0.66601562,0.75953079
298,27,325,0.63476562,0.83384615
313,6,319,0.62304688,0.96238245
342,2,344,0.671875,0.98837209
336,2,338,0.66015625,0.98816568
309,23,332,0.6484375,0.86144578
314,19,333,0.65039062,0.88588589
258,65,323,0.63085938,0.59752322
297,37,334,0.65234375,0.77844311
293,34,327,0.63867188,0.79204893
306,18,324,0.6328125,0.88888889
328,7,335,0.65429688,0.95820896
332,3,335,0.65429688,0.98208955
324,8,332,0.6484375,0.95180723
281,40,321,0.62695312,0.75077882
309,19,328,0.640625,0.88414634
331,2,333,0.65039062,0.98798799
331,9,340,0.6640625,0.94705882
338,5,343,0.66992188,0.97084548
338,6,344,0.671875,0.96511628
327,5,332,0.6484375,0.96987952
327,9,336,0.65625,0.94642857
325,24,349,0.68164062,0.86246418
326,17,343,0.66992188,0.90087464
317,13,330,0.64453125,0.92121212
326,12,338,0.66015625,0.92899408
316,21,337,0.65820312,0.87537092
286,42,328,0.640625,0.74390244
303,27,330,0.64453125,0.83636364
311,11,322,0.62890625,0.93167702
322,12,334,0.65234375,0.92814371
330,1,331,0.64648438,0.9939577
308,21,329,0.64257812,0.87234043
304,27,331,0.64648438,0.83685801
283,45,328,0.640625,0.72560976
321,28,349,0.68164062,0.83954155
336,1,337,0.65820312,0.99406528
336,9,345,0.67382812,0.94782609
307,33,340,0.6640625,0.80588235
286,49,335,0.65429688,0.70746269
311,19,330,0.64453125,0.88484848
309,25,334,0.65234375,0.8502994
314,20,334,0.65234375,0.88023952
307,27,334,0.65234375,0.83832335
288,43,331,0.64648438,0.74018127
278,49,327,0.63867188,0.70030581
289,40,329,0.64257812,0.75683891
294,39,333,0.65039062,0.76576577
307,22,329,0.64257812,0.8662614
346,13,359,0.70117188,0.9275766
299,37,336,0.65625,0.7797619
322,13,335,0.65429688,0.92238806
347,4,351,0.68554688,0.97720798
339,8,347,0.67773438,0.95389049
329,1,330,0.64453125,0.99393939
323,16,339,0.66210938,0.90560472
308,25,333,0.65039062,0.84984985
309,29,338,0.66015625,0.82840237
310,27,337,0.65820312,0.83976261
336,10,346,0.67578125,0.94219653
325,10,335,0.65429688,0.94029851
326,1,327,0.63867188,0.99388379
327,12,339,0.66210938,0.92920354
312,16,328,0.640625,0.90243902
336,4,340,0.6640625,0.97647059
338,0,338,0.66015625,1
316,24,340,0.6640625,0.85882353
340,12,352,0.6875,0.93181818
314,19,333,0.65039062,0.88588589
322,8,330,0.64453125,0.95151515
320,14,334,0.65234375,0.91616766
330,7,337,0.65820312,0.95845697
341,0,341,0.66601562,1
339,8,347,0.67773438,0.95389049
301,41,342,0.66796875,0.76023392
267,60,327,0.63867188,0.63302752
298,31,329,0.64257812,0.81155015
304,36,340,0.6640625,0.78823529
286,40,326,0.63671875,0.75460123
293,36,329,0.64257812,0.78115502
330,7,337,0.65820312,0.95845697
288,29,317,0.61914062,0.8170347
313,19,332,0.6484375,0.88554217
326,11,337,0.65820312,0.9347181
323,18,341,0.66601562,0.89442815
282,46,328,0.640625,0.7195122
257,57,314,0.61328125,0.63694268
295,38,333,0.65039062,0.77177177
347,2,349,0.68164062,0.98853868
320,12,332,0.6484375,0.92771084
350,0,350,0.68359375,1
312,22,334,0.65234375,0.86826347
320,18,338,0.66015625,0.89349112
304,21,325,0.63476562,0.87076923
314,31,345,0.67382812,0.82028986
341,14,355,0.69335938,0.92112676
324,11,335,0.65429688,0.93432836
312,19,331,0.64648438,0.88519637
322,14,336,0.65625,0.91666667
308,26,334,0.65234375,0.84431138
293,31,324,0.6328125,0.80864198
318,14,332,0.6484375,0.91566265
285,46,331,0.64648438,0.72205438
299,27,326,0.63671875,0.83435583
273,53,326,0.63671875,0.67484663
290,48,338,0.66015625,0.71597633
274,49,323,0.63085938,0.69659443
270,61,331,0.64648438,0.63141994
319,32,351,0.68554688,0.81766382
275,54,329,0.64257812,0.67173252
286,35,321,0.62695312,0.78193146
288,54,342,0.66796875,0.68421053
288,51,339,0.66210938,0.69911504
262,70,332,0.6484375,0.57831325
286,50,336,0.65625,0.70238095
305,33,338,0.66015625,0.80473373
321,23,344,0.671875,0.86627907
340,0,340,0.6640625,1
332,14,346,0.67578125,0.91907514
321,24,345,0.67382812,0.86086957
279,40,319,0.62304688,0.7492163
279,45,324,0.6328125,0.72222222
278,51,329,0.64257812,0.6899696
323,20,343,0.66992188,0.88338192
308,20,328,0.640625,0.87804878
323,4,327,0.63867188,0.97553517
334,12,346,0.67578125,0.93063584
299,33,332,0.6484375,0.80120482
288,39,327,0.63867188,0.76146789
273,51,324,0.6328125,0.68518519
330,5,335,0.65429688,0.97014925
305,28,333,0.65039062,0.83183183
339,2,341,0.66601562,0.98826979
326,10,336,0.65625,0.94047619
321,13,334,0.65234375,0.92215569
318,10,328,0.640625,0.93902439
310,29,339,0.66210938,0.82890855
277,61,338,0.66015625,0.63905325
255,68,323,0.63085938,0.57894737
309,23,332,0.6484375,0.86144578
292,23,315,0.61523438,0.85396825
334,6,340,0.6640625,0.96470588
336,2,338,0.66015625,0.98816568
325,7,332,0.6484375,0.95783133
309,27,336,0.65625,0.83928571
307,17,324,0.6328125,0.89506173
318,21,339,0.66210938,0.87610619
317,14,331,0.64648438,0.91540785
316,11,327,0.63867188,0.93272171
336,2,338,0.66015625,0.98816568
331,10,341,0.66601562,0.94134897
337,4,341,0.66601562,0.97653959
327,10,337,0.65820312,0.94065282
304,12,316,0.6171875,0.92405063
317,9,326,0.63671875,0.94478528
325,12,337,0.65820312,0.92878338
343,1,344,0.671875,0.99418605
333,8,341,0.66601562,0.95307918
321,15,336,0.65625,0.91071429
294,39,333,0.65039062,0.76576577
302,29,331,0.64648438,0.82477341
321,10,331,0.64648438,0.93957704
293,25,318,0.62109375,0.8427673
308,23,331,0.64648438,0.86102719
269,57,326,0.63671875,0.65030675
279,49,328,0.640625,0.70121951
304,27,331,0.64648438,0.83685801
305,35,340,0.6640625,0.79411765
268,55,323,0.63085938,0.65944272
286,45,331,0.64648438,0.72809668
277,40,317,0.61914062,0.74763407
302,24,326,0.63671875,0.85276074
300,44,344,0.671875,0.74418605
240,96,336,0.65625,0.42857143
232,96,328,0.640625,0.41463415
281,43,324,0.6328125,0.7345679
292,46,338,0.66015625,0.72781065
289,34,323,0.63085938,0.78947368
314,17,331,0.64648438,0.89728097
303,22,325,0.63476562,0.86461538
331,6,337,0.65820312,0.96439169
327,11,338,0.66015625,0.93491124
320,13,333,0.65039062,0.92192192
326,13,339,0.66210938,0.92330383
341,4,345,0.67382812,0.97681159
326,8,334,0.65234375,0.95209581
322,6,328,0.640625,0.96341463
315,10,325,0.63476562,0.93846154
326,19,345,0.67382812,0.88985507
326,6,332,0.6484375,0.96385542
316,14,330,0.64453125,0.91515152
302,24,326,0.63671875,0.85276074
319,19,338,0.66015625,0.88757396
323,8,331,0.64648438,0.95166163
319,23,342,0.66796875,0.86549708
319,35,354,0.69140625,0.80225989
278,47,325,0.63476562,0.71076923
315,18,333,0.65039062,0.89189189
327,7,334,0.65234375,0.95808383
332,0,332,0.6484375,1
319,12,331,0.64648438,0.92749245
335,1,336,0.65625,0.99404762
330,20,350,0.68359375,0.88571429
341,3,344,0.671875,0.98255814
322,15,337,0.65820312,0.91097923
311,18,329,0.64257812,0.89057751
299,31,330,0.64453125,0.81212121
332,4,336,0.65625,0.97619048
341,2,343,0.66992188,0.98833819
318,19,337,0.65820312,0.88724036
326,23,349,0.68164062,0.86819484
266,46,312,0.609375,0.70512821
290,46,336,0.65625,0.72619048
287,30,317,0.61914062,0.81072555
313,17,330,0.64453125,0.8969697
349,5,354,0.69140625,0.97175141
314,20,334,0.65234375,0.88023952
307,32,339,0.66210938,0.81120944
312,35,347,0.67773438,0.79827089
252,66,318,0.62109375,0.58490566
263,57,320,0.625,0.64375
258,68,326,0.63671875,0.58282209
292,39,331,0.64648438,0.76435045
315,27,342,0.66796875,0.84210526
295,49,344,0.671875,0.71511628
310,27,337,0.65820312,0.83976261
301,35,336,0.65625,0.79166667
284,51,335,0.65429688,0.69552239
307,27,334,0.65234375,0.83832335
299,46,345,0.67382812,0.73333333
272,50,322,0.62890625,0.68944099
280,46,326,0.63671875,0.71779141
273,51,324,0.6328125,0.68518519
308,19,327,0.63867188,0.88379205
328,7,335,0.65429688,0.95820896
327,10,337,0.65820312,0.94065282
303,23,326,0.63671875,0.85889571
322,5,327,0.63867188,0.96941896
337,2,339,0.66210938,0.98820059
331,6,337,0.65820312,0.96439169
320,9,329,0.64257812,0.94528875
313,27,340,0.6640625,0.84117647
297,38,335,0.65429688,0.77313433
299,41,340,0.6640625,0.75882353
324,9,333,0.65039062,0.94594595
321,3,324,0.6328125,0.98148148
318,18,336,0.65625,0.89285714
307,14,321,0.62695312,0.91277259
337,4,341,0.66601562,0.97653959
334,5,339,0.66210938,0.97050147
332,1,333,0.65039062,0.99399399
329,12,341,0.66601562,0.92961877
332,14,346,0.67578125,0.91907514
330,7,337,0.65820312,0.95845697
324,10,334,0.65234375,0.94011976
276,44,320,0.625,0.725
244,83,327,0.63867188,0.49235474
238,95,333,0.65039062,0.42942943
277,60,337,0.65820312,0.64391691
264,66,330,0.64453125,0.6
252,81,333,0.65039062,0.51351351
234,89,323,0.63085938,0.44891641
264,61,325,0.63476562,0.62461538
292,47,339,0.66210938,0.72271386
297,44,341,0.66601562,0.74193548
298,31,329,0.64257812,0.81155015
288,51,339,0.66210938,0.69911504
302,36,338,0.66015625,0.78698225
290,47,337,0.65820312,0.72106825
322,15,337,0.65820312,0.91097923
305,30,335,0.65429688,0.82089552
312,27,339,0.66210938,0.84070796
320,18,338,0.66015625,0.89349112
322,13,335,0.65429688,0.92238806
324,5,329,0.64257812,0.96960486
310,17,327,0.63867188,0.89602446
292,34,326,0.63671875,0.79141104
310,28,338,0.66015625,0.83431953
281,45,326,0.63671875,0.72392638
285,39,324,0.6328125,0.75925926
298,38,336,0.65625,0.77380952
343,11,354,0.69140625,0.93785311
310,30,340,0.6640625,0.82352941
305,33,338,0.66015625,0.80473373
310,24,334,0.65234375,0.85628743
300,40,340,0.6640625,0.76470588
307,25,332,0.6484375,0.84939759
324,8,332,0.6484375,0.95180723
287,46,333,0.65039062,0.72372372
291,51,342,0.66796875,0.70175439
274,61,335,0.65429688,0.6358209
272,64,336,0.65625,0.61904762
289,43,332,0.6484375,0.74096386
294,44,338,0.66015625,0.73964497
285,57,342,0.66796875,0.66666667
290,47,337,0.65820312,0.72106825
286,34,320,0.625,0.7875
337,2,339,0.66210938,0.98820059
324,9,333,0.65039062,0.94594595
343,0,343,0.66992188,1
318,16,334,0.65234375,0.90419162
323,14,337,0.65820312,0.91691395
284,41,325,0.63476562,0.74769231
326,8,334,0.65234375,0.95209581
296,30,326,0.63671875,0.81595092
333,15,348,0.6796875,0.9137931
355,6,361,0.70507812,0.966759
315,14,329,0.64257812,0.91489362
341,5,346,0.67578125,0.97109827
332,9,341,0.66601562,0.94721408
331,4,335,0.65429688,0.9761194
332,9,341,0.66601562,0.94721408
305,22,327,0.63867188,0.86544343
319,26,345,0.67382812,0.84927536
306,27,333,0.65039062,0.83783784
321,17,338,0.66015625,0.89940828
285,54,339,0.66210938,0.68141593
302,18,320,0.625,0.8875
305,28,333,0.65039062,0.83183183
313,21,334,0.65234375,0.8742515
320,15,335,0.65429688,0.91044776
311,25,336,0.65625,0.85119048
307,17,324,0.6328125,0.89506173
339,0,339,0.66210938,1
317,13,330,0.64453125,0.92121212
289,36,325,0.63476562,0.77846154
284,30,314,0.61328125,0.8089172
296,22,318,0.62109375,0.86163522
302,34,336,0.65625,0.79761905
293,34,327,0.63867188,0.79204893
296,34,330,0.64453125,0.79393939
291,51,342,0.66796875,0.70175439
305,36,341,0.66601562,0.7888563
300,39,339,0.66210938,0.7699115
312,22,334,0.65234375,0.86826347
320,16,336,0.65625,0.9047619
312,11,323,0.63085938,0.93188854
324,14,338,0.66015625,0.91715976
337,4,341,0.66601562,0.97653959
314,9,323,0.63085938,0.94427245
339,7,346,0.67578125,0.95953757
317,6,323,0.63085938,0.9628483
331,8,339,0.66210938,0.95280236
337,1,338,0.66015625,0.99408284
324,6,330,0.64453125,0.96363636
320,18,338,0.66015625,0.89349112
320,15,335,0.65429688,0.91044776
315,7,322,0.62890625,0.95652174
350,1,351,0.68554688,0.99430199
339,4,343,0.66992188,0.97667638
280,48,328,0.640625,0.70731707
309,19,328,0.640625,0.88414634
314,8,322,0.62890625,0.95031056
313,22,335,0.65429688,0.86865672
303,22,325,0.63476562,0.86461538
332,2,334,0.65234375,0.98802395
338,4,342,0.66796875,0.97660819
340,4,344,0.671875,0.97674419
328,11,339,0.66210938,0.93510324
334,1,335,0.65429688,0.99402985
333,5,338,0.66015625,0.9704142
345,0,345,0.67382812,1
315,24,339,0.66210938,0.85840708
296,30,326,0.63671875,0.81595092
320,11,331,0.64648438,0.93353474
317,27,344,0.671875,0.84302326
308,25,333,0.65039062,0.84984985
292,38,330,0.64453125,0.76969697
310,25,335,0.65429688,0.85074627
281,55,336,0.65625,0.67261905
300,21,321,0.62695312,0.86915888
294,40,334,0.65234375,0.76047904
337,10,347,0.67773438,0.94236311
317,21,338,0.66015625,0.87573964
345,6,351,0.68554688,0.96581197
301,33,334,0.65234375,0.80239521
287,50,337,0.65820312,0.70326409
281,51,332,0.6484375,0.69277108
289,39,328,0.640625,0.76219512
316,23,339,0.66210938,0.86430678
324,10,334,0.65234375,0.94011976
300,35,335,0.65429688,0.79104478
280,44,324,0.6328125,0.72839506
315,16,331,0.64648438,0.90332326
330,1,331,0.64648438,0.9939577
308,22,330,0.64453125,0.86666667
302,28,330,0.64453125,0.83030303
316,21,337,0.65820312,0.87537092
330,8,338,0.66015625,0.95266272
299,28,327,0.63867188,0.82874618
296,28,324,0.6328125,0.82716049
340,0,340,0.6640625,1
316,14,330,0.64453125,0.91515152
344,0,344,0.671875,1
318,16,334,0.65234375,0.90419162
297,23,320,0.625,0.85625
299,36,335,0.65429688,0.78507463
305,36,341,0.66601562,0.7888563
239,81,320,0.625,0.49375
290,40,330,0.64453125,0.75757576
309,28,337,0.65820312,0.83382789
329,23,352,0.6875,0.86931818
332,4,336,0.65625,0.97619048
313,19,332,0.6484375,0.88554217
325,17,342,0.66796875,0.9005848
326,6,332,0.6484375,0.96385542
348,5,353,0.68945312,0.97167139
315,13,328,0.640625,0.92073171
312,31,343,0.66992188,0.81924198
308,25,333,0.65039062,0.84984985
322,12,334,0.65234375,0.92814371
324,20,344,0.671875,0.88372093
328,0,328,0.640625,1
311,10,321,0.62695312,0.9376947
317,27,344,0.671875,0.84302326
275,63,338,0.66015625,0.62721893
309,32,341,0.66601562,0.81231672
302,32,334,0.65234375,0.80838323
312,23,335,0.65429688,0.86268657
277,45,322,0.62890625,0.72049689
296,32,328,0.640625,0.80487805
319,11,330,0.64453125,0.93333333
327,1,328,0.640625,0.99390244
347,0,347,0.67773438,1
340,1,341,0.66601562,0.9941349
338,3,341,0.66601562,0.98240469
318,20,338,0.66015625,0.8816568
289,34,323,0.63085938,0.78947368
315,25,340,0.6640625,0.85294118
342,1,343,0.66992188,0.9941691
330,14,344,0.671875,0.91860465
319,13,332,0.6484375,0.92168675
296,35,331,0.64648438,0.78851964
334,10,344,0.671875,0.94186047
336,6,342,0.66796875,0.96491228
319,9,328,0.640625,0.94512195
321,10,331,0.64648438,0.93957704
332,5,337,0.65820312,0.97032641
335,0,335,0.65429688,1
330,10,340,0.6640625,0.94117647
335,16,351,0.68554688,0.90883191
319,15,334,0.65234375,0.91017964
327,14,341,0.66601562,0.91788856
294,30,324,0.6328125,0.81481481
340,5,345,0.67382812,0.97101449
325,20,345,0.67382812,0.88405797
316,17,333,0.65039062,0.8978979
305,15,320,0.625,0.90625
333,9,342,0.66796875,0.94736842
338,3,341,0.66601562,0.98240469
340,4,344,0.671875,0.97674419
333,4,337,0.65820312,0.97626113
327,9,336,0.65625,0.94642857
309,21,330,0.64453125,0.87272727
320,24,344,0.671875,0.86046512
287,34,321,0.62695312,0.78816199
272,51,323,0.63085938,0.68421053
306,27,333,0.65039062,0.83783784
314,19,333,0.65039062,0.88588589
301,25,326,0.63671875,0.84662577
277,51,328,0.640625,0.68902439
326,4,330,0.64453125,0.97575758
265,57,322,0.62890625,0.64596273
267,46,313,0.61132812,0.70607029
293,48,341,0.66601562,0.71847507
327,18,345,0.67382812,0.89565217
311,23,334,0.65234375,0.86227545
325,5,330,0.64453125,0.96969697
306,35,341,0.66601562,0.79472141
317,35,352,0.6875,0.80113636
294,36,330,0.64453125,0.78181818
311,32,343,0.66992188,0.81341108
322,18,340,0.6640625,0.89411765
289,34,323,0.63085938,0.78947368
307,23,330,0.64453125,0.86060606
305,21,326,0.63671875,0.87116564
333,9,342,0.66796875,0.94736842
315,23,338,0.66015625,0.86390533
325,4,329,0.64257812,0.97568389
319,18,337,0.65820312,0.89317507
353,0,353,0.68945312,1
307,21,328,0.640625,0.87195122
317,27,344,0.671875,0.84302326
320,26,346,0.67578125,0.84971098
324,15,339,0.66210938,0.91150442
313,18,331,0.64648438,0.89123867
322,6,328,0.640625,0.96341463
333,1,334,0.65234375,0.99401198
308,26,334,0.65234375,0.84431138
324,12,336,0.65625,0.92857143
332,9,341,0.66601562,0.94721408
319,15,334,0.65234375,0.91017964
321,15,336,0.65625,0.91071429
318,10,328,0.640625,0.93902439
326,0,326,0.63671875,1
318,10,328,0.640625,0.93902439
319,12,331,0.64648438,0.92749245
325,3,328,0.640625,0.98170732
334,11,345,0.67382812,0.93623188
291,34,325,0.63476562,0.79076923
239,85,324,0.6328125,0.47530864
278,51,329,0.64257812,0.6899696
271,62,333,0.65039062,0.62762763
289,47,336,0.65625,0.7202381
268,59,327,0.63867188,0.63914373
273,73,346,0.67578125,0.57803468
230,105,335,0.65429688,0.37313433
231,102,333,0.65039062,0.38738739
278,40,318,0.62109375,0.74842767
303,34,337,0.65820312,0.79821958
302,38,340,0.6640625,0.77647059
330,11,341,0.66601562,0.93548387
325,10,335,0.65429688,0.94029851
306,23,329,0.64257812,0.86018237
320,17,337,0.65820312,0.89910979
294,26,320,0.625,0.8375
300,29,329,0.64257812,0.82370821
333,4,337,0.65820312,0.97626113
317,20,337,0.65820312,0.88130564
319,21,340,0.6640625,0.87647059
289,41,330,0.64453125,0.75151515
305,23,328,0.640625,0.8597561
311,21,332,0.6484375,0.87349398
321,3,324,0.6328125,0.98148148
305,27,332,0.6484375,0.8373494
340,5,345,0.67382812,0.97101449
348,1,349,0.68164062,0.99426934
317,15,332,0.6484375,0.90963855
328,2,330,0.64453125,0.98787879
332,8,340,0.6640625,0.95294118
305,22,327,0.63867188,0.86544343
291,32,323,0.63085938,0.80185759
350,9,359,0.70117188,0.94986072
304,32,336,0.65625,0.80952381
328,16,344,0.671875,0.90697674
309,25,334,0.65234375,0.8502994
317,14,331,0.64648438,0.91540785
333,5,338,0.66015625,0.9704142
324,5,329,0.64257812,0.96960486
328,5,333,0.65039062,0.96996997
332,8,340,0.6640625,0.95294118
296,29,325,0.63476562,0.82153846
316,21,337,0.65820312,0.87537092
259,66,325,0.63476562,0.59384615
251,73,324,0.6328125,0.54938272
261,66,327,0.63867188,0.59633028
287,45,332,0.6484375,0.72891566
318,22,340,0.6640625,0.87058824
297,35,332,0.6484375,0.78915663
277,57,334,0.65234375,0.65868263
287,55,342,0.66796875,0.67836257
277,50,327,0.63867188,0.6941896
283,39,322,0.62890625,0.75776398
300,36,336,0.65625,0.78571429
295,41,336,0.65625,0.75595238
314,22,336,0.65625,0.86904762
305,29,334,0.65234375,0.82634731
325,11,336,0.65625,0.93452381
326,10,336,0.65625,0.94047619
331,23,354,0.69140625,0.8700565
322,18,340,0.6640625,0.89411765
312,15,327,0.63867188,0.90825688
324,12,336,0.65625,0.92857143
346,1,347,0.67773438,0.99423631
305,18,323,0.63085938,0.88854489
294,37,331,0.64648438,0.77643505
261,65,326,0.63671875,0.60122699
273,45,318,0.62109375,0.71698113
293,32,325,0.63476562,0.80307692
314,11,325,0.63476562,0.93230769
331,1,332,0.6484375,0.9939759
325,24,349,0.68164062,0.86246418
294,35,329,0.64257812,0.78723404
275,51,326,0.63671875,0.68711656
318,25,343,0.66992188,0.85422741
319,16,335,0.65429688,0.90447761
318,19,337,0.65820312,0.88724036
338,6,344,0.671875,0.96511628
326,16,342,0.66796875,0.90643275
290,39,329,0.64257812,0.76291793
281,44,325,0.63476562,0.72923077
301,29,330,0.64453125,0.82424242
330,16,346,0.67578125,0.90751445
314,8,322,0.62890625,0.95031056
332,5,337,0.65820312,0.97032641
320,21,341,0.66601562,0.87683284
321,13,334,0.65234375,0.92215569
268,56,324,0.6328125,0.65432099
312,18,330,0.64453125,0.89090909
320,14,334,0.65234375,0.91616766
306,20,326,0.63671875,0.87730061
331,10,341,0.66601562,0.94134897
296,27,323,0.63085938,0.83281734
315,21,336,0.65625,0.875
336,13,349,0.68164062,0.92550143
327,15,342,0.66796875,0.9122807
333,3,336,0.65625,0.98214286
322,11,333,0.65039062,0.93393393
322,13,335,0.65429688,0.92238806
305,24,329,0.64257812,0.85410334
308,26,334,0.65234375,0.84431138
308,26,334,0.65234375,0.84431138
330,5,335,0.65429688,0.97014925
321,11,332,0.6484375,0.93373494
335,5,340,0.6640625,0.97058824
335,12,347,0.67773438,0.93083573
332,3,335,0.65429688,0.98208955
333,0,333,0.65039062,1
309,33,342,0.66796875,0.80701754
304,34,338,0.66015625,0.79881657
311,34,345,0.67382812,0.80289855
286,52,338,0.66015625,0.69230769
297,19,316,0.6171875,0.87974684
330,10,340,0.6640625,0.94117647
344,2,346,0.67578125,0.98843931
347,1,348,0.6796875,0.99425287
324,6,330,0.64453125,0.96363636
325,22,347,0.67773438,0.87319885
310,26,336,0.65625,0.8452381
341,1,342,0.66796875,0.99415205
323,12,335,0.65429688,0.92835821
335,8,343,0.66992188,0.95335277
334,7,341,0.66601562,0.95894428
314,19,333,0.65039062,0.88588589
328,4,332,0.6484375,0.97590361
323,4,327,0.63867188,0.97553517
331,7,338,0.66015625,0.95857988
347,5,352,0.6875,0.97159091
337,8,345,0.67382812,0.95362319
328,12,340,0.6640625,0.92941176
330,11,341,0.66601562,0.93548387
341,1,342,0.66796875,0.99415205
312,22,334,0.65234375,0.86826347
308,26,334,0.65234375,0.84431138
280,32,312,0.609375,0.79487179
272,67,339,0.66210938,0.60471976
297,42,339,0.66210938,0.75221239
270,59,329,0.64257812,0.64133739
272,60,332,0.6484375,0.63855422
251,71,322,0.62890625,0.55900621
274,39,313,0.61132812,0.75079872
318,33,351,0.68554688,0.81196581
314,23,337,0.65820312,0.86350148
319,15,334,0.65234375,0.91017964
327,9,336,0.65625,0.94642857
304,17,321,0.62695312,0.894081
317,14,331,0.64648438,0.91540785
298,33,331,0.64648438,0.80060423
302,40,342,0.66796875,0.76608187
264,67,331,0.64648438,0.59516616
311,22,333,0.65039062,0.86786787
322,10,332,0.6484375,0.93975904
338,6,344,0.671875,0.96511628
293,30,323,0.63085938,0.81424149
293,35,328,0.640625,0.78658537
313,30,343,0.66992188,0.82507289
306,31,337,0.65820312,0.81602374
298,30,328,0.640625,0.81707317
319,13,332,0.6484375,0.92168675
331,6,337,0.65820312,0.96439169
327,5,332,0.6484375,0.96987952
340,6,346,0.67578125,0.96531792
335,1,336,0.65625,0.99404762
315,12,327,0.63867188,0.9266055
302,24,326,0.63671875,0.85276074
290,39,329,0.64257812,0.76291793
280,51,331,0.64648438,0.6918429
281,48,329,0.64257812,0.70820669
278,53,331,0.64648438,0.67975831
274,64,338,0.66015625,0.62130178
248,75,323,0.63085938,0.53560372
302,26,328,0.640625,0.84146341
261,64,325,0.63476562,0.60615385
306,37,343,0.66992188,0.78425656
259,68,327,0.63867188,0.58409786
290,40,330,0.64453125,0.75757576
303,36,339,0.66210938,0.78761062
327,3,330,0.64453125,0.98181818
341,4,345,0.67382812,0.97681159
345,0,345,0.67382812,1
328,14,342,0.66796875,0.91812865
329,13,342,0.66796875,0.92397661
328,13,341,0.66601562,0.92375367
300,30,330,0.64453125,0.81818182
308,36,344,0.671875,0.79069767
296,32,328,0.640625,0.80487805
318,22,340,0.6640625,0.87058824
342,5,347,0.67773438,0.97118156
321,4,325,0.63476562,0.97538462
323,15,338,0.66015625,0.9112426
306,39,345,0.67382812,0.77391304
292,37,329,0.64257812,0.77507599
293,47,340,0.6640625,0.72352941
255,79,334,0.65234375,0.52694611
245,76,321,0.62695312,0.52647975
268,64,332,0.6484375,0.61445783
302,33,335,0.65429688,0.80298507
265,71,336,0.65625,0.57738095
252,70,322,0.62890625,0.56521739
232,81,313,0.61132812,0.48242812
257,76,333,0.65039062,0.54354354
249,71,320,0.625,0.55625
248,84,332,0.6484375,0.4939759
232,105,337,0.65820312,0.3768546
232,92,324,0.6328125,0.43209877
240,84,324,0.6328125,0.48148148
295,41,336,0.65625,0.75595238
312,19,331,0.64648438,0.88519637
341,4,345,0.67382812,0.97681159
323,11,334,0.65234375,0.93413174
322,18,340,0.6640625,0.89411765
342,0,342,0.66796875,1
319,16,335,0.65429688,0.90447761
322,14,336,0.65625,0.91666667
313,13,326,0.63671875,0.9202454
287,41,328,0.640625,0.75
308,27,335,0.65429688,0.83880597
325,12,337,0.65820312,0.92878338
312,21,333,0.65039062,0.87387387
323,24,347,0.67773438,0.86167147
334,6,340,0.6640625,0.96470588
316,15,331,0.64648438,0.90936556
332,4,336,0.65625,0.97619048
334,3,337,0.65820312,0.98219585
312,11,323,0.63085938,0.93188854
316,22,338,0.66015625,0.86982249
313,18,331,0.64648438,0.89123867
314,28,342,0.66796875,0.83625731
325,15,340,0.6640625,0.91176471
320,20,340,0.6640625,0.88235294
314,28,342,0.66796875,0.83625731
335,6,341,0.66601562,0.96480938
326,12,338,0.66015625,0.92899408
315,20,335,0.65429688,0.88059701
324,15,339,0.66210938,0.91150442
326,15,341,0.66601562,0.91202346
321,13,334,0.65234375,0.92215569
309,18,327,0.63867188,0.88990826
335,0,335,0.65429688,1
316,17,333,0.65039062,0.8978979
284,46,330,0.64453125,0.72121212
325,12,337,0.65820312,0.92878338
308,22,330,0.64453125,0.86666667
342,0,342,0.66796875,1
323,18,341,0.66601562,0.89442815
325,20,345,0.67382812,0.88405797
287,43,330,0.64453125,0.73939394
318,23,341,0.66601562,0.86510264
318,10,328,0.640625,0.93902439
301,29,330,0.64453125,0.82424242
285,48,333,0.65039062,0.71171171
289,45,334,0.65234375,0.73053892
283,31,314,0.61328125,0.80254777
305,23,328,0.640625,0.8597561
306,26,332,0.6484375,0.84337349
324,8,332,0.6484375,0.95180723
318,2,320,0.625,0.9875
309,30,339,0.66210938,0.82300885
312,20,332,0.6484375,0.87951807
327,4,331,0.64648438,0.97583082
316,15,331,0.64648438,0.90936556
306,14,320,0.625,0.9125
334,4,338,0.66015625,0.97633136
307,22,329,0.64257812,0.8662614
338,0,338,0.66015625,1
337,5,342,0.66796875,0.97076023
316,21,337,0.65820312,0.87537092
301,40,341,0.66601562,0.76539589
311,12,323,0.63085938,0.92569659
309,22,331,0.64648438,0.86706949
345,0,345,0.67382812,1
327,7,334,0.65234375,0.95808383
293,38,331,0.64648438,0.77039275
288,35,323,0.63085938,0.78328173
284,53,337,0.65820312,0.68545994
306,24,330,0.64453125,0.85454545
312,29,341,0.66601562,0.82991202
298,28,326,0.63671875,0.82822086
233,90,323,0.63085938,0.44272446
243,78,321,0.62695312,0.51401869
257,84,341,0.66601562,0.50733138
247,93,340,0.6640625,0.45294118
238,81,319,0.62304688,0.49216301
267,72,339,0.66210938,0.57522124
269,62,331,0.64648438,0.62537764
320,13,333,0.65039062,0.92192192
323,24,347,0.67773438,0.86167147
311,20,331,0.64648438,0.87915408
334,5,339,0.66210938,0.97050147
307,9,316,0.6171875,0.94303797
325,9,334,0.65234375,0.94610778
301,24,325,0.63476562,0.85230769
329,2,331,0.64648438,0.98791541
348,10,358,0.69921875,0.94413408
332,4,336,0.65625,0.97619048
347,1,348,0.6796875,0.99425287
340,3,343,0.66992188,0.98250729
322,7,329,0.64257812,0.95744681
322,7,329,0.64257812,0.95744681
332,10,342,0.66796875,0.94152047
336,0,336,0.65625,1
330,3,333,0.65039062,0.98198198
340,6,346,0.67578125,0.96531792
317,15,332,0.6484375,0.90963855
326,14,340,0.6640625,0.91764706
333,7,340,0.6640625,0.95882353
332,7,339,0.66210938,0.95870206
331,8,339,0.66210938,0.95280236
328,15,343,0.66992188,0.91253644
297,21,318,0.62109375,0.86792453
313,19,332,0.6484375,0.88554217
298,30,328,0.640625,0.81707317
322,12,334,0.65234375,0.92814371
335,5,340,0.6640625,0.97058824
307,27,334,0.65234375,0.83832335
333,9,342,0.66796875,0.94736842
311,27,338,0.66015625,0.84023669
314,25,339,0.66210938,0.85250737
297,39,336,0.65625,0.76785714
332,13,345,0.67382812,0.92463768
335,2,337,0.65820312,0.98813056
335,2,337,0.65820312,0.98813056
337,1,338,0.66015625,0.99408284
321,4,325,0.63476562,0.97538462
326,7,333,0.65039062,0.95795796
302,27,329,0.64257812,0.83586626
297,41,338,0.66015625,0.75739645
309,19,328,0.640625,0.88414634
315,6,321,0.62695312,0.96261682
323,7,330,0.64453125,0.95757576
302,36,338,0.66015625,0.78698225
304,26,330,0.64453125,0.84242424
284,56,340,0.6640625,0.67058824
306,33,339,0.66210938,0.80530973
283,55,338,0.66015625,0.67455621
316,13,329,0.64257812,0.92097264
320,15,335,0.65429688,0.91044776
311,25,336,0.65625,0.85119048
328,5,333,0.65039062,0.96996997
305,20,325,0.63476562,0.87692308
314,22,336,0.65625,0.86904762
299,34,333,0.65039062,0.7957958
278,52,330,0.64453125,0.68484848
294,37,331,0.64648438,0.77643505
308,22,330,0.64453125,0.86666667
303,26,329,0.64257812,0.84194529
310,20,330,0.64453125,0.87878788
269,56,325,0.63476562,0.65538462
288,41,329,0.64257812,0.75075988
293,41,334,0.65234375,0.75449102
294,39,333,0.65039062,0.76576577
330,13,343,0.66992188,0.92419825
337,4,341,0.66601562,0.97653959
312,24,336,0.65625,0.85714286
328,10,338,0.66015625,0.9408284
323,17,340,0.6640625,0.9
312,11,323,0.63085938,0.93188854
322,16,338,0.66015625,0.90532544
327,13,340,0.6640625,0.92352941
310,22,332,0.6484375,0.86746988
311,26,337,0.65820312,0.84569733
326,12,338,0.66015625,0.92899408
327,6,333,0.65039062,0.96396396
320,10,330,0.64453125,0.93939394
326,12,338,0.66015625,0.92899408
339,3,342,0.66796875,0.98245614
317,26,343,0.66992188,0.8483965
320,8,328,0.640625,0.95121951
338,12,350,0.68359375,0.93142857
304,24,328,0.640625,0.85365854
320,8,328,0.640625,0.95121951
326,4,330,0.64453125,0.97575758
316,20,336,0.65625,0.88095238
332,8,340,0.6640625,0.95294118
318,10,328,0.640625,0.93902439
319,10,329,0.64257812,0.93920973
340,3,343,0.66992188,0.98250729
304,36,340,0.6640625,0.78823529
347,0,347,0.67773438,1
302,32,334,0.65234375,0.80838323
301,30,331,0.64648438,0.81873112
310,31,341,0.66601562,0.81818182
330,18,348,0.6796875,0.89655172
323,9,332,0.6484375,0.94578313
351,0,351,0.68554688,1
337,1,338,0.66015625,0.99408284
313,17,330,0.64453125,0.8969697
304,28,332,0.6484375,0.8313253
329,2,331,0.64648438,0.98791541
299,28,327,0.63867188,0.82874618
308,26,334,0.65234375,0.84431138
284,53,337,0.65820312,0.68545994
334,0,334,0.65234375,1
336,9,345,0.67382812,0.94782609
317,15,332,0.6484375,0.90963855
351,4,355,0.69335938,0.97746479
325,6,331,0.64648438,0.96374622
323,18,341,0.66601562,0.89442815
313,18,331,0.64648438,0.89123867
310,19,329,0.64257812,0.88449848
308,35,343,0.66992188,0.79591837
318,13,331,0.64648438,0.92145015
329,14,343,0.66992188,0.91836735
328,13,341,0.66601562,0.92375367
305,32,337,0.65820312,0.81008902
271,60,331,0.64648438,0.63746224
280,50,330,0.64453125,0.6969697
285,36,321,0.62695312,0.77570093
299,37,336,0.65625,0.7797619
305,30,335,0.65429688,0.82089552
309,24,333,0.65039062,0.85585586
281,44,325,0.63476562,0.72923077
322,7,329,0.64257812,0.95744681
337,1,338,0.66015625,0.99408284
331,6,337,0.65820312,0.96439169
334,12,346,0.67578125,0.93063584
337,3,340,0.6640625,0.98235294
323,15,338,0.66015625,0.9112426
347,1,348,0.6796875,0.99425287
330,7,337,0.65820312,0.95845697
343,3,346,0.67578125,0.98265896
339,7,346,0.67578125,0.95953757
315,11,326,0.63671875,0.93251534
337,1,338,0.66015625,0.99408284
335,8,343,0.66992188,0.95335277
337,0,337,0.65820312,1
331,0,331,0.64648438,1
332,8,340,0.6640625,0.95294118
340,7,347,0.67773438,0.95965418
324,11,335,0.65429688,0.93432836
320,11,331,0.64648438,0.93353474
330,9,339,0.66210938,0.94690265
325,18,343,0.66992188,0.89504373
334,13,347,0.67773438,0.92507205
326,6,332,0.6484375,0.96385542
340,6,346,0.67578125,0.96531792
305,23,328,0.640625,0.8597561
282,54,336,0.65625,0.67857143
304,35,339,0.66210938,0.79351032
287,49,336,0.65625,0.70833333
275,61,336,0.65625,0.63690476
263,63,326,0.63671875,0.61349693
262,65,327,0.63867188,0.60244648
271,77,348,0.6796875,0.55747126
272,55,327,0.63867188,0.66360856
278,57,335,0.65429688,0.65970149
298,28,326,0.63671875,0.82822086
335,8,343,0.66992188,0.95335277
329,9,338,0.66015625,0.94674556
329,2,331,0.64648438,0.98791541
330,17,347,0.67773438,0.90201729
299,33,332,0.6484375,0.80120482
330,9,339,0.66210938,0.94690265
321,6,327,0.63867188,0.96330275
319,10,329,0.64257812,0.93920973
304,32,336,0.65625,0.80952381
321,15,336,0.65625,0.91071429
339,3,342,0.66796875,0.98245614
328,2,330,0.64453125,0.98787879
344,1,345,0.67382812,0.9942029
333,1,334,0.65234375,0.99401198
343,0,343,0.66992188,1
326,8,334,0.65234375,0.95209581
329,1,330,0.64453125,0.99393939
309,33,342,0.66796875,0.80701754
328,19,347,0.67773438,0.89048991
302,19,321,0.62695312,0.88161994
329,7,336,0.65625,0.95833333
345,0,345,0.67382812,1
338,13,351,0.68554688,0.92592593
319,9,328,0.640625,0.94512195
337,1,338,0.66015625,0.99408284
323,6,329,0.64257812,0.96352584
307,27,334,0.65234375,0.83832335
309,35,344,0.671875,0.79651163
296,34,330,0.64453125,0.79393939
267,67,334,0.65234375,0.5988024
252,81,333,0.65039062,0.51351351
259,93,352,0.6875,0.47159091
236,102,338,0.66015625,0.3964497
222,109,331,0.64648438,0.34138973
222,118,340,0.6640625,0.30588235
265,68,333,0.65039062,0.59159159
235,105,340,0.6640625,0.38235294
220,98,318,0.62109375,0.3836478
262,79,341,0.66601562,0.53665689
267,56,323,0.63085938,0.65325077
288,47,335,0.65429688,0.71940299
310,24,334,0.65234375,0.85628743
294,31,325,0.63476562,0.80923077
295,47,342,0.66796875,0.7251462
260,71,331,0.64648438,0.57099698
278,45,323,0.63085938,0.72136223
303,26,329,0.64257812,0.84194529
290,43,333,0.65039062,0.74174174
326,15,341,0.66601562,0.91202346
316,18,334,0.65234375,0.89221557
334,4,338,0.66015625,0.97633136
288,37,325,0.63476562,0.77230769
335,7,342,0.66796875,0.95906433
339,3,342,0.66796875,0.98245614
334,0,334,0.65234375,1
335,7,342,0.66796875,0.95906433
329,9,338,0.66015625,0.94674556
327,3,330,0.64453125,0.98181818
308,18,326,0.63671875,0.88957055
316,18,334,0.65234375,0.89221557
334,3,337,0.65820312,0.98219585
350,2,352,0.6875,0.98863636
317,19,336,0.65625,0.88690476
317,22,339,0.66210938,0.87020649
285,41,326,0.63671875,0.74846626
300,31,331,0.64648438,0.81268882
304,33,337,0.65820312,0.8041543
297,31,328,0.640625,0.81097561
327,16,343,0.66992188,0.90670554
326,19,345,0.67382812,0.88985507
334,8,342,0.66796875,0.95321637
342,2,344,0.671875,0.98837209
311,18,329,0.64257812,0.89057751
314,21,335,0.65429688,0.87462687
321,8,329,0.64257812,0.95136778
322,15,337,0.65820312,0.91097923
296,35,331,0.64648438,0.78851964
277,56,333,0.65039062,0.66366366
306,35,341,0.66601562,0.79472141
290,38,328,0.640625,0.76829268
284,49,333,0.65039062,0.70570571
276,40,316,0.6171875,0.74683544
299,41,340,0.6640625,0.75882353
327,8,335,0.65429688,0.95223881
335,10,345,0.67382812,0.94202899
326,10,336,0.65625,0.94047619
334,8,342,0.66796875,0.95321637
314,12,326,0.63671875,0.92638037
284,42,326,0.63671875,0.74233129
292,32,324,0.6328125,0.80246914
291,33,324,0.6328125,0.7962963
303,21,324,0.6328125,0.87037037
296,35,331,0.64648438,0.78851964
288,45,333,0.65039062,0.72972973
287,52,339,0.66210938,0.69321534
302,27,329,0.64257812,0.83586626
335,8,343,0.66992188,0.95335277
311,23,334,0.65234375,0.86227545
296,29,325,0.63476562,0.82153846
328,6,334,0.65234375,0.96407186
328,12,340,0.6640625,0.92941176
328,18,346,0.67578125,0.89595376
331,0,331,0.64648438,1
341,1,342,0.66796875,0.99415205
320,0,320,0.625,1
339,1,340,0.6640625,0.99411765
336,12,348,0.6796875,0.93103448
322,8,330,0.64453125,0.95151515
335,7,342,0.66796875,0.95906433
328,10,338,0.66015625,0.9408284
337,6,343,0.66992188,0.96501458
338,1,339,0.66210938,0.99410029
330,2,332,0.6484375,0.98795181
331,10,341,0.66601562,0.94134897
303,31,334,0.65234375,0.81437126
317,15,332,0.6484375,0.90963855
299,23,322,0.62890625,0.85714286
305,28,333,0.65039062,0.83183183
302,27,329,0.64257812,0.83586626
288,40,328,0.640625,0.75609756
290,39,329,0.64257812,0.76291793
315,22,337,0.65820312,0.8694362
329,4,333,0.65039062,0.97597598
326,6,332,0.6484375,0.96385542
323,14,337,0.65820312,0.91691395
272,57,329,0.64257812,0.65349544
269,70,339,0.66210938,0.58702065
231,97,328,0.640625,0.40853659
246,84,330,0.64453125,0.49090909
181,147,328,0.640625,0.10365854
190,140,330,0.64453125,0.15151515
203,135,338,0.66015625,0.20118343
196,139,335,0.65429688,0.17014925
184,148,332,0.6484375,0.10843373
205,127,332,0.6484375,0.23493976
167,150,317,0.61914062,0.05362776
163,172,335,0.65429688,-0.026865672
192,144,336,0.65625,0.14285714
203,120,323,0.63085938,0.25696594
194,129,323,0.63085938,0.20123839
173,158,331,0.64648438,0.045317221
153,172,325,0.63476562,-0.058461538
178,160,338,0.66015625,0.053254438
161,160,321,0.62695312,0.0031152648
196,138,334,0.65234375,0.17365269
133,202,335,0.65429688,-0.20597015
133,201,334,0.65234375,-0.20359281
76,264,340,0.6640625,-0.55294118
73,258,331,0.64648438,-0.55891239
86,238,324,0.6328125,-0.4691358
77,245,322,0.62890625,-0.52173913
96,230,326,0.63671875,-0.41104294
59,261,320,0.625,-0.63125
39,300,339,0.66210938,-0.7699115
36,297,333,0.65039062,-0.78378378
17,323,340,0.6640625,-0.9
23,321,344,0.671875,-0.86627907
12,317,329,0.64257812,-0.92705167
0,342,342,0.66796875,-1
9,321,330,0.64453125,-0.94545455
5,322,327,0.63867188,-0.96941896
4,335,339,0.66210938,-0.97640118
42,284,326,0.63671875,-0.74233129
53,265,318,0.62109375,-0.66666667
50,278,328,0.640625,-0.69512195
28,308,336,0.65625,-0.83333333
28,307,335,0.65429688,-0.83283582
7,325,332,0.6484375,-0.95783133
6,333,339,0.66210938,-0.96460177
1,343,344,0.671875,-0.99418605
0,333,333,0.65039062,-1
9,310,319,0.62304688,-0.94357367
16,315,331,0.64648438,-0.90332326
0,337,337,0.65820312,-1
8,325,333,0.65039062,-0.95195195
35,296,331,0.64648438,-0.78851964
63,275,338,0.66015625,-0.62721893
27,304,331,0.64648438,-0.83685801
0,331,331,0.64648438,-1
9,314,323,0.63085938,-0.94427245
2,333,335,0.65429688,-0.9880597
3,346,349,0.68164062,-0.98280802
8,327,335,0.65429688,-0.95223881
15,328,343,0.66992188,-0.91253644
24,312,336,0.65625,-0.85714286
31,300,331,0.64648438,-0.81268882
45,288,333,0.65039062,-0.72972973
21,310,331,0.64648438,-0.87311178
11,329,340,0.6640625,-0.93529412
1,341,342,0.66796875,-0.99415205
2,330,332,0.6484375,-0.98795181
5,329,334,0.65234375,-0.97005988
15,328,343,0.66992188,-0.91253644
14,320,334,0.65234375,-0.91616766
11,324,335,0.65429688,-0.93432836
10,325,335,0.65429688,-0.94029851
16,319,335,0.65429688,-0.90447761
7,325,332,0.6484375,-0.95783133
13,328,341,0.66601562,-0.92375367
57,267,324,0.6328125,-0.64814815
31,311,342,0.66796875,-0.81871345
8,337,345,0.67382812,-0.95362319
2,325,327,0.63867188,-0.98776758
5,322,327,0.63867188,-0.96941896
18,324,342,0.66796875,-0.89473684
6,333,339,0.66210938,-0.96460177
10,335,345,0.67382812,-0.94202899
26,306,332,0.6484375,-0.84337349
27,316,343,0.66992188,-0.8425656
24,317,341,0.66601562,-0.85923754
8,339,347,0.67773438,-0.95389049
0,340,340,0.6640625,-1
19,308,327,0.63867188,-0.88379205
6,317,323,0.63085938,-0.9628483
6,341,347,0.67773438,-0.96541787
7,323,330,0.64453125,-0.95757576
17,306,323,0.63085938,-0.89473684
9,333,342,0.66796875,-0.94736842
3,331,334,0.65234375,-0.98203593
11,327,338,0.66015625,-0.93491124
3,351,354,0.69140625,-0.98305085
18,313,331,0.64648438,-0.89123867
19,314,333,0.65039062,-0.88588589
14,327,341,0.66601562,-0.91788856
12,319,331,0.64648438,-0.92749245
28,312,340,0.6640625,-0.83529412
50,277,327,0.63867188,-0.6941896
30,305,335,0.65429688,-0.82089552
4,322,326,0.63671875,-0.97546012
11,325,336,0.65625,-0.93452381
24,308,332,0.6484375,-0.85542169
4,342,346,0.67578125,-0.97687861
16,308,324,0.6328125,-0.90123457
19,312,331,0.64648438,-0.88519637
9,331,340,0.6640625,-0.94705882
11,327,338,0.66015625,-0.93491124
6,333,339,0.66210938,-0.96460177
2,333,335,0.65429688,-0.9880597
6,331,337,0.65820312,-0.96439169
11,323,334,0.65234375,-0.93413174
33,305,338,0.66015625,-0.80473373
35,304,339,0.66210938,-0.79351032
43,296,339,0.66210938,-0.74631268
32,301,333,0.65039062,-0.80780781
0,336,336,0.65625,-1
8,320,328,0.640625,-0.95121951
9,333,342,0.66796875,-0.94736842
5,332,337,0.65820312,-0.97032641
8,328,336,0.65625,-0.95238095
26,317,343,0.66992188,-0.8483965
16,317,333,0.65039062,-0.9039039
21,321,342,0.66796875,-0.87719298
36,301,337,0.65820312,-0.78635015
45,287,332,0.6484375,-0.72891566
23,319,342,0.66796875,-0.86549708
1,340,341,0.66601562,-0.9941349
19,321,340,0.6640625,-0.88823529
14,317,331,0.64648438,-0.91540785
17,314,331,0.64648438,-0.89728097
45,289,334,0.65234375,-0.73053892
18,310,328,0.640625,-0.8902439
41,291,332,0.6484375,-0.75301205
22,313,335,0.65429688,-0.86865672
18,311,329,0.64257812,-0.89057751
21,303,324,0.6328125,-0.87037037
9,327,336,0.65625,-0.94642857
28,305,333,0.65039062,-0.83183183
30,310,340,0.6640625,-0.82352941
18,316,334,0.65234375,-0.89221557
34,293,327,0.63867188,-0.79204893
16,326,342,0.66796875,-0.90643275
27,312,339,0.66210938,-0.84070796
19,316,335,0.65429688,-0.88656716
7,340,347,0.67773438,-0.95965418
9,333,342,0.66796875,-0.94736842
12,318,330,0.64453125,-0.92727273
1,329,330,0.64453125,-0.99393939
22,311,333,0.65039062,-0.86786787
15,319,334,0.65234375,-0.91017964
11,324,335,0.65429688,-0.93432836
19,313,332,0.6484375,-0.88554217
7,325,332,0.6484375,-0.95783133
8,318,326,0.63671875,-0.95092025
4,333,337,0.65820312,-0.97626113
43,272,315,0.61523438,-0.72698413
55,281,336,0.65625,-0.67261905
41,282,323,0.63085938,-0.74613003
16,317,333,0.65039062,-0.9039039
38,309,347,0.67773438,-0.78097983
22,305,327,0.63867188,-0.86544343
23,319,342,0.66796875,-0.86549708
29,303,332,0.6484375,-0.8253012
24,303,327,0.63867188,-0.85321101
45,289,334,0.65234375,-0.73053892
30,294,324,0.6328125,-0.81481481
30,299,329,0.64257812,-0.81762918
52,276,328,0.640625,-0.68292683
27,302,329,0.64257812,-0.83586626
20,312,332,0.6484375,-0.87951807
42,299,341,0.66601562,-0.75366569
33,300,333,0.65039062,-0.8018018
18,317,335,0.65429688,-0.89253731
13,333,346,0.67578125,-0.92485549
1,332,333,0.65039062,-0.99399399
16,327,343,0.66992188,-0.90670554
11,324,335,0.65429688,-0.93432836
36,294,330,0.64453125,-0.78181818
47,287,334,0.65234375,-0.71856287
26,315,341,0.66601562,-0.84750733
29,310,339,0.66210938,-0.82890855
8,342,350,0.68359375,-0.95428571
34,303,337,0.65820312,-0.79821958
45,296,341,0.66601562,-0.73607038
30,302,332,0.6484375,-0.81927711
32,297,329,0.64257812,-0.80547112
46,281,327,0.63867188,-0.71865443
100,225,325,0.63476562,-0.38461538
52,290,342,0.66796875,-0.69590643
47,284,331,0.64648438,-0.71601208
12,332,344,0.671875,-0.93023256
0,336,336,0.65625,-1
0,327,327,0.63867188,-1
14,311,325,0.63476562,-0.91384615
24,318,342,0.66796875,-0.85964912
32,297,329,0.64257812,-0.80547112
34,297,331,0.64648438,-0.79456193
28,295,323,0.63085938,-0.82662539
38,274,312,0.609375,-0.75641026
50,276,326,0.63671875,-0.69325153
22,326,348,0.6796875,-0.87356322
24,314,338,0.66015625,-0.85798817
7,342,349,0.68164062,-0.95988539
8,331,339,0.66210938,-0.95280236
19,323,342,0.66796875,-0.88888889
18,327,345,0.67382812,-0.89565217
3,336,339,0.66210938,-0.98230088
1,322,323,0.63085938,-0.99380805
3,330,333,0.65039062,-0.98198198
23,325,348,0.6796875,-0.86781609
2,328,330,0.64453125,-0.98787879
0,354,354,0.69140625,-1
16,324,340,0.6640625,-0.90588235
11,319,330,0.64453125,-0.93333333
6,326,332,0.6484375,-0.96385542
12,332,344,0.671875,-0.93023256
22,305,327,0.63867188,-0.86544343
27,298,325,0.63476562,-0.83384615
18,311,329,0.64257812,-0.89057751
8,322,330,0.64453125,-0.95151515
21,307,328,0.640625,-0.87195122
29,299,328,0.640625,-0.82317073
15,331,346,0.67578125,-0.9132948
4,339,343,0.66992188,-0.97667638
9,326,335,0.65429688,-0.94626866
3,344,347,0.67773438,-0.98270893
13,312,325,0.63476562,-0.92
35,303,338,0.66015625,-0.79289941
51,272,323,0.63085938,-0.68421053
40,276,316,0.6171875,-0.74683544
41,293,334,0.65234375,-0.75449102
34,305,339,0.66210938,-0.79941003
8,321,329,0.64257812,-0.95136778
0,336,336,0.65625,-1
11,325,336,0.65625,-0.93452381
6,322,328,0.640625,-0.96341463
10,332,342,0.66796875,-0.94152047
9,320,329,0.64257812,-0.94528875
19,309,328,0.640625,-0.88414634
8,319,327,0.63867188,-0.95107034
6,326,332,0.6484375,-0.96385542
16,322,338,0.66015625,-0.90532544
10,319,329,0.64257812,-0.93920973
13,324,337,0.65820312,-0.92284866
16,309,325,0.63476562,-0.90153846
14,324,338,0.66015625,-0.91715976
9,334,343,0.66992188,-0.94752187
1,329,330,0.64453125,-0.99393939
23,303,326,0.63671875,-0.85889571
2,342,344,0.671875,-0.98837209
17,324,341,0.66601562,-0.90029326
9,328,337,0.65820312,-0.94658754
12,315,327,0.63867188,-0.9266055
10,325,335,0.65429688,-0.94029851
18,320,338,0.66015625,-0.89349112
49,284,333,0.65039062,-0.70570571
18,327,345,0.67382812,-0.89565217
19,313,332,0.6484375,-0.88554217
36,298,334,0.65234375,-0.78443114
22,317,339,0.66210938,-0.87020649
8,329,337,0.65820312,-0.95252226
7,330,337,0.65820312,-0.95845697
14,320,334,0.65234375,-0.91616766
39,303,342,0.66796875,-0.77192982
14,325,339,0.66210938,-0.91740413
6,339,345,0.67382812,-0.96521739
3,334,337,0.65820312,-0.98219585
39,297,336,0.65625,-0.76785714
49,293,342,0.66796875,-0.71345029
69,250,319,0.62304688,-0.56739812
68,250,318,0.62109375,-0.57232704
15,321,336,0.65625,-0.91071429
20,318,338,0.66015625,-0.8816568
26,313,339,0.66210938,-0.84660767
24,302,326,0.63671875,-0.85276074
25,315,340,0.6640625,-0.85294118
16,316,332,0.6484375,-0.90361446
34,287,321,0.62695312,-0.78816199
16,323,339,0.66210938,-0.90560472
19,314,333,0.65039062,-0.88588589
26,301,327,0.63867188,-0.84097859
34,291,325,0.63476562,-0.79076923
37,287,324,0.6328125,-0.77160494
43,289,332,0.6484375,-0.74096386
18,311,329,0.64257812,-0.89057751
12,331,343,0.66992188,-0.93002915
36,287,323,0.63085938,-0.77708978
22,323,345,0.67382812,-0.87246377
37,300,337,0.65820312,-0.78041543
21,308,329,0.64257812,-0.87234043
0,331,331,0.64648438,-1
3,326,329,0.64257812,-0.98176292
20,319,339,0.66210938,-0.8820059
3,341,344,0.671875,-0.98255814
32,303,335,0.65429688,-0.80895522
24,314,338,0.66015625,-0.85798817
41,299,340,0.6640625,-0.75882353
21,312,333,0.65039062,-0.87387387
42,289,331,0.64648438,-0.74622356
11,328,339,0.66210938,-0.93510324
35,295,330,0.64453125,-0.78787879
20,303,323,0.63085938,-0.87616099
63,268,331,0.64648438,-0.61933535
71,252,323,0.63085938,-0.56037152
97,233,330,0.64453125,-0.41212121
109,221,330,0.64453125,-0.33939394
122,215,337,0.65820312,-0.27596439
136,182,318,0.62109375,-0.14465409
147,182,329,0.64257812,-0.10638298
140,195,335,0.65429688,-0.1641791
112,208,320,0.625,-0.3
144,176,320,0.625,-0.1
97,234,331,0.64648438,-0.41389728
58,281,339,0.66210938,-0.65781711
0,340,340,0.6640625,-1
4,330,334,0.65234375,-0.9760479
16,315,331,0.64648438,-0.90332326
7,337,344,0.671875,-0.95930233
0,329,329,0.64257812,-1
12,315,327,0.63867188,-0.9266055
4,336,340,0.6640625,-0.97647059
22,321,343,0.66992188,-0.87172012
8,326,334,0.65234375,-0.95209581
10,312,322,0.62890625,-0.9378882
19,314,333,0.65039062,-0.88588589
5,331,336,0.65625,-0.9702381
1,342,343,0.66992188,-0.9941691
24,307,331,0.64648438,-0.85498489
24,310,334,0.65234375,-0.85628743
17,315,332,0.6484375,-0.89759036
38,288,326,0.63671875,-0.76687117
28,297,325,0.63476562,-0.82769231
17,309,326,0.63671875,-0.89570552
58,279,337,0.65820312,-0.65578635
87,231,318,0.62109375,-0.45283019
96,227,323,0.63085938,-0.40557276
73,259,332,0.6484375,-0.56024096
71,255,326,0.63671875,-0.56441718
91,229,320,0.625,-0.43125
127,208,335,0.65429688,-0.24179104
113,212,325,0.63476562,-0.30461538
112,206,318,0.62109375,-0.29559748
76,254,330,0.64453125,-0.53939394
95,237,332,0.6484375,-0.42771084
92,233,325,0.63476562,-0.43384615
95,249,344,0.671875,-0.44767442
64,264,328,0.640625,-0.6097561
82,250,332,0.6484375,-0.5060241
98,218,316,0.6171875,-0.37974684
104,224,328,0.640625,-0.36585366
70,249,319,0.62304688,-0.56112853
55,258,313,0.61132812,-0.6485623
53,274,327,0.63867188,-0.67584098
71,261,332,0.6484375,-0.57228916
50,267,317,0.61914062,-0.68454259
68,262,330,0.64453125,-0.58787879
21,322,343,0.66992188,-0.87755102
30,303,333,0.65039062,-0.81981982
37,291,328,0.640625,-0.77439024
19,315,334,0.65234375,-0.88622754
19,315,334,0.65234375,-0.88622754
18,324,342,0.66796875,-0.89473684
19,316,335,0.65429688,-0.88656716
7,333,340,0.6640625,-0.95882353
14,323,337,0.65820312,-0.91691395
33,308,341,0.66601562,-0.80645161
16,323,339,0.66210938,-0.90560472
23,302,325,0.63476562,-0.85846154
0,346,346,0.67578125,-1
12,333,345,0.67382812,-0.93043478
7,331,338,0.66015625,-0.95857988
1,334,335,0.65429688,-0.99402985
1,347,348,0.6796875,-0.99425287
15,319,334,0.65234375,-0.91017964
41,282,323,0.63085938,-0.74613003
11,318,329,0.64257812,-0.9331307
27,311,338,0.66015625,-0.84023669
25,307,332,0.6484375,-0.84939759
5,330,335,0.65429688,-0.97014925
12,327,339,0.66210938,-0.92920354
26,311,337,0.65820312,-0.84569733
17,310,327,0.63867188,-0.89602446
11,329,340,0.6640625,-0.93529412
24,306,330,0.64453125,-0.85454545
24,307,331,0.64648438,-0.85498489
29,304,333,0.65039062,-0.82582583
25,293,318,0.62109375,-0.8427673
47,287,334,0.65234375,-0.71856287
19,316,335,0.65429688,-0.88656716
6,322,328,0.640625,-0.96341463
2,343,345,0.67382812,-0.9884058
7,327,334,0.65234375,-0.95808383
0,340,340,0.6640625,-1
11,317,328,0.640625,-0.93292683
2,327,329,0.64257812,-0.98784195
28,298,326,0.63671875,-0.82822086
19,318,337,0.65820312,-0.88724036
46,295,341,0.66601562,-0.73020528
49,283,332,0.6484375,-0.70481928
66,275,341,0.66601562,-0.61290323
26,315,341,0.66601562,-0.84750733
30,290,320,0.625,-0.8125
30,305,335,0.65429688,-0.82089552
50,283,333,0.65039062,-0.6996997
52,280,332,0.6484375,-0.68674699
8,338,346,0.67578125,-0.95375723
26,309,335,0.65429688,-0.84477612
8,330,338,0.66015625,-0.95266272
15,321,336,0.65625,-0.91071429
22,326,348,0.6796875,-0.87356322
32,299,331,0.64648438,-0.80664653
5,322,327,0.63867188,-0.96941896
7,333,340,0.6640625,-0.95882353
3,340,343,0.66992188,-0.98250729
7,336,343,0.66992188,-0.95918367
6,339,345,0.67382812,-0.96521739
0,344,344,0.671875,-1
7,331,338,0.66015625,-0.95857988
12,322,334,0.65234375,-0.92814371
8,333,341,0.66601562,-0.95307918
13,319,332,0.6484375,-0.92168675
12,321,333,0.65039062,-0.92792793
6,324,330,0.64453125,-0.96363636
0,342,342,0.66796875,-1
5,328,333,0.65039062,-0.96996997
7,332,339,0.66210938,-0.95870206
1,336,337,0.65820312,-0.99406528
19,327,346,0.67578125,-0.89017341
16,310,326,0.63671875,-0.90184049
7,327,334,0.65234375,-0.95808383
6,320,326,0.63671875,-0.96319018
4,336,340,0.6640625,-0.97647059
5,339,344,0.671875,-0.97093023
1,335,336,0.65625,-0.99404762
27,307,334,0.65234375,-0.83832335
21,309,330,0.64453125,-0.87272727
9,330,339,0.66210938,-0.94690265
17,318,335,0.65429688,-0.89850746
7,342,349,0.68164062,-0.95988539
5,327,332,0.6484375,-0.96987952
7,326,333,0.65039062,-0.95795796
29,296,325,0.63476562,-0.82153846
24,321,345,0.67382812,-0.86086957
16,324,340,0.6640625,-0.90588235
9,345,354,0.69140625,-0.94915254
6,349,355,0.69335938,-0.96619718
19,304,323,0.63085938,-0.88235294
15,314,329,0.64257812,-0.90881459
2,347,349,0.68164062,-0.98853868
4,346,350,0.68359375,-0.97714286
0,344,344,0.671875,-1
15,321,336,0.65625,-0.91071429
39,296,335,0.65429688,-0.76716418
54,276,330,0.64453125,-0.67272727
56,281,337,0.65820312,-0.66765579
55,280,335,0.65429688,-0.67164179
27,314,341,0.66601562,-0.84164223
50,286,336,0.65625,-0.70238095
53,292,345,0.67382812,-0.69275362
24,316,340,0.6640625,-0.85882353
1,338,339,0.66210938,-0.99410029
5,330,335,0.65429688,-0.97014925
5,330,335,0.65429688,-0.97014925
21,305,326,0.63671875,-0.87116564
45,287,332,0.6484375,-0.72891566
51,272,323,0.63085938,-0.68421053
24,304,328,0.640625,-0.85365854
32,306,338,0.66015625,-0.81065089
38,301,339,0.66210938,-0.77581121
12,327,339,0.66210938,-0.92920354
12,334,346,0.67578125,-0.93063584
26,306,332,0.6484375,-0.84337349
5,334,339,0.66210938,-0.97050147
0,343,343,0.66992188,-1
14,329,343,0.66992188,-0.91836735
6,331,337,0.65820312,-0.96439169
1,326,327,0.63867188,-0.99388379
0,336,336,0.65625,-1
5,327,332,0.6484375,-0.96987952
15,327,342,0.66796875,-0.9122807
19,310,329,0.64257812,-0.88449848
15,313,328,0.640625,-0.90853659
26,297,323,0.63085938,-0.83900929
18,307,325,0.63476562,-0.88923077
17,319,336,0.65625,-0.89880952
1,340,341,0.66601562,-0.9941349
3,332,335,0.65429688,-0.98208955
33,314,347,0.67773438,-0.80979827
18,306,324,0.6328125,-0.88888889
8,333,341,0.66601562,-0.95307918
12,327,339,0.66210938,-0.92920354
17,318,335,0.65429688,-0.89850746
0,345,345,0.67382812,-1
24,305,329,0.64257812,-0.85410334
26,309,335,0.65429688,-0.84477612
25,313,338,0.66015625,-0.85207101
24,305,329,0.64257812,-0.85410334
9,337,346,0.67578125,-0.94797688
30,305,335,0.65429688,-0.82089552
6,333,339,0.66210938,-0.96460177
21,319,340,0.6640625,-0.87647059
4,341,345,0.67382812,-0.97681159
4,339,343,0.66992188,-0.97667638
10,319,329,0.64257812,-0.93920973
27,308,335,0.65429688,-0.83880597
23,298,321,0.62695312,-0.85669782
29,302,331,0.64648438,-0.82477341
20,316,336,0.65625,-0.88095238
9,340,349,0.68164062,-0.94842407
2,338,340,0.6640625,-0.98823529
12,318,330,0.64453125,-0.92727273
11,330,341,0.66601562,-0.93548387
12,334,346,0.67578125,-0.93063584
5,320,325,0.63476562,-0.96923077
5,332,337,0.65820312,-0.97032641
10,328,338,0.66015625,-0.9408284
9,326,335,0.65429688,-0.94626866
21,318,339,0.66210938,-0.87610619
21,315,336,0.65625,-0.875
12,327,339,0.66210938,-0.92920354
11,328,339,0.66210938,-0.93510324
1,344,345,0.67382812,-0.9942029
15,330,345,0.67382812,-0.91304348
2,342,344,0.671875,-0.98837209
3,328,331,0.64648438,-0.98187311
14,319,333,0.65039062,-0.91591592
3,328,331,0.64648438,-0.98187311
7,331,338,0.66015625,-0.95857988
36,299,335,0.65429688,-0.78507463
32,306,338,0.66015625,-0.81065089
46,282,328,0.640625,-0.7195122
88,231,319,0.62304688,-0.44827586
62,260,322,0.62890625,-0.61490683
41,303,344,0.671875,-0.76162791
30,304,334,0.65234375,-0.82035928
10,325,335,0.65429688,-0.94029851
2,325,327,0.63867188,-0.98776758
32,323,355,0.69335938,-0.81971831
24,308,332,0.6484375,-0.85542169
46,282,328,0.640625,-0.7195122
44,292,336,0.65625,-0.73809524
28,301,329,0.64257812,-0.82978723
20,312,332,0.6484375,-0.87951807
33,305,338,0.66015625,-0.80473373
17,323,340,0.6640625,-0.9
12,316,328,0.640625,-0.92682927
4,332,336,0.65625,-0.97619048
5,323,328,0.640625,-0.9695122
5,323,328,0.640625,-0.9695122
0,335,335,0.65429688,-1
15,330,345,0.67382812,-0.91304348
20,309,329,0.64257812,-0.87841945
13,315,328,0.640625,-0.92073171
2,342,344,0.671875,-0.98837209
31,294,325,0.63476562,-0.80923077
41,296,337,0.65820312,-0.75667656
40,298,338,0.66015625,-0.76331361
0,328,328,0.640625,-1
16,308,324,0.6328125,-0.90123457
21,331,352,0.6875,-0.88068182
30,297,327,0.63867188,-0.81651376
7,330,337,0.65820312,-0.95845697
20,320,340,0.6640625,-0.88235294
22,302,324,0.6328125,-0.86419753
25,313,338,0.66015625,-0.85207101
23,312,335,0.65429688,-0.86268657
19,303,322,0.62890625,-0.88198758
12,328,340,0.6640625,-0.92941176
4,339,343,0.66992188,-0.97667638
4,329,333,0.65039062,-0.97597598
17,319,336,0.65625,-0.89880952
8,321,329,0.64257812,-0.95136778
13,324,337,0.65820312,-0.92284866
17,309,326,0.63671875,-0.89570552
15,325,340,0.6640625,-0.91176471
7,334,341,0.66601562,-0.95894428
11,322,333,0.65039062,-0.93393393
18,324,342,0.66796875,-0.89473684
13,318,331,0.64648438,-0.92145015
13,329,342,0.66796875,-0.92397661
28,327,355,0.69335938,-0.84225352
35,304,339,0.66210938,-0.79351032
15,317,332,0.6484375,-0.90963855
23,307,330,0.64453125,-0.86060606
23,312,335,0.65429688,-0.86268657
0,336,336,0.65625,-1
18,313,331,0.64648438,-0.89123867
1,343,344,0.671875,-0.99418605
27,316,343,0.66992188,-0.8425656
18,307,325,0.63476562,-0.88923077
33,297,330,0.64453125,-0.8
27,308,335,0.65429688,-0.83880597
20,319,339,0.66210938,-0.8820059
29,315,344,0.671875,-0.83139535
46,291,337,0.65820312,-0.72700297
37,294,331,0.64648438,-0.77643505
23,306,329,0.64257812,-0.86018237
7,338,345,0.67382812,-0.95942029
4,345,349,0.68164062,-0.97707736
12,328,340,0.6640625,-0.92941176
5,333,338,0.66015625,-0.9704142
0,341,341,0.66601562,-1
13,325,338,0.66015625,-0.92307692
1,331,332,0.6484375,-0.9939759
4,333,337,0.65820312,-0.97626113
14,322,336,0.65625,-0.91666667
5,335,340,0.6640625,-0.97058824
7,333,340,0.6640625,-0.95882353
31,320,351,0.68554688,-0.82336182
52,283,335,0.65429688,-0.68955224
33,303,336,0.65625,-0.80357143
12,323,335,0.65429688,-0.92835821
43,288,331,0.64648438,-0.74018127
18,318,336,0.65625,-0.89285714
51,279,330,0.64453125,-0.69090909
27,314,341,0.66601562,-0.84164223
37,304,341,0.66601562,-0.7829912
45,277,322,0.62890625,-0.72049689
47,290,337,0.65820312,-0.72106825
85,248,333,0.65039062,-0.48948949
39,280,319,0.62304688,-0.75548589
25,305,330,0.64453125,-0.84848485
41,280,321,0.62695312,-0.74454829
15,320,335,0.65429688,-0.91044776
12,341,353,0.68945312,-0.93201133
12,322,334,0.65234375,-0.92814371
23,301,324,0.6328125,-0.85802469
2,326,328,0.640625,-0.98780488
19,302,321,0.62695312,-0.88161994
37,302,339,0.66210938,-0.78171091
29,308,337,0.65820312,-0.82789318
42,301,343,0.66992188,-0.75510204
35,305,340,0.6640625,-0.79411765
33,319,352,0.6875,-0.8125
11,313,324,0.6328125,-0.93209877
16,341,357,0.69726562,-0.91036415
3,327,330,0.64453125,-0.98181818
22,313,335,0.65429688,-0.86865672
38,288,326,0.63671875,-0.76687117
44,290,334,0.65234375,-0.73652695
64,264,328,0.640625,-0.6097561
52,277,329,0.64257812,-0.68389058
71,253,324,0.6328125,-0.5617284
101,228,329,0.64257812,-0.38601824
155,161,316,0.6171875,-0.018987342
82,248,330,0.64453125,-0.5030303
35,306,341,0.66601562,-0.79472141
62,284,346,0.67578125,-0.6416185
38,295,333,0.65039062,-0.77177177
28,306,334,0.65234375,-0.83233533
8,328,336,0.65625,-0.95238095
0,340,340,0.6640625,-1
20,321,341,0.66601562,-0.88269795
14,322,336,0.65625,-0.91666667
4,324,328,0.640625,-0.97560976
25,311,336,0.65625,-0.85119048
22,318,340,0.6640625,-0.87058824
59,283,342,0.66796875,-0.65497076
83,246,329,0.64257812,-0.49544073
90,238,328,0.640625,-0.45121951
71,261,332,0.6484375,-0.57228916
38,282,320,0.625,-0.7625
48,276,324,0.6328125,-0.7037037
55,277,332,0.6484375,-0.6686747
31,298,329,0.64257812,-0.81155015
45,293,338,0.66015625,-0.73372781
29,309,338,0.66015625,-0.82840237
45,296,341,0.66601562,-0.73607038
68,261,329,0.64257812,-0.58662614
93,236,329,0.64257812,-0.43465046
119,214,333,0.65039062,-0.28528529
90,238,328,0.640625,-0.45121951
106,217,323,0.63085938,-0.34365325
99,232,331,0.64648438,-0.40181269
69,246,315,0.61523438,-0.56190476
33,288,321,0.62695312,-0.79439252
58,274,332,0.6484375,-0.65060241
21,315,336,0.65625,-0.875
42,287,329,0.64257812,-0.74468085
20,306,326,0.63671875,-0.87730061
2,332,334,0.65234375,-0.98802395
6,334,340,0.6640625,-0.96470588
14,320,334,0.65234375,-0.91616766
16,305,321,0.62695312,-0.90031153
9,326,335,0.65429688,-0.94626866
9,336,345,0.67382812,-0.94782609
0,345,345,0.67382812,-1
0,350,350,0.68359375,-1
11,323,334,0.65234375,-0.93413174
21,311,332,0.6484375,-0.87349398
9,330,339,0.66210938,-0.94690265
0,332,332,0.6484375,-1
3,339,342,0.66796875,-0.98245614
46,284,330,0.64453125,-0.72121212
47,278,325,0.63476562,-0.71076923
52,287,339,0.66210938,-0.69321534
35,301,336,0.65625,-0.79166667
23,309,332,0.6484375,-0.86144578
18,301,319,0.62304688,-0.88714734
11,322,333,0.65039062,-0.93393393
10,322,332,0.6484375,-0.93975904
3,344,347,0.67773438,-0.98270893
14,324,338,0.66015625,-0.91715976
23,324,347,0.67773438,-0.86743516
15,319,334,0.65234375,-0.91017964
12,321,333,0.65039062,-0.92792793
25,299,324,0.6328125,-0.84567901
41,288,329,0.64257812,-0.75075988
32,287,319,0.62304688,-0.79937304
21,325,346,0.67578125,-0.87861272
15,313,328,0.640625,-0.90853659
21,297,318,0.62109375,-0.86792453
27,314,341,0.66601562,-0.84164223
18,301,319,0.62304688,-0.88714734
26,313,339,0.66210938,-0.84660767
50,287,337,0.65820312,-0.70326409
33,306,339,0.66210938,-0.80530973
10,330,340,0.6640625,-0.94117647
11,330,341,0.66601562,-0.93548387
25,307,332,0.6484375,-0.84939759
23,322,345,0.67382812,-0.86666667
42,283,325,0.63476562,-0.74153846
25,307,332,0.6484375,-0.84939759
19,317,336,0.65625,-0.88690476
1,341,342,0.66796875,-0.99415205
5,326,331,0.64648438,-0.96978852
16,319,335,0.65429688,-0.90447761
11,328,339,0.66210938,-0.93510324
15,315,330,0.64453125,-0.90909091
4,325,329,0.64257812,-0.97568389
7,331,338,0.66015625,-0.95857988
5,331,336,0.65625,-0.9702381
25,321,346,0.67578125,-0.85549133
4,331,335,0.65429688,-0.9761194
0,338,338,0.66015625,-1
10,339,349,0.68164062,-0.94269341
47,278,325,0.63476562,-0.71076923
26,314,340,0.6640625,-0.84705882
25,313,338,0.66015625,-0.85207101
11,320,331,0.64648438,-0.93353474
16,324,340,0.6640625,-0.90588235
25,308,333,0.65039062,-0.84984985
18,308,326,0.63671875,-0.88957055
6,331,337,0.65820312,-0.96439169
36,287,323,0.63085938,-0.77708978
33,295,328,0.640625,-0.79878049
2,327,329,0.64257812,-0.98784195
11,321,332,0.6484375,-0.93373494
6,327,333,0.65039062,-0.96396396
14,320,334,0.65234375,-0.91616766
15,327,342,0.66796875,-0.9122807
14,330,344,0.671875,-0.91860465
10,334,344,0.671875,-0.94186047
6,323,329,0.64257812,-0.96352584
5,332,337,0.65820312,-0.97032641
20,318,338,0.66015625,-0.8816568
25,314,339,0.66210938,-0.85250737
5,333,338,0.66015625,-0.9704142
0,347,347,0.67773438,-1
12,324,336,0.65625,-0.92857143
8,337,345,0.67382812,-0.95362319
8,335,343,0.66992188,-0.95335277
28,302,330,0.64453125,-0.83030303
7,330,337,0.65820312,-0.95845697
20,297,317,0.61914062,-0.87381703
11,321,332,0.6484375,-0.93373494
15,323,338,0.66015625,-0.9112426
13,320,333,0.65039062,-0.92192192
12,347,359,0.70117188,-0.93314763
0,341,341,0.66601562,-1
64,271,335,0.65429688,-0.61791045
33,309,342,0.66796875,-0.80701754
0,334,334,0.65234375,-1
5,329,334,0.65234375,-0.97005988
18,311,329,0.64257812,-0.89057751
7,341,348,0.6796875,-0.95977011
10,319,329,0.64257812,-0.93920973
6,342,348,0.6796875,-0.96551724
8,322,330,0.64453125,-0.95151515
5,334,339,0.66210938,-0.97050147
7,341,348,0.6796875,-0.95977011
18,321,339,0.66210938,-0.89380531
23,317,340,0.6640625,-0.86470588
3,324,327,0.63867188,-0.98165138
2,346,348,0.6796875,-0.98850575
5,330,335,0.65429688,-0.97014925
18,315,333,0.65039062,-0.89189189
9,330,339,0.66210938,-0.94690265
20,321,341,0.66601562,-0.88269795
8,317,325,0.63476562,-0.95076923
36,298,334,0.65234375,-0.78443114
20,322,342,0.66796875,-0.88304094
23,313,336,0.65625,-0.86309524
42,290,332,0.6484375,-0.74698795
14,314,328,0.640625,-0.91463415
17,318,335,0.65429688,-0.89850746
19,327,346,0.67578125,-0.89017341
1,341,342,0.66796875,-0.99415205
0,346,346,0.67578125,-1
8,332,340,0.6640625,-0.95294118
10,321,331,0.64648438,-0.93957704
9,321,330,0.64453125,-0.94545455
11,322,333,0.65039062,-0.93393393
25,310,335,0.65429688,-0.85074627
10,321,331,0.64648438,-0.93957704
36,294,330,0.64453125,-0.78181818
44,290,334,0.65234375,-0.73652695
20,312,332,0.6484375,-0.87951807
16,321,337,0.65820312,-0.90504451
32,302,334,0.65234375,-0.80838323
47,282,329,0.64257812,-0.71428571
68,261,329,0.64257812,-0.58662614
28,306,334,0.65234375,-0.83233533
52,270,322,0.62890625,-0.67701863
88,233,321,0.62695312,-0.4517134
64,280,344,0.671875,-0.62790698
69,257,326,0.63671875,-0.57668712
72,264,336,0.65625,-0.57142857
79,245,324,0.6328125,-0.51234568
70,260,330,0.64453125,-0.57575758
7,325,332,0.6484375,-0.95783133
3,326,329,0.64257812,-0.98176292
16,327,343,0.66992188,-0.90670554
36,285,321,0.62695312,-0.77570093
34,304,338,0.66015625,-0.79881657
11,314,325,0.63476562,-0.93230769
27,311,338,0.66015625,-0.84023669
4,321,325,0.63476562,-0.97538462
10,339,349,0.68164062,-0.94269341
1,340,341,0.66601562,-0.9941349
9,326,335,0.65429688,-0.94626866
3,344,347,0.67773438,-0.98270893
18,315,333,0.65039062,-0.89189189
18,316,334,0.65234375,-0.89221557
10,323,333,0.65039062,-0.93993994
19,322,341,0.66601562,-0.88856305
21,310,331,0.64648438,-0.87311178
17,321,338,0.66015625,-0.89940828
54,274,328,0.640625,-0.67073171
13,323,336,0.65625,-0.92261905
25,299,324,0.6328125,-0.84567901
53,272,325,0.63476562,-0.67384615
45,294,339,0.66210938,-0.73451327
42,296,338,0.66015625,-0.75147929
62,262,324,0.6328125,-0.61728395
56,274,330,0.64453125,-0.66060606
39,294,333,0.65039062,-0.76576577
13,338,351,0.68554688,-0.92592593
39,277,316,0.6171875,-0.75316456
40,292,332,0.6484375,-0.75903614
22,316,338,0.66015625,-0.86982249
43,287,330,0.64453125,-0.73939394
21,324,345,0.67382812,-0.87826087
13,341,354,0.69140625,-0.92655367
7,322,329,0.64257812,-0.95744681
36,296,332,0.6484375,-0.78313253
2,334,336,0.65625,-0.98809524
24,319,343,0.66992188,-0.86005831
6,334,340,0.6640625,-0.96470588
0,348,348,0.6796875,-1
28,306,334,0.65234375,-0.83233533
9,331,340,0.6640625,-0.94705882
9,327,336,0.65625,-0.94642857
11,321,332,0.6484375,-0.93373494
1,350,351,0.68554688,-0.99430199
1,337,338,0.66015625,-0.99408284
11,327,338,0.66015625,-0.93491124
25,310,335,0.65429688,-0.85074627
26,316,342,0.66796875,-0.84795322
33,306,339,0.66210938,-0.80530973
42,297,339,0.66210938,-0.75221239
47,288,335,0.65429688,-0.71940299
73,248,321,0.62695312,-0.54517134
88,240,328,0.640625,-0.46341463
108,219,327,0.63867188,-0.33944954
84,240,324,0.6328125,-0.48148148
44,288,332,0.6484375,-0.73493976
12,336,348,0.6796875,-0.93103448
31,306,337,0.65820312,-0.81602374
27,307,334,0.65234375,-0.83832335
30,298,328,0.640625,-0.81707317
30,317,347,0.67773438,-0.82708934
18,318,336,0.65625,-0.89285714
10,337,347,0.67773438,-0.94236311
10,329,339,0.66210938,-0.94100295
5,326,331,0.64648438,-0.96978852
9,325,334,0.65234375,-0.94610778
0,349,349,0.68164062,-1
1,342,343,0.66992188,-0.9941691
24,314,338,0.66015625,-0.85798817
28,308,336,0.65625,-0.83333333
21,306,327,0.63867188,-0.87155963
37,304,341,0.66601562,-0.7829912
19,312,331,0.64648438,-0.88519637
17,319,336,0.65625,-0.89880952
28,322,350,0.68359375,-0.84
20,315,335,0.65429688,-0.88059701
22,317,339,0.66210938,-0.87020649
8,315,323,0.63085938,-0.9504644
10,327,337,0.65820312,-0.94065282
44,276,320,0.625,-0.725
58,283,341,0.66601562,-0.65982405
16,325,341,0.66601562,-0.90615836
10,331,341,0.66601562,-0.94134897
22,302,324,0.6328125,-0.86419753
4,355,359,0.70117188,-0.97771588
2,346,348,0.6796875,-0.98850575
37,297,334,0.65234375,-0.77844311
22,312,334,0.65234375,-0.86826347
22,299,321,0.62695312,-0.86292835
39,300,339,0.66210938,-0.7699115
26,316,342,0.66796875,-0.84795322
42,287,329,0.64257812,-0.74468085
44,286,330,0.64453125,-0.73333333
42,290,332,0.6484375,-0.74698795
48,294,342,0.66796875,-0.71929825
33,303,336,0.65625,-0.80357143
10,325,335,0.65429688,-0.94029851
5,341,346,0.67578125,-0.97109827
25,316,341,0.66601562,-0.85337243
16,316,332,0.6484375,-0.90361446
14,326,340,0.6640625,-0.91764706
13,331,344,0.671875,-0.9244186
0,335,335,0.65429688,-1
7,322,329,0.64257812,-0.95744681
13,331,344,0.671875,-0.9244186
31,291,322,0.62890625,-0.80745342
21,308,329,0.64257812,-0.87234043
22,307,329,0.64257812,-0.8662614
46,292,338,0.66015625,-0.72781065
15,321,336,0.65625,-0.91071429
54,289,343,0.66992188,-0.6851312
45,290,335,0.65429688,-0.73134328
43,287,330,0.64453125,-0.73939394
14,330,344,0.671875,-0.91860465
34,300,334,0.65234375,-0.79640719
30,292,322,0.62890625,-0.8136646
29,302,331,0.64648438,-0.82477341
45,278,323,0.63085938,-0.72136223
36,287,323,0.63085938,-0.77708978
15,329,344,0.671875,-0.9127907
6,325,331,0.64648438,-0.96374622
3,336,339,0.66210938,-0.98230088
7,332,339,0.66210938,-0.95870206
4,325,329,0.64257812,-0.97568389
9,330,339,0.66210938,-0.94690265
38,283,321,0.62695312,-0.76323988
12,323,335,0.65429688,-0.92835821
19,306,325,0.63476562,-0.88307692
29,293,322,0.62890625,-0.81987578
45,289,334,0.65234375,-0.73053892
5,326,331,0.64648438,-0.96978852
9,327,336,0.65625,-0.94642857
12,325,337,0.65820312,-0.92878338
11,324,335,0.65429688,-0.93432836
11,326,337,0.65820312,-0.9347181
2,340,342,0.66796875,-0.98830409
2,338,340,0.6640625,-0.98823529
13,320,333,0.65039062,-0.92192192
12,324,336,0.65625,-0.92857143
37,310,347,0.67773438,-0.78674352
28,297,325,0.63476562,-0.82769231
36,292,328,0.640625,-0.7804878
26,301,327,0.63867188,-0.84097859
33,297,330,0.64453125,-0.8
22,312,334,0.65234375,-0.86826347
51,284,335,0.65429688,-0.69552239
39,298,337,0.65820312,-0.76854599
26,323,349,0.68164062,-0.85100287
37,293,330,0.64453125,-0.77575758
31,303,334,0.65234375,-0.81437126
13,329,342,0.66796875,-0.92397661
10,326,336,0.65625,-0.94047619
8,334,342,0.66796875,-0.95321637
9,321,330,0.64453125,-0.94545455
16,324,340,0.6640625,-0.90588235
6,332,338,0.66015625,-0.96449704
10,321,331,0.64648438,-0.93957704
1,334,335,0.65429688,-0.99402985
6,331,337,0.65820312,-0.96439169
2,336,338,0.66015625,-0.98816568
12,316,328,0.640625,-0.92682927
26,311,337,0.65820312,-0.84569733
20,301,321,0.62695312,-0.87538941
33,300,333,0.65039062,-0.8018018
24,310,334,0.65234375,-0.85628743
44,286,330,0.64453125,-0.73333333
21,317,338,0.66015625,-0.87573964
4,334,338,0.66015625,-0.97633136
3,343,346,0.67578125,-0.98265896
6,328,334,0.65234375,-0.96407186
4,308,312,0.609375,-0.97435897
8,326,334,0.65234375,-0.95209581
13,321,334,0.65234375,-0.92215569
3,333,336,0.65625,-0.98214286
22,324,346,0.67578125,-0.87283237
30,306,336,0.65625,-0.82142857
37,304,341,0.66601562,-0.7829912
39,292,331,0.64648438,-0.76435045
51,273,324,0.6328125,-0.68518519
27,289,316,0.6171875,-0.82911392
15,330,345,0.67382812,-0.91304348
3,336,339,0.66210938,-0.98230088
8,332,340,0.6640625,-0.95294118
10,333,343,0.66992188,-0.94169096
22,324,346,0.67578125,-0.87283237
0,338,338,0.66015625,-1
3,325,328,0.640625,-0.98170732
10,311,321,0.62695312,-0.9376947
7,336,343,0.66992188,-0.95918367
6,340,346,0.67578125,-0.96531792
13,310,323,0.63085938,-0.91950464
26,312,338,0.66015625,-0.84615385
13,306,319,0.62304688,-0.9184953
10,316,326,0.63671875,-0.93865031
22,324,346,0.67578125,-0.87283237
15,320,335,0.65429688,-0.91044776
40,287,327,0.63867188,-0.75535168
22,327,349,0.68164062,-0.8739255
18,329,347,0.67773438,-0.8962536
34,292,326,0.63671875,-0.79141104
4,332,336,0.65625,-0.97619048
1,337,338,0.66015625,-0.99408284
3,339,342,0.66796875,-0.98245614
6,336,342,0.66796875,-0.96491228
6,334,340,0.6640625,-0.96470588
5,337,342,0.66796875,-0.97076023
28,303,331,0.64648438,-0.83081571
10,320,330,0.64453125,-0.93939394
21,320,341,0.66601562,-0.87683284
17,305,322,0.62890625,-0.89440994
71,271,342,0.66796875,-0.58479532
61,279,340,0.6640625,-0.64117647
9,338,347,0.67773438,-0.9481268
4,334,338,0.66015625,-0.97633136
13,324,337,0.65820312,-0.92284866
4,331,335,0.65429688,-0.9761194
13,321,334,0.65234375,-0.92215569
13,316,329,0.64257812,-0.92097264
11,320,331,0.64648438,-0.93353474
25,315,340,0.6640625,-0.85294118
2,344,346,0.67578125,-0.98843931
11,337,348,0.6796875,-0.93678161
17,312,329,0.64257812,-0.89665653
13,330,343,0.66992188,-0.92419825
0,339,339,0.66210938,-1
1,335,336,0.65625,-0.99404762
8,321,329,0.64257812,-0.95136778
11,329,340,0.6640625,-0.93529412
18,310,328,0.640625,-0.8902439
16,323,339,0.66210938,-0.90560472
46,293,339,0.66210938,-0.72861357
34,303,337,0.65820312,-0.79821958
33,288,321,0.62695312,-0.79439252
16,316,332,0.6484375,-0.90361446
14,323,337,0.65820312,-0.91691395
25,315,340,0.6640625,-0.85294118
47,283,330,0.64453125,-0.71515152
44,282,326,0.63671875,-0.73006135
32,291,323,0.63085938,-0.80185759
13,313,326,0.63671875,-0.9202454
23,300,323,0.63085938,-0.85758514
23,318,341,0.66601562,-0.86510264
23,310,333,0.65039062,-0.86186186
17,312,329,0.64257812,-0.89665653
18,311,329,0.64257812,-0.89057751
21,306,327,0.63867188,-0.87155963
14,319,333,0.65039062,-0.91591592
12,317,329,0.64257812,-0.92705167
29,303,332,0.6484375,-0.8253012
19,315,334,0.65234375,-0.88622754
9,339,348,0.6796875,-0.94827586
8,327,335,0.65429688,-0.95223881
27,321,348,0.6796875,-0.84482759
64,269,333,0.65039062,-0.61561562
38,297,335,0.65429688,-0.77313433
42,297,339,0.66210938,-0.75221239
26,293,319,0.62304688,-0.8369906
48,281,329,0.64257812,-0.70820669
22,313,335,0.65429688,-0.86865672
26,311,337,0.65820312,-0.84569733
13,312,325,0.63476562,-0.92
33,306,339,0.66210938,-0.80530973
4,341,345,0.67382812,-0.97681159
27,312,339,0.66210938,-0.84070796
60,264,324,0.6328125,-0.62962963
60,270,330,0.64453125,-0.63636364
35,296,331,0.64648438,-0.78851964
33,291,324,0.6328125,-0.7962963
45,281,326,0.63671875,-0.72392638
33,305,338,0.66015625,-0.80473373
19,304,323,0.63085938,-0.88235294
18,327,345,0.67382812,-0.89565217
24,311,335,0.65429688,-0.85671642
30,300,330,0.64453125,-0.81818182
44,293,337,0.65820312,-0.7388724
29,305,334,0.65234375,-0.82634731
7,319,326,0.63671875,-0.95705521
25,308,333,0.65039062,-0.84984985
58,266,324,0.6328125,-0.64197531
28,286,314,0.61328125,-0.82165605
19,325,344,0.671875,-0.88953488
2,326,328,0.640625,-0.98780488
6,327,333,0.65039062,-0.96396396
14,313,327,0.63867188,-0.91437309
10,315,325,0.63476562,-0.93846154
33,284,317,0.61914062,-0.79179811
23,320,343,0.66992188,-0.86588921
17,307,324,0.6328125,-0.89506173
17,314,331,0.64648438,-0.89728097
3,330,333,0.65039062,-0.98198198
12,327,339,0.66210938,-0.92920354
5,329,334,0.65234375,-0.97005988
9,326,335,0.65429688,-0.94626866
12,322,334,0.65234375,-0.92814371
29,303,332,0.6484375,-0.8253012
55,273,328,0.640625,-0.66463415
47,282,329,0.64257812,-0.71428571
23,299,322,0.62890625,-0.85714286
4,328,332,0.6484375,-0.97590361
1,348,349,0.68164062,-0.99426934
13,309,322,0.62890625,-0.91925466
24,311,335,0.65429688,-0.85671642
5,337,342,0.66796875,-0.97076023
6,337,343,0.66992188,-0.96501458
12,319,331,0.64648438,-0.92749245
18,295,313,0.61132812,-0.88498403
7,331,338,0.66015625,-0.95857988
12,325,337,0.65820312,-0.92878338
4,337,341,0.66601562,-0.97653959
7,325,332,0.6484375,-0.95783133
13,321,334,0.65234375,-0.92215569
11,333,344,0.671875,-0.93604651
0,348,348,0.6796875,-1
5,353,358,0.69921875,-0.97206704
17,321,338,0.66015625,-0.89940828
57,273,330,0.64453125,-0.65454545
30,298,328,0.640625,-0.81707317
28,310,338,0.66015625,-0.83431953
11,327,338,0.66015625,-0.93491124
4,335,339,0.66210938,-0.97640118
4,346,350,0.68359375,-0.97714286
20,317,337,0.65820312,-0.88130564
22,315,337,0.65820312,-0.8694362
11,311,322,0.62890625,-0.93167702
17,331,348,0.6796875,-0.90229885
26,305,331,0.64648438,-0.8429003
18,323,341,0.66601562,-0.89442815
6,340,346,0.67578125,-0.96531792
14,318,332,0.6484375,-0.91566265
4,340,344,0.671875,-0.97674419
18,323,341,0.66601562,-0.89442815
0,334,334,0.65234375,-1
6,337,343,0.66992188,-0.96501458
2,336,338,0.66015625,-0.98816568
22,308,330,0.64453125,-0.86666667
14,306,320,0.625,-0.9125
11,326,337,0.65820312,-0.9347181
17,323,340,0.6640625,-0.9
21,312,333,0.65039062,-0.87387387
11,323,334,0.65234375,-0.93413174
22,318,340,0.6640625,-0.87058824
27,291,318,0.62109375,-0.83018868
25,302,327,0.63867188,-0.8470948
9,330,339,0.66210938,-0.94690265
15,319,334,0.65234375,-0.91017964
13,326,339,0.66210938,-0.92330383
21,324,345,0.67382812,-0.87826087
10,329,339,0.66210938,-0.94100295
1,331,332,0.6484375,-0.9939759
4,323,327,0.63867188,-0.97553517
9,317,326,0.63671875,-0.94478528
3,338,341,0.66601562,-0.98240469
22,322,344,0.671875,-0.87209302
26,313,339,0.66210938,-0.84660767
18,317,335,0.65429688,-0.89253731
40,287,327,0.63867188,-0.75535168
37,290,327,0.63867188,-0.77370031
23,314,337,0.65820312,-0.86350148
9,330,339,0.66210938,-0.94690265
0,348,348,0.6796875,-1
4,331,335,0.65429688,-0.9761194
3,352,355,0.69335938,-0.98309859
41,288,329,0.64257812,-0.75075988
13,325,338,0.66015625,-0.92307692
11,329,340,0.6640625,-0.93529412
30,306,336,0.65625,-0.82142857
24,312,336,0.65625,-0.85714286
8,329,337,0.65820312,-0.95252226
9,337,346,0.67578125,-0.94797688
11,325,336,0.65625,-0.93452381
15,318,333,0.65039062,-0.90990991
39,289,328,0.640625,-0.76219512
12,328,340,0.6640625,-0.92941176
23,301,324,0.6328125,-0.85802469
30,300,330,0.64453125,-0.81818182
24,304,328,0.640625,-0.85365854
15,314,329,0.64257812,-0.90881459
28,310,338,0.66015625,-0.83431953
14,315,329,0.64257812,-0.91489362
9,326,335,0.65429688,-0.94626866
20,312,332,0.6484375,-0.87951807
16,317,333,0.65039062,-0.9039039
14,324,338,0.66015625,-0.91715976
38,297,335,0.65429688,-0.77313433
38,295,333,0.65039062,-0.77177177
48,270,318,0.62109375,-0.69811321
71,264,335,0.65429688,-0.5761194
28,302,330,0.64453125,-0.83030303
44,303,347,0.67773438,-0.74639769
51,281,332,0.6484375,-0.69277108
43,284,327,0.63867188,-0.73700306
1,342,343,0.66992188,-0.9941691
20,318,338,0.66015625,-0.8816568
21,308,329,0.64257812,-0.87234043
12,324,336,0.65625,-0.92857143
18,324,342,0.66796875,-0.89473684
34,286,320,0.625,-0.7875
11,320,331,0.64648438,-0.93353474
17,321,338,0.66015625,-0.89940828
32,293,325,0.63476562,-0.80307692
39,293,332,0.6484375,-0.76506024
33,319,352,0.6875,-0.8125
2,336,338,0.66015625,-0.98816568
20,326,346,0.67578125,-0.88439306
20,313,333,0.65039062,-0.87987988
25,292,317,0.61914062,-0.84227129
7,335,342,0.66796875,-0.95906433
20,317,337,0.65820312,-0.88130564
40,288,328,0.640625,-0.75609756
14,328,342,0.66796875,-0.91812865
7,331,338,0.66015625,-0.95857988
17,319,336,0.65625,-0.89880952
3,336,339,0.66210938,-0.98230088
8,321,329,0.64257812,-0.95136778
8,328,336,0.65625,-0.95238095
0,345,345,0.67382812,-1
20,304,324,0.6328125,-0.87654321
12,323,335,0.65429688,-0.92835821
2,338,340,0.6640625,-0.98823529
13,330,343,0.66992188,-0.92419825
28,307,335,0.65429688,-0.83283582
84,249,333,0.65039062,-0.4954955
80,260,340,0.6640625,-0.52941176
74,246,320,0.625,-0.5375
58,270,328,0.640625,-0.64634146
76,255,331,0.64648438,-0.5407855
42,296,338,0.66015625,-0.75147929
58,280,338,0.66015625,-0.65680473
83,246,329,0.64257812,-0.49544073
63,257,320,0.625,-0.60625
51,278,329,0.64257812,-0.6899696
27,301,328,0.640625,-0.83536585
19,326,345,0.67382812,-0.88985507
17,327,344,0.671875,-0.90116279
11,319,330,0.64453125,-0.93333333
11,340,351,0.68554688,-0.93732194
7,329,336,0.65625,-0.95833333
14,316,330,0.64453125,-0.91515152
4,333,337,0.65820312,-0.97626113
19,319,338,0.66015625,-0.88757396
7,334,341,0.66601562,-0.95894428
5,327,332,0.6484375,-0.96987952
0,330,330,0.64453125,-1
8,325,333,0.65039062,-0.95195195
32,305,337,0.65820312,-0.81008902
11,325,336,0.65625,-0.93452381
12,324,336,0.65625,-0.92857143
25,308,333,0.65039062,-0.84984985
20,304,324,0.6328125,-0.87654321
29,324,353,0.68945312,-0.83569405
9,320,329,0.64257812,-0.94528875
5,334,339,0.66210938,-0.97050147
28,309,337,0.65820312,-0.83382789
20,320,340,0.6640625,-0.88235294
0,342,342,0.66796875,-1
13,329,342,0.66796875,-0.92397661
2,322,324,0.6328125,-0.98765432
20,316,336,0.65625,-0.88095238
17,311,328,0.640625,-0.89634146
13,322,335,0.65429688,-0.92238806
6,323,329,0.64257812,-0.96352584
19,318,337,0.65820312,-0.88724036
14,327,341,0.66601562,-0.91788856
22,319,341,0.66601562,-0.87096774
18,309,327,0.63867188,-0.88990826
9,320,329,0.64257812,-0.94528875
47,285,332,0.6484375,-0.71686747
15,321,336,0.65625,-0.91071429
10,333,343,0.66992188,-0.94169096
1,339,340,0.6640625,-0.99411765
21,318,339,0.66210938,-0.87610619
30,304,334,0.65234375,-0.82035928
2,336,338,0.66015625,-0.98816568
6,323,329,0.64257812,-0.96352584
14,324,338,0.66015625,-0.91715976
27,312,339,0.66210938,-0.84070796
2,323,325,0.63476562,-0.98769231
2,322,324,0.6328125,-0.98765432
2,326,328,0.640625,-0.98780488
2,341,343,0.66992188,-0.98833819
5,337,342,0.66796875,-0.97076023
21,306,327,0.63867188,-0.87155963
7,318,325,0.63476562,-0.95692308
13,309,322,0.62890625,-0.91925466
9,337,346,0.67578125,-0.94797688
9,326,335,0.65429688,-0.94626866
12,325,337,0.65820312,-0.92878338
18,324,342,0.66796875,-0.89473684
34,297,331,0.64648438,-0.79456193
42,309,351,0.68554688,-0.76068376
28,313,341,0.66601562,-0.83577713
15,324,339,0.66210938,-0.91150442
14,321,335,0.65429688,-0.91641791
0,334,334,0.65234375,-1
45,283,328,0.640625,-0.72560976
13,323,336,0.65625,-0.92261905
14,325,339,0.66210938,-0.91740413
15,330,345,0.67382812,-0.91304348
6,334,340,0.6640625,-0.96470588
4,334,338,0.66015625,-0.97633136
5,330,335,0.65429688,-0.97014925
11,321,332,0.6484375,-0.93373494
11,327,338,0.66015625,-0.93491124
6,333,339,0.66210938,-0.96460177
22,308,330,0.64453125,-0.86666667
20,307,327,0.63867188,-0.87767584
22,308,330,0.64453125,-0.86666667
0,338,338,0.66015625,-1
12,336,348,0.6796875,-0.93103448
17,333,350,0.68359375,-0.90285714
34,302,336,0.65625,-0.79761905
35,292,327,0.63867188,-0.78593272
42,283,325,0.63476562,-0.74153846
10,318,328,0.640625,-0.93902439
2,337,339,0.66210938,-0.98820059
1,326,327,0.63867188,-0.99388379
15,324,339,0.66210938,-0.91150442
26,307,333,0.65039062,-0.84384384
6,332,338,0.66015625,-0.96449704
26,310,336,0.65625,-0.8452381
25,312,337,0.65820312,-0.85163205
15,310,325,0.63476562,-0.90769231
28,296,324,0.6328125,-0.82716049
28,300,328,0.640625,-0.82926829
48,288,336,0.65625,-0.71428571
43,285,328,0.640625,-0.73780488
53,269,322,0.62890625,-0.67080745
20,309,329,0.64257812,-0.87841945
10,321,331,0.64648438,-0.93957704
18,314,332,0.6484375,-0.89156627
20,318,338,0.66015625,-0.8816568
20,325,345,0.67382812,-0.88405797
18,336,354,0.69140625,-0.89830508
3,330,333,0.65039062,-0.98198198
9,328,337,0.65820312,-0.94658754
14,324,338,0.66015625,-0.91715976
23,313,336,0.65625,-0.86309524
30,296,326,0.63671875,-0.81595092
19,325,344,0.671875,-0.88953488
19,324,343,0.66992188,-0.88921283
15,326,341,0.66601562,-0.91202346
17,321,338,0.66015625,-0.89940828
2,332,334,0.65234375,-0.98802395
8,340,348,0.6796875,-0.95402299
10,327,337,0.65820312,-0.94065282
2,344,346,0.67578125,-0.98843931
1,339,340,0.6640625,-0.99411765
13,316,329,0.64257812,-0.92097264
24,302,326,0.63671875,-0.85276074
20,310,330,0.64453125,-0.87878788
2,327,329,0.64257812,-0.98784195
0,351,351,0.68554688,-1
12,323,335,0.65429688,-0.92835821
9,335,344,0.671875,-0.94767442
29,305,334,0.65234375,-0.82634731
25,311,336,0.65625,-0.85119048
42,287,329,0.64257812,-0.74468085
34,306,340,0.6640625,-0.8
31,298,329,0.64257812,-0.81155015
37,297,334,0.65234375,-0.77844311
29,289,318,0.62109375,-0.81761006
61,275,336,0.65625,-0.63690476
106,225,331,0.64648438,-0.35951662
83,235,318,0.62109375,-0.47798742
75,251,326,0.63671875,-0.5398773
52,277,329,0.64257812,-0.68389058
71,249,320,0.625,-0.55625
62,266,328,0.640625,-0.62195122
41,281,322,0.62890625,-0.74534161
31,300,331,0.64648438,-0.81268882
19,315,334,0.65234375,-0.88622754
51,287,338,0.66015625,-0.69822485
57,264,321,0.62695312,-0.64485981
71,267,338,0.66015625,-0.57988166
77,243,320,0.625,-0.51875
65,260,325,0.63476562,-0.6
33,301,334,0.65234375,-0.80239521
24,309,333,0.65039062,-0.85585586
2,336,338,0.66015625,-0.98816568
0,329,329,0.64257812,-1
14,326,340,0.6640625,-0.91764706
14,317,331,0.64648438,-0.91540785
13,317,330,0.64453125,-0.92121212
3,353,356,0.6953125,-0.98314607
17,312,329,0.64257812,-0.89665653
15,319,334,0.65234375,-0.91017964
11,333,344,0.671875,-0.93604651
12,316,328,0.640625,-0.92682927
17,336,353,0.68945312,-0.90368272
0,345,345,0.67382812,-1
7,329,336,0.65625,-0.95833333
28,298,326,0.63671875,-0.82822086
44,297,341,0.66601562,-0.74193548
53,269,322,0.62890625,-0.67080745
51,276,327,0.63867188,-0.68807339
11,319,330,0.64453125,-0.93333333
36,299,335,0.65429688,-0.78507463
48,273,321,0.62695312,-0.70093458
41,295,336,0.65625,-0.75595238
50,282,332,0.6484375,-0.69879518
50,283,333,0.65039062,-0.6996997
20,307,327,0.63867188,-0.87767584
23,306,329,0.64257812,-0.86018237
12,329,341,0.66601562,-0.92961877
48,302,350,0.68359375,-0.72571429
61,273,334,0.65234375,-0.63473054
44,279,323,0.63085938,-0.72755418
18,317,335,0.65429688,-0.89253731
15,312,327,0.63867188,-0.90825688
9,324,333,0.65039062,-0.94594595
27,315,342,0.66796875,-0.84210526
16,327,343,0.66992188,-0.90670554
21,324,345,0.67382812,-0.87826087
6,319,325,0.63476562,-0.96307692
8,334,342,0.66796875,-0.95321637
17,308,325,0.63476562,-0.89538462
8,327,335,0.65429688,-0.95223881
24,310,334,0.65234375,-0.85628743
7,324,331,0.64648438,-0.95770393
34,306,340,0.6640625,-0.8
26,309,335,0.65429688,-0.84477612
40,294,334,0.65234375,-0.76047904
50,265,315,0.61523438,-0.68253968
18,316,334,0.65234375,-0.89221557
28,303,331,0.64648438,-0.83081571
48,276,324,0.6328125,-0.7037037
27,300,327,0.63867188,-0.83486239
32,298,330,0.64453125,-0.80606061
42,289,331,0.64648438,-0.74622356
42,282,324,0.6328125,-0.74074074
26,306,332,0.6484375,-0.84337349
17,322,339,0.66210938,-0.89970501
13,321,334,0.65234375,-0.92215569
12,317,329,0.64257812,-0.92705167
38,282,320,0.625,-0.7625
23,325,348,0.6796875,-0.86781609
13,326,339,0.66210938,-0.92330383
62,273,335,0.65429688,-0.62985075
58,266,324,0.6328125,-0.64197531
74,255,329,0.64257812,-0.55015198
105,220,325,0.63476562,-0.35384615
124,196,320,0.625,-0.225
129,219,348,0.6796875,-0.25862069
112,216,328,0.640625,-0.31707317
130,190,320,0.625,-0.1875
152,172,324,0.6328125,-0.061728395
174,154,328,0.640625,0.06097561
165,170,335,0.65429688,-0.014925373
150,188,338,0.66015625,-0.11242604
101,225,326,0.63671875,-0.3803681
114,204,318,0.62109375,-0.28301887
69,255,324,0.6328125,-0.57407407
75,258,333,0.65039062,-0.54954955
36,293,329,0.64257812,-0.78115502
19,305,324,0.6328125,-0.88271605
2,327,329,0.64257812,-0.98784195
25,301,326,0.63671875,-0.84662577
28,318,346,0.67578125,-0.83815029
12,317,329,0.64257812,-0.92705167
8,322,330,0.64453125,-0.95151515
20,329,349,0.68164062,-0.88538682
20,317,337,0.65820312,-0.88130564
30,302,332,0.6484375,-0.81927711
4,346,350,0.68359375,-0.97714286
0,339,339,0.66210938,-1
30,304,334,0.65234375,-0.82035928
31,300,331,0.64648438,-0.81268882
3,331,334,0.65234375,-0.98203593
26,304,330,0.64453125,-0.84242424
42,290,332,0.6484375,-0.74698795
44,301,345,0.67382812,-0.74492754
40,295,335,0.65429688,-0.76119403
47,296,343,0.66992188,-0.72594752
23,311,334,0.65234375,-0.86227545
54,280,334,0.65234375,-0.67664671
20,321,341,0.66601562,-0.88269795
42,290,332,0.6484375,-0.74698795
39,296,335,0.65429688,-0.76716418
26,302,328,0.640625,-0.84146341
26,304,330,0.64453125,-0.84242424
17,320,337,0.65820312,-0.89910979
16,315,331,0.64648438,-0.90332326
15,326,341,0.66601562,-0.91202346
11,326,337,0.65820312,-0.9347181
6,348,354,0.69140625,-0.96610169
9,333,342,0.66796875,-0.94736842
7,327,334,0.65234375,-0.95808383
9,332,341,0.66601562,-0.94721408
32,308,340,0.6640625,-0.81176471
15,312,327,0.63867188,-0.90825688
15,317,332,0.6484375,-0.90963855
17,335,352,0.6875,-0.90340909
14,313,327,0.63867188,-0.91437309
16,319,335,0.65429688,-0.90447761
22,321,343,0.66992188,-0.87172012
20,322,342,0.66796875,-0.88304094
58,272,330,0.64453125,-0.64848485
83,252,335,0.65429688,-0.50447761
112,202,314,0.61328125,-0.2866242
105,232,337,0.65820312,-0.3768546
103,226,329,0.64257812,-0.37386018
94,233,327,0.63867188,-0.42507645
59,262,321,0.62695312,-0.63239875
35,294,329,0.64257812,-0.78723404
4,314,318,0.62109375,-0.97484277
21,317,338,0.66015625,-0.87573964
3,338,341,0.66601562,-0.98240469
9,319,328,0.640625,-0.94512195
32,306,338,0.66015625,-0.81065089
26,314,340,0.6640625,-0.84705882
10,323,333,0.65039062,-0.93993994
3,357,360,0.703125,-0.98333333
25,304,329,0.64257812,-0.84802432
15,319,334,0.65234375,-0.91017964
18,331,349,0.68164062,-0.89684814
0,347,347,0.67773438,-1
14,310,324,0.6328125,-0.91358025
31,304,335,0.65429688,-0.81492537
39,298,337,0.65820312,-0.76854599
18,309,327,0.63867188,-0.88990826
11,327,338,0.66015625,-0.93491124
0,348,348,0.6796875,-1
6,332,338,0.66015625,-0.96449704
22,304,326,0.63671875,-0.86503067
25,306,331,0.64648438,-0.8489426
37,290,327,0.63867188,-0.77370031
24,300,324,0.6328125,-0.85185185
11,329,340,0.6640625,-0.93529412
17,312,329,0.64257812,-0.89665653
16,312,328,0.640625,-0.90243902
38,308,346,0.67578125,-0.78034682
31,294,325,0.63476562,-0.80923077
52,301,353,0.68945312,-0.70538244
48,282,330,0.64453125,-0.70909091
52,278,330,0.64453125,-0.68484848
42,282,324,0.6328125,-0.74074074
77,259,336,0.65625,-0.54166667
76,247,323,0.63085938,-0.52941176
82,257,339,0.66210938,-0.51622419
76,255,331,0.64648438,-0.5407855
51,292,343,0.66992188,-0.70262391
49,277,326,0.63671875,-0.6993865
59,278,337,0.65820312,-0.64985163
66,256,322,0.62890625,-0.59006211
80,252,332,0.6484375,-0.51807229
26,301,327,0.63867188,-0.84097859
12,325,337,0.65820312,-0.92878338
3,330,333,0.65039062,-0.98198198
7,331,338,0.66015625,-0.95857988
10,326,336,0.65625,-0.94047619
9,328,337,0.65820312,-0.94658754
8,324,332,0.6484375,-0.95180723
10,326,336,0.65625,-0.94047619
6,337,343,0.66992188,-0.96501458
10,324,334,0.65234375,-0.94011976
10,318,328,0.640625,-0.93902439
24,311,335,0.65429688,-0.85671642
29,302,331,0.64648438,-0.82477341
14,305,319,0.62304688,-0.91222571
13,322,335,0.65429688,-0.92238806
12,330,342,0.66796875,-0.92982456
41,295,336,0.65625,-0.75595238
70,246,316,0.6171875,-0.55696203
39,284,323,0.63085938,-0.75851393
74,259,333,0.65039062,-0.55555556
56,276,332,0.6484375,-0.6626506
32,286,318,0.62109375,-0.79874214
57,266,323,0.63085938,-0.64705882
38,305,343,0.66992188,-0.77842566
22,314,336,0.65625,-0.86904762
48,293,341,0.66601562,-0.71847507
3,322,325,0.63476562,-0.98153846
11,321,332,0.6484375,-0.93373494
13,316,329,0.64257812,-0.92097264
2,321,323,0.63085938,-0.9876161
16,313,329,0.64257812,-0.90273556
4,345,349,0.68164062,-0.97707736
0,347,347,0.67773438,-1
3,326,329,0.64257812,-0.98176292
0,346,346,0.67578125,-1
8,326,334,0.65234375,-0.95209581
30,315,345,0.67382812,-0.82608696
81,234,315,0.61523438,-0.48571429
68,257,325,0.63476562,-0.58153846
70,266,336,0.65625,-0.58333333
35,290,325,0.63476562,-0.78461538
18,310,328,0.640625,-0.8902439
12,325,337,0.65820312,-0.92878338
10,325,335,0.65429688,-0.94029851
5,332,337,0.65820312,-0.97032641
31,294,325,0.63476562,-0.80923077
8,341,349,0.68164062,-0.95415473
39,292,331,0.64648438,-0.76435045
36,296,332,0.6484375,-0.78313253
20,319,339,0.66210938,-0.8820059
53,278,331,0.64648438,-0.67975831
1,332,333,0.65039062,-0.99399399
3,336,339,0.66210938,-0.98230088
12,336,348,0.6796875,-0.93103448
10,330,340,0.6640625,-0.94117647
12,322,334,0.65234375,-0.92814371
4,330,334,0.65234375,-0.9760479
41,278,319,0.62304688,-0.74294671
29,300,329,0.64257812,-0.82370821
6,339,345,0.67382812,-0.96521739
23,294,317,0.61914062,-0.85488959
3,347,350,0.68359375,-0.98285714
4,334,338,0.66015625,-0.97633136
5,338,343,0.66992188,-0.97084548
30,303,333,0.65039062,-0.81981982
26,304,330,0.64453125,-0.84242424
14,324,338,0.66015625,-0.91715976
2,344,346,0.67578125,-0.98843931
40,288,328,0.640625,-0.75609756
3,338,341,0.66601562,-0.98240469
6,334,340,0.6640625,-0.96470588
1,340,341,0.66601562,-0.9941349
18,307,325,0.63476562,-0.88923077
23,311,334,0.65234375,-0.86227545
21,311,332,0.6484375,-0.87349398
20,329,349,0.68164062,-0.88538682
53,270,323,0.63085938,-0.67182663
49,297,346,0.67578125,-0.71676301
47,282,329,0.64257812,-0.71428571
34,304,338,0.66015625,-0.79881657
8,340,348,0.6796875,-0.95402299
1,328,329,0.64257812,-0.99392097
5,330,335,0.65429688,-0.97014925
14,322,336,0.65625,-0.91666667
2,346,348,0.6796875,-0.98850575
10,327,337,0.65820312,-0.94065282
9,320,329,0.64257812,-0.94528875
38,300,338,0.66015625,-0.77514793
16,311,327,0.63867188,-0.90214067
29,311,340,0.6640625,-0.82941176
42,275,317,0.61914062,-0.73501577
27,315,342,0.66796875,-0.84210526
34,295,329,0.64257812,-0.79331307
0,349,349,0.68164062,-1
18,322,340,0.6640625,-0.89411765
26,308,334,0.65234375,-0.84431138
21,325,346,0.67578125,-0.87861272
14,314,328,0.640625,-0.91463415
0,335,335,0.65429688,-1
6,328,334,0.65234375,-0.96407186
28,305,333,0.65039062,-0.83183183
52,280,332,0.6484375,-0.68674699
6,332,338,0.66015625,-0.96449704
8,336,344,0.671875,-0.95348837
32,313,345,0.67382812,-0.81449275
26,300,326,0.63671875,-0.8404908
51,264,315,0.61523438,-0.67619048
46,296,342,0.66796875,-0.73099415
11,318,329,0.64257812,-0.9331307
19,316,335,0.65429688,-0.88656716
22,317,339,0.66210938,-0.87020649
27,302,329,0.64257812,-0.83586626
17,311,328,0.640625,-0.89634146
34,292,326,0.63671875,-0.79141104
34,297,331,0.64648438,-0.79456193
40,297,337,0.65820312,-0.76261128
76,237,313,0.61132812,-0.514377
36,303,339,0.66210938,-0.78761062
32,309,341,0.66601562,-0.81231672
17,309,326,0.63671875,-0.89570552
41,292,333,0.65039062,-0.75375375
39,277,316,0.6171875,-0.75316456
27,297,324,0.6328125,-0.83333333
2,345,347,0.67773438,-0.98847262
14,328,342,0.66796875,-0.91812865
12,331,343,0.66992188,-0.93002915
41,291,332,0.6484375,-0.75301205
45,302,347,0.67773438,-0.74063401
53,280,333,0.65039062,-0.68168168
78,260,338,0.66015625,-0.53846154
77,251,328,0.640625,-0.5304878
68,264,332,0.6484375,-0.59036145
91,242,333,0.65039062,-0.45345345
96,224,320,0.625,-0.4
106,230,336,0.65625,-0.36904762
99,230,329,0.64257812,-0.39817629
47,290,337,0.65820312,-0.72106825
25,311,336,0.65625,-0.85119048
35,296,331,0.64648438,-0.78851964
27,299,326,0.63671875,-0.83435583
17,320,337,0.65820312,-0.89910979
70,269,339,0.66210938,-0.58702065
66,262,328,0.640625,-0.59756098
33,294,327,0.63867188,-0.79816514
48,274,322,0.62890625,-0.70186335
50,271,321,0.62695312,-0.68847352
44,282,326,0.63671875,-0.73006135
49,290,339,0.66210938,-0.71091445
17,321,338,0.66015625,-0.89940828
9,334,343,0.66992188,-0.94752187
17,328,345,0.67382812,-0.90144928
12,326,338,0.66015625,-0.92899408
24,316,340,0.6640625,-0.85882353
34,310,344,0.671875,-0.80232558
6,321,327,0.63867188,-0.96330275
1,340,341,0.66601562,-0.9941349
17,317,334,0.65234375,-0.89820359
4,336,340,0.6640625,-0.97647059
20,303,323,0.63085938,-0.87616099
16,324,340,0.6640625,-0.90588235
3,347,350,0.68359375,-0.98285714
23,311,334,0.65234375,-0.86227545
9,333,342,0.66796875,-0.94736842
10,333,343,0.66992188,-0.94169096
23,319,342,0.66796875,-0.86549708
16,324,340,0.6640625,-0.90588235
2,336,338,0.66015625,-0.98816568
9,312,321,0.62695312,-0.94392523
34,298,332,0.6484375,-0.79518072
31,298,329,0.64257812,-0.81155015
49,284,333,0.65039062,-0.70570571
20,317,337,0.65820312,-0.88130564
38,293,331,0.64648438,-0.77039275
57,286,343,0.66992188,-0.66763848
13,321,334,0.65234375,-0.92215569
5,340,345,0.67382812,-0.97101449
14,318,332,0.6484375,-0.91566265
21,296,317,0.61914062,-0.86750789
28,305,333,0.65039062,-0.83183183
9,331,340,0.6640625,-0.94705882
14,324,338,0.66015625,-0.91715976
7,327,334,0.65234375,-0.95808383
1,339,340,0.6640625,-0.99411765
16,316,332,0.6484375,-0.90361446
12,328,340,0.6640625,-0.92941176
9,325,334,0.65234375,-0.94610778
0,342,342,0.66796875,-1
9,335,344,0.671875,-0.94767442
14,313,327,0.63867188,-0.91437309
2,337,339,0.66210938,-0.98820059
8,332,340,0.6640625,-0.95294118
21,323,344,0.671875,-0.87790698
4,335,339,0.66210938,-0.97640118
4,340,344,0.671875,-0.97674419
5,334,339,0.66210938,-0.97050147
7,326,333,0.65039062,-0.95795796
1,334,335,0.65429688,-0.99402985
33,285,318,0.62109375,-0.79245283
50,296,346,0.67578125,-0.71098266
9,325,334,0.65234375,-0.94610778
20,316,336,0.65625,-0.88095238
31,306,337,0.65820312,-0.81602374
36,310,346,0.67578125,-0.79190751
44,292,336,0.65625,-0.73809524
51,285,336,0.65625,-0.69642857
34,306,340,0.6640625,-0.8
27,298,325,0.63476562,-0.83384615
6,336,342,0.66796875,-0.96491228
1,343,344,0.671875,-0.99418605
4,337,341,0.66601562,-0.97653959
3,321,324,0.6328125,-0.98148148
21,315,336,0.65625,-0.875
17,325,342,0.66796875,-0.9005848
4,338,342,0.66796875,-0.97660819
4,325,329,0.64257812,-0.97568389
45,279,324,0.6328125,-0.72222222
43,293,336,0.65625,-0.74404762
47,289,336,0.65625,-0.7202381
12,319,331,0.64648438,-0.92749245
8,329,337,0.65820312,-0.95252226
21,310,331,0.64648438,-0.87311178
7,334,341,0.66601562,-0.95894428
15,323,338,0.66015625,-0.9112426
9,323,332,0.6484375,-0.94578313
6,318,324,0.6328125,-0.96296296
7,326,333,0.65039062,-0.95795796
8,330,338,0.66015625,-0.95266272
13,301,314,0.61328125,-0.91719745
7,331,338,0.66015625,-0.95857988
35,299,334,0.65234375,-0.79041916
54,269,323,0.63085938,-0.66563467
26,316,342,0.66796875,-0.84795322
55,279,334,0.65234375,-0.67065868
88,238,326,0.63671875,-0.4601227
97,243,340,0.6640625,-0.42941176
103,216,319,0.62304688,-0.35423197
133,190,323,0.63085938,-0.17647059
157,182,339,0.66210938,-0.073746313
152,170,322,0.62890625,-0.055900621
180,151,331,0.64648438,0.087613293
196,130,326,0.63671875,0.20245399
126,200,326,0.63671875,-0.22699387
151,180,331,0.64648438,-0.087613293
112,214,326,0.63671875,-0.31288344
191,145,336,0.65625,0.13690476
177,149,326,0.63671875,0.085889571
158,168,326,0.63671875,-0.030674847
180,148,328,0.640625,0.097560976
154,175,329,0.64257812,-0.063829787
137,203,340,0.6640625,-0.19411765
133,187,320,0.625,-0.16875
137,187,324,0.6328125,-0.15432099
166,152,318,0.62109375,0.044025157
159,165,324,0.6328125,-0.018518519
175,142,317,0.61914062,0.10410095
212,118,330,0.64453125,0.28484848
212,124,336,0.65625,0.26190476
202,121,323,0.63085938,0.25077399
275,60,335,0.65429688,0.64179104
263,66,329,0.64257812,0.59878419
308,20,328,0.640625,0.87804878
330,6,336,0.65625,0.96428571
343,3,346,0.67578125,0.98265896
329,4,333,0.65039062,0.97597598
331,1,332,0.6484375,0.9939759
355,0,355,0.69335938,1
336,5,341,0.66601562,0.97067449
328,1,329,0.64257812,0.99392097
325,6,331,0.64648438,0.96374622
335,4,339,0.66210938,0.97640118
317,24,341,0.66601562,0.85923754
313,17,330,0.64453125,0.8969697
323,18,341,0.66601562,0.89442815
312,16,328,0.640625,0.90243902
295,40,335,0.65429688,0.76119403
305,26,331,0.64648438,0.8429003
292,46,338,0.66015625,0.72781065
314,23,337,0.65820312,0.86350148
323,6,329,0.64257812,0.96352584
333,6,339,0.66210938,0.96460177
333,4,337,0.65820312,0.97626113
328,8,336,0.65625,0.95238095
318,11,329,0.64257812,0.9331307
329,10,339,0.66210938,0.94100295
343,13,356,0.6953125,0.92696629
330,4,334,0.65234375,0.9760479
327,6,333,0.65039062,0.96396396
324,15,339,0.66210938,0.91150442
316,20,336,0.65625,0.88095238
329,5,334,0.65234375,0.97005988
314,18,332,0.6484375,0.89156627
286,43,329,0.64257812,0.73860182
300,31,331,0.64648438,0.81268882
343,9,352,0.6875,0.94886364
332,9,341,0.66601562,0.94721408
286,44,330,0.64453125,0.73333333
288,48,336,0.65625,0.71428571
292,42,334,0.65234375,0.74850299
312,21,333,0.65039062,0.87387387
322,19,341,0.66601562,0.88856305
289,44,333,0.65039062,0.73573574
256,70,326,0.63671875,0.57055215
238,82,320,0.625,0.4875
286,37,323,0.63085938,0.77089783
303,42,345,0.67382812,0.75652174
292,52,344,0.671875,0.69767442
299,34,333,0.65039062,0.7957958
316,31,347,0.67773438,0.82132565
321,16,337,0.65820312,0.90504451
292,31,323,0.63085938,0.80804954
314,19,333,0.65039062,0.88588589
331,20,351,0.68554688,0.88603989
330,11,341,0.66601562,0.93548387
328,6,334,0.65234375,0.96407186
330,13,343,0.66992188,0.92419825
331,0,331,0.64648438,1
312,8,320,0.625,0.95
321,14,335,0.65429688,0.91641791
287,39,326,0.63671875,0.7607362
294,43,337,0.65820312,0.74480712
322,12,334,0.65234375,0.92814371
339,7,346,0.67578125,0.95953757
333,1,334,0.65234375,0.99401198
341,6,347,0.67773438,0.96541787
329,8,337,0.65820312,0.95252226
335,10,345,0.67382812,0.94202899
307,24,331,0.64648438,0.85498489
280,36,316,0.6171875,0.7721519
323,10,333,0.65039062,0.93993994
303,28,331,0.64648438,0.83081571
320,22,342,0.66796875,0.87134503
296,35,331,0.64648438,0.78851964
310,20,330,0.64453125,0.87878788
325,7,332,0.6484375,0.95783133
328,0,328,0.640625,1
332,8,340,0.6640625,0.95294118
343,2,345,0.67382812,0.9884058
326,14,340,0.6640625,0.91764706
314,13,327,0.63867188,0.9204893
308,27,335,0.65429688,0.83880597
273,48,321,0.62695312,0.70093458
318,10,328,0.640625,0.93902439
328,6,334,0.65234375,0.96407186
303,39,342,0.66796875,0.77192982
301,43,344,0.671875,0.75
296,38,334,0.65234375,0.77245509
300,39,339,0.66210938,0.7699115
288,40,328,0.640625,0.75609756
327,14,341,0.66601562,0.91788856
312,14,326,0.63671875,0.91411043
316,12,328,0.640625,0.92682927
345,0,345,0.67382812,1
328,19,347,0.67773438,0.89048991
327,13,340,0.6640625,0.92352941
324,18,342,0.66796875,0.89473684
339,6,345,0.67382812,0.96521739
315,17,332,0.6484375,0.89759036
339,1,340,0.6640625,0.99411765
325,10,335,0.65429688,0.94029851
326,6,332,0.6484375,0.96385542
337,0,337,0.65820312,1
330,9,339,0.66210938,0.94690265
338,4,342,0.66796875,0.97660819
322,17,339,0.66210938,0.89970501
307,23,330,0.64453125,0.86060606
299,33,332,0.6484375,0.80120482
312,29,341,0.66601562,0.82991202
306,13,319,0.62304688,0.9184953
322,18,340,0.6640625,0.89411765
333,12,345,0.67382812,0.93043478
318,7,325,0.63476562,0.95692308
337,2,339,0.66210938,0.98820059
337,2,339,0.66210938,0.98820059
346,2,348,0.6796875,0.98850575
317,24,341,0.66601562,0.85923754
288,31,319,0.62304688,0.80564263
286,35,321,0.62695312,0.78193146
264,65,329,0.64257812,0.60486322
275,57,332,0.6484375,0.65662651
283,48,331,0.64648438,0.70996979
304,28,332,0.6484375,0.8313253
325,18,343,0.66992188,0.89504373
334,9,343,0.66992188,0.94752187
314,23,337,0.65820312,0.86350148
315,7,322,0.62890625,0.95652174
293,40,333,0.65039062,0.75975976
290,40,330,0.64453125,0.75757576
313,16,329,0.64257812,0.90273556
302,32,334,0.65234375,0.80838323
300,31,331,0.64648438,0.81268882
287,39,326,0.63671875,0.7607362
303,35,338,0.66015625,0.79289941
309,19,328,0.640625,0.88414634
329,7,336,0.65625,0.95833333
303,25,328,0.640625,0.84756098
297,43,340,0.6640625,0.74705882
301,38,339,0.66210938,0.77581121
312,25,337,0.65820312,0.85163205
336,5,341,0.66601562,0.97067449
322,20,342,0.66796875,0.88304094
325,15,340,0.6640625,0.91176471
302,21,323,0.63085938,0.86996904
315,21,336,0.65625,0.875
346,8,354,0.69140625,0.95480226
341,8,349,0.68164062,0.95415473
343,3,346,0.67578125,0.98265896
327,1,328,0.640625,0.99390244
326,11,337,0.65820312,0.9347181
296,32,328,0.640625,0.80487805
275,62,337,0.65820312,0.63204748
253,74,327,0.63867188,0.54740061
267,52,319,0.62304688,0.67398119
234,111,345,0.67382812,0.35652174
249,73,322,0.62890625,0.54658385
267,72,339,0.66210938,0.57522124
289,46,335,0.65429688,0.72537313
304,18,322,0.62890625,0.88819876
307,22,329,0.64257812,0.8662614
332,17,349,0.68164062,0.9025788
306,32,338,0.66015625,0.81065089
316,12,328,0.640625,0.92682927
317,12,329,0.64257812,0.92705167
324,17,341,0.66601562,0.90029326
325,5,330,0.64453125,0.96969697
331,1,332,0.6484375,0.9939759
340,4,344,0.671875,0.97674419
333,5,338,0.66015625,0.9704142
339,1,340,0.6640625,0.99411765
330,4,334,0.65234375,0.9760479
300,31,331,0.64648438,0.81268882
318,21,339,0.66210938,0.87610619
349,0,349,0.68164062,1
318,13,331,0.64648438,0.92145015
288,48,336,0.65625,0.71428571
301,33,334,0.65234375,0.80239521
307,18,325,0.63476562,0.88923077
317,21,338,0.66015625,0.87573964
298,41,339,0.66210938,0.75811209
293,35,328,0.640625,0.78658537
324,14,338,0.66015625,0.91715976
338,5,343,0.66992188,0.97084548
331,7,338,0.66015625,0.95857988
321,4,325,0.63476562,0.97538462
330,4,334,0.65234375,0.9760479
276,57,333,0.65039062,0.65765766
275,45,320,0.625,0.71875
297,30,327,0.63867188,0.81651376
322,17,339,0.66210938,0.89970501
337,6,343,0.66992188,0.96501458
319,7,326,0.63671875,0.95705521
329,3,332,0.6484375,0.98192771
327,1,328,0.640625,0.99390244
315,8,323,0.63085938,0.9504644
321,11,332,0.6484375,0.93373494
302,26,328,0.640625,0.84146341
279,45,324,0.6328125,0.72222222
253,70,323,0.63085938,0.56656347
281,59,340,0.6640625,0.65294118
275,40,315,0.61523438,0.74603175
317,18,335,0.65429688,0.89253731
280,43,323,0.63085938,0.73374613
314,12,326,0.63671875,0.92638037
336,1,337,0.65820312,0.99406528
341,0,341,0.66601562,1
320,8,328,0.640625,0.95121951
341,11,352,0.6875,0.9375
340,4,344,0.671875,0.97674419
307,28,335,0.65429688,0.83283582
327,15,342,0.66796875,0.9122807
289,52,341,0.66601562,0.69501466
288,44,332,0.6484375,0.73493976
298,38,336,0.65625,0.77380952
274,56,330,0.64453125,0.66060606
316,20,336,0.65625,0.88095238
327,5,332,0.6484375,0.96987952
310,24,334,0.65234375,0.85628743
328,2,330,0.64453125,0.98787879
324,13,337,0.65820312,0.92284866
329,0,329,0.64257812,1
340,8,348,0.6796875,0.95402299
314,27,341,0.66601562,0.84164223
287,40,327,0.63867188,0.75535168
327,19,346,0.67578125,0.89017341
324,20,344,0.671875,0.88372093
300,38,338,0.66015625,0.77514793
318,15,333,0.65039062,0.90990991
312,18,330,0.64453125,0.89090909
336,4,340,0.6640625,0.97647059
323,15,338,0.66015625,0.9112426
335,3,338,0.66015625,0.98224852
329,4,333,0.65039062,0.97597598
313,25,338,0.66015625,0.85207101
306,35,341,0.66601562,0.79472141
304,24,328,0.640625,0.85365854
304,29,333,0.65039062,0.82582583
319,18,337,0.65820312,0.89317507
332,14,346,0.67578125,0.91907514
337,8,345,0.67382812,0.95362319
340,0,340,0.6640625,1
316,3,319,0.62304688,0.98119122
335,1,336,0.65625,0.99404762
337,2,339,0.66210938,0.98820059
331,5,336,0.65625,0.9702381
321,20,341,0.66601562,0.88269795
319,17,336,0.65625,0.89880952
339,0,339,0.66210938,1
326,1,327,0.63867188,0.99388379
336,1,337,0.65820312,0.99406528
301,28,329,0.64257812,0.82978723
318,27,345,0.67382812,0.84347826
343,3,346,0.67578125,0.98265896
326,5,331,0.64648438,0.96978852
304,29,333,0.65039062,0.82582583
323,7,330,0.64453125,0.95757576
327,17,344,0.671875,0.90116279
306,31,337,0.65820312,0.81602374
300,31,331,0.64648438,0.81268882
287,50,337,0.65820312,0.70326409
294,35,329,0.64257812,0.78723404
308,20,328,0.640625,0.87804878
288,39,327,0.63867188,0.76146789
313,19,332,0.6484375,0.88554217
329,11,340,0.6640625,0.93529412
325,2,327,0.63867188,0.98776758
333,0,333,0.65039062,1
326,10,336,0.65625,0.94047619
323,0,323,0.63085938,1
335,2,337,0.65820312,0.98813056
311,15,326,0.63671875,0.90797546
307,24,331,0.64648438,0.85498489
309,36,345,0.67382812,0.79130435
309,19,328,0.640625,0.88414634
323,11,334,0.65234375,0.93413174
344,0,344,0.671875,1
354,3,357,0.69726562,0.98319328
325,11,336,0.65625,0.93452381
315,21,336,0.65625,0.875
323,19,342,0.66796875,0.88888889
332,11,343,0.66992188,0.93586006
306,24,330,0.64453125,0.85454545
311,15,326,0.63671875,0.90797546
342,6,348,0.6796875,0.96551724
314,27,341,0.66601562,0.84164223
328,3,331,0.64648438,0.98187311
308,13,321,0.62695312,0.91900312
327,7,334,0.65234375,0.95808383
336,0,336,0.65625,1
314,7,321,0.62695312,0.95638629
324,10,334,0.65234375,0.94011976
339,0,339,0.66210938,1
321,4,325,0.63476562,0.97538462
285,35,320,0.625,0.78125
282,42,324,0.6328125,0.74074074
317,27,344,0.671875,0.84302326
336,4,340,0.6640625,0.97647059
314,22,336,0.65625,0.86904762
326,12,338,0.66015625,0.92899408
329,10,339,0.66210938,0.94100295
317,9,326,0.63671875,0.94478528
327,13,340,0.6640625,0.92352941
309,27,336,0.65625,0.83928571
282,51,333,0.65039062,0.69369369
263,72,335,0.65429688,0.57014925
248,86,334,0.65234375,0.48502994
230,86,316,0.6171875,0.4556962
230,91,321,0.62695312,0.43302181
257,75,332,0.6484375,0.54819277
260,85,345,0.67382812,0.50724638
270,71,341,0.66601562,0.58357771
265,62,327,0.63867188,0.62079511
260,62,322,0.62890625,0.61490683
317,19,336,0.65625,0.88690476
289,41,330,0.64453125,0.75151515
248,81,329,0.64257812,0.50759878
305,22,327,0.63867188,0.86544343
330,3,333,0.65039062,0.98198198
319,14,333,0.65039062,0.91591592
333,0,333,0.65039062,1
330,0,330,0.64453125,1
309,21,330,0.64453125,0.87272727
311,31,342,0.66796875,0.81871345
311,27,338,0.66015625,0.84023669
332,7,339,0.66210938,0.95870206
322,16,338,0.66015625,0.90532544
281,53,334,0.65234375,0.68263473
265,53,318,0.62109375,0.66666667
283,52,335,0.65429688,0.68955224
257,62,319,0.62304688,0.61128527
296,41,337,0.65820312,0.75667656
266,66,332,0.6484375,0.60240964
283,60,343,0.66992188,0.65014577
302,37,339,0.66210938,0.78171091
320,16,336,0.65625,0.9047619
297,29,326,0.63671875,0.82208589
322,11,333,0.65039062,0.93393393
317,16,333,0.65039062,0.9039039
313,28,341,0.66601562,0.83577713
309,24,333,0.65039062,0.85585586
320,21,341,0.66601562,0.87683284
333,2,335,0.65429688,0.9880597
342,6,348,0.6796875,0.96551724
332,4,336,0.65625,0.97619048
332,5,337,0.65820312,0.97032641
328,7,335,0.65429688,0.95820896
335,10,345,0.67382812,0.94202899
301,22,323,0.63085938,0.86377709
345,4,349,0.68164062,0.97707736
316,13,329,0.64257812,0.92097264
327,16,343,0.66992188,0.90670554
315,15,330,0.64453125,0.90909091
341,1,342,0.66796875,0.99415205
313,16,329,0.64257812,0.90273556
336,8,344,0.671875,0.95348837
317,20,337,0.65820312,0.88130564
335,9,344,0.671875,0.94767442
319,6,325,0.63476562,0.96307692
322,6,328,0.640625,0.96341463
327,11,338,0.66015625,0.93491124
326,11,337,0.65820312,0.9347181
333,2,335,0.65429688,0.9880597
338,8,346,0.67578125,0.95375723
335,2,337,0.65820312,0.98813056
327,10,337,0.65820312,0.94065282
325,25,350,0.68359375,0.85714286
329,5,334,0.65234375,0.97005988
312,30,342,0.66796875,0.8245614
301,23,324,0.6328125,0.85802469
330,22,352,0.6875,0.875
318,15,333,0.65039062,0.90990991
342,6,348,0.6796875,0.96551724
325,8,333,0.65039062,0.95195195
284,36,320,0.625,0.775
306,24,330,0.64453125,0.85454545
310,21,331,0.64648438,0.87311178
285,46,331,0.64648438,0.72205438
240,78,318,0.62109375,0.50943396
235,95,330,0.64453125,0.42424242
298,39,337,0.65820312,0.76854599
277,50,327,0.63867188,0.6941896
265,63,328,0.640625,0.61585366
245,77,322,0.62890625,0.52173913
228,102,330,0.64453125,0.38181818
261,67,328,0.640625,0.59146341
333,15,348,0.6796875,0.9137931
318,14,332,0.6484375,0.91566265
333,9,342,0.66796875,0.94736842
314,16,330,0.64453125,0.9030303
338,5,343,0.66992188,0.97084548
330,10,340,0.6640625,0.94117647
343,3,346,0.67578125,0.98265896
340,2,342,0.66796875,0.98830409
319,13,332,0.6484375,0.92168675
315,22,337,0.65820312,0.8694362
320,20,340,0.6640625,0.88235294
333,13,346,0.67578125,0.92485549
323,18,341,0.66601562,0.89442815
276,53,329,0.64257812,0.67781155
274,51,325,0.63476562,0.68615385
259,69,328,0.640625,0.57926829
217,111,328,0.640625,0.32317073
242,81,323,0.63085938,0.49845201
250,86,336,0.65625,0.48809524
246,72,318,0.62109375,0.54716981
311,26,337,0.65820312,0.84569733
336,0,336,0.65625,1
318,13,331,0.64648438,0.92145015
328,7,335,0.65429688,0.95820896
331,12,343,0.66992188,0.93002915
321,11,332,0.6484375,0.93373494
323,5,328,0.640625,0.9695122
344,4,348,0.6796875,0.97701149
321,9,330,0.64453125,0.94545455
302,20,322,0.62890625,0.8757764
292,33,325,0.63476562,0.79692308
312,28,340,0.6640625,0.83529412
334,6,340,0.6640625,0.96470588
324,3,327,0.63867188,0.98165138
329,11,340,0.6640625,0.93529412
321,14,335,0.65429688,0.91641791
330,2,332,0.6484375,0.98795181
324,22,346,0.67578125,0.87283237
324,20,344,0.671875,0.88372093
315,3,318,0.62109375,0.98113208
305,35,340,0.6640625,0.79411765
251,73,324,0.6328125,0.54938272
246,86,332,0.6484375,0.48192771
255,85,340,0.6640625,0.5
264,61,325,0.63476562,0.62461538
306,25,331,0.64648438,0.8489426
321,16,337,0.65820312,0.90504451
336,5,341,0.66601562,0.97067449
271,57,328,0.640625,0.65243902
338,4,342,0.66796875,0.97660819
330,8,338,0.66015625,0.95266272
314,17,331,0.64648438,0.89728097
313,16,329,0.64257812,0.90273556
332,10,342,0.66796875,0.94152047
336,4,340,0.6640625,0.97647059
316,25,341,0.66601562,0.85337243
296,29,325,0.63476562,0.82153846
322,22,344,0.671875,0.87209302
311,19,330,0.64453125,0.88484848
330,13,343,0.66992188,0.92419825
321,8,329,0.64257812,0.95136778
308,23,331,0.64648438,0.86102719
335,1,336,0.65625,0.99404762
328,14,342,0.66796875,0.91812865
312,29,341,0.66601562,0.82991202
320,16,336,0.65625,0.9047619
331,9,340,0.6640625,0.94705882
309,26,335,0.65429688,0.84477612
295,30,325,0.63476562,0.81538462
330,16,346,0.67578125,0.90751445
315,19,334,0.65234375,0.88622754
328,5,333,0.65039062,0.96996997
319,10,329,0.64257812,0.93920973
347,3,350,0.68359375,0.98285714
321,22,343,0.66992188,0.87172012
287,28,315,0.61523438,0.82222222
328,10,338,0.66015625,0.9408284
329,14,343,0.66992188,0.91836735
328,7,335,0.65429688,0.95820896
315,24,339,0.66210938,0.85840708
328,9,337,0.65820312,0.94658754
331,8,339,0.66210938,0.95280236
332,8,340,0.6640625,0.95294118
342,0,342,0.66796875,1
321,8,329,0.64257812,0.95136778
310,19,329,0.64257812,0.88449848
315,24,339,0.66210938,0.85840708
313,23,336,0.65625,0.86309524
311,13,324,0.6328125,0.91975309
348,1,349,0.68164062,0.99426934
328,12,340,0.6640625,0.92941176
320,20,340,0.6640625,0.88235294
264,64,328,0.640625,0.6097561
274,58,332,0.6484375,0.65060241
282,50,332,0.6484375,0.69879518
274,59,333,0.65039062,0.64564565
315,20,335,0.65429688,0.88059701
307,22,329,0.64257812,0.8662614
280,45,325,0.63476562,0.72307692
279,50,329,0.64257812,0.69604863
330,4,334,0.65234375,0.9760479
335,4,339,0.66210938,0.97640118
303,25,328,0.640625,0.84756098
271,53,324,0.6328125,0.67283951
252,77,329,0.64257812,0.53191489
204,119,323,0.63085938,0.26315789
259,81,340,0.6640625,0.52352941
239,83,322,0.62890625,0.48447205
286,61,347,0.67773438,0.64841499
265,67,332,0.6484375,0.59638554
267,68,335,0.65429688,0.59402985
305,24,329,0.64257812,0.85410334
343,8,351,0.68554688,0.95441595
326,10,336,0.65625,0.94047619
279,47,326,0.63671875,0.71165644
277,49,326,0.63671875,0.6993865
294,37,331,0.64648438,0.77643505
322,2,324,0.6328125,0.98765432
298,36,334,0.65234375,0.78443114
286,42,328,0.640625,0.74390244
287,46,333,0.65039062,0.72372372
299,31,330,0.64453125,0.81212121
345,1,346,0.67578125,0.99421965
336,11,347,0.67773438,0.93659942
327,9,336,0.65625,0.94642857
328,2,330,0.64453125,0.98787879
300,38,338,0.66015625,0.77514793
295,36,331,0.64648438,0.78247734
223,103,326,0.63671875,0.36809816
253,74,327,0.63867188,0.54740061
301,42,343,0.66992188,0.75510204
304,21,325,0.63476562,0.87076923
307,20,327,0.63867188,0.87767584
271,51,322,0.62890625,0.68322981
268,69,337,0.65820312,0.59050445
308,24,332,0.6484375,0.85542169
339,0,339,0.66210938,1
327,10,337,0.65820312,0.94065282
315,10,325,0.63476562,0.93846154
333,2,335,0.65429688,0.9880597
314,7,321,0.62695312,0.95638629
305,22,327,0.63867188,0.86544343
326,13,339,0.66210938,0.92330383
323,13,336,0.65625,0.92261905
305,17,322,0.62890625,0.89440994
306,16,322,0.62890625,0.90062112
319,12,331,0.64648438,0.92749245
287,36,323,0.63085938,0.77708978
333,8,341,0.66601562,0.95307918
303,22,325,0.63476562,0.86461538
272,50,322,0.62890625,0.68944099
315,21,336,0.65625,0.875
305,27,332,0.6484375,0.8373494
314,35,349,0.68164062,0.79942693
301,36,337,0.65820312,0.78635015
309,15,324,0.6328125,0.90740741
325,10,335,0.65429688,0.94029851
317,14,331,0.64648438,0.91540785
320,11,331,0.64648438,0.93353474
332,3,335,0.65429688,0.98208955
313,25,338,0.66015625,0.85207101
332,8,340,0.6640625,0.95294118
330,13,343,0.66992188,0.92419825
343,6,349,0.68164062,0.96561605
339,3,342,0.66796875,0.98245614
306,27,333,0.65039062,0.83783784
298,33,331,0.64648438,0.80060423
302,27,329,0.64257812,0.83586626
283,48,331,0.64648438,0.70996979
294,46,340,0.6640625,0.72941176
337,4,341,0.66601562,0.97653959
328,12,340,0.6640625,0.92941176
322,7,329,0.64257812,0.95744681
335,5,340,0.6640625,0.97058824
324,17,341,0.66601562,0.90029326
329,7,336,0.65625,0.95833333
323,8,331,0.64648438,0.95166163
347,0,347,0.67773438,1
339,2,341,0.66601562,0.98826979
308,18,326,0.63671875,0.88957055
286,42,328,0.640625,0.74390244
313,25,338,0.66015625,0.85207101
324,7,331,0.64648438,0.95770393
328,3,331,0.64648438,0.98187311
303,31,334,0.65234375,0.81437126
288,46,334,0.65234375,0.7245509
306,29,335,0.65429688,0.82686567
299,33,332,0.6484375,0.80120482
282,59,341,0.66601562,0.65395894
295,37,332,0.6484375,0.77710843
295,36,331,0.64648438,0.78247734
320,15,335,0.65429688,0.91044776
324,7,331,0.64648438,0.95770393
303,28,331,0.64648438,0.83081571
308,19,327,0.63867188,0.88379205
338,3,341,0.66601562,0.98240469
318,25,343,0.66992188,0.85422741
334,3,337,0.65820312,0.98219585
329,8,337,0.65820312,0.95252226
304,36,340,0.6640625,0.78823529
303,29,332,0.6484375,0.8253012
288,39,327,0.63867188,0.76146789
305,39,344,0.671875,0.77325581
274,52,326,0.63671875,0.6809816
301,33,334,0.65234375,0.80239521
287,47,334,0.65234375,0.71856287
281,54,335,0.65429688,0.67761194
270,74,344,0.671875,0.56976744
265,56,321,0.62695312,0.65109034
291,47,338,0.66015625,0.72189349
295,41,336,0.65625,0.75595238
295,21,316,0.6171875,0.86708861
311,33,344,0.671875,0.80813953
310,33,343,0.66992188,0.80758017
292,37,329,0.64257812,0.77507599
329,15,344,0.671875,0.9127907
286,46,332,0.6484375,0.72289157
312,24,336,0.65625,0.85714286
341,5,346,0.67578125,0.97109827
328,8,336,0.65625,0.95238095
342,4,346,0.67578125,0.97687861
335,2,337,0.65820312,0.98813056
334,5,339,0.66210938,0.97050147
314,16,330,0.64453125,0.9030303
311,40,351,0.68554688,0.77207977
299,34,333,0.65039062,0.7957958
290,32,322,0.62890625,0.80124224
327,12,339,0.66210938,0.92920354
322,13,335,0.65429688,0.92238806
343,0,343,0.66992188,1
342,11,353,0.68945312,0.93767705
334,4,338,0.66015625,0.97633136
348,4,352,0.6875,0.97727273
340,4,344,0.671875,0.97674419
314,15,329,0.64257812,0.90881459
329,16,345,0.67382812,0.90724638
282,45,327,0.63867188,0.72477064
306,22,328,0.640625,0.86585366
323,6,329,0.64257812,0.96352584
300,27,327,0.63867188,0.83486239
322,17,339,0.66210938,0.89970501
291,44,335,0.65429688,0.73731343
317,17,334,0.65234375,0.89820359
307,20,327,0.63867188,0.87767584
324,16,340,0.6640625,0.90588235
296,42,338,0.66015625,0.75147929
307,29,336,0.65625,0.82738095
329,3,332,0.6484375,0.98192771
335,1,336,0.65625,0.99404762
330,13,343,0.66992188,0.92419825
343,3,346,0.67578125,0.98265896
347,15,362,0.70703125,0.91712707
306,29,335,0.65429688,0.82686567
301,36,337,0.65820312,0.78635015
337,5,342,0.66796875,0.97076023
330,8,338,0.66015625,0.95266272
334,6,340,0.6640625,0.96470588
314,14,328,0.640625,0.91463415
309,25,334,0.65234375,0.8502994
308,18,326,0.63671875,0.88957055
278,39,317,0.61914062,0.75394322
300,33,333,0.65039062,0.8018018
317,15,332,0.6484375,0.90963855
283,45,328,0.640625,0.72560976
333,4,337,0.65820312,0.97626113
331,1,332,0.6484375,0.9939759
337,3,340,0.6640625,0.98235294
333,3,336,0.65625,0.98214286
319,15,334,0.65234375,0.91017964
337,8,345,0.67382812,0.95362319
334,1,335,0.65429688,0.99402985
331,7,338,0.66015625,0.95857988
334,13,347,0.67773438,0.92507205
310,23,333,0.65039062,0.86186186
330,16,346,0.67578125,0.90751445
338,7,345,0.67382812,0.95942029
324,15,339,0.66210938,0.91150442
299,26,325,0.63476562,0.84
325,18,343,0.66992188,0.89504373
349,2,351,0.68554688,0.98860399
297,28,325,0.63476562,0.82769231
334,8,342,0.66796875,0.95321637
321,7,328,0.640625,0.95731707
331,12,343,0.66992188,0.93002915
335,9,344,0.671875,0.94767442
334,6,340,0.6640625,0.96470588
294,37,331,0.64648438,0.77643505
316,21,337,0.65820312,0.87537092
323,3,326,0.63671875,0.98159509
324,6,330,0.64453125,0.96363636
332,7,339,0.66210938,0.95870206
309,20,329,0.64257812,0.87841945
322,22,344,0.671875,0.87209302
264,67,331,0.64648438,0.59516616
274,60,334,0.65234375,0.64071856
251,78,329,0.64257812,0.52583587
227,94,321,0.62695312,0.41433022
251,86,337,0.65820312,0.48961424
248,83,331,0.64648438,0.49848943
231,97,328,0.640625,0.40853659
202,118,320,0.625,0.2625
192,135,327,0.63867188,0.17431193
216,105,321,0.62695312,0.34579439
180,159,339,0.66210938,0.061946903
149,174,323,0.63085938,-0.077399381
161,180,341,0.66601562,-0.055718475
159,165,324,0.6328125,-0.018518519
135,195,330,0.64453125,-0.18181818
142,193,335,0.65429688,-0.15223881
137,187,324,0.6328125,-0.15432099
164,168,332,0.6484375,-0.012048193
165,173,338,0.66015625,-0.023668639
164,167,331,0.64648438,-0.0090634441
147,177,324,0.6328125,-0.092592593
171,156,327,0.63867188,0.04587156
214,124,338,0.66015625,0.26627219
199,114,313,0.61132812,0.2715655
201,124,325,0.63476562,0.23692308
176,135,311,0.60742188,0.1318328
119,210,329,0.64257812,-0.27659574
84,253,337,0.65820312,-0.50148368
66,260,326,0.63671875,-0.59509202
58,277,335,0.65429688,-0.65373134
42,293,335,0.65429688,-0.74925373
48,288,336,0.65625,-0.71428571
70,254,324,0.6328125,-0.56790123
81,250,331,0.64648438,-0.51057402
52,280,332,0.6484375,-0.68674699
22,308,330,0.64453125,-0.86666667
23,300,323,0.63085938,-0.85758514
9,322,331,0.64648438,-0.94561934
18,316,334,0.65234375,-0.89221557
16,323,339,0.66210938,-0.90560472
12,327,339,0.66210938,-0.92920354
20,314,334,0.65234375,-0.88023952
32,313,345,0.67382812,-0.81449275
13,319,332,0.6484375,-0.92168675
17,311,328,0.640625,-0.89634146
12,326,338,0.66015625,-0.92899408
8,328,336,0.65625,-0.95238095
28,329,357,0.69726562,-0.84313725
27,310,337,0.65820312,-0.83976261
20,317,337,0.65820312,-0.88130564
45,278,323,0.63085938,-0.72136223
21,308,329,0.64257812,-0.87234043
17,315,332,0.6484375,-0.89759036
25,314,339,0.66210938,-0.85250737
26,295,321,0.62695312,-0.83800623
24,315,339,0.66210938,-0.85840708
32,304,336,0.65625,-0.80952381
31,304,335,0.65429688,-0.81492537
23,315,338,0.66015625,-0.86390533
25,296,321,0.62695312,-0.84423676
29,316,345,0.67382812,-0.83188406
37,286,323,0.63085938,-0.77089783
11,321,332,0.6484375,-0.93373494
5,334,339,0.66210938,-0.97050147
1,342,343,0.66992188,-0.9941691
22,308,330,0.64453125,-0.86666667
29,311,340,0.6640625,-0.82941176
30,305,335,0.65429688,-0.82089552
9,327,336,0.65625,-0.94642857
4,346,350,0.68359375,-0.97714286
16,322,338,0.66015625,-0.90532544
1,340,341,0.66601562,-0.9941349
16,315,331,0.64648438,-0.90332326
21,316,337,0.65820312,-0.87537092
35,302,337,0.65820312,-0.79228487
10,333,343,0.66992188,-0.94169096
34,306,340,0.6640625,-0.8
62,257,319,0.62304688,-0.61128527
93,245,338,0.66015625,-0.44970414
128,199,327,0.63867188,-0.21712538
128,200,328,0.640625,-0.2195122
110,224,334,0.65234375,-0.34131737
94,240,334,0.65234375,-0.43712575
47,275,322,0.62890625,-0.70807453
29,317,346,0.67578125,-0.83236994
55,280,335,0.65429688,-0.67164179
42,291,333,0.65039062,-0.74774775
22,310,332,0.6484375,-0.86746988
43,287,330,0.64453125,-0.73939394
7,333,340,0.6640625,-0.95882353
18,318,336,0.65625,-0.89285714
3,331,334,0.65234375,-0.98203593
5,342,347,0.67773438,-0.97118156
0,334,334,0.65234375,-1
34,300,334,0.65234375,-0.79640719
29,305,334,0.65234375,-0.82634731
12,321,333,0.65039062,-0.92792793
10,327,337,0.65820312,-0.94065282
30,308,338,0.66015625,-0.82248521
1,339,340,0.6640625,-0.99411765
5,324,329,0.64257812,-0.96960486
17,311,328,0.640625,-0.89634146
7,336,343,0.66992188,-0.95918367
7,316,323,0.63085938,-0.95665635
9,331,340,0.6640625,-0.94705882
19,318,337,0.65820312,-0.88724036
15,323,338,0.66015625,-0.9112426
22,306,328,0.640625,-0.86585366
21,314,335,0.65429688,-0.87462687
10,332,342,0.66796875,-0.94152047
9,327,336,0.65625,-0.94642857
17,312,329,0.64257812,-0.89665653
0,358,358,0.69921875,-1
6,339,345,0.67382812,-0.96521739
12,329,341,0.66601562,-0.92961877
2,334,336,0.65625,-0.98809524
20,301,321,0.62695312,-0.87538941
7,337,344,0.671875,-0.95930233
7,327,334,0.65234375,-0.95808383
