n_hor,n_ver,n_tot,eta,S
54,236,290,0.56640625,-0.62758621
23,280,303,0.59179688,-0.84818482
41,242,283,0.55273438,-0.71024735
82,198,280,0.546875,-0.41428571
86,200,286,0.55859375,-0.3986014
68,236,304,0.59375,-0.55263158
10,288,298,0.58203125,-0.93288591
11,294,305,0.59570312,-0.92786885
29,267,296,0.578125,-0.80405405
66,216,282,0.55078125,-0.53191489
104,174,278,0.54296875,-0.25179856
111,173,284,0.5546875,-0.21830986
82,194,276,0.5390625,-0.4057971
153,121,274,0.53515625,0.11678832
76,208,284,0.5546875,-0.46478873
82,200,282,0.55078125,-0.41843972
43,242,285,0.55664062,-0.69824561
83,198,281,0.54882812,-0.40925267
92,190,282,0.55078125,-0.34751773
50,243,293,0.57226562,-0.65870307
75,218,293,0.57226562,-0.48805461
85,203,288,0.5625,-0.40972222
41,248,289,0.56445312,-0.71626298
36,243,279,0.54492188,-0.74193548
116,193,309,0.60351562,-0.24919094
89,190,279,0.54492188,-0.36200717
108,169,277,0.54101562,-0.22021661
139,158,297,0.58007812,-0.063973064
132,154,286,0.55859375,-0.076923077
105,178,283,0.55273438,-0.25795053
94,206,300,0.5859375,-0.37333333
78,208,286,0.55859375,-0.45454545
131,156,287,0.56054688,-0.087108014
142,156,298,0.58203125,-0.046979866
111,189,300,0.5859375,-0.26
185,111,296,0.578125,0.25
172,116,288,0.5625,0.19444444
188,94,282,0.55078125,0.33333333
168,124,292,0.5703125,0.15068493
79,215,294,0.57421875,-0.46258503
32,251,283,0.55273438,-0.77385159
119,167,286,0.55859375,-0.16783217
52,235,287,0.56054688,-0.63763066
54,222,276,0.5390625,-0.60869565
106,170,276,0.5390625,-0.23188406
136,152,288,0.5625,-0.055555556
177,122,299,0.58398438,0.18394649
218,56,274,0.53515625,0.59124088
205,83,288,0.5625,0.42361111
169,103,272,0.53125,0.24264706
177,114,291,0.56835938,0.21649485
133,160,293,0.57226562,-0.092150171
164,112,276,0.5390625,0.1884058
185,108,293,0.57226562,0.26279863
137,174,311,0.60742188,-0.11897106
156,133,289,0.56445312,0.079584775
187,103,290,0.56640625,0.28965517
223,60,283,0.55273438,0.57597173
207,68,275,0.53710938,0.50545455
228,62,290,0.56640625,0.57241379
118,166,284,0.5546875,-0.16901408
98,189,287,0.56054688,-0.31707317
144,136,280,0.546875,0.028571429
199,94,293,0.57226562,0.35836177
176,101,277,0.54101562,0.27075812
243,49,292,0.5703125,0.66438356
277,25,302,0.58984375,0.83443709
244,44,288,0.5625,0.69444444
171,106,277,0.54101562,0.23465704
111,163,274,0.53515625,-0.18978102
48,233,281,0.54882812,-0.65836299
92,201,293,0.57226562,-0.37201365
79,218,297,0.58007812,-0.46801347
81,209,290,0.56640625,-0.44137931
76,214,290,0.56640625,-0.47586207
87,204,291,0.56835938,-0.40206186
96,182,278,0.54296875,-0.30935252
141,151,292,0.5703125,-0.034246575
118,183,301,0.58789062,-0.21594684
84,208,292,0.5703125,-0.42465753
123,147,270,0.52734375,-0.088888889
101,183,284,0.5546875,-0.28873239
123,166,289,0.56445312,-0.14878893
71,217,288,0.5625,-0.50694444
93,207,300,0.5859375,-0.38
126,143,269,0.52539062,-0.063197026
179,102,281,0.54882812,0.27402135
233,56,289,0.56445312,0.61245675
215,69,284,0.5546875,0.51408451
187,92,279,0.54492188,0.34050179
209,67,276,0.5390625,0.51449275
177,105,282,0.55078125,0.25531915
222,69,291,0.56835938,0.5257732
237,45,282,0.55078125,0.68085106
229,63,292,0.5703125,0.56849315
179,89,268,0.5234375,0.3358209
211,72,283,0.55273438,0.49116608
250,43,293,0.57226562,0.70648464
199,99,298,0.58203125,0.33557047
222,73,295,0.57617188,0.50508475
140,141,281,0.54882812,-0.0035587189
128,151,279,0.54492188,-0.082437276
224,62,286,0.55859375,0.56643357
142,143,285,0.55664062,-0.0035087719
141,136,277,0.54101562,0.018050542
154,134,288,0.5625,0.069444444
138,147,285,0.55664062,-0.031578947
122,157,279,0.54492188,-0.12544803
128,147,275,0.53710938,-0.069090909
132,145,277,0.54101562,-0.046931408
218,69,287,0.56054688,0.51916376
206,90,296,0.578125,0.39189189
117,158,275,0.53710938,-0.14909091
85,203,288,0.5625,-0.40972222
90,195,285,0.55664062,-0.36842105
157,131,288,0.5625,0.090277778
173,119,292,0.5703125,0.18493151
96,192,288,0.5625,-0.33333333
109,182,291,0.56835938,-0.25085911
62,232,294,0.57421875,-0.57823129
49,241,290,0.56640625,-0.66206897
80,209,289,0.56445312,-0.44636678
110,188,298,0.58203125,-0.26174497
71,198,269,0.52539062,-0.47211896
70,228,298,0.58203125,-0.53020134
62,214,276,0.5390625,-0.55072464
137,156,293,0.57226562,-0.064846416
128,148,276,0.5390625,-0.072463768
197,82,279,0.54492188,0.41218638
245,45,290,0.56640625,0.68965517
265,23,288,0.5625,0.84027778
242,47,289,0.56445312,0.67474048
228,57,285,0.55664062,0.6
237,46,283,0.55273438,0.67491166
213,74,287,0.56054688,0.48432056
209,70,279,0.54492188,0.49820789
245,45,290,0.56640625,0.68965517
213,85,298,0.58203125,0.4295302
249,44,293,0.57226562,0.6996587
245,56,301,0.58789062,0.62790698
285,23,308,0.6015625,0.85064935
211,79,290,0.56640625,0.45517241
273,21,294,0.57421875,0.85714286
240,61,301,0.58789062,0.59468439
202,80,282,0.55078125,0.43262411
205,88,293,0.57226562,0.39931741
214,68,282,0.55078125,0.5177305
205,74,279,0.54492188,0.46953405
178,106,284,0.5546875,0.25352113
204,92,296,0.578125,0.37837838
157,138,295,0.57617188,0.06440678
226,49,275,0.53710938,0.64363636
245,36,281,0.54882812,0.74377224
185,100,285,0.55664062,0.29824561
214,73,287,0.56054688,0.4912892
258,35,293,0.57226562,0.76109215
181,104,285,0.55664062,0.27017544
153,128,281,0.54882812,0.088967972
180,104,284,0.5546875,0.26760563
195,89,284,0.5546875,0.37323944
229,50,279,0.54492188,0.64157706
253,55,308,0.6015625,0.64285714
259,24,283,0.55273438,0.83038869
251,49,300,0.5859375,0.67333333
267,25,292,0.5703125,0.82876712
267,20,287,0.56054688,0.86062718
188,94,282,0.55078125,0.33333333
201,83,284,0.5546875,0.41549296
177,112,289,0.56445312,0.22491349
188,107,295,0.57617188,0.27457627
157,129,286,0.55859375,0.097902098
94,193,287,0.56054688,-0.34494774
73,216,289,0.56445312,-0.49480969
79,202,281,0.54882812,-0.43772242
68,231,299,0.58398438,-0.5451505
97,184,281,0.54882812,-0.30960854
161,125,286,0.55859375,0.12587413
159,124,283,0.55273438,0.12367491
97,197,294,0.57421875,-0.34013605
71,205,276,0.5390625,-0.48550725
202,89,291,0.56835938,0.38831615
140,143,283,0.55273438,-0.010600707
112,181,293,0.57226562,-0.23549488
79,209,288,0.5625,-0.45138889
86,201,287,0.56054688,-0.40069686
42,249,291,0.56835938,-0.71134021
101,170,271,0.52929688,-0.25461255
78,222,300,0.5859375,-0.48
84,195,279,0.54492188,-0.39784946
100,186,286,0.55859375,-0.3006993
108,181,289,0.56445312,-0.25259516
162,117,279,0.54492188,0.16129032
124,162,286,0.55859375,-0.13286713
85,206,291,0.56835938,-0.41580756
114,162,276,0.5390625,-0.17391304
95,191,286,0.55859375,-0.33566434
115,170,285,0.55664062,-0.19298246
168,124,292,0.5703125,0.15068493
184,96,280,0.546875,0.31428571
136,141,277,0.54101562,-0.018050542
146,144,290,0.56640625,0.0068965517
175,108,283,0.55273438,0.23674912
204,92,296,0.578125,0.37837838
160,122,282,0.55078125,0.13475177
244,42,286,0.55859375,0.70629371
187,91,278,0.54296875,0.34532374
102,178,280,0.546875,-0.27142857
81,209,290,0.56640625,-0.44137931
87,200,287,0.56054688,-0.39372822
155,134,289,0.56445312,0.07266436
230,52,282,0.55078125,0.63120567
146,145,291,0.56835938,0.0034364261
206,84,290,0.56640625,0.42068966
140,154,294,0.57421875,-0.047619048
122,168,290,0.56640625,-0.15862069
84,208,292,0.5703125,-0.42465753
35,260,295,0.57617188,-0.76271186
4,302,306,0.59765625,-0.97385621
51,240,291,0.56835938,-0.64948454
75,208,283,0.55273438,-0.46996466
96,192,288,0.5625,-0.33333333
108,182,290,0.56640625,-0.25517241
104,176,280,0.546875,-0.25714286
123,155,278,0.54296875,-0.11510791
68,219,287,0.56054688,-0.5261324
53,229,282,0.55078125,-0.62411348
78,216,294,0.57421875,-0.46938776
122,163,285,0.55664062,-0.14385965
94,191,285,0.55664062,-0.34035088
120,170,290,0.56640625,-0.17241379
248,49,297,0.58007812,0.67003367
253,39,292,0.5703125,0.73287671
225,56,281,0.54882812,0.60142349
248,47,295,0.57617188,0.68135593
268,39,307,0.59960938,0.74592834
216,71,287,0.56054688,0.50522648
191,102,293,0.57226562,0.30375427
160,137,297,0.58007812,0.077441077
104,183,287,0.56054688,-0.27526132
114,183,297,0.58007812,-0.23232323
79,213,292,0.5703125,-0.45890411
73,229,302,0.58984375,-0.51655629
57,230,287,0.56054688,-0.60278746
18,271,289,0.56445312,-0.87543253
56,241,297,0.58007812,-0.62289562
49,237,286,0.55859375,-0.65734266
45,248,293,0.57226562,-0.69283276
55,219,274,0.53515625,-0.59854015
15,292,307,0.59960938,-0.90228013
25,263,288,0.5625,-0.82638889
52,257,309,0.60351562,-0.66343042
61,228,289,0.56445312,-0.57785467
95,182,277,0.54101562,-0.31407942
68,221,289,0.56445312,-0.52941176
100,186,286,0.55859375,-0.3006993
68,223,291,0.56835938,-0.53264605
136,147,283,0.55273438,-0.038869258
143,132,275,0.53710938,0.04
168,111,279,0.54492188,0.20430108
158,121,279,0.54492188,0.13261649
269,29,298,0.58203125,0.80536913
206,74,280,0.546875,0.47142857
208,69,277,0.54101562,0.50180505
183,114,297,0.58007812,0.23232323
173,108,281,0.54882812,0.23131673
228,66,294,0.57421875,0.55102041
212,71,283,0.55273438,0.49823322
231,67,298,0.58203125,0.55033557
157,125,282,0.55078125,0.11347518
189,91,280,0.546875,0.35
202,79,281,0.54882812,0.43772242
172,121,293,0.57226562,0.17406143
132,152,284,0.5546875,-0.070422535
79,203,282,0.55078125,-0.43971631
142,148,290,0.56640625,-0.020689655
130,158,288,0.5625,-0.097222222
95,193,288,0.5625,-0.34027778
123,168,291,0.56835938,-0.15463918
151,147,298,0.58203125,0.013422819
170,118,288,0.5625,0.18055556
213,80,293,0.57226562,0.45392491
214,73,287,0.56054688,0.4912892
166,116,282,0.55078125,0.17730496
129,170,299,0.58398438,-0.13712375
76,206,282,0.55078125,-0.46099291
54,235,289,0.56445312,-0.62629758
106,179,285,0.55664062,-0.25614035
122,143,265,0.51757812,-0.079245283
142,153,295,0.57617188,-0.037288136
141,146,287,0.56054688,-0.017421603
209,81,290,0.56640625,0.44137931
197,87,284,0.5546875,0.38732394
114,163,277,0.54101562,-0.17689531
197,90,287,0.56054688,0.3728223
195,90,285,0.55664062,0.36842105
248,37,285,0.55664062,0.74035088
210,78,288,0.5625,0.45833333
222,67,289,0.56445312,0.53633218
236,53,289,0.56445312,0.63321799
188,95,283,0.55273438,0.32862191
236,51,287,0.56054688,0.6445993
283,7,290,0.56640625,0.95172414
226,64,290,0.56640625,0.55862069
209,63,272,0.53125,0.53676471
169,119,288,0.5625,0.17361111
177,109,286,0.55859375,0.23776224
199,93,292,0.5703125,0.3630137
236,60,296,0.578125,0.59459459
155,144,299,0.58398438,0.036789298
93,201,294,0.57421875,-0.36734694
108,167,275,0.53710938,-0.21454545
31,261,292,0.5703125,-0.78767123
33,262,295,0.57617188,-0.77627119
47,229,276,0.5390625,-0.65942029
59,236,295,0.57617188,-0.6
75,205,280,0.546875,-0.46428571
32,249,281,0.54882812,-0.77224199
69,207,276,0.5390625,-0.5
74,216,290,0.56640625,-0.48965517
70,220,290,0.56640625,-0.51724138
74,217,291,0.56835938,-0.49140893
65,220,285,0.55664062,-0.54385965
82,210,292,0.5703125,-0.43835616
117,179,296,0.578125,-0.20945946
127,158,285,0.55664062,-0.10877193
104,182,286,0.55859375,-0.27272727
95,202,297,0.58007812,-0.36026936
97,192,289,0.56445312,-0.32871972
35,257,292,0.5703125,-0.76027397
115,172,287,0.56054688,-0.19860627
162,122,284,0.5546875,0.14084507
89,188,277,0.54101562,-0.35740072
73,214,287,0.56054688,-0.4912892
41,242,283,0.55273438,-0.71024735
81,211,292,0.5703125,-0.44520548
77,208,285,0.55664062,-0.45964912
135,152,287,0.56054688,-0.059233449
151,137,288,0.5625,0.048611111
148,137,285,0.55664062,0.038596491
60,225,285,0.55664062,-0.57894737
12,288,300,0.5859375,-0.92
36,257,293,0.57226562,-0.75426621
53,235,288,0.5625,-0.63194444
88,190,278,0.54296875,-0.36690647
114,176,290,0.56640625,-0.2137931
140,156,296,0.578125,-0.054054054
82,193,275,0.53710938,-0.40363636
94,172,266,0.51953125,-0.29323308
156,133,289,0.56445312,0.079584775
125,171,296,0.578125,-0.15540541
85,190,275,0.53710938,-0.38181818
69,218,287,0.56054688,-0.51916376
101,198,299,0.58398438,-0.32441472
211,75,286,0.55859375,0.47552448
266,29,295,0.57617188,0.80338983
201,99,300,0.5859375,0.34
122,166,288,0.5625,-0.15277778
99,195,294,0.57421875,-0.32653061
173,112,285,0.55664062,0.21403509
144,131,275,0.53710938,0.047272727
81,205,286,0.55859375,-0.43356643
69,216,285,0.55664062,-0.51578947
92,186,278,0.54296875,-0.3381295
139,134,273,0.53320312,0.018315018
90,197,287,0.56054688,-0.3728223
121,174,295,0.57617188,-0.17966102
135,163,298,0.58203125,-0.093959732
84,196,280,0.546875,-0.4
69,242,311,0.60742188,-0.5562701
94,212,306,0.59765625,-0.38562092
71,231,302,0.58984375,-0.52980132
96,181,277,0.54101562,-0.30685921
86,205,291,0.56835938,-0.40893471
102,181,283,0.55273438,-0.27915194
132,161,293,0.57226562,-0.098976109
41,247,288,0.5625,-0.71527778
34,251,285,0.55664062,-0.76140351
46,244,290,0.56640625,-0.68275862
34,255,289,0.56445312,-0.76470588
39,252,291,0.56835938,-0.73195876
9,281,290,0.56640625,-0.93793103
91,196,287,0.56054688,-0.36585366
133,143,276,0.5390625,-0.036231884
186,91,277,0.54101562,0.34296029
145,145,290,0.56640625,0
91,196,287,0.56054688,-0.36585366
63,237,300,0.5859375,-0.58
97,189,286,0.55859375,-0.32167832
109,172,281,0.54882812,-0.22419929
77,203,280,0.546875,-0.45
46,248,294,0.57421875,-0.68707483
75,212,287,0.56054688,-0.47735192
65,227,292,0.5703125,-0.55479452
63,235,298,0.58203125,-0.57718121
88,196,284,0.5546875,-0.38028169
69,214,283,0.55273438,-0.51236749
104,172,276,0.5390625,-0.24637681
166,124,290,0.56640625,0.14482759
225,75,300,0.5859375,0.5
157,128,285,0.55664062,0.10175439
156,121,277,0.54101562,0.12635379
220,61,281,0.54882812,0.5658363
200,91,291,0.56835938,0.37457045
176,117,293,0.57226562,0.20136519
224,58,282,0.55078125,0.58865248
146,126,272,0.53125,0.073529412
118,151,269,0.52539062,-0.12267658
91,191,282,0.55078125,-0.35460993
171,127,298,0.58203125,0.14765101
192,96,288,0.5625,0.33333333
252,39,291,0.56835938,0.73195876
225,60,285,0.55664062,0.57894737
227,71,298,0.58203125,0.52348993
258,35,293,0.57226562,0.76109215
194,88,282,0.55078125,0.37588652
245,46,291,0.56835938,0.6838488
247,47,294,0.57421875,0.68027211
165,117,282,0.55078125,0.17021277
183,102,285,0.55664062,0.28421053
244,46,290,0.56640625,0.68275862
269,16,285,0.55664062,0.8877193
237,46,283,0.55273438,0.67491166
248,41,289,0.56445312,0.71626298
265,29,294,0.57421875,0.80272109
222,73,295,0.57617188,0.50508475
213,66,279,0.54492188,0.52688172
208,79,287,0.56054688,0.44947735
185,99,284,0.5546875,0.3028169
127,155,282,0.55078125,-0.09929078
126,161,287,0.56054688,-0.12195122
195,80,275,0.53710938,0.41818182
178,114,292,0.5703125,0.21917808
192,92,284,0.5546875,0.35211268
164,118,282,0.55078125,0.16312057
170,117,287,0.56054688,0.18466899
146,130,276,0.5390625,0.057971014
167,131,298,0.58203125,0.12080537
160,132,292,0.5703125,0.095890411
117,170,287,0.56054688,-0.18466899
121,155,276,0.5390625,-0.12318841
150,138,288,0.5625,0.041666667
108,189,297,0.58007812,-0.27272727
104,183,287,0.56054688,-0.27526132
74,207,281,0.54882812,-0.47330961
63,224,287,0.56054688,-0.56097561
111,161,272,0.53125,-0.18382353
181,105,286,0.55859375,0.26573427
86,197,283,0.55273438,-0.39222615
118,164,282,0.55078125,-0.16312057
117,160,277,0.54101562,-0.15523466
49,238,287,0.56054688,-0.65853659
66,226,292,0.5703125,-0.54794521
82,195,277,0.54101562,-0.40794224
211,67,278,0.54296875,0.51798561
281,23,304,0.59375,0.84868421
144,130,274,0.53515625,0.051094891
211,76,287,0.56054688,0.47038328
220,75,295,0.57617188,0.49152542
247,38,285,0.55664062,0.73333333
216,74,290,0.56640625,0.48965517
210,79,289,0.56445312,0.4532872
260,43,303,0.59179688,0.71617162
180,103,283,0.55273438,0.27208481
245,44,289,0.56445312,0.69550173
230,49,279,0.54492188,0.64874552
219,68,287,0.56054688,0.5261324
196,88,284,0.5546875,0.38028169
173,111,284,0.5546875,0.21830986
225,60,285,0.55664062,0.57894737
216,73,289,0.56445312,0.49480969
195,100,295,0.57617188,0.3220339
139,140,279,0.54492188,-0.0035842294
120,174,294,0.57421875,-0.18367347
81,216,297,0.58007812,-0.45454545
70,228,298,0.58203125,-0.53020134
14,289,303,0.59179688,-0.90759076
69,220,289,0.56445312,-0.52249135
18,269,287,0.56054688,-0.87456446
69,206,275,0.53710938,-0.49818182
164,117,281,0.54882812,0.16725979
239,53,292,0.5703125,0.6369863
232,57,289,0.56445312,0.60553633
178,124,302,0.58984375,0.17880795
173,105,278,0.54296875,0.24460432
100,187,287,0.56054688,-0.30313589
128,169,297,0.58007812,-0.13804714
178,97,275,0.53710938,0.29454545
194,103,297,0.58007812,0.30639731
151,135,286,0.55859375,0.055944056
89,197,286,0.55859375,-0.37762238
106,190,296,0.578125,-0.28378378
86,189,275,0.53710938,-0.37454545
130,166,296,0.578125,-0.12162162
162,128,290,0.56640625,0.11724138
121,164,285,0.55664062,-0.15087719
92,187,279,0.54492188,-0.34050179
81,211,292,0.5703125,-0.44520548
103,175,278,0.54296875,-0.25899281
112,166,278,0.54296875,-0.1942446
152,127,279,0.54492188,0.089605735
153,122,275,0.53710938,0.11272727
179,89,268,0.5234375,0.3358209
210,75,285,0.55664062,0.47368421
153,136,289,0.56445312,0.058823529
85,212,297,0.58007812,-0.42760943
53,244,297,0.58007812,-0.64309764
38,254,292,0.5703125,-0.73972603
11,286,297,0.58007812,-0.92592593
59,229,288,0.5625,-0.59027778
13,289,302,0.58984375,-0.91390728
92,202,294,0.57421875,-0.37414966
140,138,278,0.54296875,0.0071942446
151,134,285,0.55664062,0.059649123
60,219,279,0.54492188,-0.56989247
131,156,287,0.56054688,-0.087108014
134,143,277,0.54101562,-0.032490975
148,137,285,0.55664062,0.038596491
114,176,290,0.56640625,-0.2137931
149,132,281,0.54882812,0.060498221
91,185,276,0.5390625,-0.34057971
116,168,284,0.5546875,-0.18309859
200,74,274,0.53515625,0.45985401
221,64,285,0.55664062,0.55087719
190,100,290,0.56640625,0.31034483
135,148,283,0.55273438,-0.045936396
275,20,295,0.57617188,0.86440678
211,75,286,0.55859375,0.47552448
223,68,291,0.56835938,0.53264605
219,59,278,0.54296875,0.57553957
219,65,284,0.5546875,0.54225352
179,101,280,0.546875,0.27857143
251,34,285,0.55664062,0.76140351
174,105,279,0.54492188,0.24731183
210,94,304,0.59375,0.38157895
268,18,286,0.55859375,0.87412587
249,47,296,0.578125,0.68243243
155,130,285,0.55664062,0.087719298
145,127,272,0.53125,0.066176471
100,169,269,0.52539062,-0.25650558
205,83,288,0.5625,0.42361111
172,119,291,0.56835938,0.18213058
181,108,289,0.56445312,0.25259516
167,107,274,0.53515625,0.2189781
128,146,274,0.53515625,-0.065693431
131,159,290,0.56640625,-0.096551724
110,178,288,0.5625,-0.23611111
69,203,272,0.53125,-0.49264706
45,234,279,0.54492188,-0.67741935
61,241,302,0.58984375,-0.59602649
97,195,292,0.5703125,-0.33561644
139,150,289,0.56445312,-0.038062284
70,210,280,0.546875,-0.5
109,176,285,0.55664062,-0.23508772
48,242,290,0.56640625,-0.66896552
52,243,295,0.57617188,-0.64745763
121,145,266,0.51953125,-0.090225564
118,159,277,0.54101562,-0.14801444
210,73,283,0.55273438,0.48409894
154,125,279,0.54492188,0.10394265
75,221,296,0.578125,-0.49324324
42,241,283,0.55273438,-0.70318021
131,153,284,0.5546875,-0.077464789
152,143,295,0.57617188,0.030508475
241,56,297,0.58007812,0.62289562
207,81,288,0.5625,0.4375
237,48,285,0.55664062,0.66315789
127,159,286,0.55859375,-0.11188811
171,115,286,0.55859375,0.1958042
102,179,281,0.54882812,-0.27402135
99,181,280,0.546875,-0.29285714
163,128,291,0.56835938,0.12027491
160,121,281,0.54882812,0.13879004
84,229,313,0.61132812,-0.46325879
101,197,298,0.58203125,-0.32214765
124,156,280,0.546875,-0.11428571
149,127,276,0.5390625,0.079710145
77,209,286,0.55859375,-0.46153846
26,261,287,0.56054688,-0.81881533
58,232,290,0.56640625,-0.6
79,215,294,0.57421875,-0.46258503
49,237,286,0.55859375,-0.65734266
46,247,293,0.57226562,-0.68600683
70,218,288,0.5625,-0.51388889
76,198,274,0.53515625,-0.44525547
70,214,284,0.5546875,-0.50704225
10,288,298,0.58203125,-0.93288591
74,220,294,0.57421875,-0.49659864
70,214,284,0.5546875,-0.50704225
54,228,282,0.55078125,-0.61702128
69,215,284,0.5546875,-0.51408451
44,232,276,0.5390625,-0.68115942
127,174,301,0.58789062,-0.15614618
144,130,274,0.53515625,0.051094891
148,142,290,0.56640625,0.020689655
108,171,279,0.54492188,-0.22580645
90,208,298,0.58203125,-0.39597315
51,234,285,0.55664062,-0.64210526
5,284,289,0.56445312,-0.96539792
85,206,291,0.56835938,-0.41580756
42,234,276,0.5390625,-0.69565217
55,223,278,0.54296875,-0.60431655
40,238,278,0.54296875,-0.71223022
47,240,287,0.56054688,-0.67247387
163,132,295,0.57617188,0.10508475
126,167,293,0.57226562,-0.13993174
186,101,287,0.56054688,0.29616725
191,92,283,0.55273438,0.34982332
250,36,286,0.55859375,0.74825175
250,30,280,0.546875,0.78571429
264,31,295,0.57617188,0.78983051
244,41,285,0.55664062,0.7122807
314,1,315,0.61523438,0.99365079
223,60,283,0.55273438,0.57597173
273,17,290,0.56640625,0.88275862
211,68,279,0.54492188,0.5125448
260,32,292,0.5703125,0.78082192
241,41,282,0.55078125,0.70921986
180,91,271,0.52929688,0.32841328
221,70,291,0.56835938,0.51890034
137,146,283,0.55273438,-0.03180212
93,193,286,0.55859375,-0.34965035
110,176,286,0.55859375,-0.23076923
77,213,290,0.56640625,-0.46896552
59,236,295,0.57617188,-0.6
122,160,282,0.55078125,-0.13475177
100,184,284,0.5546875,-0.29577465
169,113,282,0.55078125,0.19858156
163,122,285,0.55664062,0.14385965
171,108,279,0.54492188,0.22580645
128,149,277,0.54101562,-0.075812274
129,172,301,0.58789062,-0.14285714
84,206,290,0.56640625,-0.42068966
130,146,276,0.5390625,-0.057971014
147,144,291,0.56835938,0.010309278
113,156,269,0.52539062,-0.1598513
113,183,296,0.578125,-0.23648649
218,77,295,0.57617188,0.4779661
276,23,299,0.58398438,0.84615385
221,76,297,0.58007812,0.48821549
229,49,278,0.54296875,0.64748201
162,133,295,0.57617188,0.098305085
103,175,278,0.54296875,-0.25899281
106,183,289,0.56445312,-0.26643599
51,257,308,0.6015625,-0.66883117
30,272,302,0.58984375,-0.8013245
50,246,296,0.578125,-0.66216216
47,226,273,0.53320312,-0.65567766
43,247,290,0.56640625,-0.70344828
47,243,290,0.56640625,-0.67586207
119,156,275,0.53710938,-0.13454545
179,94,273,0.53320312,0.31135531
174,108,282,0.55078125,0.23404255
261,40,301,0.58789062,0.73421927
212,75,287,0.56054688,0.47735192
264,28,292,0.5703125,0.80821918
284,11,295,0.57617188,0.92542373
243,54,297,0.58007812,0.63636364
238,47,285,0.55664062,0.67017544
278,19,297,0.58007812,0.87205387
253,43,296,0.578125,0.70945946
222,57,279,0.54492188,0.59139785
221,55,276,0.5390625,0.60144928
280,16,296,0.578125,0.89189189
217,72,289,0.56445312,0.5017301
139,138,277,0.54101562,0.0036101083
202,85,287,0.56054688,0.40766551
144,142,286,0.55859375,0.006993007
114,160,274,0.53515625,-0.16788321
167,129,296,0.578125,0.12837838
119,176,295,0.57617188,-0.19322034
162,115,277,0.54101562,0.16967509
163,132,295,0.57617188,0.10508475
110,175,285,0.55664062,-0.22807018
65,220,285,0.55664062,-0.54385965
94,187,281,0.54882812,-0.33096085
86,191,277,0.54101562,-0.37906137
108,178,286,0.55859375,-0.24475524
122,161,283,0.55273438,-0.13780919
77,204,281,0.54882812,-0.4519573
112,179,291,0.56835938,-0.23024055
220,76,296,0.578125,0.48648649
119,170,289,0.56445312,-0.17647059
95,185,280,0.546875,-0.32142857
94,193,287,0.56054688,-0.34494774
89,186,275,0.53710938,-0.35272727
101,180,281,0.54882812,-0.28113879
137,137,274,0.53515625,0
171,119,290,0.56640625,0.17931034
91,182,273,0.53320312,-0.33333333
104,195,299,0.58398438,-0.30434783
112,165,277,0.54101562,-0.19133574
83,205,288,0.5625,-0.42361111
88,202,290,0.56640625,-0.39310345
102,193,295,0.57617188,-0.30847458
38,253,291,0.56835938,-0.73883162
48,232,280,0.546875,-0.65714286
73,219,292,0.5703125,-0.5
63,229,292,0.5703125,-0.56849315
77,204,281,0.54882812,-0.4519573
101,198,299,0.58398438,-0.32441472
164,130,294,0.57421875,0.11564626
249,47,296,0.578125,0.68243243
175,100,275,0.53710938,0.27272727
147,130,277,0.54101562,0.061371841
204,85,289,0.56445312,0.41176471
159,104,263,0.51367188,0.20912548
209,66,275,0.53710938,0.52
193,91,284,0.5546875,0.35915493
185,106,291,0.56835938,0.27147766
127,148,275,0.53710938,-0.076363636
171,109,280,0.546875,0.22142857
208,85,293,0.57226562,0.41979522
231,62,293,0.57226562,0.57679181
189,113,302,0.58984375,0.25165563
146,138,284,0.5546875,0.028169014
157,124,281,0.54882812,0.11743772
150,137,287,0.56054688,0.045296167
192,89,281,0.54882812,0.36654804
131,146,277,0.54101562,-0.054151625
93,195,288,0.5625,-0.35416667
115,164,279,0.54492188,-0.17562724
106,183,289,0.56445312,-0.26643599
104,186,290,0.56640625,-0.28275862
53,230,283,0.55273438,-0.6254417
130,142,272,0.53125,-0.044117647
190,97,287,0.56054688,0.32404181
118,170,288,0.5625,-0.18055556
107,188,295,0.57617188,-0.27457627
167,128,295,0.57617188,0.13220339
153,133,286,0.55859375,0.06993007
141,140,281,0.54882812,0.0035587189
86,209,295,0.57617188,-0.41694915
85,203,288,0.5625,-0.40972222
84,200,284,0.5546875,-0.4084507
142,150,292,0.5703125,-0.02739726
124,161,285,0.55664062,-0.12982456
174,117,291,0.56835938,0.19587629
194,86,280,0.546875,0.38571429
185,108,293,0.57226562,0.26279863
220,64,284,0.5546875,0.54929577
154,136,290,0.56640625,0.062068966
179,100,279,0.54492188,0.28315412
242,52,294,0.57421875,0.6462585
204,88,292,0.5703125,0.39726027
125,166,291,0.56835938,-0.14089347
109,179,288,0.5625,-0.24305556
41,234,275,0.53710938,-0.70181818
31,259,290,0.56640625,-0.7862069
74,217,291,0.56835938,-0.49140893
124,145,269,0.52539062,-0.078066914
255,35,290,0.56640625,0.75862069
209,76,285,0.55664062,0.46666667
190,89,279,0.54492188,0.36200717
152,121,273,0.53320312,0.11355311
97,182,279,0.54492188,-0.3046595
225,77,302,0.58984375,0.49006623
138,153,291,0.56835938,-0.051546392
89,197,286,0.55859375,-0.37762238
58,250,308,0.6015625,-0.62337662
116,178,294,0.57421875,-0.21088435
153,130,283,0.55273438,0.081272085
123,175,298,0.58203125,-0.17449664
178,104,282,0.55078125,0.26241135
96,178,274,0.53515625,-0.29927007
184,106,290,0.56640625,0.26896552
175,99,274,0.53515625,0.27737226
115,178,293,0.57226562,-0.21501706
147,140,287,0.56054688,0.024390244
69,211,280,0.546875,-0.50714286
109,174,283,0.55273438,-0.22968198
97,168,265,0.51757812,-0.26792453
63,219,282,0.55078125,-0.55319149
53,229,282,0.55078125,-0.62411348
70,220,290,0.56640625,-0.51724138
57,225,282,0.55078125,-0.59574468
59,218,277,0.54101562,-0.57400722
44,239,283,0.55273438,-0.68904594
85,192,277,0.54101562,-0.38628159
70,208,278,0.54296875,-0.49640288
50,238,288,0.5625,-0.65277778
118,179,297,0.58007812,-0.20538721
216,83,299,0.58398438,0.44481605
231,58,289,0.56445312,0.59861592
218,86,304,0.59375,0.43421053
227,55,282,0.55078125,0.60992908
207,84,291,0.56835938,0.42268041
101,177,278,0.54296875,-0.27338129
174,117,291,0.56835938,0.19587629
187,88,275,0.53710938,0.36
138,150,288,0.5625,-0.041666667
118,158,276,0.5390625,-0.14492754
155,119,274,0.53515625,0.13138686
178,100,278,0.54296875,0.28057554
118,163,281,0.54882812,-0.16014235
186,103,289,0.56445312,0.28719723
175,113,288,0.5625,0.21527778
268,33,301,0.58789062,0.7807309
197,104,301,0.58789062,0.3089701
125,181,306,0.59765625,-0.18300654
119,164,283,0.55273438,-0.1590106
91,189,280,0.546875,-0.35
44,238,282,0.55078125,-0.68794326
66,222,288,0.5625,-0.54166667
179,118,297,0.58007812,0.20538721
214,65,279,0.54492188,0.53405018
173,104,277,0.54101562,0.24909747
108,165,273,0.53320312,-0.20879121
233,64,297,0.58007812,0.56902357
245,50,295,0.57617188,0.66101695
187,83,270,0.52734375,0.38518519
217,85,302,0.58984375,0.43708609
174,114,288,0.5625,0.20833333
196,94,290,0.56640625,0.35172414
261,27,288,0.5625,0.8125
215,72,287,0.56054688,0.49825784
238,54,292,0.5703125,0.63013699
175,123,298,0.58203125,0.17449664
183,106,289,0.56445312,0.26643599
202,80,282,0.55078125,0.43262411
228,59,287,0.56054688,0.58885017
265,33,298,0.58203125,0.77852349
259,36,295,0.57617188,0.7559322
227,63,290,0.56640625,0.56551724
122,154,276,0.5390625,-0.11594203
106,179,285,0.55664062,-0.25614035
157,141,298,0.58203125,0.053691275
180,114,294,0.57421875,0.2244898
180,122,302,0.58984375,0.19205298
104,174,278,0.54296875,-0.25179856
102,186,288,0.5625,-0.29166667
82,201,283,0.55273438,-0.4204947
106,179,285,0.55664062,-0.25614035
223,73,296,0.578125,0.50675676
199,86,285,0.55664062,0.39649123
244,41,285,0.55664062,0.7122807
230,56,286,0.55859375,0.60839161
218,75,293,0.57226562,0.48805461
238,48,286,0.55859375,0.66433566
156,125,281,0.54882812,0.11032028
175,98,273,0.53320312,0.28205128
189,97,286,0.55859375,0.32167832
175,116,291,0.56835938,0.20274914
174,112,286,0.55859375,0.21678322
128,151,279,0.54492188,-0.082437276
163,125,288,0.5625,0.13194444
181,113,294,0.57421875,0.23129252
194,87,281,0.54882812,0.38078292
193,100,293,0.57226562,0.31740614
125,178,303,0.59179688,-0.17491749
138,144,282,0.55078125,-0.021276596
124,175,299,0.58398438,-0.17056856
165,121,286,0.55859375,0.15384615
172,104,276,0.5390625,0.24637681
74,203,277,0.54101562,-0.46570397
50,239,289,0.56445312,-0.65397924
98,195,293,0.57226562,-0.33105802
49,236,285,0.55664062,-0.65614035
65,219,284,0.5546875,-0.54225352
110,155,265,0.51757812,-0.16981132
126,160,286,0.55859375,-0.11888112
58,225,283,0.55273438,-0.59010601
78,215,293,0.57226562,-0.46757679
58,219,277,0.54101562,-0.58122744
60,229,289,0.56445312,-0.58477509
110,180,290,0.56640625,-0.24137931
91,208,299,0.58398438,-0.39130435
144,143,287,0.56054688,0.0034843206
92,196,288,0.5625,-0.36111111
108,184,292,0.5703125,-0.26027397
71,217,288,0.5625,-0.50694444
135,158,293,0.57226562,-0.078498294
171,111,282,0.55078125,0.21276596
203,79,282,0.55078125,0.43971631
211,77,288,0.5625,0.46527778
223,57,280,0.546875,0.59285714
171,119,290,0.56640625,0.17931034
139,144,283,0.55273438,-0.017667845
148,131,279,0.54492188,0.0609319
147,142,289,0.56445312,0.017301038
131,149,280,0.546875,-0.064285714
158,136,294,0.57421875,0.074829932
199,81,280,0.546875,0.42142857
207,74,281,0.54882812,0.47330961
223,65,288,0.5625,0.54861111
231,56,287,0.56054688,0.6097561
221,49,270,0.52734375,0.63703704
219,64,283,0.55273438,0.54770318
214,75,289,0.56445312,0.48096886
140,144,284,0.5546875,-0.014084507
208,71,279,0.54492188,0.49103943
204,89,293,0.57226562,0.39249147
97,206,303,0.59179688,-0.35973597
89,187,276,0.5390625,-0.35507246
145,139,284,0.5546875,0.021126761
98,188,286,0.55859375,-0.31468531
105,177,282,0.55078125,-0.25531915
105,174,279,0.54492188,-0.24731183
150,141,291,0.56835938,0.030927835
212,73,285,0.55664062,0.4877193
204,71,275,0.53710938,0.48363636
254,33,287,0.56054688,0.77003484
156,134,290,0.56640625,0.075862069
59,231,290,0.56640625,-0.59310345
33,254,287,0.56054688,-0.77003484
58,219,277,0.54101562,-0.58122744
66,225,291,0.56835938,-0.54639175
122,158,280,0.546875,-0.12857143
70,210,280,0.546875,-0.5
58,226,284,0.5546875,-0.5915493
20,272,292,0.5703125,-0.8630137
34,254,288,0.5625,-0.76388889
46,236,282,0.55078125,-0.67375887
75,232,307,0.59960938,-0.51140065
47,256,303,0.59179688,-0.68976898
29,263,292,0.5703125,-0.80136986
59,224,283,0.55273438,-0.58303887
139,137,276,0.5390625,0.0072463768
198,83,281,0.54882812,0.40925267
165,122,287,0.56054688,0.14982578
152,117,269,0.52539062,0.13011152
72,216,288,0.5625,-0.5
81,211,292,0.5703125,-0.44520548
155,129,284,0.5546875,0.091549296
180,86,266,0.51953125,0.35338346
254,38,292,0.5703125,0.73972603
263,25,288,0.5625,0.82638889
242,44,286,0.55859375,0.69230769
204,80,284,0.5546875,0.43661972
134,149,283,0.55273438,-0.053003534
118,166,284,0.5546875,-0.16901408
158,122,280,0.546875,0.12857143
109,179,288,0.5625,-0.24305556
59,224,283,0.55273438,-0.58303887
88,196,284,0.5546875,-0.38028169
88,198,286,0.55859375,-0.38461538
80,202,282,0.55078125,-0.43262411
126,163,289,0.56445312,-0.12802768
80,209,289,0.56445312,-0.44636678
97,198,295,0.57617188,-0.34237288
136,139,275,0.53710938,-0.010909091
93,208,301,0.58789062,-0.3820598
34,265,299,0.58398438,-0.77257525
33,255,288,0.5625,-0.77083333
43,244,287,0.56054688,-0.70034843
123,173,296,0.578125,-0.16891892
68,211,279,0.54492188,-0.5125448
38,248,286,0.55859375,-0.73426573
53,236,289,0.56445312,-0.63321799
88,197,285,0.55664062,-0.38245614
90,205,295,0.57617188,-0.38983051
114,157,271,0.52929688,-0.15867159
111,173,284,0.5546875,-0.21830986
211,73,284,0.5546875,0.48591549
150,125,275,0.53710938,0.090909091
86,208,294,0.57421875,-0.41496599
40,260,300,0.5859375,-0.73333333
36,239,275,0.53710938,-0.73818182
23,257,280,0.546875,-0.83571429
19,272,291,0.56835938,-0.86941581
79,206,285,0.55664062,-0.44561404
16,274,290,0.56640625,-0.88965517
32,262,294,0.57421875,-0.78231293
28,262,290,0.56640625,-0.80689655
11,282,293,0.57226562,-0.92491468
40,277,317,0.61914062,-0.74763407
69,214,283,0.55273438,-0.51236749
91,194,285,0.55664062,-0.36140351
144,150,294,0.57421875,-0.020408163
207,87,294,0.57421875,0.40816327
221,66,287,0.56054688,0.54006969
238,57,295,0.57617188,0.61355932
197,81,278,0.54296875,0.41726619
105,174,279,0.54492188,-0.24731183
177,106,283,0.55273438,0.25088339
194,92,286,0.55859375,0.35664336
194,95,289,0.56445312,0.34256055
170,119,289,0.56445312,0.17647059
130,142,272,0.53125,-0.044117647
165,111,276,0.5390625,0.19565217
145,139,284,0.5546875,0.021126761
70,211,281,0.54882812,-0.50177936
109,175,284,0.5546875,-0.23239437
184,100,284,0.5546875,0.29577465
110,175,285,0.55664062,-0.22807018
140,153,293,0.57226562,-0.044368601
188,102,290,0.56640625,0.29655172
202,75,277,0.54101562,0.45848375
170,119,289,0.56445312,0.17647059
147,134,281,0.54882812,0.046263345
132,149,281,0.54882812,-0.060498221
166,130,296,0.578125,0.12162162
198,87,285,0.55664062,0.38947368
174,108,282,0.55078125,0.23404255
203,89,292,0.5703125,0.39041096
235,60,295,0.57617188,0.59322034
191,93,284,0.5546875,0.34507042
247,53,300,0.5859375,0.64666667
136,140,276,0.5390625,-0.014492754
176,110,286,0.55859375,0.23076923
126,149,275,0.53710938,-0.083636364
85,186,271,0.52929688,-0.37269373
104,189,293,0.57226562,-0.29010239
43,251,294,0.57421875,-0.70748299
85,198,283,0.55273438,-0.39929329
64,227,291,0.56835938,-0.56013746
127,169,296,0.578125,-0.14189189
166,120,286,0.55859375,0.16083916
140,140,280,0.546875,0
184,113,297,0.58007812,0.23905724
239,47,286,0.55859375,0.67132867
266,22,288,0.5625,0.84722222
261,20,281,0.54882812,0.85765125
263,37,300,0.5859375,0.75333333
243,58,301,0.58789062,0.61461794
282,16,298,0.58203125,0.89261745
230,56,286,0.55859375,0.60839161
212,69,281,0.54882812,0.5088968
209,70,279,0.54492188,0.49820789
182,93,275,0.53710938,0.32363636
223,74,297,0.58007812,0.5016835
211,81,292,0.5703125,0.44520548
191,91,282,0.55078125,0.35460993
164,116,280,0.546875,0.17142857
97,198,295,0.57617188,-0.34237288
183,114,297,0.58007812,0.23232323
188,89,277,0.54101562,0.35740072
147,159,306,0.59765625,-0.039215686
228,61,289,0.56445312,0.57785467
179,97,276,0.5390625,0.29710145
175,113,288,0.5625,0.21527778
171,108,279,0.54492188,0.22580645
98,186,284,0.5546875,-0.30985915
114,167,281,0.54882812,-0.1886121
91,183,274,0.53515625,-0.33576642
89,191,280,0.546875,-0.36428571
95,209,304,0.59375,-0.375
108,164,272,0.53125,-0.20588235
181,116,297,0.58007812,0.21885522
155,129,284,0.5546875,0.091549296
155,129,284,0.5546875,0.091549296
138,148,286,0.55859375,-0.034965035
190,94,284,0.5546875,0.33802817
272,31,303,0.59179688,0.79537954
188,98,286,0.55859375,0.31468531
134,154,288,0.5625,-0.069444444
164,130,294,0.57421875,0.11564626
146,135,281,0.54882812,0.039145907
83,202,285,0.55664062,-0.41754386
79,191,270,0.52734375,-0.41481481
87,188,275,0.53710938,-0.36727273
138,143,281,0.54882812,-0.017793594
74,211,285,0.55664062,-0.48070175
33,247,280,0.546875,-0.76428571
102,180,282,0.55078125,-0.27659574
67,217,284,0.5546875,-0.52816901
95,197,292,0.5703125,-0.34931507
133,166,299,0.58398438,-0.11036789
103,165,268,0.5234375,-0.23134328
161,128,289,0.56445312,0.11418685
149,128,277,0.54101562,0.075812274
153,130,283,0.55273438,0.081272085
219,72,291,0.56835938,0.50515464
171,110,281,0.54882812,0.21708185
111,175,286,0.55859375,-0.22377622
86,192,278,0.54296875,-0.38129496
111,189,300,0.5859375,-0.26
130,152,282,0.55078125,-0.078014184
148,139,287,0.56054688,0.031358885
166,129,295,0.57617188,0.12542373
213,78,291,0.56835938,0.46391753
188,98,286,0.55859375,0.31468531
213,84,297,0.58007812,0.43434343
158,114,272,0.53125,0.16176471
108,178,286,0.55859375,-0.24475524
132,147,279,0.54492188,-0.053763441
114,180,294,0.57421875,-0.2244898
148,139,287,0.56054688,0.031358885
224,50,274,0.53515625,0.6350365
284,15,299,0.58398438,0.89966555
269,29,298,0.58203125,0.80536913
204,78,282,0.55078125,0.44680851
235,40,275,0.53710938,0.70909091
217,65,282,0.55078125,0.53900709
139,138,277,0.54101562,0.0036101083
169,117,286,0.55859375,0.18181818
222,76,298,0.58203125,0.48993289
145,148,293,0.57226562,-0.010238908
180,97,277,0.54101562,0.29963899
225,57,282,0.55078125,0.59574468
212,73,285,0.55664062,0.4877193
160,139,299,0.58398438,0.070234114
119,159,278,0.54296875,-0.14388489
156,120,276,0.5390625,0.13043478
204,82,286,0.55859375,0.42657343
77,212,289,0.56445312,-0.46712803
91,193,284,0.5546875,-0.35915493
138,146,284,0.5546875,-0.028169014
132,165,297,0.58007812,-0.11111111
77,208,285,0.55664062,-0.45964912
140,129,269,0.52539062,0.040892193
128,150,278,0.54296875,-0.079136691
85,208,293,0.57226562,-0.41979522
134,154,288,0.5625,-0.069444444
97,189,286,0.55859375,-0.32167832
126,159,285,0.55664062,-0.11578947
86,204,290,0.56640625,-0.40689655
124,173,297,0.58007812,-0.16498316
97,173,270,0.52734375,-0.28148148
217,74,291,0.56835938,0.49140893
200,84,284,0.5546875,0.4084507
220,68,288,0.5625,0.52777778
166,130,296,0.578125,0.12162162
88,184,272,0.53125,-0.35294118
87,216,303,0.59179688,-0.42574257
38,265,303,0.59179688,-0.74917492
26,276,302,0.58984375,-0.82781457
74,213,287,0.56054688,-0.48432056
109,165,274,0.53515625,-0.20437956
163,114,277,0.54101562,0.17689531
128,160,288,0.5625,-0.11111111
104,173,277,0.54101562,-0.24909747
77,209,286,0.55859375,-0.46153846
83,195,278,0.54296875,-0.4028777
43,243,286,0.55859375,-0.6993007
98,192,290,0.56640625,-0.32413793
153,122,275,0.53710938,0.11272727
161,117,278,0.54296875,0.15827338
243,56,299,0.58398438,0.62541806
226,61,287,0.56054688,0.57491289
180,97,277,0.54101562,0.29963899
236,45,281,0.54882812,0.6797153
206,79,285,0.55664062,0.44561404
222,69,291,0.56835938,0.5257732
202,95,297,0.58007812,0.36026936
162,115,277,0.54101562,0.16967509
222,63,285,0.55664062,0.55789474
154,123,277,0.54101562,0.11191336
132,159,291,0.56835938,-0.092783505
83,196,279,0.54492188,-0.40501792
126,170,296,0.578125,-0.14864865
164,115,279,0.54492188,0.17562724
131,164,295,0.57617188,-0.11186441
146,142,288,0.5625,0.013888889
179,109,288,0.5625,0.24305556
134,144,278,0.54296875,-0.035971223
153,133,286,0.55859375,0.06993007
174,117,291,0.56835938,0.19587629
235,50,285,0.55664062,0.64912281
226,68,294,0.57421875,0.53741497
87,212,299,0.58398438,-0.4180602
92,201,293,0.57226562,-0.37201365
100,192,292,0.5703125,-0.31506849
75,199,274,0.53515625,-0.45255474
81,187,268,0.5234375,-0.39552239
57,216,273,0.53320312,-0.58241758
91,186,277,0.54101562,-0.34296029
33,263,296,0.578125,-0.77702703
85,213,298,0.58203125,-0.4295302
121,174,295,0.57617188,-0.17966102
11,293,304,0.59375,-0.92763158
89,206,295,0.57617188,-0.39661017
154,136,290,0.56640625,0.062068966
129,155,284,0.5546875,-0.091549296
113,156,269,0.52539062,-0.1598513
106,173,279,0.54492188,-0.24014337
108,178,286,0.55859375,-0.24475524
222,76,298,0.58203125,0.48993289
175,115,290,0.56640625,0.20689655
242,58,300,0.5859375,0.61333333
251,33,284,0.5546875,0.76760563
232,67,299,0.58398438,0.55183946
253,30,283,0.55273438,0.78798587
224,54,278,0.54296875,0.61151079
199,89,288,0.5625,0.38194444
198,86,284,0.5546875,0.3943662
193,93,286,0.55859375,0.34965035
189,102,291,0.56835938,0.29896907
165,119,284,0.5546875,0.16197183
184,108,292,0.5703125,0.26027397
198,98,296,0.578125,0.33783784
190,94,284,0.5546875,0.33802817
182,110,292,0.5703125,0.24657534
190,87,277,0.54101562,0.37184116
121,158,279,0.54492188,-0.13261649
104,181,285,0.55664062,-0.27017544
148,132,280,0.546875,0.057142857
75,215,290,0.56640625,-0.48275862
153,133,286,0.55859375,0.06993007
98,185,283,0.55273438,-0.30742049
168,119,287,0.56054688,0.17073171
192,85,277,0.54101562,0.38628159
191,93,284,0.5546875,0.34507042
154,134,288,0.5625,0.069444444
87,204,291,0.56835938,-0.40206186
96,180,276,0.5390625,-0.30434783
135,155,290,0.56640625,-0.068965517
182,113,295,0.57617188,0.23389831
183,102,285,0.55664062,0.28421053
191,92,283,0.55273438,0.34982332
223,89,312,0.609375,0.42948718
161,120,281,0.54882812,0.14590747
174,113,287,0.56054688,0.21254355
93,202,295,0.57617188,-0.36949153
67,197,264,0.515625,-0.49242424
158,141,299,0.58398438,0.056856187
173,92,265,0.51757812,0.30566038
139,145,284,0.5546875,-0.021126761
114,169,283,0.55273438,-0.19434629
247,46,293,0.57226562,0.68600683
201,102,303,0.59179688,0.32673267
200,87,287,0.56054688,0.39372822
216,78,294,0.57421875,0.46938776
207,86,293,0.57226562,0.41296928
144,149,293,0.57226562,-0.017064846
105,178,283,0.55273438,-0.25795053
128,148,276,0.5390625,-0.072463768
141,158,299,0.58398438,-0.056856187
52,232,284,0.5546875,-0.63380282
112,160,272,0.53125,-0.17647059
229,56,285,0.55664062,0.60701754
270,26,296,0.578125,0.82432432
254,30,284,0.5546875,0.78873239
213,88,301,0.58789062,0.41528239
192,103,295,0.57617188,0.30169492
245,55,300,0.5859375,0.63333333
200,96,296,0.578125,0.35135135
144,146,290,0.56640625,-0.0068965517
105,185,290,0.56640625,-0.27586207
134,159,293,0.57226562,-0.085324232
188,97,285,0.55664062,0.31929825
225,73,298,0.58203125,0.51006711
175,111,286,0.55859375,0.22377622
159,129,288,0.5625,0.10416667
203,93,296,0.578125,0.37162162
200,79,279,0.54492188,0.43369176
207,68,275,0.53710938,0.50545455
144,136,280,0.546875,0.028571429
216,71,287,0.56054688,0.50522648
201,94,295,0.57617188,0.36271186
222,87,309,0.60351562,0.4368932
178,95,273,0.53320312,0.3040293
110,179,289,0.56445312,-0.23875433
149,135,284,0.5546875,0.049295775
109,169,278,0.54296875,-0.21582734
154,114,268,0.5234375,0.14925373
276,28,304,0.59375,0.81578947
248,36,284,0.5546875,0.74647887
234,47,281,0.54882812,0.66548043
186,88,274,0.53515625,0.35766423
157,131,288,0.5625,0.090277778
164,140,304,0.59375,0.078947368
143,141,284,0.5546875,0.0070422535
84,183,267,0.52148438,-0.37078652
50,237,287,0.56054688,-0.65156794
122,154,276,0.5390625,-0.11594203
120,172,292,0.5703125,-0.17808219
138,147,285,0.55664062,-0.031578947
214,81,295,0.57617188,0.45084746
235,50,285,0.55664062,0.64912281
171,113,284,0.5546875,0.20422535
150,142,292,0.5703125,0.02739726
176,109,285,0.55664062,0.23508772
132,159,291,0.56835938,-0.092783505
128,145,273,0.53320312,-0.062271062
172,115,287,0.56054688,0.19860627
110,155,265,0.51757812,-0.16981132
115,183,298,0.58203125,-0.22818792
151,131,282,0.55078125,0.070921986
104,182,286,0.55859375,-0.27272727
136,152,288,0.5625,-0.055555556
190,91,281,0.54882812,0.35231317
115,168,283,0.55273438,-0.18727915
155,122,277,0.54101562,0.11913357
209,71,280,0.546875,0.49285714
203,82,285,0.55664062,0.4245614
103,184,287,0.56054688,-0.28222997
88,177,265,0.51757812,-0.33584906
191,98,289,0.56445312,0.32179931
192,89,281,0.54882812,0.36654804
163,120,283,0.55273438,0.15194346
195,87,282,0.55078125,0.38297872
250,32,282,0.55078125,0.77304965
239,63,302,0.58984375,0.58278146
173,115,288,0.5625,0.20138889
119,168,287,0.56054688,-0.17073171
226,71,297,0.58007812,0.52188552
234,44,278,0.54296875,0.68345324
208,79,287,0.56054688,0.44947735
232,55,287,0.56054688,0.61672474
218,62,280,0.546875,0.55714286
227,57,284,0.5546875,0.59859155
264,25,289,0.56445312,0.82698962
232,73,305,0.59570312,0.52131148
185,93,278,0.54296875,0.33093525
191,96,287,0.56054688,0.33101045
202,82,284,0.5546875,0.42253521
84,203,287,0.56054688,-0.41463415
90,204,294,0.57421875,-0.3877551
77,206,283,0.55273438,-0.45583039
46,222,268,0.5234375,-0.65671642
64,228,292,0.5703125,-0.56164384
79,214,293,0.57226562,-0.46075085
21,272,293,0.57226562,-0.85665529
43,258,301,0.58789062,-0.71428571
52,232,284,0.5546875,-0.63380282
54,243,297,0.58007812,-0.63636364
82,205,287,0.56054688,-0.42857143
125,160,285,0.55664062,-0.12280702
81,200,281,0.54882812,-0.42348754
102,167,269,0.52539062,-0.24163569
54,221,275,0.53710938,-0.60727273
123,154,277,0.54101562,-0.11191336
119,170,289,0.56445312,-0.17647059
148,124,272,0.53125,0.088235294
219,67,286,0.55859375,0.53146853
165,129,294,0.57421875,0.12244898
167,117,284,0.5546875,0.17605634
140,153,293,0.57226562,-0.044368601
48,240,288,0.5625,-0.66666667
65,229,294,0.57421875,-0.55782313
34,259,293,0.57226562,-0.76791809
148,154,302,0.58984375,-0.01986755
217,68,285,0.55664062,0.52280702
239,50,289,0.56445312,0.65397924
199,95,294,0.57421875,0.3537415
158,128,286,0.55859375,0.1048951
158,136,294,0.57421875,0.074829932
199,85,284,0.5546875,0.40140845
173,112,285,0.55664062,0.21403509
215,79,294,0.57421875,0.46258503
219,75,294,0.57421875,0.48979592
160,117,277,0.54101562,0.15523466
228,58,286,0.55859375,0.59440559
185,94,279,0.54492188,0.32616487
201,74,275,0.53710938,0.46181818
209,85,294,0.57421875,0.42176871
267,24,291,0.56835938,0.83505155
269,20,289,0.56445312,0.8615917
200,79,279,0.54492188,0.43369176
195,91,286,0.55859375,0.36363636
256,34,290,0.56640625,0.76551724
131,147,278,0.54296875,-0.057553957
194,94,288,0.5625,0.34722222
150,129,279,0.54492188,0.075268817
155,135,290,0.56640625,0.068965517
146,151,297,0.58007812,-0.016835017
153,121,274,0.53515625,0.11678832
187,100,287,0.56054688,0.30313589
198,93,291,0.56835938,0.36082474
239,52,291,0.56835938,0.64261168
202,77,279,0.54492188,0.44802867
137,146,283,0.55273438,-0.03180212
144,146,290,0.56640625,-0.0068965517
126,160,286,0.55859375,-0.11888112
70,224,294,0.57421875,-0.52380952
136,142,278,0.54296875,-0.021582734
122,149,271,0.52929688,-0.099630996
98,195,293,0.57226562,-0.33105802
202,94,296,0.578125,0.36486486
106,175,281,0.54882812,-0.2455516
87,204,291,0.56835938,-0.40206186
92,193,285,0.55664062,-0.35438596
82,221,303,0.59179688,-0.45874587
37,249,286,0.55859375,-0.74125874
102,189,291,0.56835938,-0.29896907
87,199,286,0.55859375,-0.39160839
169,114,283,0.55273438,0.19434629
190,94,284,0.5546875,0.33802817
287,16,303,0.59179688,0.89438944
211,69,280,0.546875,0.50714286
170,112,282,0.55078125,0.20567376
184,106,290,0.56640625,0.26896552
170,115,285,0.55664062,0.19298246
194,93,287,0.56054688,0.35191638
172,105,277,0.54101562,0.24187726
153,128,281,0.54882812,0.088967972
163,118,281,0.54882812,0.16014235
143,138,281,0.54882812,0.017793594
188,114,302,0.58984375,0.24503311
142,130,272,0.53125,0.044117647
136,142,278,0.54296875,-0.021582734
201,105,306,0.59765625,0.31372549
211,78,289,0.56445312,0.46020761
230,58,288,0.5625,0.59722222
231,52,283,0.55273438,0.63250883
231,57,288,0.5625,0.60416667
163,117,280,0.546875,0.16428571
217,66,283,0.55273438,0.5335689
286,7,293,0.57226562,0.95221843
244,42,286,0.55859375,0.70629371
168,126,294,0.57421875,0.14285714
194,90,284,0.5546875,0.36619718
37,253,290,0.56640625,-0.74482759
55,247,302,0.58984375,-0.63576159
20,268,288,0.5625,-0.86111111
78,207,285,0.55664062,-0.45263158
96,177,273,0.53320312,-0.2967033
133,158,291,0.56835938,-0.085910653
109,173,282,0.55078125,-0.22695035
96,190,286,0.55859375,-0.32867133
88,196,284,0.5546875,-0.38028169
184,100,284,0.5546875,0.29577465
226,62,288,0.5625,0.56944444
227,39,266,0.51953125,0.70676692
217,74,291,0.56835938,0.49140893
137,154,291,0.56835938,-0.058419244
157,127,284,0.5546875,0.1056338
172,118,290,0.56640625,0.1862069
174,116,290,0.56640625,0.2
219,73,292,0.5703125,0.5
124,144,268,0.5234375,-0.074626866
197,88,285,0.55664062,0.38245614
151,140,291,0.56835938,0.037800687
191,102,293,0.57226562,0.30375427
190,104,294,0.57421875,0.29251701
201,88,289,0.56445312,0.39100346
210,84,294,0.57421875,0.42857143
217,74,291,0.56835938,0.49140893
238,44,282,0.55078125,0.68794326
251,42,293,0.57226562,0.71331058
129,157,286,0.55859375,-0.097902098
209,87,296,0.578125,0.41216216
165,138,303,0.59179688,0.089108911
176,101,277,0.54101562,0.27075812
201,80,281,0.54882812,0.43060498
126,160,286,0.55859375,-0.11888112
103,168,271,0.52929688,-0.2398524
89,197,286,0.55859375,-0.37762238
130,132,262,0.51171875,-0.0076335878
146,134,280,0.546875,0.042857143
163,111,274,0.53515625,0.18978102
204,87,291,0.56835938,0.40206186
171,112,283,0.55273438,0.20848057
194,103,297,0.58007812,0.30639731
131,137,268,0.5234375,-0.02238806
78,210,288,0.5625,-0.45833333
98,181,279,0.54492188,-0.29749104
124,168,292,0.5703125,-0.15068493
105,176,281,0.54882812,-0.25266904
117,164,281,0.54882812,-0.16725979
99,188,287,0.56054688,-0.31010453
115,174,289,0.56445312,-0.20415225
191,87,278,0.54296875,0.37410072
105,171,276,0.5390625,-0.23913043
166,123,289,0.56445312,0.14878893
198,92,290,0.56640625,0.36551724
126,183,309,0.60351562,-0.18446602
126,164,290,0.56640625,-0.13103448
94,192,286,0.55859375,-0.34265734
192,107,299,0.58398438,0.28428094
271,18,289,0.56445312,0.87543253
276,19,295,0.57617188,0.87118644
233,54,287,0.56054688,0.62369338
184,97,281,0.54882812,0.30960854
191,97,288,0.5625,0.32638889
240,55,295,0.57617188,0.62711864
225,55,280,0.546875,0.60714286
219,63,282,0.55078125,0.55319149
178,114,292,0.5703125,0.21917808
80,218,298,0.58203125,-0.46308725
24,272,296,0.578125,-0.83783784
51,248,299,0.58398438,-0.65886288
136,160,296,0.578125,-0.081081081
134,159,293,0.57226562,-0.085324232
155,138,293,0.57226562,0.058020478
228,74,302,0.58984375,0.50993377
243,45,288,0.5625,0.6875
189,104,293,0.57226562,0.29010239
150,111,261,0.50976562,0.14942529
120,165,285,0.55664062,-0.15789474
157,125,282,0.55078125,0.11347518
100,194,294,0.57421875,-0.31972789
119,157,276,0.5390625,-0.13768116
73,209,282,0.55078125,-0.4822695
135,152,287,0.56054688,-0.059233449
123,156,279,0.54492188,-0.11827957
105,188,293,0.57226562,-0.28327645
54,228,282,0.55078125,-0.61702128
68,213,281,0.54882812,-0.51601423
123,159,282,0.55078125,-0.12765957
147,143,290,0.56640625,0.013793103
138,156,294,0.57421875,-0.06122449
211,74,285,0.55664062,0.48070175
205,79,284,0.5546875,0.44366197
237,51,288,0.5625,0.64583333
230,51,281,0.54882812,0.63701068
215,57,272,0.53125,0.58088235
257,29,286,0.55859375,0.7972028
189,89,278,0.54296875,0.35971223
215,65,280,0.546875,0.53571429
269,25,294,0.57421875,0.82993197
216,80,296,0.578125,0.45945946
205,91,296,0.578125,0.38513514
193,86,279,0.54492188,0.38351254
197,90,287,0.56054688,0.3728223
214,74,288,0.5625,0.48611111
164,130,294,0.57421875,0.11564626
89,201,290,0.56640625,-0.3862069
162,131,293,0.57226562,0.10580205
276,15,291,0.56835938,0.89690722
250,30,280,0.546875,0.78571429
161,112,273,0.53320312,0.17948718
159,120,279,0.54492188,0.13978495
181,96,277,0.54101562,0.30685921
127,160,287,0.56054688,-0.11498258
229,64,293,0.57226562,0.56313993
230,68,298,0.58203125,0.54362416
226,59,285,0.55664062,0.58596491
202,92,294,0.57421875,0.37414966
149,143,292,0.5703125,0.020547945
99,199,298,0.58203125,-0.33557047
101,193,294,0.57421875,-0.31292517
127,153,280,0.546875,-0.092857143
142,153,295,0.57617188,-0.037288136
176,106,282,0.55078125,0.24822695
188,95,283,0.55273438,0.32862191
177,111,288,0.5625,0.22916667
180,98,278,0.54296875,0.29496403
273,17,290,0.56640625,0.88275862
120,167,287,0.56054688,-0.16376307
87,197,284,0.5546875,-0.38732394
88,201,289,0.56445312,-0.39100346
107,176,283,0.55273438,-0.24381625
52,230,282,0.55078125,-0.63120567
71,217,288,0.5625,-0.50694444
99,196,295,0.57617188,-0.32881356
130,157,287,0.56054688,-0.094076655
122,156,278,0.54296875,-0.12230216
86,204,290,0.56640625,-0.40689655
93,199,292,0.5703125,-0.3630137
167,109,276,0.5390625,0.21014493
206,81,287,0.56054688,0.43554007
190,80,270,0.52734375,0.40740741
171,119,290,0.56640625,0.17931034
161,129,290,0.56640625,0.11034483
215,68,283,0.55273438,0.51943463
197,91,288,0.5625,0.36805556
92,187,279,0.54492188,-0.34050179
113,168,281,0.54882812,-0.19572954
103,195,298,0.58203125,-0.30872483
101,199,300,0.5859375,-0.32666667
86,211,297,0.58007812,-0.42087542
162,125,287,0.56054688,0.12891986
175,119,294,0.57421875,0.19047619
158,117,275,0.53710938,0.14909091
174,102,276,0.5390625,0.26086957
219,67,286,0.55859375,0.53146853
158,135,293,0.57226562,0.078498294
120,172,292,0.5703125,-0.17808219
203,80,283,0.55273438,0.43462898
198,93,291,0.56835938,0.36082474
186,109,295,0.57617188,0.26101695
202,80,282,0.55078125,0.43262411
232,66,298,0.58203125,0.55704698
111,169,280,0.546875,-0.20714286
84,202,286,0.55859375,-0.41258741
40,247,287,0.56054688,-0.72125436
130,150,280,0.546875,-0.071428571
218,71,289,0.56445312,0.50865052
249,38,287,0.56054688,0.73519164
182,94,276,0.5390625,0.31884058
177,109,286,0.55859375,0.23776224
238,39,277,0.54101562,0.71841155
249,41,290,0.56640625,0.71724138
219,61,280,0.546875,0.56428571
213,77,290,0.56640625,0.46896552
225,70,295,0.57617188,0.52542373
234,54,288,0.5625,0.625
243,41,284,0.5546875,0.71126761
257,29,286,0.55859375,0.7972028
229,52,281,0.54882812,0.62989324
237,51,288,0.5625,0.64583333
193,89,282,0.55078125,0.36879433
212,84,296,0.578125,0.43243243
231,62,293,0.57226562,0.57679181
185,100,285,0.55664062,0.29824561
154,130,284,0.5546875,0.084507042
86,207,293,0.57226562,-0.41296928
98,176,274,0.53515625,-0.28467153
198,95,293,0.57226562,0.35153584
149,125,274,0.53515625,0.087591241
146,116,262,0.51171875,0.11450382
220,54,274,0.53515625,0.60583942
257,27,284,0.5546875,0.80985915
247,33,280,0.546875,0.76428571
250,56,306,0.59765625,0.63398693
173,107,280,0.546875,0.23571429
175,111,286,0.55859375,0.22377622
115,176,291,0.56835938,-0.20962199
68,210,278,0.54296875,-0.51079137
111,167,278,0.54296875,-0.20143885
115,155,270,0.52734375,-0.14814815
134,156,290,0.56640625,-0.075862069
108,200,308,0.6015625,-0.2987013
83,206,289,0.56445312,-0.42560554
135,150,285,0.55664062,-0.052631579
71,211,282,0.55078125,-0.4964539
92,196,288,0.5625,-0.36111111
80,221,301,0.58789062,-0.46843854
70,207,277,0.54101562,-0.49458484
101,195,296,0.578125,-0.31756757
131,155,286,0.55859375,-0.083916084
173,124,297,0.58007812,0.16498316
193,97,290,0.56640625,0.33103448
204,77,281,0.54882812,0.4519573
108,183,291,0.56835938,-0.25773196
232,55,287,0.56054688,0.61672474
274,24,298,0.58203125,0.83892617
211,67,278,0.54296875,0.51798561
172,116,288,0.5625,0.19444444
123,174,297,0.58007812,-0.17171717
96,197,293,0.57226562,-0.3447099
123,166,289,0.56445312,-0.14878893
198,98,296,0.578125,0.33783784
224,59,283,0.55273438,0.58303887
198,86,284,0.5546875,0.3943662
178,106,284,0.5546875,0.25352113
179,100,279,0.54492188,0.28315412
231,65,296,0.578125,0.56081081
214,74,288,0.5625,0.48611111
181,106,287,0.56054688,0.26132404
211,77,288,0.5625,0.46527778
191,115,306,0.59765625,0.24836601
111,166,277,0.54101562,-0.19855596
182,108,290,0.56640625,0.25517241
198,84,282,0.55078125,0.40425532
169,108,277,0.54101562,0.22021661
86,186,272,0.53125,-0.36764706
98,181,279,0.54492188,-0.29749104
89,185,274,0.53515625,-0.35036496
187,100,287,0.56054688,0.30313589
135,155,290,0.56640625,-0.068965517
73,224,297,0.58007812,-0.50841751
80,208,288,0.5625,-0.44444444
132,142,274,0.53515625,-0.03649635
96,185,281,0.54882812,-0.31672598
145,154,299,0.58398438,-0.030100334
148,132,280,0.546875,0.057142857
215,61,276,0.5390625,0.55797101
261,29,290,0.56640625,0.8
220,62,282,0.55078125,0.56028369
240,57,297,0.58007812,0.61616162
209,96,305,0.59570312,0.3704918
214,74,288,0.5625,0.48611111
137,135,272,0.53125,0.0073529412
104,188,292,0.5703125,-0.28767123
98,195,293,0.57226562,-0.33105802
116,171,287,0.56054688,-0.19163763
153,136,289,0.56445312,0.058823529
212,78,290,0.56640625,0.46206897
218,62,280,0.546875,0.55714286
150,141,291,0.56835938,0.030927835
149,143,292,0.5703125,0.020547945
140,151,291,0.56835938,-0.037800687
147,139,286,0.55859375,0.027972028
66,234,300,0.5859375,-0.56
38,259,297,0.58007812,-0.74410774
93,186,279,0.54492188,-0.33333333
142,154,296,0.578125,-0.040540541
145,118,263,0.51367188,0.1026616
81,202,283,0.55273438,-0.42756184
137,160,297,0.58007812,-0.077441077
157,126,283,0.55273438,0.10954064
139,143,282,0.55078125,-0.014184397
147,124,271,0.52929688,0.084870849
17,281,298,0.58203125,-0.88590604
58,213,271,0.52929688,-0.57195572
120,176,296,0.578125,-0.18918919
103,178,281,0.54882812,-0.26690391
20,275,295,0.57617188,-0.86440678
27,255,282,0.55078125,-0.80851064
61,236,297,0.58007812,-0.58922559
83,203,286,0.55859375,-0.41958042
68,220,288,0.5625,-0.52777778
139,154,293,0.57226562,-0.051194539
120,159,279,0.54492188,-0.13978495
59,229,288,0.5625,-0.59027778
118,164,282,0.55078125,-0.16312057
10,281,291,0.56835938,-0.93127148
59,231,290,0.56640625,-0.59310345
62,220,282,0.55078125,-0.56028369
103,182,285,0.55664062,-0.27719298
32,257,289,0.56445312,-0.77854671
52,241,293,0.57226562,-0.64505119
125,171,296,0.578125,-0.15540541
51,235,286,0.55859375,-0.64335664
101,194,295,0.57617188,-0.31525424
85,199,284,0.5546875,-0.40140845
88,202,290,0.56640625,-0.39310345
47,242,289,0.56445312,-0.67474048
102,186,288,0.5625,-0.29166667
171,133,304,0.59375,0.125
132,152,284,0.5546875,-0.070422535
157,136,293,0.57226562,0.071672355
186,105,291,0.56835938,0.27835052
162,121,283,0.55273438,0.14487633
224,79,303,0.59179688,0.47854785
213,77,290,0.56640625,0.46896552
247,51,298,0.58203125,0.65771812
295,9,304,0.59375,0.94078947
246,36,282,0.55078125,0.74468085
262,22,284,0.5546875,0.84507042
243,35,278,0.54296875,0.74820144
241,55,296,0.578125,0.62837838
173,119,292,0.5703125,0.18493151
223,52,275,0.53710938,0.62181818
219,68,287,0.56054688,0.5261324
246,46,292,0.5703125,0.68493151
210,77,287,0.56054688,0.46341463
167,138,305,0.59570312,0.095081967
46,237,283,0.55273438,-0.67491166
24,277,301,0.58789062,-0.84053156
37,265,302,0.58984375,-0.75496689
46,247,293,0.57226562,-0.68600683
39,254,293,0.57226562,-0.7337884
37,250,287,0.56054688,-0.74216028
103,194,297,0.58007812,-0.30639731
206,87,293,0.57226562,0.40614334
159,132,291,0.56835938,0.092783505
235,46,281,0.54882812,0.67259786
193,85,278,0.54296875,0.38848921
127,163,290,0.56640625,-0.12413793
112,169,281,0.54882812,-0.20284698
107,166,273,0.53320312,-0.21611722
148,131,279,0.54492188,0.0609319
203,78,281,0.54882812,0.44483986
259,22,281,0.54882812,0.84341637
219,70,289,0.56445312,0.51557093
263,30,293,0.57226562,0.79522184
184,94,278,0.54296875,0.32374101
174,115,289,0.56445312,0.20415225
156,133,289,0.56445312,0.079584775
109,186,295,0.57617188,-0.26101695
160,112,272,0.53125,0.17647059
221,68,289,0.56445312,0.52941176
203,75,278,0.54296875,0.46043165
241,57,298,0.58203125,0.61744966
223,75,298,0.58203125,0.4966443
276,25,301,0.58789062,0.83388704
213,72,285,0.55664062,0.49473684
175,102,277,0.54101562,0.26353791
178,123,301,0.58789062,0.18272425
183,104,287,0.56054688,0.27526132
198,86,284,0.5546875,0.3943662
167,119,286,0.55859375,0.16783217
188,109,297,0.58007812,0.26599327
200,72,272,0.53125,0.47058824
216,77,293,0.57226562,0.47440273
250,51,301,0.58789062,0.66112957
232,51,283,0.55273438,0.63957597
277,11,288,0.5625,0.92361111
204,76,280,0.546875,0.45714286
224,70,294,0.57421875,0.52380952
191,99,290,0.56640625,0.31724138
206,79,285,0.55664062,0.44561404
186,103,289,0.56445312,0.28719723
123,154,277,0.54101562,-0.11191336
143,141,284,0.5546875,0.0070422535
172,121,293,0.57226562,0.17406143
176,125,301,0.58789062,0.16943522
201,85,286,0.55859375,0.40559441
156,133,289,0.56445312,0.079584775
272,26,298,0.58203125,0.82550336
258,34,292,0.5703125,0.76712329
215,58,273,0.53320312,0.57509158
143,136,279,0.54492188,0.025089606
138,157,295,0.57617188,-0.06440678
49,237,286,0.55859375,-0.65734266
137,149,286,0.55859375,-0.041958042
118,160,278,0.54296875,-0.15107914
171,109,280,0.546875,0.22142857
86,193,279,0.54492188,-0.38351254
67,203,270,0.52734375,-0.5037037
104,175,279,0.54492188,-0.25448029
72,217,289,0.56445312,-0.5017301
99,174,273,0.53320312,-0.27472527
46,262,308,0.6015625,-0.7012987
31,247,278,0.54296875,-0.77697842
39,252,291,0.56835938,-0.73195876
118,165,283,0.55273438,-0.16607774
87,201,288,0.5625,-0.39583333
20,276,296,0.578125,-0.86486486
62,224,286,0.55859375,-0.56643357
53,230,283,0.55273438,-0.6254417
107,175,282,0.55078125,-0.24113475
61,231,292,0.5703125,-0.58219178
36,267,303,0.59179688,-0.76237624
93,201,294,0.57421875,-0.36734694
130,161,291,0.56835938,-0.10652921
125,162,287,0.56054688,-0.12891986
120,166,286,0.55859375,-0.16083916
152,130,282,0.55078125,0.078014184
168,118,286,0.55859375,0.17482517
189,100,289,0.56445312,0.30795848
102,181,283,0.55273438,-0.27915194
145,146,291,0.56835938,-0.0034364261
212,90,302,0.58984375,0.40397351
201,99,300,0.5859375,0.34
206,90,296,0.578125,0.39189189
190,102,292,0.5703125,0.30136986
154,120,274,0.53515625,0.12408759
163,134,297,0.58007812,0.097643098
246,57,303,0.59179688,0.62376238
243,64,307,0.59960938,0.58306189
210,72,282,0.55078125,0.4893617
129,150,279,0.54492188,-0.075268817
192,98,290,0.56640625,0.32413793
121,167,288,0.5625,-0.15972222
149,132,281,0.54882812,0.060498221
101,179,280,0.546875,-0.27857143
30,263,293,0.57226562,-0.79522184
57,225,282,0.55078125,-0.59574468
88,199,287,0.56054688,-0.38675958
132,143,275,0.53710938,-0.04
236,52,288,0.5625,0.63888889
274,25,299,0.58398438,0.83277592
240,48,288,0.5625,0.66666667
220,65,285,0.55664062,0.54385965
217,79,296,0.578125,0.46621622
209,97,306,0.59765625,0.36601307
206,68,274,0.53515625,0.50364964
244,38,282,0.55078125,0.73049645
121,162,283,0.55273438,-0.14487633
85,203,288,0.5625,-0.40972222
32,260,292,0.5703125,-0.78082192
81,206,287,0.56054688,-0.43554007
113,178,291,0.56835938,-0.2233677
113,176,289,0.56445312,-0.21799308
143,144,287,0.56054688,-0.0034843206
99,179,278,0.54296875,-0.28776978
101,180,281,0.54882812,-0.28113879
101,179,280,0.546875,-0.27857143
36,245,281,0.54882812,-0.74377224
51,249,300,0.5859375,-0.66
94,186,280,0.546875,-0.32857143
86,195,281,0.54882812,-0.38790036
82,213,295,0.57617188,-0.4440678
34,254,288,0.5625,-0.76388889
65,221,286,0.55859375,-0.54545455
166,124,290,0.56640625,0.14482759
181,106,287,0.56054688,0.26132404
180,105,285,0.55664062,0.26315789
170,115,285,0.55664062,0.19298246
103,173,276,0.5390625,-0.25362319
118,156,274,0.53515625,-0.13868613
130,138,268,0.5234375,-0.029850746
201,97,298,0.58203125,0.34899329
174,123,297,0.58007812,0.17171717
61,214,275,0.53710938,-0.55636364
139,163,302,0.58984375,-0.079470199
175,111,286,0.55859375,0.22377622
187,89,276,0.5390625,0.35507246
204,72,276,0.5390625,0.47826087
220,69,289,0.56445312,0.52249135
226,57,283,0.55273438,0.59717314
220,64,284,0.5546875,0.54929577
167,116,283,0.55273438,0.18021201
215,74,289,0.56445312,0.48788927
147,132,279,0.54492188,0.053763441
98,188,286,0.55859375,-0.31468531
151,125,276,0.5390625,0.094202899
277,20,297,0.58007812,0.86531987
237,43,280,0.546875,0.69285714
264,30,294,0.57421875,0.79591837
233,45,278,0.54296875,0.67625899
209,65,274,0.53515625,0.52554745
209,71,280,0.546875,0.49285714
213,76,289,0.56445312,0.47404844
285,22,307,0.59960938,0.85667752
119,167,286,0.55859375,-0.16783217
41,242,283,0.55273438,-0.71024735
38,248,286,0.55859375,-0.73426573
52,226,278,0.54296875,-0.62589928
97,177,274,0.53515625,-0.2919708
70,216,286,0.55859375,-0.51048951
109,177,286,0.55859375,-0.23776224
166,116,282,0.55078125,0.17730496
180,105,285,0.55664062,0.26315789
188,102,290,0.56640625,0.29655172
140,152,292,0.5703125,-0.04109589
194,92,286,0.55859375,0.35664336
168,129,297,0.58007812,0.13131313
180,116,296,0.578125,0.21621622
174,106,280,0.546875,0.24285714
263,28,291,0.56835938,0.80756014
278,14,292,0.5703125,0.90410959
243,47,290,0.56640625,0.67586207
271,13,284,0.5546875,0.9084507
250,46,296,0.578125,0.68918919
186,108,294,0.57421875,0.26530612
151,137,288,0.5625,0.048611111
158,110,268,0.5234375,0.17910448
108,186,294,0.57421875,-0.26530612
144,144,288,0.5625,0
136,156,292,0.5703125,-0.068493151
163,110,273,0.53320312,0.19413919
192,97,289,0.56445312,0.32871972
213,69,282,0.55078125,0.5106383
220,76,296,0.578125,0.48648649
211,86,297,0.58007812,0.42087542
178,100,278,0.54296875,0.28057554
138,145,283,0.55273438,-0.024734982
149,125,274,0.53515625,0.087591241
106,185,291,0.56835938,-0.27147766
163,132,295,0.57617188,0.10508475
157,140,297,0.58007812,0.057239057
199,89,288,0.5625,0.38194444
118,170,288,0.5625,-0.18055556
219,77,296,0.578125,0.47972973
216,69,285,0.55664062,0.51578947
163,115,278,0.54296875,0.17266187
131,161,292,0.5703125,-0.10273973
169,120,289,0.56445312,0.16955017
166,115,281,0.54882812,0.18149466
182,92,274,0.53515625,0.32846715
236,51,287,0.56054688,0.6445993
233,55,288,0.5625,0.61805556
135,145,280,0.546875,-0.035714286
85,209,294,0.57421875,-0.42176871
58,224,282,0.55078125,-0.58865248
103,174,277,0.54101562,-0.25631769
74,225,299,0.58398438,-0.50501672
165,120,285,0.55664062,0.15789474
134,167,301,0.58789062,-0.10963455
99,184,283,0.55273438,-0.30035336
64,223,287,0.56054688,-0.55400697
82,210,292,0.5703125,-0.43835616
119,169,288,0.5625,-0.17361111
169,116,285,0.55664062,0.18596491
119,168,287,0.56054688,-0.17073171
174,105,279,0.54492188,0.24731183
170,118,288,0.5625,0.18055556
232,62,294,0.57421875,0.57823129
156,117,273,0.53320312,0.14285714
129,165,294,0.57421875,-0.12244898
88,201,289,0.56445312,-0.39100346
199,91,290,0.56640625,0.37241379
128,150,278,0.54296875,-0.079136691
85,188,273,0.53320312,-0.37728938
60,231,291,0.56835938,-0.58762887
60,230,290,0.56640625,-0.5862069
77,203,280,0.546875,-0.45
155,129,284,0.5546875,0.091549296
195,85,280,0.546875,0.39285714
249,52,301,0.58789062,0.65448505
155,134,289,0.56445312,0.07266436
163,124,287,0.56054688,0.1358885
101,179,280,0.546875,-0.27857143
125,168,293,0.57226562,-0.14675768
69,223,292,0.5703125,-0.52739726
135,154,289,0.56445312,-0.065743945
128,168,296,0.578125,-0.13513514
79,206,285,0.55664062,-0.44561404
80,207,287,0.56054688,-0.44250871
42,244,286,0.55859375,-0.70629371
52,241,293,0.57226562,-0.64505119
105,188,293,0.57226562,-0.28327645
98,192,290,0.56640625,-0.32413793
71,207,278,0.54296875,-0.48920863
25,259,284,0.5546875,-0.82394366
54,235,289,0.56445312,-0.62629758
70,200,270,0.52734375,-0.48148148
10,290,300,0.5859375,-0.93333333
49,242,291,0.56835938,-0.66323024
54,238,292,0.5703125,-0.63013699
84,200,284,0.5546875,-0.4084507
118,163,281,0.54882812,-0.16014235
117,176,293,0.57226562,-0.20136519
121,177,298,0.58203125,-0.18791946
109,166,275,0.53710938,-0.20727273
117,152,269,0.52539062,-0.13011152
102,178,280,0.546875,-0.27142857
107,173,280,0.546875,-0.23571429
132,145,277,0.54101562,-0.046931408
45,243,288,0.5625,-0.6875
100,199,299,0.58398438,-0.33110368
154,136,290,0.56640625,0.062068966
127,164,291,0.56835938,-0.12714777
183,109,292,0.5703125,0.25342466
163,122,285,0.55664062,0.14385965
200,94,294,0.57421875,0.36054422
189,101,290,0.56640625,0.30344828
147,136,283,0.55273438,0.038869258
206,76,282,0.55078125,0.46099291
201,92,293,0.57226562,0.37201365
201,92,293,0.57226562,0.37201365
190,90,280,0.546875,0.35714286
213,79,292,0.5703125,0.45890411
213,70,283,0.55273438,0.50530035
251,35,286,0.55859375,0.75524476
201,81,282,0.55078125,0.42553191
184,111,295,0.57617188,0.24745763
235,53,288,0.5625,0.63194444
263,24,287,0.56054688,0.83275261
254,46,300,0.5859375,0.69333333
222,65,287,0.56054688,0.54703833
235,52,287,0.56054688,0.63763066
167,116,283,0.55273438,0.18021201
91,180,271,0.52929688,-0.32841328
74,212,286,0.55859375,-0.48251748
76,217,293,0.57226562,-0.48122867
59,224,283,0.55273438,-0.58303887
25,246,271,0.52929688,-0.81549815
69,214,283,0.55273438,-0.51236749
105,186,291,0.56835938,-0.27835052
225,68,293,0.57226562,0.53583618
223,72,295,0.57617188,0.51186441
248,38,286,0.55859375,0.73426573
198,85,283,0.55273438,0.39929329
124,153,277,0.54101562,-0.10469314
121,169,290,0.56640625,-0.16551724
145,125,270,0.52734375,0.074074074
197,91,288,0.5625,0.36805556
244,44,288,0.5625,0.69444444
221,59,280,0.546875,0.57857143
204,92,296,0.578125,0.37837838
205,79,284,0.5546875,0.44366197
148,134,282,0.55078125,0.04964539
83,199,282,0.55078125,-0.41134752
89,200,289,0.56445312,-0.38408304
80,202,282,0.55078125,-0.43262411
109,181,290,0.56640625,-0.24827586
121,172,293,0.57226562,-0.17406143
132,146,278,0.54296875,-0.050359712
125,153,278,0.54296875,-0.10071942
89,208,297,0.58007812,-0.4006734
112,156,268,0.5234375,-0.1641791
114,168,282,0.55078125,-0.19148936
106,175,281,0.54882812,-0.2455516
67,219,286,0.55859375,-0.53146853
131,154,285,0.55664062,-0.080701754
154,129,283,0.55273438,0.088339223
113,173,286,0.55859375,-0.20979021
95,206,301,0.58789062,-0.36877076
47,241,288,0.5625,-0.67361111
70,203,273,0.53320312,-0.48717949
22,267,289,0.56445312,-0.84775087
36,253,289,0.56445312,-0.75086505
83,196,279,0.54492188,-0.40501792
60,224,284,0.5546875,-0.57746479
73,206,279,0.54492188,-0.47670251
89,201,290,0.56640625,-0.3862069
135,152,287,0.56054688,-0.059233449
130,166,296,0.578125,-0.12162162
129,157,286,0.55859375,-0.097902098
185,92,277,0.54101562,0.33574007
171,118,289,0.56445312,0.183391
199,85,284,0.5546875,0.40140845
215,71,286,0.55859375,0.5034965
195,82,277,0.54101562,0.40794224
272,27,299,0.58398438,0.81939799
246,54,300,0.5859375,0.64
257,42,299,0.58398438,0.71906355
248,38,286,0.55859375,0.73426573
235,60,295,0.57617188,0.59322034
88,209,297,0.58007812,-0.40740741
81,204,285,0.55664062,-0.43157895
39,252,291,0.56835938,-0.73195876
77,216,293,0.57226562,-0.47440273
32,262,294,0.57421875,-0.78231293
25,264,289,0.56445312,-0.82698962
45,249,294,0.57421875,-0.69387755
156,130,286,0.55859375,0.090909091
131,155,286,0.55859375,-0.083916084
89,202,291,0.56835938,-0.38831615
84,201,285,0.55664062,-0.41052632
70,204,274,0.53515625,-0.48905109
65,231,296,0.578125,-0.56081081
53,233,286,0.55859375,-0.62937063
90,203,293,0.57226562,-0.38566553
72,214,286,0.55859375,-0.4965035
38,243,281,0.54882812,-0.72953737
141,152,293,0.57226562,-0.037542662
138,144,282,0.55078125,-0.021276596
136,147,283,0.55273438,-0.038869258
129,166,295,0.57617188,-0.12542373
178,118,296,0.578125,0.2027027
223,60,283,0.55273438,0.57597173
235,54,289,0.56445312,0.62629758
133,163,296,0.578125,-0.10135135
99,191,290,0.56640625,-0.31724138
49,238,287,0.56054688,-0.65853659
142,151,293,0.57226562,-0.030716724
165,110,275,0.53710938,0.2
216,78,294,0.57421875,0.46938776
209,86,295,0.57617188,0.41694915
153,127,280,0.546875,0.092857143
157,121,278,0.54296875,0.1294964
195,81,276,0.5390625,0.41304348
140,147,287,0.56054688,-0.024390244
155,138,293,0.57226562,0.058020478
78,223,301,0.58789062,-0.48172757
62,227,289,0.56445312,-0.57093426
93,199,292,0.5703125,-0.3630137
114,162,276,0.5390625,-0.17391304
183,100,283,0.55273438,0.29328622
129,160,289,0.56445312,-0.10726644
101,187,288,0.5625,-0.29861111
163,123,286,0.55859375,0.13986014
102,202,304,0.59375,-0.32894737
87,197,284,0.5546875,-0.38732394
92,184,276,0.5390625,-0.33333333
99,195,294,0.57421875,-0.32653061
60,231,291,0.56835938,-0.58762887
25,258,283,0.55273438,-0.82332155
33,256,289,0.56445312,-0.7716263
77,208,285,0.55664062,-0.45964912
86,212,298,0.58203125,-0.42281879
118,183,301,0.58789062,-0.21594684
115,173,288,0.5625,-0.20138889
123,172,295,0.57617188,-0.16610169
28,246,274,0.53515625,-0.79562044
39,257,296,0.578125,-0.73648649
53,246,299,0.58398438,-0.64548495
12,286,298,0.58203125,-0.91946309
91,203,294,0.57421875,-0.38095238
124,171,295,0.57617188,-0.15932203
150,132,282,0.55078125,0.063829787
92,209,301,0.58789062,-0.38870432
76,200,276,0.5390625,-0.44927536
75,210,285,0.55664062,-0.47368421
122,152,274,0.53515625,-0.10948905
166,113,279,0.54492188,0.18996416
142,141,283,0.55273438,0.0035335689
198,89,287,0.56054688,0.37979094
209,86,295,0.57617188,0.41694915
257,42,299,0.58398438,0.71906355
228,71,299,0.58398438,0.52508361
212,72,284,0.5546875,0.49295775
162,106,268,0.5234375,0.20895522
187,91,278,0.54296875,0.34532374
206,88,294,0.57421875,0.40136054
232,59,291,0.56835938,0.59450172
205,80,285,0.55664062,0.43859649
160,126,286,0.55859375,0.11888112
101,188,289,0.56445312,-0.30103806
164,123,287,0.56054688,0.14285714
148,140,288,0.5625,0.027777778
104,183,287,0.56054688,-0.27526132
145,134,279,0.54492188,0.039426523
171,118,289,0.56445312,0.183391
124,145,269,0.52539062,-0.078066914
113,175,288,0.5625,-0.21527778
145,139,284,0.5546875,0.021126761
97,185,282,0.55078125,-0.31205674
80,211,291,0.56835938,-0.45017182
84,213,297,0.58007812,-0.43434343
90,197,287,0.56054688,-0.3728223
85,206,291,0.56835938,-0.41580756
46,270,316,0.6171875,-0.70886076
51,237,288,0.5625,-0.64583333
33,240,273,0.53320312,-0.75824176
19,260,279,0.54492188,-0.86379928
27,270,297,0.58007812,-0.81818182
55,232,287,0.56054688,-0.61672474
143,145,288,0.5625,-0.0069444444
192,100,292,0.5703125,0.31506849
120,175,295,0.57617188,-0.18644068
249,45,294,0.57421875,0.69387755
240,56,296,0.578125,0.62162162
259,34,293,0.57226562,0.76791809
266,29,295,0.57617188,0.80338983
193,98,291,0.56835938,0.32646048
222,69,291,0.56835938,0.5257732
259,46,305,0.59570312,0.69836066
281,21,302,0.58984375,0.86092715
217,74,291,0.56835938,0.49140893
189,98,287,0.56054688,0.31707317
191,91,282,0.55078125,0.35460993
182,100,282,0.55078125,0.29078014
186,104,290,0.56640625,0.28275862
143,148,291,0.56835938,-0.017182131
87,202,289,0.56445312,-0.39792388
112,166,278,0.54296875,-0.1942446
101,188,289,0.56445312,-0.30103806
47,247,294,0.57421875,-0.68027211
15,274,289,0.56445312,-0.89619377
70,213,283,0.55273438,-0.50530035
75,198,273,0.53320312,-0.45054945
80,198,278,0.54296875,-0.42446043
80,202,282,0.55078125,-0.43262411
132,160,292,0.5703125,-0.095890411
118,151,269,0.52539062,-0.12267658
80,196,276,0.5390625,-0.42028986
111,193,304,0.59375,-0.26973684
47,237,284,0.5546875,-0.66901408
105,174,279,0.54492188,-0.24731183
94,185,279,0.54492188,-0.32616487
111,177,288,0.5625,-0.22916667
116,173,289,0.56445312,-0.19723183
199,67,266,0.51953125,0.4962406
241,61,302,0.58984375,0.59602649
167,108,275,0.53710938,0.21454545
201,87,288,0.5625,0.39583333
150,141,291,0.56835938,0.030927835
179,113,292,0.5703125,0.2260274
103,186,289,0.56445312,-0.28719723
101,177,278,0.54296875,-0.27338129
73,223,296,0.578125,-0.50675676
74,202,276,0.5390625,-0.46376812
68,220,288,0.5625,-0.52777778
69,221,290,0.56640625,-0.52413793
72,224,296,0.578125,-0.51351351
45,249,294,0.57421875,-0.69387755
32,267,299,0.58398438,-0.78595318
50,243,293,0.57226562,-0.65870307
33,249,282,0.55078125,-0.76595745
83,209,292,0.5703125,-0.43150685
114,184,298,0.58203125,-0.23489933
163,129,292,0.5703125,0.11643836
168,112,280,0.546875,0.2
194,96,290,0.56640625,0.33793103
229,54,283,0.55273438,0.61837456
261,30,291,0.56835938,0.79381443
276,16,292,0.5703125,0.89041096
273,26,299,0.58398438,0.82608696
228,39,267,0.52148438,0.70786517
162,116,278,0.54296875,0.16546763
161,120,281,0.54882812,0.14590747
184,103,287,0.56054688,0.28222997
248,44,292,0.5703125,0.69863014
243,47,290,0.56640625,0.67586207
264,18,282,0.55078125,0.87234043
254,36,290,0.56640625,0.75172414
245,43,288,0.5625,0.70138889
212,62,274,0.53515625,0.54744526
210,81,291,0.56835938,0.44329897
161,129,290,0.56640625,0.11034483
208,61,269,0.52539062,0.5464684
106,173,279,0.54492188,-0.24014337
63,223,286,0.55859375,-0.55944056
79,200,279,0.54492188,-0.43369176
45,243,288,0.5625,-0.6875
59,241,300,0.5859375,-0.60666667
78,213,291,0.56835938,-0.46391753
112,190,302,0.58984375,-0.25827815
135,137,272,0.53125,-0.0073529412
145,144,289,0.56445312,0.0034602076
156,141,297,0.58007812,0.050505051
154,123,277,0.54101562,0.11191336
66,226,292,0.5703125,-0.54794521
116,185,301,0.58789062,-0.22923588
152,147,299,0.58398438,0.016722408
169,122,291,0.56835938,0.16151203
189,99,288,0.5625,0.3125
170,116,286,0.55859375,0.18881119
235,63,298,0.58203125,0.57718121
209,77,286,0.55859375,0.46153846
167,122,289,0.56445312,0.15570934
184,104,288,0.5625,0.27777778
156,127,283,0.55273438,0.1024735
173,113,286,0.55859375,0.20979021
221,60,281,0.54882812,0.57295374
157,127,284,0.5546875,0.1056338
132,143,275,0.53710938,-0.04
134,151,285,0.55664062,-0.059649123
114,171,285,0.55664062,-0.2
125,137,262,0.51171875,-0.045801527
246,45,291,0.56835938,0.69072165
267,19,286,0.55859375,0.86713287
212,75,287,0.56054688,0.47735192
231,47,278,0.54296875,0.6618705
193,95,288,0.5625,0.34027778
142,147,289,0.56445312,-0.017301038
97,200,297,0.58007812,-0.34680135
124,171,295,0.57617188,-0.15932203
101,178,279,0.54492188,-0.27598566
220,69,289,0.56445312,0.52249135
177,101,278,0.54296875,0.27338129
160,144,304,0.59375,0.052631579
257,24,281,0.54882812,0.82918149
227,67,294,0.57421875,0.54421769
234,42,276,0.5390625,0.69565217
238,45,283,0.55273438,0.6819788
247,53,300,0.5859375,0.64666667
271,21,292,0.5703125,0.85616438
219,67,286,0.55859375,0.53146853
204,92,296,0.578125,0.37837838
176,110,286,0.55859375,0.23076923
183,103,286,0.55859375,0.27972028
253,36,289,0.56445312,0.75086505
150,138,288,0.5625,0.041666667
145,145,290,0.56640625,0
226,74,300,0.5859375,0.50666667
142,161,303,0.59179688,-0.062706271
184,105,289,0.56445312,0.2733564
67,218,285,0.55664062,-0.52982456
50,239,289,0.56445312,-0.65397924
41,240,281,0.54882812,-0.70818505
11,285,296,0.578125,-0.92567568
58,230,288,0.5625,-0.59722222
176,106,282,0.55078125,0.24822695
220,71,291,0.56835938,0.51202749
219,83,302,0.58984375,0.45033113
164,115,279,0.54492188,0.17562724
140,147,287,0.56054688,-0.024390244
163,123,286,0.55859375,0.13986014
137,137,274,0.53515625,0
176,111,287,0.56054688,0.22648084
203,92,295,0.57617188,0.37627119
227,56,283,0.55273438,0.60424028
237,62,299,0.58398438,0.58528428
166,114,280,0.546875,0.18571429
182,105,287,0.56054688,0.26829268
246,47,293,0.57226562,0.67918089
197,97,294,0.57421875,0.34013605
174,114,288,0.5625,0.20833333
156,128,284,0.5546875,0.098591549
171,117,288,0.5625,0.1875
191,100,291,0.56835938,0.31271478
188,103,291,0.56835938,0.29209622
126,167,293,0.57226562,-0.13993174
135,137,272,0.53125,-0.0073529412
153,134,287,0.56054688,0.066202091
173,105,278,0.54296875,0.24460432
134,158,292,0.5703125,-0.082191781
81,206,287,0.56054688,-0.43554007
158,134,292,0.5703125,0.082191781
175,123,298,0.58203125,0.17449664
130,156,286,0.55859375,-0.090909091
154,135,289,0.56445312,0.065743945
140,132,272,0.53125,0.029411765
127,161,288,0.5625,-0.11805556
148,123,271,0.52929688,0.092250923
121,166,287,0.56054688,-0.15679443
130,134,264,0.515625,-0.015151515
60,226,286,0.55859375,-0.58041958
98,191,289,0.56445312,-0.32179931
127,160,287,0.56054688,-0.11498258
143,142,285,0.55664062,0.0035087719
209,84,293,0.57226562,0.42662116
183,94,277,0.54101562,0.32129964
158,134,292,0.5703125,0.082191781
94,182,276,0.5390625,-0.31884058
131,149,280,0.546875,-0.064285714
112,176,288,0.5625,-0.22222222
81,211,292,0.5703125,-0.44520548
74,218,292,0.5703125,-0.49315068
131,144,275,0.53710938,-0.047272727
101,193,294,0.57421875,-0.31292517
61,231,292,0.5703125,-0.58219178
57,223,280,0.546875,-0.59285714
85,197,282,0.55078125,-0.39716312
65,222,287,0.56054688,-0.54703833
144,151,295,0.57617188,-0.023728814
120,165,285,0.55664062,-0.15789474
67,228,295,0.57617188,-0.54576271
50,251,301,0.58789062,-0.66777409
23,259,282,0.55078125,-0.83687943
78,202,280,0.546875,-0.44285714
157,134,291,0.56835938,0.079037801
112,179,291,0.56835938,-0.23024055
2,302,304,0.59375,-0.98684211
124,161,285,0.55664062,-0.12982456
163,120,283,0.55273438,0.15194346
152,140,292,0.5703125,0.04109589
112,177,289,0.56445312,-0.22491349
124,153,277,0.54101562,-0.10469314
185,95,280,0.546875,0.32142857
216,64,280,0.546875,0.54285714
188,97,285,0.55664062,0.31929825
184,102,286,0.55859375,0.28671329
208,86,294,0.57421875,0.41496599
228,48,276,0.5390625,0.65217391
261,40,301,0.58789062,0.73421927
189,104,293,0.57226562,0.29010239
122,158,280,0.546875,-0.12857143
146,134,280,0.546875,0.042857143
104,183,287,0.56054688,-0.27526132
135,143,278,0.54296875,-0.028776978
132,141,273,0.53320312,-0.032967033
191,86,277,0.54101562,0.37906137
230,59,289,0.56445312,0.5916955
206,80,286,0.55859375,0.44055944
260,29,289,0.56445312,0.79930796
209,82,291,0.56835938,0.43642612
151,129,280,0.546875,0.078571429
167,106,273,0.53320312,0.22344322
129,162,291,0.56835938,-0.11340206
124,166,290,0.56640625,-0.14482759
167,114,281,0.54882812,0.1886121
132,161,293,0.57226562,-0.098976109
193,94,287,0.56054688,0.34494774
113,183,296,0.578125,-0.23648649
203,89,292,0.5703125,0.39041096
189,83,272,0.53125,0.38970588
206,79,285,0.55664062,0.44561404
109,185,294,0.57421875,-0.2585034
190,99,289,0.56445312,0.31487889
173,110,283,0.55273438,0.22261484
199,88,287,0.56054688,0.38675958
174,107,281,0.54882812,0.23843416
191,88,279,0.54492188,0.36917563
225,62,287,0.56054688,0.56794425
134,154,288,0.5625,-0.069444444
144,116,260,0.5078125,0.10769231
165,121,286,0.55859375,0.15384615
171,118,289,0.56445312,0.183391
141,133,274,0.53515625,0.02919708
83,190,273,0.53320312,-0.39194139
69,225,294,0.57421875,-0.53061224
123,160,283,0.55273438,-0.13074205
179,109,288,0.5625,0.24305556
131,154,285,0.55664062,-0.080701754
74,211,285,0.55664062,-0.48070175
52,229,281,0.54882812,-0.62989324
10,293,303,0.59179688,-0.9339934
80,197,277,0.54101562,-0.42238267
52,235,287,0.56054688,-0.63763066
41,256,297,0.58007812,-0.72390572
87,208,295,0.57617188,-0.41016949
80,205,285,0.55664062,-0.43859649
131,158,289,0.56445312,-0.093425606
84,210,294,0.57421875,-0.42857143
89,191,280,0.546875,-0.36428571
101,196,297,0.58007812,-0.31986532
67,227,294,0.57421875,-0.54421769
107,183,290,0.56640625,-0.26206897
166,131,297,0.58007812,0.11784512
186,94,280,0.546875,0.32857143
193,90,283,0.55273438,0.3639576
215,84,299,0.58398438,0.43812709
192,100,292,0.5703125,0.31506849
194,102,296,0.578125,0.31081081
176,126,302,0.58984375,0.16556291
116,168,284,0.5546875,-0.18309859
107,179,286,0.55859375,-0.25174825
72,200,272,0.53125,-0.47058824
84,202,286,0.55859375,-0.41258741
88,206,294,0.57421875,-0.40136054
92,200,292,0.5703125,-0.36986301
73,222,295,0.57617188,-0.50508475
88,202,290,0.56640625,-0.39310345
176,117,293,0.57226562,0.20136519
206,79,285,0.55664062,0.44561404
216,67,283,0.55273438,0.52650177
220,77,297,0.58007812,0.48148148
202,77,279,0.54492188,0.44802867
220,65,285,0.55664062,0.54385965
212,70,282,0.55078125,0.5035461
128,159,287,0.56054688,-0.10801394
130,167,297,0.58007812,-0.12457912
152,143,295,0.57617188,0.030508475
191,89,280,0.546875,0.36428571
183,108,291,0.56835938,0.25773196
226,57,283,0.55273438,0.59717314
251,41,292,0.5703125,0.71917808
265,12,277,0.54101562,0.9133574
259,32,291,0.56835938,0.78006873
196,98,294,0.57421875,0.33333333
210,62,272,0.53125,0.54411765
228,67,295,0.57617188,0.54576271
154,129,283,0.55273438,0.088339223
89,208,297,0.58007812,-0.4006734
155,122,277,0.54101562,0.11913357
162,123,285,0.55664062,0.13684211
90,193,283,0.55273438,-0.3639576
60,227,287,0.56054688,-0.58188153
54,225,279,0.54492188,-0.61290323
67,222,289,0.56445312,-0.53633218
34,257,291,0.56835938,-0.76632302
92,200,292,0.5703125,-0.36986301
108,191,299,0.58398438,-0.27759197
89,194,283,0.55273438,-0.37102473
181,119,300,0.5859375,0.20666667
185,111,296,0.578125,0.25
166,119,285,0.55664062,0.16491228
182,88,270,0.52734375,0.34814815
151,148,299,0.58398438,0.010033445
150,135,285,0.55664062,0.052631579
85,210,295,0.57617188,-0.42372881
126,164,290,0.56640625,-0.13103448
108,188,296,0.578125,-0.27027027
173,121,294,0.57421875,0.17687075
126,155,281,0.54882812,-0.10320285
81,202,283,0.55273438,-0.42756184
109,175,284,0.5546875,-0.23239437
146,147,293,0.57226562,-0.0034129693
77,212,289,0.56445312,-0.46712803
92,197,289,0.56445312,-0.3633218
75,196,271,0.52929688,-0.44649446
108,172,280,0.546875,-0.22857143
187,106,293,0.57226562,0.27645051
221,74,295,0.57617188,0.49830508
146,121,267,0.52148438,0.093632959
152,125,277,0.54101562,0.097472924
157,133,290,0.56640625,0.082758621
146,133,279,0.54492188,0.046594982
77,207,284,0.5546875,-0.45774648
156,120,276,0.5390625,0.13043478
143,139,282,0.55078125,0.014184397
191,104,295,0.57617188,0.29491525
161,122,283,0.55273438,0.13780919
148,138,286,0.55859375,0.034965035
148,143,291,0.56835938,0.017182131
42,248,290,0.56640625,-0.71034483
39,252,291,0.56835938,-0.73195876
83,211,294,0.57421875,-0.43537415
45,244,289,0.56445312,-0.68858131
114,170,284,0.5546875,-0.1971831
54,241,295,0.57617188,-0.63389831
77,215,292,0.5703125,-0.47260274
91,192,283,0.55273438,-0.35689046
108,181,289,0.56445312,-0.25259516
72,209,281,0.54882812,-0.48754448
49,247,296,0.578125,-0.66891892
103,161,264,0.515625,-0.21969697
85,208,293,0.57226562,-0.41979522
125,159,284,0.5546875,-0.11971831
189,91,280,0.546875,0.35
176,114,290,0.56640625,0.2137931
174,130,304,0.59375,0.14473684
188,102,290,0.56640625,0.29655172
239,67,306,0.59765625,0.5620915
147,143,290,0.56640625,0.013793103
118,162,280,0.546875,-0.15714286
117,163,280,0.546875,-0.16428571
194,98,292,0.5703125,0.32876712
106,163,269,0.52539062,-0.21189591
119,171,290,0.56640625,-0.17931034
72,209,281,0.54882812,-0.48754448
143,159,302,0.58984375,-0.052980132
170,115,285,0.55664062,0.19298246
145,140,285,0.55664062,0.01754386
72,219,291,0.56835938,-0.50515464
163,132,295,0.57617188,0.10508475
80,213,293,0.57226562,-0.45392491
111,194,305,0.59570312,-0.27213115
164,117,281,0.54882812,0.16725979
148,135,283,0.55273438,0.045936396
218,76,294,0.57421875,0.4829932
128,153,281,0.54882812,-0.088967972
189,90,279,0.54492188,0.35483871
119,171,290,0.56640625,-0.17931034
69,220,289,0.56445312,-0.52249135
54,235,289,0.56445312,-0.62629758
58,237,295,0.57617188,-0.60677966
147,145,292,0.5703125,0.0068493151
156,138,294,0.57421875,0.06122449
173,118,291,0.56835938,0.18900344
226,64,290,0.56640625,0.55862069
198,96,294,0.57421875,0.34693878
202,80,282,0.55078125,0.43262411
208,80,288,0.5625,0.44444444
182,108,290,0.56640625,0.25517241
147,135,282,0.55078125,0.042553191
91,197,288,0.5625,-0.36805556
83,218,301,0.58789062,-0.44850498
100,187,287,0.56054688,-0.30313589
62,230,292,0.5703125,-0.57534247
34,249,283,0.55273438,-0.75971731
79,205,284,0.5546875,-0.44366197
106,169,275,0.53710938,-0.22909091
196,85,281,0.54882812,0.39501779
190,86,276,0.5390625,0.37681159
190,94,284,0.5546875,0.33802817
163,112,275,0.53710938,0.18545455
116,180,296,0.578125,-0.21621622
108,179,287,0.56054688,-0.24738676
145,148,293,0.57226562,-0.010238908
118,172,290,0.56640625,-0.1862069
92,200,292,0.5703125,-0.36986301
49,238,287,0.56054688,-0.65853659
89,198,287,0.56054688,-0.37979094
95,194,289,0.56445312,-0.34256055
49,234,283,0.55273438,-0.65371025
112,169,281,0.54882812,-0.20284698
163,129,292,0.5703125,0.11643836
212,67,279,0.54492188,0.51971326
200,82,282,0.55078125,0.41843972
165,117,282,0.55078125,0.17021277
150,137,287,0.56054688,0.045296167
204,86,290,0.56640625,0.40689655
222,62,284,0.5546875,0.56338028
51,231,282,0.55078125,-0.63829787
160,145,305,0.59570312,0.049180328
178,87,265,0.51757812,0.34339623
103,179,282,0.55078125,-0.26950355
105,187,292,0.5703125,-0.28082192
96,194,290,0.56640625,-0.33793103
109,170,279,0.54492188,-0.21863799
124,176,300,0.5859375,-0.17333333
141,154,295,0.57617188,-0.044067797
64,210,274,0.53515625,-0.53284672
37,249,286,0.55859375,-0.74125874
29,264,293,0.57226562,-0.80204778
135,155,290,0.56640625,-0.068965517
144,143,287,0.56054688,0.0034843206
98,184,282,0.55078125,-0.30496454
154,133,287,0.56054688,0.073170732
137,152,289,0.56445312,-0.051903114
90,189,279,0.54492188,-0.35483871
108,165,273,0.53320312,-0.20879121
47,237,284,0.5546875,-0.66901408
35,247,282,0.55078125,-0.75177305
18,272,290,0.56640625,-0.87586207
50,234,284,0.5546875,-0.64788732
108,194,302,0.58984375,-0.28476821
61,226,287,0.56054688,-0.57491289
59,222,281,0.54882812,-0.58007117
47,250,297,0.58007812,-0.68350168
65,217,282,0.55078125,-0.53900709
121,166,287,0.56054688,-0.15679443
65,214,279,0.54492188,-0.53405018
56,214,270,0.52734375,-0.58518519
70,223,293,0.57226562,-0.5221843
34,256,290,0.56640625,-0.76551724
54,229,283,0.55273438,-0.61837456
124,154,278,0.54296875,-0.10791367
224,76,300,0.5859375,0.49333333
207,86,293,0.57226562,0.41296928
122,169,291,0.56835938,-0.16151203
140,140,280,0.546875,0
154,136,290,0.56640625,0.062068966
204,72,276,0.5390625,0.47826087
257,32,289,0.56445312,0.77854671
199,93,292,0.5703125,0.3630137
139,148,287,0.56054688,-0.031358885
133,152,285,0.55664062,-0.066666667
199,81,280,0.546875,0.42142857
102,186,288,0.5625,-0.29166667
180,105,285,0.55664062,0.26315789
98,199,297,0.58007812,-0.34006734
63,206,269,0.52539062,-0.53159851
52,242,294,0.57421875,-0.6462585
101,179,280,0.546875,-0.27857143
45,238,283,0.55273438,-0.6819788
80,220,300,0.5859375,-0.46666667
129,166,295,0.57617188,-0.12542373
127,152,279,0.54492188,-0.089605735
95,194,289,0.56445312,-0.34256055
168,122,290,0.56640625,0.15862069
151,128,279,0.54492188,0.082437276
172,112,284,0.5546875,0.21126761
156,136,292,0.5703125,0.068493151
188,87,275,0.53710938,0.36727273
132,162,294,0.57421875,-0.10204082
141,138,279,0.54492188,0.010752688
56,229,285,0.55664062,-0.60701754
67,213,280,0.546875,-0.52142857
47,237,284,0.5546875,-0.66901408
19,267,286,0.55859375,-0.86713287
107,181,288,0.5625,-0.25694444
106,168,274,0.53515625,-0.22627737
89,214,303,0.59179688,-0.41254125
116,177,293,0.57226562,-0.20819113
159,130,289,0.56445312,0.10034602
138,141,279,0.54492188,-0.010752688
192,95,287,0.56054688,0.33797909
142,138,280,0.546875,0.014285714
152,147,299,0.58398438,0.016722408
166,128,294,0.57421875,0.1292517
210,73,283,0.55273438,0.48409894
217,78,295,0.57617188,0.47118644
193,114,307,0.59960938,0.25732899
188,101,289,0.56445312,0.30103806
214,76,290,0.56640625,0.47586207
266,36,302,0.58984375,0.7615894
255,26,281,0.54882812,0.81494662
230,48,278,0.54296875,0.65467626
256,33,289,0.56445312,0.7716263
203,83,286,0.55859375,0.41958042
186,90,276,0.5390625,0.34782609
197,95,292,0.5703125,0.34931507
133,146,279,0.54492188,-0.046594982
113,179,292,0.5703125,-0.2260274
90,202,292,0.5703125,-0.38356164
67,222,289,0.56445312,-0.53633218
50,247,297,0.58007812,-0.66329966
20,272,292,0.5703125,-0.8630137
42,243,285,0.55664062,-0.70526316
94,195,289,0.56445312,-0.34948097
71,219,290,0.56640625,-0.51034483
66,211,277,0.54101562,-0.5234657
124,178,302,0.58984375,-0.17880795
147,128,275,0.53710938,0.069090909
187,93,280,0.546875,0.33571429
97,190,287,0.56054688,-0.32404181
148,138,286,0.55859375,0.034965035
187,95,282,0.55078125,0.32624113
182,100,282,0.55078125,0.29078014
188,109,297,0.58007812,0.26599327
137,158,295,0.57617188,-0.071186441
164,115,279,0.54492188,0.17562724
173,115,288,0.5625,0.20138889
105,178,283,0.55273438,-0.25795053
154,133,287,0.56054688,0.073170732
164,115,279,0.54492188,0.17562724
130,145,275,0.53710938,-0.054545455
80,212,292,0.5703125,-0.45205479
215,56,271,0.52929688,0.58671587
250,49,299,0.58398438,0.6722408
214,75,289,0.56445312,0.48096886
103,184,287,0.56054688,-0.28222997
116,164,280,0.546875,-0.17142857
128,162,290,0.56640625,-0.11724138
182,98,280,0.546875,0.3
134,150,284,0.5546875,-0.056338028
47,248,295,0.57617188,-0.68135593
95,202,297,0.58007812,-0.36026936
124,159,283,0.55273438,-0.12367491
45,244,289,0.56445312,-0.68858131
44,232,276,0.5390625,-0.68115942
17,278,295,0.57617188,-0.88474576
87,201,288,0.5625,-0.39583333
88,198,286,0.55859375,-0.38461538
218,72,290,0.56640625,0.50344828
182,103,285,0.55664062,0.27719298
200,88,288,0.5625,0.38888889
215,74,289,0.56445312,0.48788927
241,54,295,0.57617188,0.63389831
270,18,288,0.5625,0.875
212,94,306,0.59765625,0.38562092
188,99,287,0.56054688,0.31010453
176,120,296,0.578125,0.18918919
186,96,282,0.55078125,0.31914894
228,61,289,0.56445312,0.57785467
268,28,296,0.578125,0.81081081
259,27,286,0.55859375,0.81118881
145,136,281,0.54882812,0.03202847
217,77,294,0.57421875,0.47619048
186,100,286,0.55859375,0.3006993
125,154,279,0.54492188,-0.10394265
132,147,279,0.54492188,-0.053763441
85,193,278,0.54296875,-0.38848921
96,190,286,0.55859375,-0.32867133
69,204,273,0.53320312,-0.49450549
71,209,280,0.546875,-0.49285714
70,192,262,0.51171875,-0.46564885
139,147,286,0.55859375,-0.027972028
121,160,281,0.54882812,-0.13879004
174,115,289,0.56445312,0.20415225
115,179,294,0.57421875,-0.21768707
116,161,277,0.54101562,-0.16245487
276,26,302,0.58984375,0.82781457
218,80,298,0.58203125,0.46308725
158,131,289,0.56445312,0.093425606
176,109,285,0.55664062,0.23508772
114,169,283,0.55273438,-0.19434629
80,209,289,0.56445312,-0.44636678
53,241,294,0.57421875,-0.63945578
120,179,299,0.58398438,-0.19732441
119,171,290,0.56640625,-0.17931034
55,241,296,0.578125,-0.62837838
62,220,282,0.55078125,-0.56028369
212,92,304,0.59375,0.39473684
203,92,295,0.57617188,0.37627119
194,86,280,0.546875,0.38571429
219,52,271,0.52929688,0.61623616
163,128,291,0.56835938,0.12027491
119,173,292,0.5703125,-0.18493151
229,56,285,0.55664062,0.60701754
171,121,292,0.5703125,0.17123288
231,46,277,0.54101562,0.66787004
199,86,285,0.55664062,0.39649123
138,133,271,0.52929688,0.018450185
171,123,294,0.57421875,0.16326531
150,122,272,0.53125,0.10294118
166,136,302,0.58984375,0.099337748
283,7,290,0.56640625,0.95172414
256,45,301,0.58789062,0.70099668
197,96,293,0.57226562,0.3447099
148,138,286,0.55859375,0.034965035
182,90,272,0.53125,0.33823529
211,72,283,0.55273438,0.49116608
150,142,292,0.5703125,0.02739726
170,119,289,0.56445312,0.17647059
60,226,286,0.55859375,-0.58041958
61,233,294,0.57421875,-0.58503401
90,198,288,0.5625,-0.375
85,209,294,0.57421875,-0.42176871
132,162,294,0.57421875,-0.10204082
182,92,274,0.53515625,0.32846715
148,139,287,0.56054688,0.031358885
112,166,278,0.54296875,-0.1942446
198,101,299,0.58398438,0.32441472
190,83,273,0.53320312,0.39194139
179,105,284,0.5546875,0.26056338
175,103,278,0.54296875,0.25899281
150,126,276,0.5390625,0.086956522
231,57,288,0.5625,0.60416667
244,38,282,0.55078125,0.73049645
139,137,276,0.5390625,0.0072463768
254,33,287,0.56054688,0.77003484
279,15,294,0.57421875,0.89795918
256,27,283,0.55273438,0.80918728
253,40,293,0.57226562,0.72696246
207,74,281,0.54882812,0.47330961
181,107,288,0.5625,0.25694444
150,137,287,0.56054688,0.045296167
200,95,295,0.57617188,0.3559322
190,101,291,0.56835938,0.30584192
175,116,291,0.56835938,0.20274914
153,135,288,0.5625,0.0625
88,202,290,0.56640625,-0.39310345
109,186,295,0.57617188,-0.26101695
90,205,295,0.57617188,-0.38983051
173,111,284,0.5546875,0.21830986
145,142,287,0.56054688,0.010452962
81,205,286,0.55859375,-0.43356643
46,255,301,0.58789062,-0.69435216
56,220,276,0.5390625,-0.5942029
49,232,281,0.54882812,-0.65124555
39,247,286,0.55859375,-0.72727273
58,226,284,0.5546875,-0.5915493
88,198,286,0.55859375,-0.38461538
152,139,291,0.56835938,0.04467354
194,100,294,0.57421875,0.31972789
194,88,282,0.55078125,0.37588652
179,102,281,0.54882812,0.27402135
205,83,288,0.5625,0.42361111
248,48,296,0.578125,0.67567568
184,102,286,0.55859375,0.28671329
92,192,284,0.5546875,-0.35211268
93,199,292,0.5703125,-0.3630137
124,174,298,0.58203125,-0.16778523
128,161,289,0.56445312,-0.11418685
79,206,285,0.55664062,-0.44561404
124,161,285,0.55664062,-0.12982456
60,224,284,0.5546875,-0.57746479
76,204,280,0.546875,-0.45714286
186,107,293,0.57226562,0.26962457
150,140,290,0.56640625,0.034482759
158,132,290,0.56640625,0.089655172
121,165,286,0.55859375,-0.15384615
134,162,296,0.578125,-0.094594595
94,187,281,0.54882812,-0.33096085
169,123,292,0.5703125,0.15753425
153,140,293,0.57226562,0.044368601
181,104,285,0.55664062,0.27017544
184,108,292,0.5703125,0.26027397
150,138,288,0.5625,0.041666667
161,138,299,0.58398438,0.076923077
83,206,289,0.56445312,-0.42560554
110,171,281,0.54882812,-0.21708185
95,186,281,0.54882812,-0.32384342
111,183,294,0.57421875,-0.24489796
68,222,290,0.56640625,-0.53103448
135,150,285,0.55664062,-0.052631579
190,103,293,0.57226562,0.29692833
153,130,283,0.55273438,0.081272085
205,77,282,0.55078125,0.45390071
136,150,286,0.55859375,-0.048951049
74,196,270,0.52734375,-0.45185185
171,105,276,0.5390625,0.23913043
199,78,277,0.54101562,0.4368231
154,132,286,0.55859375,0.076923077
191,95,286,0.55859375,0.33566434
247,40,287,0.56054688,0.72125436
203,81,284,0.5546875,0.42957746
195,100,295,0.57617188,0.3220339
167,114,281,0.54882812,0.1886121
164,126,290,0.56640625,0.13103448
164,121,285,0.55664062,0.15087719
152,125,277,0.54101562,0.097472924
199,89,288,0.5625,0.38194444
252,45,297,0.58007812,0.6969697
224,55,279,0.54492188,0.60573477
121,172,293,0.57226562,-0.17406143
104,181,285,0.55664062,-0.27017544
142,135,277,0.54101562,0.025270758
123,156,279,0.54492188,-0.11827957
127,164,291,0.56835938,-0.12714777
127,166,293,0.57226562,-0.1331058
115,180,295,0.57617188,-0.22033898
184,107,291,0.56835938,0.26460481
241,55,296,0.578125,0.62837838
184,107,291,0.56835938,0.26460481
127,153,280,0.546875,-0.092857143
126,162,288,0.5625,-0.125
203,93,296,0.578125,0.37162162
178,111,289,0.56445312,0.23183391
263,30,293,0.57226562,0.79522184
210,78,288,0.5625,0.45833333
190,91,281,0.54882812,0.35231317
213,63,276,0.5390625,0.54347826
250,63,313,0.61132812,0.59744409
194,98,292,0.5703125,0.32876712
166,115,281,0.54882812,0.18149466
216,73,289,0.56445312,0.49480969
227,51,278,0.54296875,0.63309353
175,114,289,0.56445312,0.21107266
122,158,280,0.546875,-0.12857143
136,159,295,0.57617188,-0.077966102
126,148,274,0.53515625,-0.080291971
106,175,281,0.54882812,-0.2455516
132,160,292,0.5703125,-0.095890411
147,146,293,0.57226562,0.0034129693
219,72,291,0.56835938,0.50515464
188,89,277,0.54101562,0.35740072
130,161,291,0.56835938,-0.10652921
128,167,295,0.57617188,-0.13220339
121,167,288,0.5625,-0.15972222
142,162,304,0.59375,-0.065789474
167,117,284,0.5546875,0.17605634
129,144,273,0.53320312,-0.054945055
187,104,291,0.56835938,0.28522337
194,102,296,0.578125,0.31081081
132,164,296,0.578125,-0.10810811
146,141,287,0.56054688,0.017421603
147,139,286,0.55859375,0.027972028
136,152,288,0.5625,-0.055555556
202,98,300,0.5859375,0.34666667
136,156,292,0.5703125,-0.068493151
200,85,285,0.55664062,0.40350877
209,73,282,0.55078125,0.4822695
219,65,284,0.5546875,0.54225352
240,54,294,0.57421875,0.63265306
225,57,282,0.55078125,0.59574468
188,88,276,0.5390625,0.36231884
193,101,294,0.57421875,0.31292517
166,126,292,0.5703125,0.1369863
254,40,294,0.57421875,0.72789116
201,90,291,0.56835938,0.3814433
188,99,287,0.56054688,0.31010453
226,62,288,0.5625,0.56944444
186,101,287,0.56054688,0.29616725
168,133,301,0.58789062,0.11627907
76,197,273,0.53320312,-0.44322344
61,221,282,0.55078125,-0.56737589
28,255,283,0.55273438,-0.80212014
71,221,292,0.5703125,-0.51369863
16,284,300,0.5859375,-0.89333333
137,156,293,0.57226562,-0.064846416
104,178,282,0.55078125,-0.26241135
125,146,271,0.52929688,-0.077490775
124,156,280,0.546875,-0.11428571
180,114,294,0.57421875,0.2244898
163,118,281,0.54882812,0.16014235
167,119,286,0.55859375,0.16783217
170,110,280,0.546875,0.21428571
160,122,282,0.55078125,0.13475177
223,79,302,0.58984375,0.47682119
204,88,292,0.5703125,0.39726027
255,42,297,0.58007812,0.71717172
206,70,276,0.5390625,0.49275362
230,64,294,0.57421875,0.56462585
182,109,291,0.56835938,0.25085911
256,40,296,0.578125,0.72972973
274,17,291,0.56835938,0.88316151
286,17,303,0.59179688,0.88778878
263,37,300,0.5859375,0.75333333
257,46,303,0.59179688,0.69636964
262,31,293,0.57226562,0.7883959
201,82,283,0.55273438,0.4204947
133,164,297,0.58007812,-0.1043771
147,132,279,0.54492188,0.053763441
144,133,277,0.54101562,0.039711191
180,117,297,0.58007812,0.21212121
82,189,271,0.52929688,-0.39483395
66,219,285,0.55664062,-0.53684211
23,272,295,0.57617188,-0.8440678
93,192,285,0.55664062,-0.34736842
36,261,297,0.58007812,-0.75757576
79,217,296,0.578125,-0.46621622
118,173,291,0.56835938,-0.18900344
153,154,307,0.59960938,-0.003257329
135,144,279,0.54492188,-0.032258065
126,157,283,0.55273438,-0.10954064
115,178,293,0.57226562,-0.21501706
122,179,301,0.58789062,-0.18936877
157,135,292,0.5703125,0.075342466
193,99,292,0.5703125,0.32191781
199,88,287,0.56054688,0.38675958
226,52,278,0.54296875,0.62589928
194,95,289,0.56445312,0.34256055
264,44,308,0.6015625,0.71428571
208,80,288,0.5625,0.44444444
172,106,278,0.54296875,0.23741007
150,150,300,0.5859375,0
167,128,295,0.57617188,0.13220339
139,134,273,0.53320312,0.018315018
139,142,281,0.54882812,-0.010676157
192,115,307,0.59960938,0.25081433
92,194,286,0.55859375,-0.35664336
64,235,299,0.58398438,-0.57190635
36,250,286,0.55859375,-0.74825175
39,257,296,0.578125,-0.73648649
92,200,292,0.5703125,-0.36986301
87,202,289,0.56445312,-0.39792388
112,169,281,0.54882812,-0.20284698
126,153,279,0.54492188,-0.096774194
81,220,301,0.58789062,-0.46179402
63,240,303,0.59179688,-0.58415842
54,245,299,0.58398438,-0.63879599
56,227,283,0.55273438,-0.60424028
202,73,275,0.53710938,0.46909091
201,83,284,0.5546875,0.41549296
182,103,285,0.55664062,0.27719298
171,124,295,0.57617188,0.15932203
118,169,287,0.56054688,-0.17770035
195,96,291,0.56835938,0.34020619
98,189,287,0.56054688,-0.31707317
96,189,285,0.55664062,-0.32631579
59,235,294,0.57421875,-0.59863946
84,212,296,0.578125,-0.43243243
35,264,299,0.58398438,-0.76588629
72,214,286,0.55859375,-0.4965035
47,237,284,0.5546875,-0.66901408
100,200,300,0.5859375,-0.33333333
57,241,298,0.58203125,-0.61744966
140,151,291,0.56835938,-0.037800687
165,121,286,0.55859375,0.15384615
151,139,290,0.56640625,0.04137931
201,89,290,0.56640625,0.3862069
195,78,273,0.53320312,0.42857143
205,85,290,0.56640625,0.4137931
199,86,285,0.55664062,0.39649123
165,111,276,0.5390625,0.19565217
157,131,288,0.5625,0.090277778
71,231,302,0.58984375,-0.52980132
98,185,283,0.55273438,-0.30742049
70,211,281,0.54882812,-0.50177936
93,182,275,0.53710938,-0.32363636
110,184,294,0.57421875,-0.25170068
72,219,291,0.56835938,-0.50515464
102,193,295,0.57617188,-0.30847458
126,151,277,0.54101562,-0.090252708
141,157,298,0.58203125,-0.053691275
174,114,288,0.5625,0.20833333
84,216,300,0.5859375,-0.44
119,161,280,0.546875,-0.15
189,97,286,0.55859375,0.32167832
155,144,299,0.58398438,0.036789298
81,215,296,0.578125,-0.4527027
28,272,300,0.5859375,-0.81333333
33,249,282,0.55078125,-0.76595745
45,243,288,0.5625,-0.6875
40,254,294,0.57421875,-0.72789116
22,271,293,0.57226562,-0.84982935
77,195,272,0.53125,-0.43382353
178,135,313,0.61132812,0.13738019
130,147,277,0.54101562,-0.061371841
149,138,287,0.56054688,0.038327526
162,118,280,0.546875,0.15714286
94,191,285,0.55664062,-0.34035088
176,110,286,0.55859375,0.23076923
223,68,291,0.56835938,0.53264605
224,70,294,0.57421875,0.52380952
223,56,279,0.54492188,0.59856631
151,125,276,0.5390625,0.094202899
86,200,286,0.55859375,-0.3986014
77,214,291,0.56835938,-0.47079038
84,197,281,0.54882812,-0.40213523
84,195,279,0.54492188,-0.39784946
30,266,296,0.578125,-0.7972973
41,257,298,0.58203125,-0.72483221
78,209,287,0.56054688,-0.45644599
80,217,297,0.58007812,-0.46127946
69,216,285,0.55664062,-0.51578947
88,202,290,0.56640625,-0.39310345
147,138,285,0.55664062,0.031578947
129,148,277,0.54101562,-0.068592058
108,175,283,0.55273438,-0.23674912
109,186,295,0.57617188,-0.26101695
242,53,295,0.57617188,0.64067797
271,17,288,0.5625,0.88194444
209,70,279,0.54492188,0.49820789
188,100,288,0.5625,0.30555556
146,134,280,0.546875,0.042857143
200,82,282,0.55078125,0.41843972
221,68,289,0.56445312,0.52941176
206,77,283,0.55273438,0.45583039
107,172,279,0.54492188,-0.23297491
156,118,274,0.53515625,0.13868613
163,124,287,0.56054688,0.1358885
98,179,277,0.54101562,-0.29241877
63,220,283,0.55273438,-0.55477032
77,210,287,0.56054688,-0.46341463
58,219,277,0.54101562,-0.58122744
97,186,283,0.55273438,-0.31448763
96,186,282,0.55078125,-0.31914894
79,209,288,0.5625,-0.45138889
36,246,282,0.55078125,-0.74468085
129,155,284,0.5546875,-0.091549296
218,67,285,0.55664062,0.52982456
228,61,289,0.56445312,0.57785467
236,55,291,0.56835938,0.62199313
165,128,293,0.57226562,0.12627986
155,124,279,0.54492188,0.11111111
110,175,285,0.55664062,-0.22807018
104,183,287,0.56054688,-0.27526132
183,89,272,0.53125,0.34558824
152,136,288,0.5625,0.055555556
192,84,276,0.5390625,0.39130435
157,136,293,0.57226562,0.071672355
193,86,279,0.54492188,0.38351254
183,110,293,0.57226562,0.24914676
176,119,295,0.57617188,0.19322034
222,67,289,0.56445312,0.53633218
212,70,282,0.55078125,0.5035461
235,48,283,0.55273438,0.66077739
255,47,302,0.58984375,0.68874172
223,52,275,0.53710938,0.62181818
187,111,298,0.58203125,0.25503356
165,116,281,0.54882812,0.17437722
117,164,281,0.54882812,-0.16725979
116,166,282,0.55078125,-0.17730496
97,192,289,0.56445312,-0.32871972
123,165,288,0.5625,-0.14583333
144,156,300,0.5859375,-0.04
102,168,270,0.52734375,-0.24444444
90,193,283,0.55273438,-0.3639576
63,231,294,0.57421875,-0.57142857
64,217,281,0.54882812,-0.54448399
104,177,281,0.54882812,-0.25978648
92,170,262,0.51171875,-0.29770992
91,196,287,0.56054688,-0.36585366
67,216,283,0.55273438,-0.52650177
68,230,298,0.58203125,-0.54362416
11,281,292,0.5703125,-0.92465753
38,238,276,0.5390625,-0.72463768
65,230,295,0.57617188,-0.55932203
89,190,279,0.54492188,-0.36200717
107,186,293,0.57226562,-0.26962457
150,127,277,0.54101562,0.083032491
105,179,284,0.5546875,-0.26056338
58,227,285,0.55664062,-0.59298246
102,177,279,0.54492188,-0.2688172
107,187,294,0.57421875,-0.27210884
47,240,287,0.56054688,-0.67247387
162,119,281,0.54882812,0.15302491
111,175,286,0.55859375,-0.22377622
145,131,276,0.5390625,0.050724638
177,110,287,0.56054688,0.23344948
188,105,293,0.57226562,0.28327645
226,60,286,0.55859375,0.58041958
162,115,277,0.54101562,0.16967509
177,107,284,0.5546875,0.24647887
219,67,286,0.55859375,0.53146853
217,73,290,0.56640625,0.49655172
185,110,295,0.57617188,0.25423729
183,110,293,0.57226562,0.24914676
201,85,286,0.55859375,0.40559441
74,221,295,0.57617188,-0.49830508
120,173,293,0.57226562,-0.18088737
72,203,275,0.53710938,-0.47636364
60,224,284,0.5546875,-0.57746479
33,261,294,0.57421875,-0.7755102
94,183,277,0.54101562,-0.32129964
106,178,284,0.5546875,-0.25352113
133,160,293,0.57226562,-0.092150171
92,193,285,0.55664062,-0.35438596
90,185,275,0.53710938,-0.34545455
213,74,287,0.56054688,0.48432056
182,92,274,0.53515625,0.32846715
214,68,282,0.55078125,0.5177305
251,27,278,0.54296875,0.8057554
228,47,275,0.53710938,0.65818182
243,40,283,0.55273438,0.71731449
306,5,311,0.60742188,0.96784566
269,29,298,0.58203125,0.80536913
267,31,298,0.58203125,0.79194631
221,77,298,0.58203125,0.48322148
190,92,282,0.55078125,0.34751773
199,92,291,0.56835938,0.36769759
183,97,280,0.546875,0.30714286
226,56,282,0.55078125,0.60283688
155,115,270,0.52734375,0.14814815
121,160,281,0.54882812,-0.13879004
174,123,297,0.58007812,0.17171717
188,93,281,0.54882812,0.33807829
241,61,302,0.58984375,0.59602649
242,52,294,0.57421875,0.6462585
265,36,301,0.58789062,0.76079734
220,63,283,0.55273438,0.55477032
235,61,296,0.578125,0.58783784
147,135,282,0.55078125,0.042553191
115,180,295,0.57617188,-0.22033898
125,156,281,0.54882812,-0.11032028
158,106,264,0.515625,0.1969697
211,78,289,0.56445312,0.46020761
165,116,281,0.54882812,0.17437722
127,149,276,0.5390625,-0.079710145
226,45,271,0.52929688,0.66789668
286,20,306,0.59765625,0.86928105
175,103,278,0.54296875,0.25899281
155,112,267,0.52148438,0.16104869
182,102,284,0.5546875,0.28169014
216,70,286,0.55859375,0.51048951
212,69,281,0.54882812,0.5088968
208,73,281,0.54882812,0.48042705
225,55,280,0.546875,0.60714286
245,41,286,0.55859375,0.71328671
207,101,308,0.6015625,0.34415584
153,131,284,0.5546875,0.077464789
180,107,287,0.56054688,0.2543554
141,143,284,0.5546875,-0.0070422535
86,208,294,0.57421875,-0.41496599
108,171,279,0.54492188,-0.22580645
151,139,290,0.56640625,0.04137931
105,198,303,0.59179688,-0.30693069
15,286,301,0.58789062,-0.90033223
60,220,280,0.546875,-0.57142857
126,154,280,0.546875,-0.1
82,198,280,0.546875,-0.41428571
93,189,282,0.55078125,-0.34042553
52,233,285,0.55664062,-0.63508772
77,207,284,0.5546875,-0.45774648
68,219,287,0.56054688,-0.5261324
93,190,283,0.55273438,-0.34275618
158,140,298,0.58203125,0.060402685
174,114,288,0.5625,0.20833333
111,179,290,0.56640625,-0.23448276
56,240,296,0.578125,-0.62162162
98,196,294,0.57421875,-0.33333333
105,176,281,0.54882812,-0.25266904
107,162,269,0.52539062,-0.20446097
123,155,278,0.54296875,-0.11510791
183,99,282,0.55078125,0.29787234
263,29,292,0.5703125,0.80136986
227,50,277,0.54101562,0.63898917
269,36,305,0.59570312,0.76393443
275,21,296,0.578125,0.85810811
238,53,291,0.56835938,0.63573883
223,62,285,0.55664062,0.56491228
163,127,290,0.56640625,0.12413793
70,216,286,0.55859375,-0.51048951
39,250,289,0.56445312,-0.73010381
65,233,298,0.58203125,-0.56375839
76,202,278,0.54296875,-0.45323741
29,272,301,0.58789062,-0.80730897
2,298,300,0.5859375,-0.98666667
92,209,301,0.58789062,-0.38870432
87,209,296,0.578125,-0.41216216
125,158,283,0.55273438,-0.11660777
102,192,294,0.57421875,-0.30612245
71,213,284,0.5546875,-0.5
119,179,298,0.58203125,-0.20134228
164,118,282,0.55078125,0.16312057
88,188,276,0.5390625,-0.36231884
44,248,292,0.5703125,-0.69863014
68,225,293,0.57226562,-0.53583618
66,228,294,0.57421875,-0.55102041
158,127,285,0.55664062,0.10877193
124,164,288,0.5625,-0.13888889
71,214,285,0.55664062,-0.50175439
37,262,299,0.58398438,-0.75250836
67,227,294,0.57421875,-0.54421769
62,235,297,0.58007812,-0.58249158
85,187,272,0.53125,-0.375
179,124,303,0.59179688,0.18151815
140,139,279,0.54492188,0.0035842294
90,190,280,0.546875,-0.35714286
95,204,299,0.58398438,-0.36454849
151,152,303,0.59179688,-0.00330033
134,154,288,0.5625,-0.069444444
132,144,276,0.5390625,-0.043478261
71,210,281,0.54882812,-0.49466192
21,279,300,0.5859375,-0.86
37,262,299,0.58398438,-0.75250836
74,230,304,0.59375,-0.51315789
55,229,284,0.5546875,-0.61267606
152,141,293,0.57226562,0.037542662
164,108,272,0.53125,0.20588235
165,105,270,0.52734375,0.22222222
68,226,294,0.57421875,-0.53741497
128,157,285,0.55664062,-0.10175439
147,139,286,0.55859375,0.027972028
217,84,301,0.58789062,0.44186047
225,60,285,0.55664062,0.57894737
260,23,283,0.55273438,0.83745583
253,35,288,0.5625,0.75694444
250,41,291,0.56835938,0.71821306
142,128,270,0.52734375,0.051851852
124,167,291,0.56835938,-0.14776632
143,138,281,0.54882812,0.017793594
151,133,284,0.5546875,0.063380282
49,240,289,0.56445312,-0.66089965
32,272,304,0.59375,-0.78947368
27,268,295,0.57617188,-0.81694915
83,197,280,0.546875,-0.40714286
92,188,280,0.546875,-0.34285714
59,231,290,0.56640625,-0.59310345
44,237,281,0.54882812,-0.68683274
71,224,295,0.57617188,-0.51864407
35,242,277,0.54101562,-0.74729242
25,265,290,0.56640625,-0.82758621
18,283,301,0.58789062,-0.88039867
163,120,283,0.55273438,0.15194346
159,117,276,0.5390625,0.15217391
123,148,271,0.52929688,-0.092250923
215,72,287,0.56054688,0.49825784
146,145,291,0.56835938,0.0034364261
80,196,276,0.5390625,-0.42028986
88,192,280,0.546875,-0.37142857
172,131,303,0.59179688,0.13531353
172,124,296,0.578125,0.16216216
81,195,276,0.5390625,-0.41304348
148,138,286,0.55859375,0.034965035
103,197,300,0.5859375,-0.31333333
43,257,300,0.5859375,-0.71333333
75,213,288,0.5625,-0.47916667
83,200,283,0.55273438,-0.41342756
96,187,283,0.55273438,-0.32155477
75,207,282,0.55078125,-0.46808511
89,211,300,0.5859375,-0.40666667
92,182,274,0.53515625,-0.32846715
75,215,290,0.56640625,-0.48275862
58,236,294,0.57421875,-0.60544218
71,210,281,0.54882812,-0.49466192
111,172,283,0.55273438,-0.2155477
55,232,287,0.56054688,-0.61672474
80,208,288,0.5625,-0.44444444
106,167,273,0.53320312,-0.22344322
94,190,284,0.5546875,-0.33802817
130,153,283,0.55273438,-0.081272085
170,112,282,0.55078125,0.20567376
84,199,283,0.55273438,-0.40636042
145,147,292,0.5703125,-0.0068493151
108,176,284,0.5546875,-0.23943662
69,214,283,0.55273438,-0.51236749
155,132,287,0.56054688,0.080139373
137,147,284,0.5546875,-0.035211268
184,117,301,0.58789062,0.22259136
136,146,282,0.55078125,-0.035460993
156,129,285,0.55664062,0.094736842
229,59,288,0.5625,0.59027778
220,70,290,0.56640625,0.51724138
230,62,292,0.5703125,0.57534247
164,120,284,0.5546875,0.15492958
106,176,282,0.55078125,-0.24822695
78,201,279,0.54492188,-0.44086022
86,199,285,0.55664062,-0.39649123
72,227,299,0.58398438,-0.51839465
124,172,296,0.578125,-0.16216216
148,143,291,0.56835938,0.017182131
200,100,300,0.5859375,0.33333333
164,133,297,0.58007812,0.1043771
229,52,281,0.54882812,0.62989324
195,93,288,0.5625,0.35416667
227,64,291,0.56835938,0.56013746
220,60,280,0.546875,0.57142857
184,85,269,0.52539062,0.36802974
108,182,290,0.56640625,-0.25517241
129,162,291,0.56835938,-0.11340206
122,157,279,0.54492188,-0.12544803
130,151,281,0.54882812,-0.074733096
108,181,289,0.56445312,-0.25259516
72,210,282,0.55078125,-0.4893617
73,224,297,0.58007812,-0.50841751
83,195,278,0.54296875,-0.4028777
114,160,274,0.53515625,-0.16788321
151,138,289,0.56445312,0.044982699
146,141,287,0.56054688,0.017421603
93,188,281,0.54882812,-0.33807829
105,184,289,0.56445312,-0.2733564
145,152,297,0.58007812,-0.023569024
143,136,279,0.54492188,0.025089606
232,55,287,0.56054688,0.61672474
228,61,289,0.56445312,0.57785467
170,120,290,0.56640625,0.17241379
133,149,282,0.55078125,-0.056737589
111,180,291,0.56835938,-0.2371134
76,209,285,0.55664062,-0.46666667
73,223,296,0.578125,-0.50675676
181,95,276,0.5390625,0.3115942
220,61,281,0.54882812,0.5658363
217,62,279,0.54492188,0.55555556
289,17,306,0.59765625,0.88888889
209,81,290,0.56640625,0.44137931
215,69,284,0.5546875,0.51408451
269,22,291,0.56835938,0.84879725
204,91,295,0.57617188,0.38305085
281,4,285,0.55664062,0.97192982
205,73,278,0.54296875,0.47482014
278,28,306,0.59765625,0.81699346
241,38,279,0.54492188,0.72759857
168,115,283,0.55273438,0.18727915
128,164,292,0.5703125,-0.12328767
131,158,289,0.56445312,-0.093425606
162,118,280,0.546875,0.15714286
167,108,275,0.53710938,0.21454545
181,104,285,0.55664062,0.27017544
129,154,283,0.55273438,-0.088339223
178,103,281,0.54882812,0.26690391
269,31,300,0.5859375,0.79333333
258,30,288,0.5625,0.79166667
179,99,278,0.54296875,0.28776978
179,115,294,0.57421875,0.21768707
258,33,291,0.56835938,0.77319588
141,144,285,0.55664062,-0.010526316
142,128,270,0.52734375,0.051851852
138,152,290,0.56640625,-0.048275862
168,119,287,0.56054688,0.17073171
165,128,293,0.57226562,0.12627986
181,99,280,0.546875,0.29285714
234,45,279,0.54492188,0.67741935
217,80,297,0.58007812,0.46127946
236,55,291,0.56835938,0.62199313
174,96,270,0.52734375,0.28888889
163,116,279,0.54492188,0.16845878
222,73,295,0.57617188,0.50508475
195,94,289,0.56445312,0.34948097
225,59,284,0.5546875,0.58450704
234,52,286,0.55859375,0.63636364
243,41,284,0.5546875,0.71126761
203,72,275,0.53710938,0.47636364
260,39,299,0.58398438,0.73913043
248,48,296,0.578125,0.67567568
284,14,298,0.58203125,0.90604027
188,100,288,0.5625,0.30555556
97,199,296,0.578125,-0.34459459
116,172,288,0.5625,-0.19444444
151,139,290,0.56640625,0.04137931
131,176,307,0.59960938,-0.1465798
150,132,282,0.55078125,0.063829787
185,91,276,0.5390625,0.34057971
89,196,285,0.55664062,-0.3754386
163,109,272,0.53125,0.19852941
244,49,293,0.57226562,0.66552901
187,106,293,0.57226562,0.27645051
172,120,292,0.5703125,0.17808219
252,55,307,0.59960938,0.64169381
203,82,285,0.55664062,0.4245614
153,138,291,0.56835938,0.051546392
97,189,286,0.55859375,-0.32167832
91,194,285,0.55664062,-0.36140351
104,178,282,0.55078125,-0.26241135
42,254,296,0.578125,-0.71621622
66,231,297,0.58007812,-0.55555556
41,247,288,0.5625,-0.71527778
120,171,291,0.56835938,-0.17525773
150,157,307,0.59960938,-0.022801303
177,101,278,0.54296875,0.27338129
131,148,279,0.54492188,-0.0609319
127,153,280,0.546875,-0.092857143
116,154,270,0.52734375,-0.14074074
122,174,296,0.578125,-0.17567568
153,124,277,0.54101562,0.10469314
128,154,282,0.55078125,-0.092198582
40,255,295,0.57617188,-0.72881356
140,139,279,0.54492188,0.0035842294
190,83,273,0.53320312,0.39194139
147,139,286,0.55859375,0.027972028
174,107,281,0.54882812,0.23843416
102,186,288,0.5625,-0.29166667
168,109,277,0.54101562,0.21299639
139,137,276,0.5390625,0.0072463768
269,30,299,0.58398438,0.7993311
237,58,295,0.57617188,0.60677966
266,31,297,0.58007812,0.79124579
255,37,292,0.5703125,0.74657534
258,36,294,0.57421875,0.75510204
223,65,288,0.5625,0.54861111
215,68,283,0.55273438,0.51943463
191,90,281,0.54882812,0.3594306
214,64,278,0.54296875,0.53956835
219,79,298,0.58203125,0.46979866
201,90,291,0.56835938,0.3814433
207,83,290,0.56640625,0.42758621
242,58,300,0.5859375,0.61333333
253,42,295,0.57617188,0.71525424
270,30,300,0.5859375,0.8
267,20,287,0.56054688,0.86062718
268,27,295,0.57617188,0.81694915
175,107,282,0.55078125,0.24113475
160,115,275,0.53710938,0.16363636
130,168,298,0.58203125,-0.12751678
95,190,285,0.55664062,-0.33333333
56,231,287,0.56054688,-0.6097561
29,270,299,0.58398438,-0.80602007
84,202,286,0.55859375,-0.41258741
80,200,280,0.546875,-0.42857143
58,245,303,0.59179688,-0.61716172
84,205,289,0.56445312,-0.41868512
106,174,280,0.546875,-0.24285714
109,159,268,0.5234375,-0.18656716
157,122,279,0.54492188,0.12544803
168,118,286,0.55859375,0.17482517
185,96,281,0.54882812,0.31672598
195,88,283,0.55273438,0.37809187
209,64,273,0.53320312,0.53113553
216,76,292,0.5703125,0.47945205
237,48,285,0.55664062,0.66315789
179,111,290,0.56640625,0.23448276
127,165,292,0.5703125,-0.13013699
59,237,296,0.578125,-0.60135135
110,179,289,0.56445312,-0.23875433
102,188,290,0.56640625,-0.29655172
140,155,295,0.57617188,-0.050847458
118,152,270,0.52734375,-0.12592593
212,74,286,0.55859375,0.48251748
132,166,298,0.58203125,-0.11409396
206,95,301,0.58789062,0.36877076
157,129,286,0.55859375,0.097902098
107,180,287,0.56054688,-0.2543554
112,173,285,0.55664062,-0.21403509
160,141,301,0.58789062,0.063122924
231,61,292,0.5703125,0.58219178
166,120,286,0.55859375,0.16083916
134,164,298,0.58203125,-0.10067114
181,107,288,0.5625,0.25694444
125,155,280,0.546875,-0.10714286
128,146,274,0.53515625,-0.065693431
151,139,290,0.56640625,0.04137931
168,118,286,0.55859375,0.17482517
227,42,269,0.52539062,0.68773234
263,32,295,0.57617188,0.78305085
257,43,300,0.5859375,0.71333333
276,18,294,0.57421875,0.87755102
233,64,297,0.58007812,0.56902357
264,30,294,0.57421875,0.79591837
231,50,281,0.54882812,0.64412811
253,36,289,0.56445312,0.75086505
158,130,288,0.5625,0.097222222
151,131,282,0.55078125,0.070921986
242,55,297,0.58007812,0.62962963
212,65,277,0.54101562,0.53068592
161,119,280,0.546875,0.15
162,116,278,0.54296875,0.16546763
151,128,279,0.54492188,0.082437276
152,125,277,0.54101562,0.097472924
233,52,285,0.55664062,0.63508772
189,97,286,0.55859375,0.32167832
174,129,303,0.59179688,0.14851485
119,179,298,0.58203125,-0.20134228
138,143,281,0.54882812,-0.017793594
122,173,295,0.57617188,-0.17288136
137,144,281,0.54882812,-0.024911032
209,86,295,0.57617188,0.41694915
255,37,292,0.5703125,0.74657534
195,93,288,0.5625,0.35416667
155,136,291,0.56835938,0.065292096
181,98,279,0.54492188,0.29749104
242,47,289,0.56445312,0.67474048
220,65,285,0.55664062,0.54385965
128,155,283,0.55273438,-0.09540636
211,87,298,0.58203125,0.41610738
158,128,286,0.55859375,0.1048951
176,117,293,0.57226562,0.20136519
159,119,278,0.54296875,0.14388489
228,61,289,0.56445312,0.57785467
184,94,278,0.54296875,0.32374101
178,106,284,0.5546875,0.25352113
215,71,286,0.55859375,0.5034965
156,126,282,0.55078125,0.10638298
142,141,283,0.55273438,0.0035335689
231,53,284,0.5546875,0.62676056
205,84,289,0.56445312,0.41868512
158,131,289,0.56445312,0.093425606
95,193,288,0.5625,-0.34027778
148,114,262,0.51171875,0.12977099
108,160,268,0.5234375,-0.19402985
55,233,288,0.5625,-0.61805556
81,207,288,0.5625,-0.4375
99,196,295,0.57617188,-0.32881356
151,145,296,0.578125,0.02027027
165,137,302,0.58984375,0.092715232
142,150,292,0.5703125,-0.02739726
204,96,300,0.5859375,0.36
180,111,291,0.56835938,0.2371134
180,104,284,0.5546875,0.26760563
121,162,283,0.55273438,-0.14487633
17,272,289,0.56445312,-0.88235294
34,242,276,0.5390625,-0.75362319
60,230,290,0.56640625,-0.5862069
80,200,280,0.546875,-0.42857143
27,268,295,0.57617188,-0.81694915
55,224,279,0.54492188,-0.60573477
55,229,284,0.5546875,-0.61267606
101,178,279,0.54492188,-0.27598566
96,197,293,0.57226562,-0.3447099
151,141,292,0.5703125,0.034246575
152,133,285,0.55664062,0.066666667
95,197,292,0.5703125,-0.34931507
129,149,278,0.54296875,-0.071942446
157,112,269,0.52539062,0.16728625
181,108,289,0.56445312,0.25259516
206,78,284,0.5546875,0.45070423
184,93,277,0.54101562,0.32851986
233,53,286,0.55859375,0.62937063
236,48,284,0.5546875,0.66197183
235,59,294,0.57421875,0.59863946
222,59,281,0.54882812,0.58007117
179,108,287,0.56054688,0.24738676
225,63,288,0.5625,0.5625
240,50,290,0.56640625,0.65517241
249,37,286,0.55859375,0.74125874
106,178,284,0.5546875,-0.25352113
48,233,281,0.54882812,-0.65836299
89,207,296,0.578125,-0.39864865
94,206,300,0.5859375,-0.37333333
34,260,294,0.57421875,-0.76870748
51,222,273,0.53320312,-0.62637363
68,215,283,0.55273438,-0.51943463
36,258,294,0.57421875,-0.75510204
62,225,287,0.56054688,-0.56794425
33,264,297,0.58007812,-0.77777778
61,237,298,0.58203125,-0.59060403
66,218,284,0.5546875,-0.53521127
119,179,298,0.58203125,-0.20134228
138,147,285,0.55664062,-0.031578947
167,128,295,0.57617188,0.13220339
205,94,299,0.58398438,0.37123746
154,129,283,0.55273438,0.088339223
89,179,268,0.5234375,-0.3358209
122,162,284,0.5546875,-0.14084507
80,212,292,0.5703125,-0.45205479
109,175,284,0.5546875,-0.23239437
134,146,280,0.546875,-0.042857143
45,251,296,0.578125,-0.69594595
112,179,291,0.56835938,-0.23024055
182,105,287,0.56054688,0.26829268
182,103,285,0.55664062,0.27719298
241,50,291,0.56835938,0.65635739
230,58,288,0.5625,0.59722222
168,104,272,0.53125,0.23529412
61,223,284,0.5546875,-0.57042254
88,199,287,0.56054688,-0.38675958
59,219,278,0.54296875,-0.57553957
21,279,300,0.5859375,-0.86
56,238,294,0.57421875,-0.61904762
28,261,289,0.56445312,-0.80622837
89,191,280,0.546875,-0.36428571
69,226,295,0.57617188,-0.53220339
74,219,293,0.57226562,-0.49488055
80,203,283,0.55273438,-0.43462898
178,107,285,0.55664062,0.24912281
159,130,289,0.56445312,0.10034602
225,69,294,0.57421875,0.53061224
254,38,292,0.5703125,0.73972603
205,69,274,0.53515625,0.49635036
190,88,278,0.54296875,0.36690647
227,73,300,0.5859375,0.51333333
120,170,290,0.56640625,-0.17241379
143,143,286,0.55859375,0
148,137,285,0.55664062,0.038596491
73,206,279,0.54492188,-0.47670251
132,149,281,0.54882812,-0.060498221
209,81,290,0.56640625,0.44137931
163,114,277,0.54101562,0.17689531
103,191,294,0.57421875,-0.29931973
102,179,281,0.54882812,-0.27402135
149,140,289,0.56445312,0.031141869
121,177,298,0.58203125,-0.18791946
84,189,273,0.53320312,-0.38461538
62,216,278,0.54296875,-0.55395683
102,180,282,0.55078125,-0.27659574
99,188,287,0.56054688,-0.31010453
67,221,288,0.5625,-0.53472222
131,156,287,0.56054688,-0.087108014
50,252,302,0.58984375,-0.66887417
59,225,284,0.5546875,-0.58450704
60,239,299,0.58398438,-0.59866221
133,153,286,0.55859375,-0.06993007
162,126,288,0.5625,0.125
117,171,288,0.5625,-0.1875
116,176,292,0.5703125,-0.20547945
154,130,284,0.5546875,0.084507042
121,170,291,0.56835938,-0.16838488
61,222,283,0.55273438,-0.56890459
74,222,296,0.578125,-0.5
79,213,292,0.5703125,-0.45890411
31,251,282,0.55078125,-0.78014184
59,231,290,0.56640625,-0.59310345
51,248,299,0.58398438,-0.65886288
71,212,283,0.55273438,-0.49823322
35,252,287,0.56054688,-0.75609756
36,260,296,0.578125,-0.75675676
76,215,291,0.56835938,-0.47766323
69,224,293,0.57226562,-0.52901024
65,214,279,0.54492188,-0.53405018
166,124,290,0.56640625,0.14482759
149,140,289,0.56445312,0.031141869
145,144,289,0.56445312,0.0034602076
164,118,282,0.55078125,0.16312057
197,97,294,0.57421875,0.34013605
252,46,298,0.58203125,0.69127517
159,130,289,0.56445312,0.10034602
128,155,283,0.55273438,-0.09540636
76,209,285,0.55664062,-0.46666667
107,172,279,0.54492188,-0.23297491
159,126,285,0.55664062,0.11578947
88,196,284,0.5546875,-0.38028169
145,153,298,0.58203125,-0.026845638
79,198,277,0.54101562,-0.42960289
58,232,290,0.56640625,-0.6
36,252,288,0.5625,-0.75
72,204,276,0.5390625,-0.47826087
106,168,274,0.53515625,-0.22627737
171,115,286,0.55859375,0.1958042
161,129,290,0.56640625,0.11034483
174,113,287,0.56054688,0.21254355
194,92,286,0.55859375,0.35664336
147,139,286,0.55859375,0.027972028
232,64,296,0.578125,0.56756757
249,48,297,0.58007812,0.67676768
190,103,293,0.57226562,0.29692833
267,27,294,0.57421875,0.81632653
232,61,293,0.57226562,0.58361775
214,75,289,0.56445312,0.48096886
182,107,289,0.56445312,0.25951557
182,81,263,0.51367188,0.38403042
179,112,291,0.56835938,0.23024055
210,75,285,0.55664062,0.47368421
215,76,291,0.56835938,0.47766323
205,85,290,0.56640625,0.4137931
249,51,300,0.5859375,0.66
185,93,278,0.54296875,0.33093525
206,84,290,0.56640625,0.42068966
242,72,314,0.61328125,0.54140127
275,8,283,0.55273438,0.9434629
187,92,279,0.54492188,0.34050179
165,124,289,0.56445312,0.14186851
223,61,284,0.5546875,0.57042254
225,62,287,0.56054688,0.56794425
235,62,297,0.58007812,0.58249158
222,67,289,0.56445312,0.53633218
160,129,289,0.56445312,0.10726644
92,183,275,0.53710938,-0.33090909
137,149,286,0.55859375,-0.041958042
116,158,274,0.53515625,-0.15328467
82,199,281,0.54882812,-0.41637011
55,226,281,0.54882812,-0.60854093
84,205,289,0.56445312,-0.41868512
124,175,299,0.58398438,-0.17056856
84,208,292,0.5703125,-0.42465753
47,236,283,0.55273438,-0.66784452
102,185,287,0.56054688,-0.28919861
91,193,284,0.5546875,-0.35915493
132,156,288,0.5625,-0.083333333
175,105,280,0.546875,0.25
95,191,286,0.55859375,-0.33566434
123,160,283,0.55273438,-0.13074205
93,198,291,0.56835938,-0.36082474
145,139,284,0.5546875,0.021126761
92,197,289,0.56445312,-0.3633218
129,165,294,0.57421875,-0.12244898
170,109,279,0.54492188,0.21863799
184,113,297,0.58007812,0.23905724
217,72,289,0.56445312,0.5017301
204,71,275,0.53710938,0.48363636
240,47,287,0.56054688,0.67247387
231,73,304,0.59375,0.51973684
188,87,275,0.53710938,0.36727273
223,63,286,0.55859375,0.55944056
117,176,293,0.57226562,-0.20136519
101,192,293,0.57226562,-0.3105802
174,109,283,0.55273438,0.22968198
217,67,284,0.5546875,0.52816901
159,122,281,0.54882812,0.1316726
174,115,289,0.56445312,0.20415225
121,170,291,0.56835938,-0.16838488
45,237,282,0.55078125,-0.68085106
60,235,295,0.57617188,-0.59322034
80,202,282,0.55078125,-0.43262411
103,178,281,0.54882812,-0.26690391
139,159,298,0.58203125,-0.067114094
116,167,283,0.55273438,-0.18021201
89,172,261,0.50976562,-0.31800766
177,127,304,0.59375,0.16447368
148,143,291,0.56835938,0.017182131
127,154,281,0.54882812,-0.096085409
88,205,293,0.57226562,-0.39931741
125,158,283,0.55273438,-0.11660777
56,236,292,0.5703125,-0.61643836
55,235,290,0.56640625,-0.62068966
116,169,285,0.55664062,-0.18596491
52,218,270,0.52734375,-0.61481481
60,220,280,0.546875,-0.57142857
39,251,290,0.56640625,-0.73103448
81,211,292,0.5703125,-0.44520548
128,164,292,0.5703125,-0.12328767
152,129,281,0.54882812,0.081850534
231,61,292,0.5703125,0.58219178
252,41,293,0.57226562,0.72013652
225,50,275,0.53710938,0.63636364
220,70,290,0.56640625,0.51724138
135,138,273,0.53320312,-0.010989011
105,181,286,0.55859375,-0.26573427
104,175,279,0.54492188,-0.25448029
134,154,288,0.5625,-0.069444444
67,212,279,0.54492188,-0.51971326
132,143,275,0.53710938,-0.04
192,89,281,0.54882812,0.36654804
228,59,287,0.56054688,0.58885017
212,70,282,0.55078125,0.5035461
154,123,277,0.54101562,0.11191336
120,161,281,0.54882812,-0.14590747
136,137,273,0.53320312,-0.0036630037
151,134,285,0.55664062,0.059649123
85,200,285,0.55664062,-0.40350877
31,262,293,0.57226562,-0.7883959
45,236,281,0.54882812,-0.6797153
104,173,277,0.54101562,-0.24909747
174,115,289,0.56445312,0.20415225
96,189,285,0.55664062,-0.32631579
181,104,285,0.55664062,0.27017544
205,68,273,0.53320312,0.5018315
209,76,285,0.55664062,0.46666667
203,93,296,0.578125,0.37162162
207,73,280,0.546875,0.47857143
171,111,282,0.55078125,0.21276596
193,86,279,0.54492188,0.38351254
123,165,288,0.5625,-0.14583333
103,191,294,0.57421875,-0.29931973
102,187,289,0.56445312,-0.29411765
97,198,295,0.57617188,-0.34237288
135,153,288,0.5625,-0.0625
182,117,299,0.58398438,0.2173913
124,157,281,0.54882812,-0.11743772
43,241,284,0.5546875,-0.6971831
39,259,298,0.58203125,-0.73825503
142,139,281,0.54882812,0.010676157
129,152,281,0.54882812,-0.081850534
227,70,297,0.58007812,0.52861953
195,93,288,0.5625,0.35416667
145,144,289,0.56445312,0.0034602076
42,255,297,0.58007812,-0.71717172
37,263,300,0.5859375,-0.75333333
33,257,290,0.56640625,-0.77241379
83,195,278,0.54296875,-0.4028777
139,144,283,0.55273438,-0.017667845
97,170,267,0.52148438,-0.27340824
11,262,273,0.53320312,-0.91941392
30,263,293,0.57226562,-0.79522184
14,286,300,0.5859375,-0.90666667
22,275,297,0.58007812,-0.85185185
86,203,289,0.56445312,-0.40484429
85,208,293,0.57226562,-0.41979522
144,133,277,0.54101562,0.039711191
128,144,272,0.53125,-0.058823529
208,75,283,0.55273438,0.46996466
213,78,291,0.56835938,0.46391753
112,165,277,0.54101562,-0.19133574
93,189,282,0.55078125,-0.34042553
93,198,291,0.56835938,-0.36082474
135,155,290,0.56640625,-0.068965517
149,143,292,0.5703125,0.020547945
176,113,289,0.56445312,0.21799308
216,73,289,0.56445312,0.49480969
169,121,290,0.56640625,0.16551724
193,88,281,0.54882812,0.37366548
268,26,294,0.57421875,0.82312925
223,63,286,0.55859375,0.55944056
232,64,296,0.578125,0.56756757
193,79,272,0.53125,0.41911765
221,77,298,0.58203125,0.48322148
232,51,283,0.55273438,0.63957597
104,178,282,0.55078125,-0.26241135
181,109,290,0.56640625,0.24827586
162,111,273,0.53320312,0.18681319
97,181,278,0.54296875,-0.30215827
131,152,283,0.55273438,-0.074204947
170,111,281,0.54882812,0.20996441
180,112,292,0.5703125,0.23287671
153,124,277,0.54101562,0.10469314
147,149,296,0.578125,-0.0067567568
92,193,285,0.55664062,-0.35438596
98,192,290,0.56640625,-0.32413793
124,159,283,0.55273438,-0.12367491
129,160,289,0.56445312,-0.10726644
144,134,278,0.54296875,0.035971223
106,171,277,0.54101562,-0.23465704
111,174,285,0.55664062,-0.22105263
187,98,285,0.55664062,0.3122807
194,94,288,0.5625,0.34722222
123,170,293,0.57226562,-0.16040956
97,183,280,0.546875,-0.30714286
162,113,275,0.53710938,0.17818182
113,169,282,0.55078125,-0.19858156
102,177,279,0.54492188,-0.2688172
170,105,275,0.53710938,0.23636364
150,145,295,0.57617188,0.016949153
143,134,277,0.54101562,0.032490975
118,172,290,0.56640625,-0.1862069
188,100,288,0.5625,0.30555556
55,227,282,0.55078125,-0.60992908
41,244,285,0.55664062,-0.7122807
121,168,289,0.56445312,-0.16262976
140,148,288,0.5625,-0.027777778
148,132,280,0.546875,0.057142857
134,158,292,0.5703125,-0.082191781
50,238,288,0.5625,-0.65277778
93,195,288,0.5625,-0.35416667
189,102,291,0.56835938,0.29896907
165,120,285,0.55664062,0.15789474
217,78,295,0.57617188,0.47118644
207,66,273,0.53320312,0.51648352
109,166,275,0.53710938,-0.20727273
90,201,291,0.56835938,-0.3814433
104,175,279,0.54492188,-0.25448029
123,164,287,0.56054688,-0.14285714
125,153,278,0.54296875,-0.10071942
101,179,280,0.546875,-0.27857143
151,130,281,0.54882812,0.074733096
148,126,274,0.53515625,0.080291971
186,99,285,0.55664062,0.30526316
192,92,284,0.5546875,0.35211268
173,107,280,0.546875,0.23571429
179,119,298,0.58203125,0.20134228
134,144,278,0.54296875,-0.035971223
197,99,296,0.578125,0.33108108
148,132,280,0.546875,0.057142857
96,174,270,0.52734375,-0.28888889
60,222,282,0.55078125,-0.57446809
29,264,293,0.57226562,-0.80204778
65,227,292,0.5703125,-0.55479452
75,220,295,0.57617188,-0.49152542
73,217,290,0.56640625,-0.49655172
55,233,288,0.5625,-0.61805556
76,214,290,0.56640625,-0.47586207
75,218,293,0.57226562,-0.48805461
67,223,290,0.56640625,-0.53793103
69,219,288,0.5625,-0.52083333
96,198,294,0.57421875,-0.34693878
90,193,283,0.55273438,-0.3639576
123,145,268,0.5234375,-0.082089552
231,51,282,0.55078125,0.63829787
218,83,301,0.58789062,0.44850498
151,133,284,0.5546875,0.063380282
100,170,270,0.52734375,-0.25925926
80,216,296,0.578125,-0.45945946
111,153,264,0.515625,-0.15909091
111,182,293,0.57226562,-0.24232082
110,182,292,0.5703125,-0.24657534
83,206,289,0.56445312,-0.42560554
123,163,286,0.55859375,-0.13986014
104,170,274,0.53515625,-0.24087591
177,110,287,0.56054688,0.23344948
153,133,286,0.55859375,0.06993007
110,163,273,0.53320312,-0.19413919
180,111,291,0.56835938,0.2371134
217,59,276,0.5390625,0.57246377
270,22,292,0.5703125,0.84931507
243,42,285,0.55664062,0.70526316
230,59,289,0.56445312,0.5916955
199,103,302,0.58984375,0.31788079
204,88,292,0.5703125,0.39726027
108,185,293,0.57226562,-0.26279863
145,139,284,0.5546875,0.021126761
139,143,282,0.55078125,-0.014184397
93,186,279,0.54492188,-0.33333333
32,259,291,0.56835938,-0.78006873
28,264,292,0.5703125,-0.80821918
26,263,289,0.56445312,-0.8200692
58,226,284,0.5546875,-0.5915493
61,228,289,0.56445312,-0.57785467
61,234,295,0.57617188,-0.58644068
93,205,298,0.58203125,-0.37583893
138,139,277,0.54101562,-0.0036101083
118,172,290,0.56640625,-0.1862069
113,159,272,0.53125,-0.16911765
95,195,290,0.56640625,-0.34482759
27,281,308,0.6015625,-0.82467532
78,215,293,0.57226562,-0.46757679
84,215,299,0.58398438,-0.43812709
29,269,298,0.58203125,-0.80536913
73,208,281,0.54882812,-0.48042705
66,227,293,0.57226562,-0.54948805
48,244,292,0.5703125,-0.67123288
61,235,296,0.578125,-0.58783784
26,263,289,0.56445312,-0.8200692
118,192,310,0.60546875,-0.23870968
81,201,282,0.55078125,-0.42553191
193,98,291,0.56835938,0.32646048
172,95,267,0.52148438,0.28838951
83,200,283,0.55273438,-0.41342756
179,104,283,0.55273438,0.26501767
141,139,280,0.546875,0.0071428571
146,150,296,0.578125,-0.013513514
117,165,282,0.55078125,-0.17021277
59,223,282,0.55078125,-0.58156028
34,248,282,0.55078125,-0.75886525
112,159,271,0.52929688,-0.17343173
157,139,296,0.578125,0.060810811
189,98,287,0.56054688,0.31707317
180,116,296,0.578125,0.21621622
79,196,275,0.53710938,-0.42545455
133,145,278,0.54296875,-0.043165468
175,111,286,0.55859375,0.22377622
175,107,282,0.55078125,0.24113475
173,113,286,0.55859375,0.20979021
133,140,273,0.53320312,-0.025641026
93,187,280,0.546875,-0.33571429
161,132,293,0.57226562,0.098976109
167,122,289,0.56445312,0.15570934
126,140,266,0.51953125,-0.052631579
62,215,277,0.54101562,-0.55234657
108,166,274,0.53515625,-0.21167883
162,116,278,0.54296875,0.16546763
131,132,263,0.51367188,-0.0038022814
183,110,293,0.57226562,0.24914676
132,159,291,0.56835938,-0.092783505
58,246,304,0.59375,-0.61842105
69,224,293,0.57226562,-0.52901024
36,257,293,0.57226562,-0.75426621
35,253,288,0.5625,-0.75694444
73,213,286,0.55859375,-0.48951049
96,195,291,0.56835938,-0.34020619
100,196,296,0.578125,-0.32432432
51,227,278,0.54296875,-0.63309353
154,132,286,0.55859375,0.076923077
126,155,281,0.54882812,-0.10320285
144,145,289,0.56445312,-0.0034602076
85,198,283,0.55273438,-0.39929329
159,135,294,0.57421875,0.081632653
178,89,267,0.52148438,0.33333333
179,110,289,0.56445312,0.23875433
178,100,278,0.54296875,0.28057554
177,106,283,0.55273438,0.25088339
215,78,293,0.57226562,0.46757679
225,59,284,0.5546875,0.58450704
182,107,289,0.56445312,0.25951557
114,175,289,0.56445312,-0.21107266
102,173,275,0.53710938,-0.25818182
90,196,286,0.55859375,-0.37062937
63,232,295,0.57617188,-0.57288136
127,167,294,0.57421875,-0.13605442
96,189,285,0.55664062,-0.32631579
98,175,273,0.53320312,-0.28205128
198,105,303,0.59179688,0.30693069
147,140,287,0.56054688,0.024390244
96,189,285,0.55664062,-0.32631579
31,257,288,0.5625,-0.78472222
58,234,292,0.5703125,-0.60273973
73,218,291,0.56835938,-0.49828179
170,120,290,0.56640625,0.17241379
195,95,290,0.56640625,0.34482759
236,63,299,0.58398438,0.57859532
175,124,299,0.58398438,0.17056856
191,97,288,0.5625,0.32638889
179,103,282,0.55078125,0.26950355
179,95,274,0.53515625,0.30656934
195,87,282,0.55078125,0.38297872
143,154,297,0.58007812,-0.037037037
126,178,304,0.59375,-0.17105263
71,216,287,0.56054688,-0.50522648
62,233,295,0.57617188,-0.57966102
91,192,283,0.55273438,-0.35689046
130,157,287,0.56054688,-0.094076655
118,174,292,0.5703125,-0.19178082
148,131,279,0.54492188,0.0609319
213,83,296,0.578125,0.43918919
168,129,297,0.58007812,0.13131313
91,190,281,0.54882812,-0.35231317
121,164,285,0.55664062,-0.15087719
170,120,290,0.56640625,0.17241379
166,123,289,0.56445312,0.14878893
216,76,292,0.5703125,0.47945205
142,147,289,0.56445312,-0.017301038
127,157,284,0.5546875,-0.1056338
195,97,292,0.5703125,0.33561644
107,180,287,0.56054688,-0.2543554
113,170,283,0.55273438,-0.20141343
82,205,287,0.56054688,-0.42857143
96,188,284,0.5546875,-0.32394366
86,194,280,0.546875,-0.38571429
167,123,290,0.56640625,0.15172414
176,98,274,0.53515625,0.28467153
193,92,285,0.55664062,0.35438596
160,111,271,0.52929688,0.18081181
96,192,288,0.5625,-0.33333333
125,143,268,0.5234375,-0.067164179
214,80,294,0.57421875,0.45578231
216,70,286,0.55859375,0.51048951
206,84,290,0.56640625,0.42068966
231,58,289,0.56445312,0.59861592
203,86,289,0.56445312,0.40484429
202,82,284,0.5546875,0.42253521
111,174,285,0.55664062,-0.22105263
24,293,317,0.61914062,-0.84858044
81,199,280,0.546875,-0.42142857
113,173,286,0.55859375,-0.20979021
44,238,282,0.55078125,-0.68794326
74,211,285,0.55664062,-0.48070175
142,152,294,0.57421875,-0.034013605
137,153,290,0.56640625,-0.055172414
83,191,274,0.53515625,-0.39416058
130,156,286,0.55859375,-0.090909091
196,88,284,0.5546875,0.38028169
170,117,287,0.56054688,0.18466899
157,132,289,0.56445312,0.08650519
158,116,274,0.53515625,0.15328467
118,166,284,0.5546875,-0.16901408
156,128,284,0.5546875,0.098591549
166,124,290,0.56640625,0.14482759
196,80,276,0.5390625,0.42028986
222,66,288,0.5625,0.54166667
253,45,298,0.58203125,0.69798658
277,29,306,0.59765625,0.81045752
265,38,303,0.59179688,0.74917492
178,125,303,0.59179688,0.17491749
169,127,296,0.578125,0.14189189
155,136,291,0.56835938,0.065292096
214,77,291,0.56835938,0.47079038
221,65,286,0.55859375,0.54545455
184,96,280,0.546875,0.31428571
155,125,280,0.546875,0.10714286
201,78,279,0.54492188,0.44086022
181,108,289,0.56445312,0.25259516
162,115,277,0.54101562,0.16967509
226,54,280,0.546875,0.61428571
250,42,292,0.5703125,0.71232877
256,35,291,0.56835938,0.75945017
188,103,291,0.56835938,0.29209622
121,165,286,0.55859375,-0.15384615
172,117,289,0.56445312,0.19031142
109,185,294,0.57421875,-0.2585034
113,182,295,0.57617188,-0.23389831
77,211,288,0.5625,-0.46527778
176,116,292,0.5703125,0.20547945
142,138,280,0.546875,0.014285714
138,142,280,0.546875,-0.014285714
46,232,278,0.54296875,-0.66906475
38,245,283,0.55273438,-0.73144876
58,236,294,0.57421875,-0.60544218
60,230,290,0.56640625,-0.5862069
132,149,281,0.54882812,-0.060498221
102,175,277,0.54101562,-0.26353791
85,211,296,0.578125,-0.42567568
110,174,284,0.5546875,-0.22535211
78,209,287,0.56054688,-0.45644599
51,235,286,0.55859375,-0.64335664
23,273,296,0.578125,-0.84459459
34,254,288,0.5625,-0.76388889
74,210,284,0.5546875,-0.47887324
66,244,310,0.60546875,-0.57419355
60,210,270,0.52734375,-0.55555556
27,255,282,0.55078125,-0.80851064
92,195,287,0.56054688,-0.35888502
111,183,294,0.57421875,-0.24489796
158,131,289,0.56445312,0.093425606
40,238,278,0.54296875,-0.71223022
63,225,288,0.5625,-0.5625
31,257,288,0.5625,-0.78472222
40,243,283,0.55273438,-0.71731449
100,184,284,0.5546875,-0.29577465
162,125,287,0.56054688,0.12891986
229,67,296,0.578125,0.5472973
202,72,274,0.53515625,0.47445255
167,111,278,0.54296875,0.20143885
173,106,279,0.54492188,0.24014337
164,132,296,0.578125,0.10810811
225,63,288,0.5625,0.5625
285,19,304,0.59375,0.875
279,23,302,0.58984375,0.84768212
140,161,301,0.58789062,-0.069767442
31,264,295,0.57617188,-0.78983051
110,178,288,0.5625,-0.23611111
123,156,279,0.54492188,-0.11827957
147,137,284,0.5546875,0.035211268
58,245,303,0.59179688,-0.61716172
49,242,291,0.56835938,-0.66323024
47,245,292,0.5703125,-0.67808219
84,218,302,0.58984375,-0.44370861
37,248,285,0.55664062,-0.74035088
70,206,276,0.5390625,-0.49275362
53,233,286,0.55859375,-0.62937063
24,280,304,0.59375,-0.84210526
163,126,289,0.56445312,0.12802768
150,139,289,0.56445312,0.038062284
148,125,273,0.53320312,0.084249084
134,145,279,0.54492188,-0.039426523
221,80,301,0.58789062,0.46843854
197,95,292,0.5703125,0.34931507
163,113,276,0.5390625,0.18115942
256,42,298,0.58203125,0.71812081
229,63,292,0.5703125,0.56849315
106,181,287,0.56054688,-0.26132404
116,187,303,0.59179688,-0.23432343
116,174,290,0.56640625,-0.2
133,139,272,0.53125,-0.022058824
167,122,289,0.56445312,0.15570934
97,185,282,0.55078125,-0.31205674
83,198,281,0.54882812,-0.40925267
99,176,275,0.53710938,-0.28
25,265,290,0.56640625,-0.82758621
46,255,301,0.58789062,-0.69435216
61,228,289,0.56445312,-0.57785467
41,252,293,0.57226562,-0.72013652
33,258,291,0.56835938,-0.77319588
33,257,290,0.56640625,-0.77241379
168,117,285,0.55664062,0.17894737
138,141,279,0.54492188,-0.010752688
106,190,296,0.578125,-0.28378378
47,239,286,0.55859375,-0.67132867
27,272,299,0.58398438,-0.81939799
53,235,288,0.5625,-0.63194444
140,152,292,0.5703125,-0.04109589
151,123,274,0.53515625,0.10218978
225,52,277,0.54101562,0.62454874
141,143,284,0.5546875,-0.0070422535
138,163,301,0.58789062,-0.083056478
187,85,272,0.53125,0.375
227,74,301,0.58789062,0.50830565
205,74,279,0.54492188,0.46953405
195,85,280,0.546875,0.39285714
207,67,274,0.53515625,0.51094891
283,21,304,0.59375,0.86184211
136,151,287,0.56054688,-0.052264808
77,223,300,0.5859375,-0.48666667
71,202,273,0.53320312,-0.47985348
157,134,291,0.56835938,0.079037801
217,74,291,0.56835938,0.49140893
235,53,288,0.5625,0.63194444
262,48,310,0.60546875,0.69032258
239,45,284,0.5546875,0.68309859
221,67,288,0.5625,0.53472222
286,9,295,0.57617188,0.93898305
253,38,291,0.56835938,0.73883162
265,27,292,0.5703125,0.81506849
262,45,307,0.59960938,0.70684039
184,101,285,0.55664062,0.29122807
256,35,291,0.56835938,0.75945017
112,163,275,0.53710938,-0.18545455
215,80,295,0.57617188,0.45762712
132,150,282,0.55078125,-0.063829787
113,180,293,0.57226562,-0.22866894
88,209,297,0.58007812,-0.40740741
167,109,276,0.5390625,0.21014493
73,212,285,0.55664062,-0.4877193
73,209,282,0.55078125,-0.4822695
90,205,295,0.57617188,-0.38983051
41,245,286,0.55859375,-0.71328671
54,225,279,0.54492188,-0.61290323
45,246,291,0.56835938,-0.69072165
68,225,293,0.57226562,-0.53583618
26,267,293,0.57226562,-0.8225256
110,177,287,0.56054688,-0.23344948
94,182,276,0.5390625,-0.31884058
90,202,292,0.5703125,-0.38356164
112,179,291,0.56835938,-0.23024055
93,198,291,0.56835938,-0.36082474
53,233,286,0.55859375,-0.62937063
23,272,295,0.57617188,-0.8440678
63,231,294,0.57421875,-0.57142857
26,270,296,0.578125,-0.82432432
156,125,281,0.54882812,0.11032028
110,171,281,0.54882812,-0.21708185
112,164,276,0.5390625,-0.1884058
74,214,288,0.5625,-0.48611111
90,214,304,0.59375,-0.40789474
50,243,293,0.57226562,-0.65870307
26,263,289,0.56445312,-0.8200692
59,228,287,0.56054688,-0.58885017
65,230,295,0.57617188,-0.55932203
32,262,294,0.57421875,-0.78231293
66,230,296,0.578125,-0.55405405
77,215,292,0.5703125,-0.47260274
91,192,283,0.55273438,-0.35689046
116,171,287,0.56054688,-0.19163763
174,129,303,0.59179688,0.14851485
159,120,279,0.54492188,0.13978495
173,103,276,0.5390625,0.25362319
210,78,288,0.5625,0.45833333
206,76,282,0.55078125,0.46099291
111,179,290,0.56640625,-0.23448276
67,209,276,0.5390625,-0.51449275
68,224,292,0.5703125,-0.53424658
130,163,293,0.57226562,-0.11262799
48,237,285,0.55664062,-0.66315789
63,234,297,0.58007812,-0.57575758
60,234,294,0.57421875,-0.59183673
136,147,283,0.55273438,-0.038869258
124,163,287,0.56054688,-0.1358885
147,134,281,0.54882812,0.046263345
79,203,282,0.55078125,-0.43971631
54,237,291,0.56835938,-0.62886598
12,277,289,0.56445312,-0.91695502
76,226,302,0.58984375,-0.49668874
103,186,289,0.56445312,-0.28719723
137,143,280,0.546875,-0.021428571
167,125,292,0.5703125,0.14383562
191,108,299,0.58398438,0.27759197
94,184,278,0.54296875,-0.32374101
158,131,289,0.56445312,0.093425606
100,193,293,0.57226562,-0.31740614
142,151,293,0.57226562,-0.030716724
88,202,290,0.56640625,-0.39310345
95,183,278,0.54296875,-0.31654676
58,236,294,0.57421875,-0.60544218
56,239,295,0.57617188,-0.62033898
109,183,292,0.5703125,-0.25342466
87,193,280,0.546875,-0.37857143
60,226,286,0.55859375,-0.58041958
104,171,275,0.53710938,-0.24363636
80,209,289,0.56445312,-0.44636678
86,205,291,0.56835938,-0.40893471
121,166,287,0.56054688,-0.15679443
159,137,296,0.578125,0.074324324
74,208,282,0.55078125,-0.4751773
116,172,288,0.5625,-0.19444444
47,258,305,0.59570312,-0.69180328
49,240,289,0.56445312,-0.66089965
23,271,294,0.57421875,-0.84353741
62,224,286,0.55859375,-0.56643357
103,190,293,0.57226562,-0.29692833
90,190,280,0.546875,-0.35714286
161,123,284,0.5546875,0.13380282
47,243,290,0.56640625,-0.67586207
24,273,297,0.58007812,-0.83838384
98,195,293,0.57226562,-0.33105802
138,139,277,0.54101562,-0.0036101083
205,87,292,0.5703125,0.40410959
177,111,288,0.5625,0.22916667
122,166,288,0.5625,-0.15277778
90,193,283,0.55273438,-0.3639576
189,90,279,0.54492188,0.35483871
178,122,300,0.5859375,0.18666667
125,159,284,0.5546875,-0.11971831
130,156,286,0.55859375,-0.090909091
71,225,296,0.578125,-0.52027027
108,180,288,0.5625,-0.25
61,231,292,0.5703125,-0.58219178
53,248,301,0.58789062,-0.64784053
71,204,275,0.53710938,-0.48363636
77,213,290,0.56640625,-0.46896552
72,213,285,0.55664062,-0.49473684
57,229,286,0.55859375,-0.6013986
18,274,292,0.5703125,-0.87671233
62,231,293,0.57226562,-0.57679181
42,256,298,0.58203125,-0.71812081
50,247,297,0.58007812,-0.66329966
113,178,291,0.56835938,-0.2233677
150,150,300,0.5859375,0
131,135,266,0.51953125,-0.015037594
86,200,286,0.55859375,-0.3986014
54,244,298,0.58203125,-0.63758389
116,166,282,0.55078125,-0.17730496
126,145,271,0.52929688,-0.070110701
81,209,290,0.56640625,-0.44137931
58,224,282,0.55078125,-0.58865248
133,139,272,0.53125,-0.022058824
141,150,291,0.56835938,-0.030927835
94,190,284,0.5546875,-0.33802817
144,139,283,0.55273438,0.017667845
129,153,282,0.55078125,-0.085106383
96,187,283,0.55273438,-0.32155477
116,171,287,0.56054688,-0.19163763
85,203,288,0.5625,-0.40972222
103,186,289,0.56445312,-0.28719723
56,238,294,0.57421875,-0.61904762
80,202,282,0.55078125,-0.43262411
112,170,282,0.55078125,-0.20567376
136,143,279,0.54492188,-0.025089606
131,151,282,0.55078125,-0.070921986
125,175,300,0.5859375,-0.16666667
122,149,271,0.52929688,-0.099630996
162,133,295,0.57617188,0.098305085
62,247,309,0.60351562,-0.5987055
68,213,281,0.54882812,-0.51601423
77,203,280,0.546875,-0.45
152,122,274,0.53515625,0.10948905
239,57,296,0.578125,0.61486486
222,61,283,0.55273438,0.56890459
210,87,297,0.58007812,0.41414141
210,62,272,0.53125,0.54411765
211,65,276,0.5390625,0.52898551
277,21,298,0.58203125,0.8590604
258,31,289,0.56445312,0.78546713
244,51,295,0.57617188,0.65423729
193,97,290,0.56640625,0.33103448
245,38,283,0.55273438,0.73144876
207,87,294,0.57421875,0.40816327
251,29,280,0.546875,0.79285714
266,11,277,0.54101562,0.92057762
256,27,283,0.55273438,0.80918728
218,68,286,0.55859375,0.52447552
173,108,281,0.54882812,0.23131673
124,169,293,0.57226562,-0.15358362
56,229,285,0.55664062,-0.60701754
54,233,287,0.56054688,-0.62369338
64,231,295,0.57617188,-0.56610169
85,216,301,0.58789062,-0.43521595
40,262,302,0.58984375,-0.73509934
42,262,304,0.59375,-0.72368421
7,290,297,0.58007812,-0.95286195
57,225,282,0.55078125,-0.59574468
86,198,284,0.5546875,-0.3943662
110,171,281,0.54882812,-0.21708185
101,177,278,0.54296875,-0.27338129
18,281,299,0.58398438,-0.87959866
35,261,296,0.578125,-0.76351351
73,213,286,0.55859375,-0.48951049
76,195,271,0.52929688,-0.43911439
61,224,285,0.55664062,-0.57192982
43,243,286,0.55859375,-0.6993007
98,177,275,0.53710938,-0.28727273
130,159,289,0.56445312,-0.10034602
124,168,292,0.5703125,-0.15068493
111,174,285,0.55664062,-0.22105263
60,213,273,0.53320312,-0.56043956
31,261,292,0.5703125,-0.78767123
59,221,280,0.546875,-0.57857143
82,199,281,0.54882812,-0.41637011
108,169,277,0.54101562,-0.22021661
115,170,285,0.55664062,-0.19298246
40,256,296,0.578125,-0.72972973
8,295,303,0.59179688,-0.94719472
16,286,302,0.58984375,-0.89403974
32,264,296,0.578125,-0.78378378
45,250,295,0.57617188,-0.69491525
35,252,287,0.56054688,-0.75609756
99,196,295,0.57617188,-0.32881356
161,119,280,0.546875,0.15
40,250,290,0.56640625,-0.72413793
153,118,271,0.52929688,0.12915129
169,114,283,0.55273438,0.19434629
94,194,288,0.5625,-0.34722222
201,93,294,0.57421875,0.36734694
294,4,298,0.58203125,0.97315436
152,121,273,0.53320312,0.11355311
117,175,292,0.5703125,-0.19863014
64,229,293,0.57226562,-0.56313993
84,193,277,0.54101562,-0.39350181
60,232,292,0.5703125,-0.5890411
22,275,297,0.58007812,-0.85185185
87,199,286,0.55859375,-0.39160839
112,185,297,0.58007812,-0.24579125
59,228,287,0.56054688,-0.58885017
86,192,278,0.54296875,-0.38129496
58,249,307,0.59960938,-0.62214984
38,247,285,0.55664062,-0.73333333
70,220,290,0.56640625,-0.51724138
103,190,293,0.57226562,-0.29692833
122,154,276,0.5390625,-0.11594203
145,134,279,0.54492188,0.039426523
123,169,292,0.5703125,-0.15753425
71,208,279,0.54492188,-0.49103943
79,219,298,0.58203125,-0.46979866
116,166,282,0.55078125,-0.17730496
155,135,290,0.56640625,0.068965517
154,118,272,0.53125,0.13235294
145,132,277,0.54101562,0.046931408
53,235,288,0.5625,-0.63194444
81,198,279,0.54492188,-0.41935484
77,199,276,0.5390625,-0.44202899
78,207,285,0.55664062,-0.45263158
115,178,293,0.57226562,-0.21501706
96,179,275,0.53710938,-0.30181818
88,201,289,0.56445312,-0.39100346
69,208,277,0.54101562,-0.50180505
91,208,299,0.58398438,-0.39130435
78,217,295,0.57617188,-0.47118644
126,169,295,0.57617188,-0.14576271
162,115,277,0.54101562,0.16967509
97,193,290,0.56640625,-0.33103448
129,148,277,0.54101562,-0.068592058
180,112,292,0.5703125,0.23287671
201,92,293,0.57226562,0.37201365
170,117,287,0.56054688,0.18466899
171,123,294,0.57421875,0.16326531
123,154,277,0.54101562,-0.11191336
104,199,303,0.59179688,-0.31353135
144,146,290,0.56640625,-0.0068965517
146,144,290,0.56640625,0.0068965517
177,108,285,0.55664062,0.24210526
138,143,281,0.54882812,-0.017793594
82,190,272,0.53125,-0.39705882
162,120,282,0.55078125,0.14893617
159,128,287,0.56054688,0.10801394
171,113,284,0.5546875,0.20422535
222,65,287,0.56054688,0.54703833
196,91,287,0.56054688,0.36585366
258,38,296,0.578125,0.74324324
169,118,287,0.56054688,0.17770035
204,81,285,0.55664062,0.43157895
156,126,282,0.55078125,0.10638298
115,170,285,0.55664062,-0.19298246
142,150,292,0.5703125,-0.02739726
182,108,290,0.56640625,0.25517241
241,51,292,0.5703125,0.65068493
159,126,285,0.55664062,0.11578947
238,53,291,0.56835938,0.63573883
239,53,292,0.5703125,0.6369863
245,40,285,0.55664062,0.71929825
249,52,301,0.58789062,0.65448505
191,90,281,0.54882812,0.3594306
135,146,281,0.54882812,-0.039145907
72,230,302,0.58984375,-0.52317881
54,222,276,0.5390625,-0.60869565
10,288,298,0.58203125,-0.93288591
94,191,285,0.55664062,-0.34035088
43,254,297,0.58007812,-0.71043771
83,209,292,0.5703125,-0.43150685
53,229,282,0.55078125,-0.62411348
60,223,283,0.55273438,-0.57597173
97,185,282,0.55078125,-0.31205674
70,217,287,0.56054688,-0.51219512
42,240,282,0.55078125,-0.70212766
44,234,278,0.54296875,-0.68345324
75,199,274,0.53515625,-0.45255474
84,205,289,0.56445312,-0.41868512
132,168,300,0.5859375,-0.12
92,207,299,0.58398438,-0.38461538
85,203,288,0.5625,-0.40972222
64,232,296,0.578125,-0.56756757
76,221,297,0.58007812,-0.48821549
72,210,282,0.55078125,-0.4893617
157,145,302,0.58984375,0.039735099
154,128,282,0.55078125,0.092198582
175,101,276,0.5390625,0.26811594
200,76,276,0.5390625,0.44927536
101,188,289,0.56445312,-0.30103806
104,169,273,0.53320312,-0.23809524
38,262,300,0.5859375,-0.74666667
31,258,289,0.56445312,-0.78546713
41,254,295,0.57617188,-0.7220339
53,252,305,0.59570312,-0.65245902
80,209,289,0.56445312,-0.44636678
119,173,292,0.5703125,-0.18493151
132,140,272,0.53125,-0.029411765
84,212,296,0.578125,-0.43243243
113,162,275,0.53710938,-0.17818182
55,239,294,0.57421875,-0.62585034
109,180,289,0.56445312,-0.24567474
96,205,301,0.58789062,-0.36212625
35,245,280,0.546875,-0.75
40,230,270,0.52734375,-0.7037037
43,249,292,0.5703125,-0.70547945
47,253,300,0.5859375,-0.68666667
62,237,299,0.58398438,-0.58528428
25,265,290,0.56640625,-0.82758621
4,294,298,0.58203125,-0.97315436
36,262,298,0.58203125,-0.75838926
37,252,289,0.56445312,-0.74394464
58,227,285,0.55664062,-0.59298246
95,196,291,0.56835938,-0.34707904
59,217,276,0.5390625,-0.57246377
50,237,287,0.56054688,-0.65156794
80,213,293,0.57226562,-0.45392491
109,179,288,0.5625,-0.24305556
127,160,287,0.56054688,-0.11498258
105,181,286,0.55859375,-0.26573427
119,160,279,0.54492188,-0.14695341
133,154,287,0.56054688,-0.073170732
220,67,287,0.56054688,0.53310105
189,108,297,0.58007812,0.27272727
246,40,286,0.55859375,0.72027972
206,96,302,0.58984375,0.36423841
252,47,299,0.58398438,0.68561873
264,35,299,0.58398438,0.76588629
216,70,286,0.55859375,0.51048951
224,56,280,0.546875,0.6
203,95,298,0.58203125,0.36241611
249,35,284,0.5546875,0.75352113
172,117,289,0.56445312,0.19031142
233,42,275,0.53710938,0.69454545
191,91,282,0.55078125,0.35460993
161,110,271,0.52929688,0.18819188
162,123,285,0.55664062,0.13684211
161,120,281,0.54882812,0.14590747
125,160,285,0.55664062,-0.12280702
113,170,283,0.55273438,-0.20141343
123,166,289,0.56445312,-0.14878893
153,145,298,0.58203125,0.026845638
206,83,289,0.56445312,0.42560554
164,125,289,0.56445312,0.1349481
135,152,287,0.56054688,-0.059233449
101,185,286,0.55859375,-0.29370629
61,240,301,0.58789062,-0.59468439
80,189,269,0.52539062,-0.40520446
128,137,265,0.51757812,-0.033962264
218,74,292,0.5703125,0.49315068
163,121,284,0.5546875,0.14788732
164,116,280,0.546875,0.17142857
155,125,280,0.546875,0.10714286
195,89,284,0.5546875,0.37323944
259,25,284,0.5546875,0.82394366
188,87,275,0.53710938,0.36727273
138,157,295,0.57617188,-0.06440678
238,51,289,0.56445312,0.64705882
241,39,280,0.546875,0.72142857
253,26,279,0.54492188,0.81362007
237,40,277,0.54101562,0.71119134
215,83,298,0.58203125,0.44295302
233,69,302,0.58984375,0.54304636
167,117,284,0.5546875,0.17605634
212,70,282,0.55078125,0.5035461
279,21,300,0.5859375,0.86
214,66,280,0.546875,0.52857143
207,74,281,0.54882812,0.47330961
275,20,295,0.57617188,0.86440678
195,102,297,0.58007812,0.31313131
214,79,293,0.57226562,0.46075085
214,69,283,0.55273438,0.51236749
228,72,300,0.5859375,0.52
165,128,293,0.57226562,0.12627986
173,114,287,0.56054688,0.20557491
102,185,287,0.56054688,-0.28919861
87,208,295,0.57617188,-0.41016949
25,261,286,0.55859375,-0.82517483
72,209,281,0.54882812,-0.48754448
76,225,301,0.58789062,-0.49501661
122,171,293,0.57226562,-0.16723549
110,175,285,0.55664062,-0.22807018
75,206,281,0.54882812,-0.46619217
114,174,288,0.5625,-0.20833333
176,119,295,0.57617188,0.19322034
244,61,305,0.59570312,0.6
243,51,294,0.57421875,0.65306122
207,82,289,0.56445312,0.43252595
144,138,282,0.55078125,0.021276596
144,130,274,0.53515625,0.051094891
185,100,285,0.55664062,0.29824561
233,62,295,0.57617188,0.57966102
174,114,288,0.5625,0.20833333
186,104,290,0.56640625,0.28275862
126,139,265,0.51757812,-0.049056604
179,101,280,0.546875,0.27857143
123,146,269,0.52539062,-0.085501859
157,136,293,0.57226562,0.071672355
204,98,302,0.58984375,0.35099338
198,85,283,0.55273438,0.39929329
180,113,293,0.57226562,0.22866894
138,129,267,0.52148438,0.033707865
145,145,290,0.56640625,0
145,146,291,0.56835938,-0.0034364261
156,133,289,0.56445312,0.079584775
52,239,291,0.56835938,-0.64261168
56,243,299,0.58398438,-0.62541806
47,246,293,0.57226562,-0.67918089
58,231,289,0.56445312,-0.59861592
160,130,290,0.56640625,0.10344828
213,70,283,0.55273438,0.50530035
222,71,293,0.57226562,0.51535836
197,89,286,0.55859375,0.37762238
260,44,304,0.59375,0.71052632
168,109,277,0.54101562,0.21299639
163,121,284,0.5546875,0.14788732
83,208,291,0.56835938,-0.42955326
37,269,306,0.59765625,-0.75816993
15,274,289,0.56445312,-0.89619377
40,248,288,0.5625,-0.72222222
105,178,283,0.55273438,-0.25795053
121,172,293,0.57226562,-0.17406143
143,146,289,0.56445312,-0.010380623
110,166,276,0.5390625,-0.20289855
152,130,282,0.55078125,0.078014184
142,130,272,0.53125,0.044117647
195,93,288,0.5625,0.35416667
198,90,288,0.5625,0.375
178,106,284,0.5546875,0.25352113
188,100,288,0.5625,0.30555556
143,145,288,0.5625,-0.0069444444
138,145,283,0.55273438,-0.024734982
122,152,274,0.53515625,-0.10948905
99,177,276,0.5390625,-0.2826087
120,178,298,0.58203125,-0.19463087
115,160,275,0.53710938,-0.16363636
188,85,273,0.53320312,0.37728938
217,70,287,0.56054688,0.51219512
195,86,281,0.54882812,0.38790036
154,133,287,0.56054688,0.073170732
79,206,285,0.55664062,-0.44561404
64,218,282,0.55078125,-0.54609929
100,172,272,0.53125,-0.26470588
162,124,286,0.55859375,0.13286713
256,42,298,0.58203125,0.71812081
248,38,286,0.55859375,0.73426573
198,88,286,0.55859375,0.38461538
248,43,291,0.56835938,0.70446735
221,84,305,0.59570312,0.44918033
240,66,306,0.59765625,0.56862745
147,148,295,0.57617188,-0.0033898305
103,186,289,0.56445312,-0.28719723
60,230,290,0.56640625,-0.5862069
83,188,271,0.52929688,-0.38745387
78,217,295,0.57617188,-0.47118644
28,263,291,0.56835938,-0.80756014
46,244,290,0.56640625,-0.68275862
30,257,287,0.56054688,-0.79094077
102,171,273,0.53320312,-0.25274725
107,188,295,0.57617188,-0.27457627
47,239,286,0.55859375,-0.67132867
112,178,290,0.56640625,-0.22758621
252,40,292,0.5703125,0.7260274
168,98,266,0.51953125,0.26315789
155,122,277,0.54101562,0.11913357
233,56,289,0.56445312,0.61245675
154,116,270,0.52734375,0.14074074
137,161,298,0.58203125,-0.080536913
199,105,304,0.59375,0.30921053
153,126,279,0.54492188,0.096774194
201,99,300,0.5859375,0.34
240,63,303,0.59179688,0.58415842
238,50,288,0.5625,0.65277778
138,141,279,0.54492188,-0.010752688
137,147,284,0.5546875,-0.035211268
193,102,295,0.57617188,0.30847458
214,68,282,0.55078125,0.5177305
160,143,303,0.59179688,0.056105611
183,102,285,0.55664062,0.28421053
173,118,291,0.56835938,0.18900344
135,148,283,0.55273438,-0.045936396
223,71,294,0.57421875,0.5170068
136,158,294,0.57421875,-0.074829932
112,184,296,0.578125,-0.24324324
184,110,294,0.57421875,0.25170068
149,135,284,0.5546875,0.049295775
195,100,295,0.57617188,0.3220339
140,153,293,0.57226562,-0.044368601
217,60,277,0.54101562,0.566787
99,194,293,0.57226562,-0.32423208
76,217,293,0.57226562,-0.48122867
119,166,285,0.55664062,-0.16491228
45,245,290,0.56640625,-0.68965517
14,277,291,0.56835938,-0.90378007
31,273,304,0.59375,-0.79605263
32,249,281,0.54882812,-0.77224199
60,218,278,0.54296875,-0.56834532
31,255,286,0.55859375,-0.78321678
117,171,288,0.5625,-0.1875
243,51,294,0.57421875,0.65306122
183,104,287,0.56054688,0.27526132
120,166,286,0.55859375,-0.16083916
136,156,292,0.5703125,-0.068493151
131,155,286,0.55859375,-0.083916084
64,225,289,0.56445312,-0.55709343
38,253,291,0.56835938,-0.73883162
50,247,297,0.58007812,-0.66329966
53,221,274,0.53515625,-0.61313869
32,254,286,0.55859375,-0.77622378
58,230,288,0.5625,-0.59722222
60,222,282,0.55078125,-0.57446809
38,249,287,0.56054688,-0.73519164
61,223,284,0.5546875,-0.57042254
104,184,288,0.5625,-0.27777778
54,249,303,0.59179688,-0.64356436
96,200,296,0.578125,-0.35135135
46,236,282,0.55078125,-0.67375887
53,224,277,0.54101562,-0.61732852
75,221,296,0.578125,-0.49324324
86,204,290,0.56640625,-0.40689655
66,235,301,0.58789062,-0.56146179
118,162,280,0.546875,-0.15714286
166,114,280,0.546875,0.18571429
205,80,285,0.55664062,0.43859649
194,83,277,0.54101562,0.40072202
232,40,272,0.53125,0.70588235
214,58,272,0.53125,0.57352941
158,124,282,0.55078125,0.12056738
128,169,297,0.58007812,-0.13804714
67,226,293,0.57226562,-0.54266212
135,156,291,0.56835938,-0.072164948
106,177,283,0.55273438,-0.25088339
74,212,286,0.55859375,-0.48251748
167,119,286,0.55859375,0.16783217
108,180,288,0.5625,-0.25
108,181,289,0.56445312,-0.25259516
80,204,284,0.5546875,-0.43661972
53,252,305,0.59570312,-0.65245902
145,148,293,0.57226562,-0.010238908
109,175,284,0.5546875,-0.23239437
137,149,286,0.55859375,-0.041958042
199,90,289,0.56445312,0.37716263
186,88,274,0.53515625,0.35766423
180,108,288,0.5625,0.25
186,97,283,0.55273438,0.31448763
173,109,282,0.55078125,0.22695035
202,76,278,0.54296875,0.45323741
239,66,305,0.59570312,0.56721311
224,67,291,0.56835938,0.5395189
166,113,279,0.54492188,0.18996416
204,86,290,0.56640625,0.40689655
223,69,292,0.5703125,0.52739726
225,62,287,0.56054688,0.56794425
150,127,277,0.54101562,0.083032491
131,147,278,0.54296875,-0.057553957
92,182,274,0.53515625,-0.32846715
140,138,278,0.54296875,0.0071942446
97,179,276,0.5390625,-0.29710145
104,183,287,0.56054688,-0.27526132
113,163,276,0.5390625,-0.18115942
64,218,282,0.55078125,-0.54609929
62,230,292,0.5703125,-0.57534247
91,200,291,0.56835938,-0.37457045
154,133,287,0.56054688,0.073170732
138,156,294,0.57421875,-0.06122449
176,112,288,0.5625,0.22222222
145,144,289,0.56445312,0.0034602076
140,156,296,0.578125,-0.054054054
190,97,287,0.56054688,0.32404181
142,152,294,0.57421875,-0.034013605
96,195,291,0.56835938,-0.34020619
154,134,288,0.5625,0.069444444
135,158,293,0.57226562,-0.078498294
92,188,280,0.546875,-0.34285714
170,119,289,0.56445312,0.17647059
164,120,284,0.5546875,0.15492958
100,166,266,0.51953125,-0.2481203
97,190,287,0.56054688,-0.32404181
126,152,278,0.54296875,-0.09352518
129,148,277,0.54101562,-0.068592058
205,86,291,0.56835938,0.40893471
171,111,282,0.55078125,0.21276596
136,149,285,0.55664062,-0.045614035
158,128,286,0.55859375,0.1048951
91,189,280,0.546875,-0.35
116,162,278,0.54296875,-0.16546763
117,169,286,0.55859375,-0.18181818
183,100,283,0.55273438,0.29328622
111,187,298,0.58203125,-0.25503356
120,170,290,0.56640625,-0.17241379
151,138,289,0.56445312,0.044982699
171,116,287,0.56054688,0.19163763
88,192,280,0.546875,-0.37142857
134,148,282,0.55078125,-0.04964539
200,102,302,0.58984375,0.32450331
116,167,283,0.55273438,-0.18021201
105,182,287,0.56054688,-0.26829268
130,159,289,0.56445312,-0.10034602
148,131,279,0.54492188,0.0609319
96,197,293,0.57226562,-0.3447099
61,216,277,0.54101562,-0.55956679
89,193,282,0.55078125,-0.36879433
122,158,280,0.546875,-0.12857143
149,130,279,0.54492188,0.068100358
46,251,297,0.58007812,-0.69023569
46,231,277,0.54101562,-0.66787004
95,199,294,0.57421875,-0.3537415
145,124,269,0.52539062,0.078066914
69,205,274,0.53515625,-0.49635036
44,257,301,0.58789062,-0.7076412
72,215,287,0.56054688,-0.49825784
159,142,301,0.58789062,0.056478405
110,187,297,0.58007812,-0.25925926
156,128,284,0.5546875,0.098591549
168,120,288,0.5625,0.16666667
131,151,282,0.55078125,-0.070921986
177,114,291,0.56835938,0.21649485
252,46,298,0.58203125,0.69127517
154,129,283,0.55273438,0.088339223
196,83,279,0.54492188,0.40501792
204,86,290,0.56640625,0.40689655
110,158,268,0.5234375,-0.17910448
192,95,287,0.56054688,0.33797909
175,109,284,0.5546875,0.23239437
142,137,279,0.54492188,0.017921147
247,53,300,0.5859375,0.64666667
195,92,287,0.56054688,0.35888502
197,81,278,0.54296875,0.41726619
270,33,303,0.59179688,0.78217822
212,77,289,0.56445312,0.46712803
216,76,292,0.5703125,0.47945205
240,38,278,0.54296875,0.72661871
219,73,292,0.5703125,0.5
205,82,287,0.56054688,0.42857143
186,89,275,0.53710938,0.35272727
165,108,273,0.53320312,0.20879121
202,89,291,0.56835938,0.38831615
170,112,282,0.55078125,0.20567376
198,91,289,0.56445312,0.37024221
265,32,297,0.58007812,0.78451178
228,60,288,0.5625,0.58333333
278,20,298,0.58203125,0.86577181
237,53,290,0.56640625,0.63448276
202,89,291,0.56835938,0.38831615
199,75,274,0.53515625,0.45255474
180,105,285,0.55664062,0.26315789
183,108,291,0.56835938,0.25773196
262,33,295,0.57617188,0.77627119
224,62,286,0.55859375,0.56643357
165,110,275,0.53710938,0.2
97,197,294,0.57421875,-0.34013605
109,167,276,0.5390625,-0.21014493
91,210,301,0.58789062,-0.39534884
116,175,291,0.56835938,-0.20274914
93,207,300,0.5859375,-0.38
120,170,290,0.56640625,-0.17241379
14,280,294,0.57421875,-0.9047619
21,291,312,0.609375,-0.86538462
64,231,295,0.57617188,-0.56610169
147,146,293,0.57226562,0.0034129693
105,181,286,0.55859375,-0.26573427
133,154,287,0.56054688,-0.073170732
49,242,291,0.56835938,-0.66323024
21,282,303,0.59179688,-0.86138614
94,187,281,0.54882812,-0.33096085
65,224,289,0.56445312,-0.55017301
45,243,288,0.5625,-0.6875
80,219,299,0.58398438,-0.46488294
76,212,288,0.5625,-0.47222222
74,213,287,0.56054688,-0.48432056
82,203,285,0.55664062,-0.4245614
113,189,302,0.58984375,-0.25165563
61,231,292,0.5703125,-0.58219178
53,243,296,0.578125,-0.64189189
69,230,299,0.58398438,-0.53846154
91,184,275,0.53710938,-0.33818182
44,251,295,0.57617188,-0.70169492
66,225,291,0.56835938,-0.54639175
40,240,280,0.546875,-0.71428571
71,227,298,0.58203125,-0.52348993
62,228,290,0.56640625,-0.57241379
83,221,304,0.59375,-0.45394737
51,240,291,0.56835938,-0.64948454
162,127,289,0.56445312,0.12110727
167,103,270,0.52734375,0.23703704
165,115,280,0.546875,0.17857143
194,108,302,0.58984375,0.28476821
239,61,300,0.5859375,0.59333333
171,97,268,0.5234375,0.2761194
161,119,280,0.546875,0.15
111,155,266,0.51953125,-0.16541353
111,175,286,0.55859375,-0.22377622
99,189,288,0.5625,-0.3125
75,209,284,0.5546875,-0.47183099
89,198,287,0.56054688,-0.37979094
115,179,294,0.57421875,-0.21768707
102,183,285,0.55664062,-0.28421053
143,138,281,0.54882812,0.017793594
112,173,285,0.55664062,-0.21403509
143,142,285,0.55664062,0.0035087719
185,101,286,0.55859375,0.29370629
173,111,284,0.5546875,0.21830986
136,145,281,0.54882812,-0.03202847
212,72,284,0.5546875,0.49295775
279,24,303,0.59179688,0.84158416
242,45,287,0.56054688,0.68641115
173,115,288,0.5625,0.20138889
168,127,295,0.57617188,0.13898305
150,130,280,0.546875,0.071428571
138,146,284,0.5546875,-0.028169014
88,200,288,0.5625,-0.38888889
88,194,282,0.55078125,-0.37588652
147,136,283,0.55273438,0.038869258
200,96,296,0.578125,0.35135135
211,72,283,0.55273438,0.49116608
229,52,281,0.54882812,0.62989324
268,16,284,0.5546875,0.88732394
206,74,280,0.546875,0.47142857
176,111,287,0.56054688,0.22648084
136,134,270,0.52734375,0.0074074074
231,57,288,0.5625,0.60416667
200,85,285,0.55664062,0.40350877
244,54,298,0.58203125,0.63758389
221,69,290,0.56640625,0.52413793
225,63,288,0.5625,0.5625
228,54,282,0.55078125,0.61702128
231,50,281,0.54882812,0.64412811
284,21,305,0.59570312,0.86229508
188,114,302,0.58984375,0.24503311
106,177,283,0.55273438,-0.25088339
161,119,280,0.546875,0.15
125,165,290,0.56640625,-0.13793103
93,193,286,0.55859375,-0.34965035
166,129,295,0.57617188,0.12542373
194,106,300,0.5859375,0.29333333
192,101,293,0.57226562,0.3105802
84,206,290,0.56640625,-0.42068966
125,176,301,0.58789062,-0.16943522
111,176,287,0.56054688,-0.22648084
131,160,291,0.56835938,-0.099656357
123,160,283,0.55273438,-0.13074205
164,103,267,0.52148438,0.22846442
78,216,294,0.57421875,-0.46938776
121,159,280,0.546875,-0.13571429
197,72,269,0.52539062,0.46468401
161,122,283,0.55273438,0.13780919
149,129,278,0.54296875,0.071942446
112,203,315,0.61523438,-0.28888889
78,212,290,0.56640625,-0.46206897
117,176,293,0.57226562,-0.20136519
108,186,294,0.57421875,-0.26530612
126,175,301,0.58789062,-0.1627907
44,255,299,0.58398438,-0.70568562
77,217,294,0.57421875,-0.47619048
93,202,295,0.57617188,-0.36949153
133,153,286,0.55859375,-0.06993007
47,245,292,0.5703125,-0.67808219
116,176,292,0.5703125,-0.20547945
109,183,292,0.5703125,-0.25342466
129,158,287,0.56054688,-0.1010453
122,157,279,0.54492188,-0.12544803
184,103,287,0.56054688,0.28222997
243,45,288,0.5625,0.6875
210,79,289,0.56445312,0.4532872
196,94,290,0.56640625,0.35172414
229,68,297,0.58007812,0.54208754
236,46,282,0.55078125,0.67375887
223,74,297,0.58007812,0.5016835
131,163,294,0.57421875,-0.10884354
212,80,292,0.5703125,0.45205479
173,119,292,0.5703125,0.18493151
128,152,280,0.546875,-0.085714286
176,118,294,0.57421875,0.19727891
87,195,282,0.55078125,-0.38297872
159,120,279,0.54492188,0.13978495
219,68,287,0.56054688,0.5261324
252,37,289,0.56445312,0.74394464
262,39,301,0.58789062,0.74086379
210,74,284,0.5546875,0.47887324
258,33,291,0.56835938,0.77319588
150,133,283,0.55273438,0.060070671
121,162,283,0.55273438,-0.14487633
122,173,295,0.57617188,-0.17288136
93,196,289,0.56445312,-0.35640138
88,181,269,0.52539062,-0.34572491
149,126,275,0.53710938,0.083636364
170,123,293,0.57226562,0.16040956
158,126,284,0.5546875,0.11267606
192,98,290,0.56640625,0.32413793
232,61,293,0.57226562,0.58361775
215,61,276,0.5390625,0.55797101
267,30,297,0.58007812,0.7979798
279,11,290,0.56640625,0.92413793
286,25,311,0.60742188,0.8392283
188,105,293,0.57226562,0.28327645
83,208,291,0.56835938,-0.42955326
121,160,281,0.54882812,-0.13879004
213,80,293,0.57226562,0.45392491
205,84,289,0.56445312,0.41868512
141,140,281,0.54882812,0.0035587189
101,183,284,0.5546875,-0.28873239
87,190,277,0.54101562,-0.37184116
100,186,286,0.55859375,-0.3006993
129,163,292,0.5703125,-0.11643836
112,173,285,0.55664062,-0.21403509
83,212,295,0.57617188,-0.43728814
131,157,288,0.5625,-0.090277778
127,156,283,0.55273438,-0.1024735
120,172,292,0.5703125,-0.17808219
140,153,293,0.57226562,-0.044368601
117,161,278,0.54296875,-0.15827338
137,141,278,0.54296875,-0.014388489
80,204,284,0.5546875,-0.43661972
157,143,300,0.5859375,0.046666667
102,180,282,0.55078125,-0.27659574
172,122,294,0.57421875,0.17006803
246,42,288,0.5625,0.70833333
220,59,279,0.54492188,0.57706093
217,74,291,0.56835938,0.49140893
178,102,280,0.546875,0.27142857
222,72,294,0.57421875,0.51020408
229,61,290,0.56640625,0.57931034
109,164,273,0.53320312,-0.2014652
125,153,278,0.54296875,-0.10071942
101,185,286,0.55859375,-0.29370629
46,229,275,0.53710938,-0.66545455
49,245,294,0.57421875,-0.66666667
32,258,290,0.56640625,-0.77931034
80,197,277,0.54101562,-0.42238267
62,229,291,0.56835938,-0.57388316
73,208,281,0.54882812,-0.48042705
35,255,290,0.56640625,-0.75862069
36,261,297,0.58007812,-0.75757576
47,241,288,0.5625,-0.67361111
29,251,280,0.546875,-0.79285714
71,212,283,0.55273438,-0.49823322
129,150,279,0.54492188,-0.075268817
170,115,285,0.55664062,0.19298246
68,209,277,0.54101562,-0.50902527
41,248,289,0.56445312,-0.71626298
77,215,292,0.5703125,-0.47260274
152,122,274,0.53515625,0.10948905
235,49,284,0.5546875,0.65492958
170,118,288,0.5625,0.18055556
124,157,281,0.54882812,-0.11743772
39,259,298,0.58203125,-0.73825503
63,230,293,0.57226562,-0.56996587
83,209,292,0.5703125,-0.43150685
118,188,306,0.59765625,-0.22875817
116,181,297,0.58007812,-0.21885522
115,169,284,0.5546875,-0.19014085
171,120,291,0.56835938,0.17525773
143,147,290,0.56640625,-0.013793103
161,110,271,0.52929688,0.18819188
200,84,284,0.5546875,0.4084507
194,85,279,0.54492188,0.390681
206,75,281,0.54882812,0.46619217
242,42,284,0.5546875,0.70422535
207,75,282,0.55078125,0.46808511
254,43,297,0.58007812,0.71043771
277,8,285,0.55664062,0.94385965
268,21,289,0.56445312,0.85467128
209,74,283,0.55273438,0.4770318
189,104,293,0.57226562,0.29010239
96,201,297,0.58007812,-0.35353535
137,148,285,0.55664062,-0.038596491
35,270,305,0.59570312,-0.7704918
36,248,284,0.5546875,-0.74647887
19,263,282,0.55078125,-0.86524823
57,238,295,0.57617188,-0.61355932
41,255,296,0.578125,-0.72297297
31,265,296,0.578125,-0.79054054
61,234,295,0.57617188,-0.58644068
45,242,287,0.56054688,-0.68641115
34,253,287,0.56054688,-0.7630662
90,191,281,0.54882812,-0.3594306
65,240,305,0.59570312,-0.57377049
53,239,292,0.5703125,-0.6369863
23,277,300,0.5859375,-0.84666667
61,225,286,0.55859375,-0.57342657
139,152,291,0.56835938,-0.04467354
115,170,285,0.55664062,-0.19298246
127,161,288,0.5625,-0.11805556
141,147,288,0.5625,-0.020833333
148,133,281,0.54882812,0.053380783
194,94,288,0.5625,0.34722222
191,83,274,0.53515625,0.39416058
139,134,273,0.53320312,0.018315018
54,240,294,0.57421875,-0.63265306
66,213,279,0.54492188,-0.52688172
55,223,278,0.54296875,-0.60431655
100,198,298,0.58203125,-0.32885906
77,220,297,0.58007812,-0.48148148
69,210,279,0.54492188,-0.50537634
53,230,283,0.55273438,-0.6254417
52,220,272,0.53125,-0.61764706
92,192,284,0.5546875,-0.35211268
92,200,292,0.5703125,-0.36986301
127,152,279,0.54492188,-0.089605735
19,287,306,0.59765625,-0.87581699
102,186,288,0.5625,-0.29166667
106,184,290,0.56640625,-0.26896552
123,154,277,0.54101562,-0.11191336
133,153,286,0.55859375,-0.06993007
175,104,279,0.54492188,0.25448029
194,83,277,0.54101562,0.40072202
168,116,284,0.5546875,0.18309859
235,60,295,0.57617188,0.59322034
227,59,286,0.55859375,0.58741259
196,86,282,0.55078125,0.39007092
220,66,286,0.55859375,0.53846154
238,50,288,0.5625,0.65277778
232,57,289,0.56445312,0.60553633
148,115,263,0.51367188,0.12547529
70,213,283,0.55273438,-0.50530035
19,270,289,0.56445312,-0.86851211
82,204,286,0.55859375,-0.42657343
54,238,292,0.5703125,-0.63013699
108,175,283,0.55273438,-0.23674912
65,239,304,0.59375,-0.57236842
46,237,283,0.55273438,-0.67491166
34,256,290,0.56640625,-0.76551724
68,211,279,0.54492188,-0.5125448
46,232,278,0.54296875,-0.66906475
17,276,293,0.57226562,-0.88395904
62,230,292,0.5703125,-0.57534247
70,218,288,0.5625,-0.51388889
74,196,270,0.52734375,-0.45185185
139,139,278,0.54296875,0
95,179,274,0.53515625,-0.30656934
181,103,284,0.5546875,0.27464789
173,116,289,0.56445312,0.19723183
94,191,285,0.55664062,-0.34035088
116,166,282,0.55078125,-0.17730496
96,190,286,0.55859375,-0.32867133
144,144,288,0.5625,0
125,163,288,0.5625,-0.13194444
98,194,292,0.5703125,-0.32876712
86,209,295,0.57617188,-0.41694915
57,234,291,0.56835938,-0.60824742
88,204,292,0.5703125,-0.39726027
118,166,284,0.5546875,-0.16901408
142,154,296,0.578125,-0.040540541
174,108,282,0.55078125,0.23404255
216,72,288,0.5625,0.5
223,64,287,0.56054688,0.55400697
195,95,290,0.56640625,0.34482759
135,165,300,0.5859375,-0.1
100,197,297,0.58007812,-0.32659933
87,217,304,0.59375,-0.42763158
117,165,282,0.55078125,-0.17021277
96,198,294,0.57421875,-0.34693878
102,183,285,0.55664062,-0.28421053
108,180,288,0.5625,-0.25
80,208,288,0.5625,-0.44444444
58,241,299,0.58398438,-0.61204013
112,158,270,0.52734375,-0.17037037
84,199,283,0.55273438,-0.40636042
11,281,292,0.5703125,-0.92465753
46,246,292,0.5703125,-0.68493151
33,253,286,0.55859375,-0.76923077
70,209,279,0.54492188,-0.49820789
95,185,280,0.546875,-0.32142857
92,194,286,0.55859375,-0.35664336
75,208,283,0.55273438,-0.46996466
75,222,297,0.58007812,-0.49494949
48,251,299,0.58398438,-0.67892977
25,257,282,0.55078125,-0.82269504
47,249,296,0.578125,-0.68243243
26,259,285,0.55664062,-0.81754386
127,156,283,0.55273438,-0.1024735
99,195,294,0.57421875,-0.32653061
82,205,287,0.56054688,-0.42857143
93,197,290,0.56640625,-0.35862069
61,233,294,0.57421875,-0.58503401
47,234,281,0.54882812,-0.66548043
96,194,290,0.56640625,-0.33793103
73,218,291,0.56835938,-0.49828179
127,166,293,0.57226562,-0.1331058
124,154,278,0.54296875,-0.10791367
173,104,277,0.54101562,0.24909747
182,101,283,0.55273438,0.28621908
207,68,275,0.53710938,0.50545455
224,52,276,0.5390625,0.62318841
252,46,298,0.58203125,0.69127517
182,90,272,0.53125,0.33823529
198,94,292,0.5703125,0.35616438
235,49,284,0.5546875,0.65492958
163,127,290,0.56640625,0.12413793
170,121,291,0.56835938,0.16838488
197,97,294,0.57421875,0.34013605
217,67,284,0.5546875,0.52816901
254,35,289,0.56445312,0.75778547
173,112,285,0.55664062,0.21403509
182,108,290,0.56640625,0.25517241
206,89,295,0.57617188,0.39661017
198,81,279,0.54492188,0.41935484
154,136,290,0.56640625,0.062068966
82,215,297,0.58007812,-0.44781145
90,211,301,0.58789062,-0.40199336
118,165,283,0.55273438,-0.16607774
113,192,305,0.59570312,-0.25901639
108,192,300,0.5859375,-0.28
80,208,288,0.5625,-0.44444444
71,237,308,0.6015625,-0.53896104
31,263,294,0.57421875,-0.78911565
57,230,287,0.56054688,-0.60278746
152,130,282,0.55078125,0.078014184
155,131,286,0.55859375,0.083916084
254,49,303,0.59179688,0.67656766
247,57,304,0.59375,0.625
226,48,274,0.53515625,0.64963504
226,62,288,0.5625,0.56944444
201,81,282,0.55078125,0.42553191
205,92,297,0.58007812,0.38047138
133,146,279,0.54492188,-0.046594982
131,164,295,0.57617188,-0.11186441
221,62,283,0.55273438,0.56183746
201,85,286,0.55859375,0.40559441
156,124,280,0.546875,0.11428571
142,158,300,0.5859375,-0.053333333
103,194,297,0.58007812,-0.30639731
37,259,296,0.578125,-0.75
62,211,273,0.53320312,-0.54578755
61,228,289,0.56445312,-0.57785467
68,223,291,0.56835938,-0.53264605
134,161,295,0.57617188,-0.091525424
95,204,299,0.58398438,-0.36454849
146,146,292,0.5703125,0
102,191,293,0.57226562,-0.30375427
126,155,281,0.54882812,-0.10320285
89,185,274,0.53515625,-0.35036496
123,166,289,0.56445312,-0.14878893
100,196,296,0.578125,-0.32432432
126,161,287,0.56054688,-0.12195122
156,141,297,0.58007812,0.050505051
112,178,290,0.56640625,-0.22758621
169,133,302,0.58984375,0.1192053
180,109,289,0.56445312,0.24567474
132,151,283,0.55273438,-0.067137809
123,167,290,0.56640625,-0.15172414
160,118,278,0.54296875,0.15107914
85,192,277,0.54101562,-0.38628159
109,171,280,0.546875,-0.22142857
184,89,273,0.53320312,0.34798535
203,99,302,0.58984375,0.34437086
235,49,284,0.5546875,0.65492958
225,77,302,0.58984375,0.49006623
223,59,282,0.55078125,0.58156028
174,99,273,0.53320312,0.27472527
170,117,287,0.56054688,0.18466899
226,68,294,0.57421875,0.53741497
194,98,292,0.5703125,0.32876712
288,3,291,0.56835938,0.97938144
246,47,293,0.57226562,0.67918089
237,35,272,0.53125,0.74264706
222,73,295,0.57617188,0.50508475
180,100,280,0.546875,0.28571429
124,166,290,0.56640625,-0.14482759
147,122,269,0.52539062,0.092936803
95,205,300,0.5859375,-0.36666667
107,186,293,0.57226562,-0.26962457
92,189,281,0.54882812,-0.34519573
109,180,289,0.56445312,-0.24567474
147,153,300,0.5859375,-0.02
124,162,286,0.55859375,-0.13286713
131,155,286,0.55859375,-0.083916084
162,123,285,0.55664062,0.13684211
148,127,275,0.53710938,0.076363636
83,206,289,0.56445312,-0.42560554
104,191,295,0.57617188,-0.29491525
100,189,289,0.56445312,-0.30795848
84,216,300,0.5859375,-0.44
46,245,291,0.56835938,-0.6838488
87,194,281,0.54882812,-0.38078292
113,175,288,0.5625,-0.21527778
108,171,279,0.54492188,-0.22580645
123,148,271,0.52929688,-0.092250923
132,148,280,0.546875,-0.057142857
76,214,290,0.56640625,-0.47586207
193,95,288,0.5625,0.34027778
117,158,275,0.53710938,-0.14909091
137,140,277,0.54101562,-0.010830325
71,212,283,0.55273438,-0.49823322
60,219,279,0.54492188,-0.56989247
68,217,285,0.55664062,-0.52280702
104,193,297,0.58007812,-0.2996633
84,194,278,0.54296875,-0.39568345
79,208,287,0.56054688,-0.44947735
90,193,283,0.55273438,-0.3639576
161,128,289,0.56445312,0.11418685
140,145,285,0.55664062,-0.01754386
113,157,270,0.52734375,-0.16296296
94,200,294,0.57421875,-0.36054422
87,197,284,0.5546875,-0.38732394
45,244,289,0.56445312,-0.68858131
69,194,263,0.51367188,-0.47528517
98,185,283,0.55273438,-0.30742049
64,229,293,0.57226562,-0.56313993
33,255,288,0.5625,-0.77083333
74,211,285,0.55664062,-0.48070175
122,165,287,0.56054688,-0.14982578
145,137,282,0.55078125,0.028368794
144,144,288,0.5625,0
75,215,290,0.56640625,-0.48275862
119,172,291,0.56835938,-0.18213058
100,199,299,0.58398438,-0.33110368
165,120,285,0.55664062,0.15789474
161,115,276,0.5390625,0.16666667
119,155,274,0.53515625,-0.13138686
152,123,275,0.53710938,0.10545455
145,126,271,0.52929688,0.070110701
105,189,294,0.57421875,-0.28571429
123,159,282,0.55078125,-0.12765957
175,111,286,0.55859375,0.22377622
230,61,291,0.56835938,0.58075601
243,55,298,0.58203125,0.63087248
183,101,284,0.5546875,0.28873239
194,100,294,0.57421875,0.31972789
199,93,292,0.5703125,0.3630137
191,94,285,0.55664062,0.34035088
206,82,288,0.5625,0.43055556
178,101,279,0.54492188,0.27598566
89,192,281,0.54882812,-0.36654804
105,182,287,0.56054688,-0.26829268
112,170,282,0.55078125,-0.20567376
225,69,294,0.57421875,0.53061224
193,86,279,0.54492188,0.38351254
173,108,281,0.54882812,0.23131673
130,144,274,0.53515625,-0.051094891
76,204,280,0.546875,-0.45714286
127,149,276,0.5390625,-0.079710145
149,132,281,0.54882812,0.060498221
151,154,305,0.59570312,-0.0098360656
81,198,279,0.54492188,-0.41935484
135,147,282,0.55078125,-0.042553191
119,177,296,0.578125,-0.19594595
103,179,282,0.55078125,-0.26950355
192,88,280,0.546875,0.37142857
147,142,289,0.56445312,0.017301038
99,182,281,0.54882812,-0.29537367
166,117,283,0.55273438,0.17314488
186,92,278,0.54296875,0.3381295
234,49,283,0.55273438,0.65371025
245,40,285,0.55664062,0.71929825
120,161,281,0.54882812,-0.14590747
147,152,299,0.58398438,-0.016722408
110,193,303,0.59179688,-0.27392739
112,173,285,0.55664062,-0.21403509
113,167,280,0.546875,-0.19285714
58,236,294,0.57421875,-0.60544218
182,97,279,0.54492188,0.3046595
188,108,296,0.578125,0.27027027
105,169,274,0.53515625,-0.23357664
69,220,289,0.56445312,-0.52249135
67,229,296,0.578125,-0.5472973
64,211,275,0.53710938,-0.53454545
110,185,295,0.57617188,-0.25423729
91,188,279,0.54492188,-0.34767025
61,230,291,0.56835938,-0.58075601
95,202,297,0.58007812,-0.36026936
113,173,286,0.55859375,-0.20979021
86,212,298,0.58203125,-0.42281879
118,181,299,0.58398438,-0.21070234
120,166,286,0.55859375,-0.16083916
34,258,292,0.5703125,-0.76712329
49,249,298,0.58203125,-0.67114094
43,247,290,0.56640625,-0.70344828
99,183,282,0.55078125,-0.29787234
108,191,299,0.58398438,-0.27759197
77,208,285,0.55664062,-0.45964912
43,253,296,0.578125,-0.70945946
65,216,281,0.54882812,-0.53736655
83,211,294,0.57421875,-0.43537415
76,205,281,0.54882812,-0.45907473
103,174,277,0.54101562,-0.25631769
59,228,287,0.56054688,-0.58885017
48,241,289,0.56445312,-0.66782007
118,153,271,0.52929688,-0.12915129
67,211,278,0.54296875,-0.51798561
69,204,273,0.53320312,-0.49450549
86,212,298,0.58203125,-0.42281879
128,142,270,0.52734375,-0.051851852
148,158,306,0.59765625,-0.032679739
101,202,303,0.59179688,-0.33333333
102,169,271,0.52929688,-0.24723247
22,266,288,0.5625,-0.84722222
43,259,302,0.58984375,-0.71523179
71,206,277,0.54101562,-0.48736462
167,119,286,0.55859375,0.16783217
150,133,283,0.55273438,0.060070671
137,141,278,0.54296875,-0.014388489
225,66,291,0.56835938,0.54639175
225,62,287,0.56054688,0.56794425
294,21,315,0.61523438,0.86666667
255,26,281,0.54882812,0.81494662
262,19,281,0.54882812,0.86476868
195,79,274,0.53515625,0.42335766
201,102,303,0.59179688,0.32673267
192,93,285,0.55664062,0.34736842
190,95,285,0.55664062,0.33333333
136,148,284,0.5546875,-0.042253521
185,101,286,0.55859375,0.29370629
140,158,298,0.58203125,-0.060402685
45,254,299,0.58398438,-0.69899666
79,221,300,0.5859375,-0.47333333
99,182,281,0.54882812,-0.29537367
103,183,286,0.55859375,-0.27972028
73,219,292,0.5703125,-0.5
91,183,274,0.53515625,-0.33576642
89,211,300,0.5859375,-0.40666667
145,156,301,0.58789062,-0.03654485
121,168,289,0.56445312,-0.16262976
116,170,286,0.55859375,-0.18881119
78,197,275,0.53710938,-0.43272727
89,202,291,0.56835938,-0.38831615
100,188,288,0.5625,-0.30555556
113,170,283,0.55273438,-0.20141343
182,99,281,0.54882812,0.29537367
163,113,276,0.5390625,0.18115942
172,109,281,0.54882812,0.22419929
131,160,291,0.56835938,-0.099656357
89,201,290,0.56640625,-0.3862069
67,222,289,0.56445312,-0.53633218
75,209,284,0.5546875,-0.47183099
80,208,288,0.5625,-0.44444444
150,128,278,0.54296875,0.079136691
140,147,287,0.56054688,-0.024390244
181,110,291,0.56835938,0.24398625
108,182,290,0.56640625,-0.25517241
119,168,287,0.56054688,-0.17073171
97,180,277,0.54101562,-0.29963899
196,97,293,0.57226562,0.33788396
131,162,293,0.57226562,-0.10580205
116,163,279,0.54492188,-0.16845878
115,170,285,0.55664062,-0.19298246
159,135,294,0.57421875,0.081632653
152,136,288,0.5625,0.055555556
161,127,288,0.5625,0.11805556
145,128,273,0.53320312,0.062271062
184,102,286,0.55859375,0.28671329
142,153,295,0.57617188,-0.037288136
121,168,289,0.56445312,-0.16262976
113,158,271,0.52929688,-0.16605166
117,162,279,0.54492188,-0.16129032
96,180,276,0.5390625,-0.30434783
89,184,273,0.53320312,-0.34798535
78,199,277,0.54101562,-0.4368231
67,219,286,0.55859375,-0.53146853
38,250,288,0.5625,-0.73611111
83,211,294,0.57421875,-0.43537415
137,157,294,0.57421875,-0.068027211
141,144,285,0.55664062,-0.010526316
148,131,279,0.54492188,0.0609319
170,111,281,0.54882812,0.20996441
249,41,290,0.56640625,0.71724138
142,152,294,0.57421875,-0.034013605
48,245,293,0.57226562,-0.67235495
95,201,296,0.578125,-0.35810811
140,152,292,0.5703125,-0.04109589
101,182,283,0.55273438,-0.28621908
67,219,286,0.55859375,-0.53146853
111,190,301,0.58789062,-0.26245847
116,168,284,0.5546875,-0.18309859
144,139,283,0.55273438,0.017667845
120,148,268,0.5234375,-0.10447761
82,198,280,0.546875,-0.41428571
84,180,264,0.515625,-0.36363636
134,158,292,0.5703125,-0.082191781
150,154,304,0.59375,-0.013157895
93,198,291,0.56835938,-0.36082474
47,236,283,0.55273438,-0.66784452
108,168,276,0.5390625,-0.2173913
164,117,281,0.54882812,0.16725979
95,190,285,0.55664062,-0.33333333
151,117,268,0.5234375,0.12686567
150,127,277,0.54101562,0.083032491
97,188,285,0.55664062,-0.31929825
197,87,284,0.5546875,0.38732394
157,142,299,0.58398438,0.050167224
163,136,299,0.58398438,0.090301003
150,131,281,0.54882812,0.067615658
122,174,296,0.578125,-0.17567568
132,137,269,0.52539062,-0.018587361
117,169,286,0.55859375,-0.18181818
131,143,274,0.53515625,-0.04379562
72,194,266,0.51953125,-0.45864662
75,218,293,0.57226562,-0.48805461
134,151,285,0.55664062,-0.059649123
263,32,295,0.57617188,0.78305085
262,32,294,0.57421875,0.78231293
257,33,290,0.56640625,0.77241379
228,60,288,0.5625,0.58333333
208,81,289,0.56445312,0.43944637
162,111,273,0.53320312,0.18681319
107,187,294,0.57421875,-0.27210884
53,228,281,0.54882812,-0.6227758
34,271,305,0.59570312,-0.77704918
89,204,293,0.57226562,-0.39249147
85,214,299,0.58398438,-0.43143813
79,212,291,0.56835938,-0.45704467
128,163,291,0.56835938,-0.12027491
66,230,296,0.578125,-0.55405405
75,210,285,0.55664062,-0.47368421
55,239,294,0.57421875,-0.62585034
107,180,287,0.56054688,-0.2543554
73,206,279,0.54492188,-0.47670251
81,205,286,0.55859375,-0.43356643
71,225,296,0.578125,-0.52027027
48,255,303,0.59179688,-0.68316832
51,258,309,0.60351562,-0.66990291
78,206,284,0.5546875,-0.45070423
83,196,279,0.54492188,-0.40501792
98,190,288,0.5625,-0.31944444
91,191,282,0.55078125,-0.35460993
158,119,277,0.54101562,0.14079422
219,72,291,0.56835938,0.50515464
126,153,279,0.54492188,-0.096774194
186,97,283,0.55273438,0.31448763
189,90,279,0.54492188,0.35483871
194,93,287,0.56054688,0.35191638
184,86,270,0.52734375,0.36296296
216,71,287,0.56054688,0.50522648
119,177,296,0.578125,-0.19594595
131,141,272,0.53125,-0.036764706
207,89,296,0.578125,0.39864865
144,139,283,0.55273438,0.017667845
120,176,296,0.578125,-0.18918919
101,186,287,0.56054688,-0.29616725
43,230,273,0.53320312,-0.68498168
125,180,305,0.59570312,-0.18032787
155,144,299,0.58398438,0.036789298
186,100,286,0.55859375,0.3006993
260,39,299,0.58398438,0.73913043
183,97,280,0.546875,0.30714286
175,110,285,0.55664062,0.22807018
155,123,278,0.54296875,0.11510791
123,162,285,0.55664062,-0.13684211
226,72,298,0.58203125,0.51677852
207,77,284,0.5546875,0.45774648
180,92,272,0.53125,0.32352941
139,147,286,0.55859375,-0.027972028
68,220,288,0.5625,-0.52777778
156,149,305,0.59570312,0.02295082
123,170,293,0.57226562,-0.16040956
153,131,284,0.5546875,0.077464789
121,171,292,0.5703125,-0.17123288
27,252,279,0.54492188,-0.80645161
29,264,293,0.57226562,-0.80204778
47,249,296,0.578125,-0.68243243
78,206,284,0.5546875,-0.45070423
78,220,298,0.58203125,-0.47651007
96,196,292,0.5703125,-0.34246575
99,190,289,0.56445312,-0.31487889
128,155,283,0.55273438,-0.09540636
28,266,294,0.57421875,-0.80952381
32,257,289,0.56445312,-0.77854671
18,289,307,0.59960938,-0.88273616
48,245,293,0.57226562,-0.67235495
60,235,295,0.57617188,-0.59322034
55,245,300,0.5859375,-0.63333333
104,183,287,0.56054688,-0.27526132
124,151,275,0.53710938,-0.098181818
64,228,292,0.5703125,-0.56164384
24,264,288,0.5625,-0.83333333
40,244,284,0.5546875,-0.71830986
57,232,289,0.56445312,-0.60553633
23,255,278,0.54296875,-0.83453237
10,290,300,0.5859375,-0.93333333
72,198,270,0.52734375,-0.46666667
42,242,284,0.5546875,-0.70422535
82,212,294,0.57421875,-0.44217687
41,254,295,0.57617188,-0.7220339
190,93,283,0.55273438,0.34275618
248,46,294,0.57421875,0.68707483
160,134,294,0.57421875,0.088435374
140,144,284,0.5546875,-0.014084507
105,182,287,0.56054688,-0.26829268
99,194,293,0.57226562,-0.32423208
131,146,277,0.54101562,-0.054151625
137,138,275,0.53710938,-0.0036363636
155,140,295,0.57617188,0.050847458
148,130,278,0.54296875,0.064748201
139,142,281,0.54882812,-0.010676157
157,117,274,0.53515625,0.1459854
210,71,281,0.54882812,0.49466192
253,40,293,0.57226562,0.72696246
252,35,287,0.56054688,0.75609756
247,45,292,0.5703125,0.69178082
241,45,286,0.55859375,0.68531469
261,30,291,0.56835938,0.79381443
215,77,292,0.5703125,0.47260274
167,114,281,0.54882812,0.1886121
187,100,287,0.56054688,0.30313589
231,56,287,0.56054688,0.6097561
240,55,295,0.57617188,0.62711864
273,22,295,0.57617188,0.85084746
208,78,286,0.55859375,0.45454545
112,182,294,0.57421875,-0.23809524
100,202,302,0.58984375,-0.33774834
108,164,272,0.53125,-0.20588235
175,113,288,0.5625,0.21527778
87,207,294,0.57421875,-0.40816327
145,137,282,0.55078125,0.028368794
151,142,293,0.57226562,0.030716724
47,221,268,0.5234375,-0.64925373
44,257,301,0.58789062,-0.7076412
51,228,279,0.54492188,-0.6344086
81,225,306,0.59765625,-0.47058824
73,215,288,0.5625,-0.49305556
107,183,290,0.56640625,-0.26206897
123,161,284,0.5546875,-0.13380282
92,190,282,0.55078125,-0.34751773
109,167,276,0.5390625,-0.21014493
104,184,288,0.5625,-0.27777778
162,114,276,0.5390625,0.17391304
78,205,283,0.55273438,-0.44876325
66,232,298,0.58203125,-0.55704698
80,210,290,0.56640625,-0.44827586
111,165,276,0.5390625,-0.19565217
44,236,280,0.546875,-0.68571429
62,221,283,0.55273438,-0.56183746
48,236,284,0.5546875,-0.66197183
41,252,293,0.57226562,-0.72013652
135,163,298,0.58203125,-0.093959732
115,179,294,0.57421875,-0.21768707
93,202,295,0.57617188,-0.36949153
65,224,289,0.56445312,-0.55017301
57,232,289,0.56445312,-0.60553633
25,275,300,0.5859375,-0.83333333
68,226,294,0.57421875,-0.53741497
63,238,301,0.58789062,-0.58139535
121,165,286,0.55859375,-0.15384615
167,125,292,0.5703125,0.14383562
204,84,288,0.5625,0.41666667
196,90,286,0.55859375,0.37062937
185,110,295,0.57617188,0.25423729
128,153,281,0.54882812,-0.088967972
198,90,288,0.5625,0.375
220,59,279,0.54492188,0.57706093
153,144,297,0.58007812,0.03030303
241,46,287,0.56054688,0.67944251
168,119,287,0.56054688,0.17073171
163,125,288,0.5625,0.13194444
103,165,268,0.5234375,-0.23134328
33,256,289,0.56445312,-0.7716263
154,131,285,0.55664062,0.080701754
226,71,297,0.58007812,0.52188552
190,95,285,0.55664062,0.33333333
167,123,290,0.56640625,0.15172414
126,154,280,0.546875,-0.1
185,97,282,0.55078125,0.31205674
127,173,300,0.5859375,-0.15333333
152,118,270,0.52734375,0.12592593
242,52,294,0.57421875,0.6462585
219,56,275,0.53710938,0.59272727
266,34,300,0.5859375,0.77333333
222,56,278,0.54296875,0.5971223
197,73,270,0.52734375,0.45925926
148,120,268,0.5234375,0.10447761
149,131,280,0.546875,0.064285714
200,88,288,0.5625,0.38888889
200,85,285,0.55664062,0.40350877
197,98,295,0.57617188,0.33559322
113,172,285,0.55664062,-0.20701754
111,183,294,0.57421875,-0.24489796
56,235,291,0.56835938,-0.61512027
78,210,288,0.5625,-0.45833333
95,188,283,0.55273438,-0.32862191
47,247,294,0.57421875,-0.68027211
133,145,278,0.54296875,-0.043165468
154,138,292,0.5703125,0.054794521
215,52,267,0.52148438,0.61048689
269,32,301,0.58789062,0.78737542
255,33,288,0.5625,0.77083333
176,103,279,0.54492188,0.26164875
176,111,287,0.56054688,0.22648084
168,119,287,0.56054688,0.17073171
144,151,295,0.57617188,-0.023728814
133,152,285,0.55664062,-0.066666667
138,150,288,0.5625,-0.041666667
128,155,283,0.55273438,-0.09540636
147,136,283,0.55273438,0.038869258
41,263,304,0.59375,-0.73026316
48,236,284,0.5546875,-0.66197183
46,239,285,0.55664062,-0.67719298
151,150,301,0.58789062,0.0033222591
167,114,281,0.54882812,0.1886121
233,47,280,0.546875,0.66428571
267,39,306,0.59765625,0.74509804
211,82,293,0.57226562,0.44027304
215,78,293,0.57226562,0.46757679
188,89,277,0.54101562,0.35740072
227,62,289,0.56445312,0.57093426
210,81,291,0.56835938,0.44329897
190,92,282,0.55078125,0.34751773
118,164,282,0.55078125,-0.16312057
194,88,282,0.55078125,0.37588652
150,153,303,0.59179688,-0.0099009901
116,170,286,0.55859375,-0.18881119
43,256,299,0.58398438,-0.71237458
56,228,284,0.5546875,-0.6056338
148,139,287,0.56054688,0.031358885
147,152,299,0.58398438,-0.016722408
191,105,296,0.578125,0.29054054
166,113,279,0.54492188,0.18996416
190,106,296,0.578125,0.28378378
97,196,293,0.57226562,-0.33788396
95,194,289,0.56445312,-0.34256055
104,185,289,0.56445312,-0.28027682
101,178,279,0.54492188,-0.27598566
114,161,275,0.53710938,-0.17090909
124,162,286,0.55859375,-0.13286713
153,127,280,0.546875,0.092857143
203,85,288,0.5625,0.40972222
239,53,292,0.5703125,0.6369863
233,52,285,0.55664062,0.63508772
165,127,292,0.5703125,0.13013699
207,70,277,0.54101562,0.49458484
225,64,289,0.56445312,0.55709343
284,8,292,0.5703125,0.94520548
253,37,290,0.56640625,0.74482759
177,117,294,0.57421875,0.20408163
91,191,282,0.55078125,-0.35460993
159,126,285,0.55664062,0.11578947
199,86,285,0.55664062,0.39649123
260,35,295,0.57617188,0.76271186
195,84,279,0.54492188,0.39784946
173,117,290,0.56640625,0.19310345
132,144,276,0.5390625,-0.043478261
146,135,281,0.54882812,0.039145907
159,142,301,0.58789062,0.056478405
159,117,276,0.5390625,0.15217391
136,155,291,0.56835938,-0.065292096
191,91,282,0.55078125,0.35460993
206,77,283,0.55273438,0.45583039
214,73,287,0.56054688,0.4912892
159,120,279,0.54492188,0.13978495
134,159,293,0.57226562,-0.085324232
101,192,293,0.57226562,-0.3105802
68,226,294,0.57421875,-0.53741497
75,211,286,0.55859375,-0.47552448
43,263,306,0.59765625,-0.71895425
40,238,278,0.54296875,-0.71223022
39,254,293,0.57226562,-0.7337884
70,210,280,0.546875,-0.5
96,176,272,0.53125,-0.29411765
57,233,290,0.56640625,-0.60689655
100,190,290,0.56640625,-0.31034483
86,215,301,0.58789062,-0.42857143
144,143,287,0.56054688,0.0034843206
139,149,288,0.5625,-0.034722222
191,97,288,0.5625,0.32638889
159,141,300,0.5859375,0.06
153,133,286,0.55859375,0.06993007
145,138,283,0.55273438,0.024734982
212,66,278,0.54296875,0.52517986
249,39,288,0.5625,0.72916667
216,67,283,0.55273438,0.52650177
234,44,278,0.54296875,0.68345324
263,14,277,0.54101562,0.89891697
269,21,290,0.56640625,0.85517241
248,45,293,0.57226562,0.69283276
174,120,294,0.57421875,0.18367347
188,81,269,0.52539062,0.39776952
201,83,284,0.5546875,0.41549296
252,45,297,0.58007812,0.6969697
223,67,290,0.56640625,0.53793103
252,51,303,0.59179688,0.66336634
189,79,268,0.5234375,0.41044776
133,159,292,0.5703125,-0.089041096
108,186,294,0.57421875,-0.26530612
69,218,287,0.56054688,-0.51916376
57,228,285,0.55664062,-0.6
34,256,290,0.56640625,-0.76551724
48,238,286,0.55859375,-0.66433566
21,264,285,0.55664062,-0.85263158
96,212,308,0.6015625,-0.37662338
65,228,293,0.57226562,-0.55631399
116,184,300,0.5859375,-0.22666667
171,117,288,0.5625,0.1875
244,53,297,0.58007812,0.64309764
226,59,285,0.55664062,0.58596491
216,74,290,0.56640625,0.48965517
131,168,299,0.58398438,-0.12374582
170,129,299,0.58398438,0.13712375
178,96,274,0.53515625,0.29927007
234,44,278,0.54296875,0.68345324
271,29,300,0.5859375,0.80666667
259,41,300,0.5859375,0.72666667
285,25,310,0.60546875,0.83870968
201,98,299,0.58398438,0.34448161
143,144,287,0.56054688,-0.0034843206
198,99,297,0.58007812,0.33333333
216,72,288,0.5625,0.5
226,69,295,0.57617188,0.53220339
212,87,299,0.58398438,0.4180602
191,88,279,0.54492188,0.36917563
176,99,275,0.53710938,0.28
246,44,290,0.56640625,0.69655172
236,59,295,0.57617188,0.6
154,129,283,0.55273438,0.088339223
120,168,288,0.5625,-0.16666667
245,48,293,0.57226562,0.67235495
144,144,288,0.5625,0
131,156,287,0.56054688,-0.087108014
42,252,294,0.57421875,-0.71428571
60,227,287,0.56054688,-0.58188153
11,284,295,0.57617188,-0.92542373
19,267,286,0.55859375,-0.86713287
133,155,288,0.5625,-0.076388889
176,99,275,0.53710938,0.28
224,43,267,0.52148438,0.67790262
244,44,288,0.5625,0.69444444
227,69,296,0.578125,0.53378378
214,68,282,0.55078125,0.5177305
204,87,291,0.56835938,0.40206186
239,54,293,0.57226562,0.63139932
146,147,293,0.57226562,-0.0034129693
136,150,286,0.55859375,-0.048951049
210,72,282,0.55078125,0.4893617
206,78,284,0.5546875,0.45070423
236,56,292,0.5703125,0.61643836
223,66,289,0.56445312,0.5432526
158,126,284,0.5546875,0.11267606
81,196,277,0.54101562,-0.41516245
83,196,279,0.54492188,-0.40501792
45,257,302,0.58984375,-0.70198675
113,186,299,0.58398438,-0.24414716
60,229,289,0.56445312,-0.58477509
28,262,290,0.56640625,-0.80689655
33,275,308,0.6015625,-0.78571429
32,255,287,0.56054688,-0.77700348
102,187,289,0.56445312,-0.29411765
101,192,293,0.57226562,-0.3105802
76,225,301,0.58789062,-0.49501661
55,226,281,0.54882812,-0.60854093
65,217,282,0.55078125,-0.53900709
29,268,297,0.58007812,-0.8047138
29,265,294,0.57421875,-0.80272109
81,205,286,0.55859375,-0.43356643
132,159,291,0.56835938,-0.092783505
172,124,296,0.578125,0.16216216
187,104,291,0.56835938,0.28522337
156,123,279,0.54492188,0.11827957
199,93,292,0.5703125,0.3630137
222,67,289,0.56445312,0.53633218
143,137,280,0.546875,0.021428571
131,157,288,0.5625,-0.090277778
66,226,292,0.5703125,-0.54794521
147,137,284,0.5546875,0.035211268
161,111,272,0.53125,0.18382353
162,135,297,0.58007812,0.090909091
121,171,292,0.5703125,-0.17123288
104,194,298,0.58203125,-0.30201342
89,190,279,0.54492188,-0.36200717
81,213,294,0.57421875,-0.44897959
91,193,284,0.5546875,-0.35915493
66,236,302,0.58984375,-0.56291391
74,223,297,0.58007812,-0.5016835
60,221,281,0.54882812,-0.57295374
73,209,282,0.55078125,-0.4822695
68,217,285,0.55664062,-0.52280702
117,149,266,0.51953125,-0.12030075
120,167,287,0.56054688,-0.16376307
113,170,283,0.55273438,-0.20141343
38,265,303,0.59179688,-0.74917492
124,159,283,0.55273438,-0.12367491
106,176,282,0.55078125,-0.24822695
78,221,299,0.58398438,-0.47826087
139,155,294,0.57421875,-0.054421769
79,212,291,0.56835938,-0.45704467
97,188,285,0.55664062,-0.31929825
201,92,293,0.57226562,0.37201365
205,84,289,0.56445312,0.41868512
196,94,290,0.56640625,0.35172414
153,133,286,0.55859375,0.06993007
109,169,278,0.54296875,-0.21582734
172,113,285,0.55664062,0.20701754
116,165,281,0.54882812,-0.17437722
57,225,282,0.55078125,-0.59574468
135,158,293,0.57226562,-0.078498294
125,161,286,0.55859375,-0.12587413
76,214,290,0.56640625,-0.47586207
66,216,282,0.55078125,-0.53191489
143,137,280,0.546875,0.021428571
123,170,293,0.57226562,-0.16040956
72,205,277,0.54101562,-0.4801444
83,204,287,0.56054688,-0.42160279
157,125,282,0.55078125,0.11347518
124,173,297,0.58007812,-0.16498316
135,156,291,0.56835938,-0.072164948
161,114,275,0.53710938,0.17090909
100,178,278,0.54296875,-0.28057554
52,233,285,0.55664062,-0.63508772
38,263,301,0.58789062,-0.74750831
28,275,303,0.59179688,-0.81518152
50,232,282,0.55078125,-0.64539007
77,204,281,0.54882812,-0.4519573
109,177,286,0.55859375,-0.23776224
73,228,301,0.58789062,-0.51495017
172,115,287,0.56054688,0.19860627
160,122,282,0.55078125,0.13475177
242,40,282,0.55078125,0.71631206
256,30,286,0.55859375,0.79020979
199,68,267,0.52148438,0.4906367
239,35,274,0.53515625,0.74452555
251,34,285,0.55664062,0.76140351
230,57,287,0.56054688,0.60278746
212,81,293,0.57226562,0.44709898
258,32,290,0.56640625,0.77931034
214,92,306,0.59765625,0.39869281
121,169,290,0.56640625,-0.16551724
208,66,274,0.53515625,0.51824818
152,157,309,0.60351562,-0.01618123
209,77,286,0.55859375,0.46153846
138,138,276,0.5390625,0
146,134,280,0.546875,0.042857143
165,113,278,0.54296875,0.18705036
150,136,286,0.55859375,0.048951049
101,195,296,0.578125,-0.31756757
171,104,275,0.53710938,0.24363636
242,38,280,0.546875,0.72857143
207,70,277,0.54101562,0.49458484
192,95,287,0.56054688,0.33797909
161,110,271,0.52929688,0.18819188
269,36,305,0.59570312,0.76393443
194,80,274,0.53515625,0.41605839
216,69,285,0.55664062,0.51578947
224,61,285,0.55664062,0.57192982
199,91,290,0.56640625,0.37241379
189,105,294,0.57421875,0.28571429
188,105,293,0.57226562,0.28327645
226,65,291,0.56835938,0.5532646
156,130,286,0.55859375,0.090909091
97,200,297,0.58007812,-0.34680135
153,116,269,0.52539062,0.13754647
144,143,287,0.56054688,0.0034843206
64,232,296,0.578125,-0.56756757
34,255,289,0.56445312,-0.76470588
37,256,293,0.57226562,-0.74744027
116,167,283,0.55273438,-0.18021201
167,117,284,0.5546875,0.17605634
155,118,273,0.53320312,0.13553114
102,189,291,0.56835938,-0.29896907
65,220,285,0.55664062,-0.54385965
119,168,287,0.56054688,-0.17073171
170,123,293,0.57226562,0.16040956
81,208,289,0.56445312,-0.43944637
81,206,287,0.56054688,-0.43554007
24,272,296,0.578125,-0.83783784
35,257,292,0.5703125,-0.76027397
32,260,292,0.5703125,-0.78082192
20,275,295,0.57617188,-0.86440678
37,254,291,0.56835938,-0.74570447
51,229,280,0.546875,-0.63571429
42,259,301,0.58789062,-0.72093023
34,268,302,0.58984375,-0.77483444
34,256,290,0.56640625,-0.76551724
121,160,281,0.54882812,-0.13879004
125,160,285,0.55664062,-0.12280702
171,110,281,0.54882812,0.21708185
180,101,281,0.54882812,0.28113879
175,116,291,0.56835938,0.20274914
127,162,289,0.56445312,-0.12110727
158,118,276,0.5390625,0.14492754
171,114,285,0.55664062,0.2
77,199,276,0.5390625,-0.44202899
93,200,293,0.57226562,-0.36518771
33,256,289,0.56445312,-0.7716263
89,197,286,0.55859375,-0.37762238
134,156,290,0.56640625,-0.075862069
81,214,295,0.57617188,-0.45084746
63,217,280,0.546875,-0.55
48,244,292,0.5703125,-0.67123288
130,157,287,0.56054688,-0.094076655
176,118,294,0.57421875,0.19727891
121,157,278,0.54296875,-0.1294964
123,156,279,0.54492188,-0.11827957
203,84,287,0.56054688,0.41463415
88,210,298,0.58203125,-0.40939597
90,188,278,0.54296875,-0.35251799
60,220,280,0.546875,-0.57142857
113,170,283,0.55273438,-0.20141343
97,189,286,0.55859375,-0.32167832
153,128,281,0.54882812,0.088967972
148,129,277,0.54101562,0.068592058
207,91,298,0.58203125,0.38926174
150,129,279,0.54492188,0.075268817
38,256,294,0.57421875,-0.7414966
48,246,294,0.57421875,-0.67346939
119,160,279,0.54492188,-0.14695341
55,222,277,0.54101562,-0.60288809
144,142,286,0.55859375,0.006993007
114,153,267,0.52148438,-0.14606742
161,140,301,0.58789062,0.069767442
211,77,288,0.5625,0.46527778
228,55,283,0.55273438,0.61130742
235,59,294,0.57421875,0.59863946
90,203,293,0.57226562,-0.38566553
116,163,279,0.54492188,-0.16845878
27,268,295,0.57617188,-0.81694915
53,246,299,0.58398438,-0.64548495
21,280,301,0.58789062,-0.86046512
80,202,282,0.55078125,-0.43262411
106,179,285,0.55664062,-0.25614035
149,126,275,0.53710938,0.083636364
212,84,296,0.578125,0.43243243
178,101,279,0.54492188,0.27598566
128,169,297,0.58007812,-0.13804714
156,119,275,0.53710938,0.13454545
114,169,283,0.55273438,-0.19434629
165,126,291,0.56835938,0.13402062
186,94,280,0.546875,0.32857143
234,47,281,0.54882812,0.66548043
260,27,287,0.56054688,0.81184669
235,67,302,0.58984375,0.55629139
151,142,293,0.57226562,0.030716724
98,183,281,0.54882812,-0.3024911
120,155,275,0.53710938,-0.12727273
33,252,285,0.55664062,-0.76842105
50,238,288,0.5625,-0.65277778
11,275,286,0.55859375,-0.92307692
31,266,297,0.58007812,-0.79124579
42,254,296,0.578125,-0.71621622
91,187,278,0.54296875,-0.34532374
128,159,287,0.56054688,-0.10801394
130,157,287,0.56054688,-0.094076655
193,89,282,0.55078125,0.36879433
153,128,281,0.54882812,0.088967972
171,111,282,0.55078125,0.21276596
174,95,269,0.52539062,0.2936803
202,76,278,0.54296875,0.45323741
235,58,293,0.57226562,0.60409556
184,101,285,0.55664062,0.29122807
169,128,297,0.58007812,0.13804714
173,106,279,0.54492188,0.24014337
182,109,291,0.56835938,0.25085911
133,135,268,0.5234375,-0.0074626866
202,93,295,0.57617188,0.36949153
191,92,283,0.55273438,0.34982332
178,101,279,0.54492188,0.27598566
172,102,274,0.53515625,0.25547445
161,130,291,0.56835938,0.10652921
176,97,273,0.53320312,0.28937729
223,62,285,0.55664062,0.56491228
239,51,290,0.56640625,0.64827586
126,150,276,0.5390625,-0.086956522
144,141,285,0.55664062,0.010526316
132,160,292,0.5703125,-0.095890411
146,138,284,0.5546875,0.028169014
97,174,271,0.52929688,-0.28413284
192,99,291,0.56835938,0.31958763
193,90,283,0.55273438,0.3639576
183,103,286,0.55859375,0.27972028
114,188,302,0.58984375,-0.24503311
63,227,290,0.56640625,-0.56551724
82,211,293,0.57226562,-0.44027304
73,208,281,0.54882812,-0.48042705
22,275,297,0.58007812,-0.85185185
57,236,293,0.57226562,-0.6109215
12,270,282,0.55078125,-0.91489362
42,251,293,0.57226562,-0.71331058
28,273,301,0.58789062,-0.81395349
52,247,299,0.58398438,-0.65217391
79,207,286,0.55859375,-0.44755245
159,143,302,0.58984375,0.052980132
192,83,275,0.53710938,0.39636364
115,182,297,0.58007812,-0.22558923
99,193,292,0.5703125,-0.32191781
99,196,295,0.57617188,-0.32881356
90,194,284,0.5546875,-0.36619718
104,176,280,0.546875,-0.25714286
110,184,294,0.57421875,-0.25170068
124,164,288,0.5625,-0.13888889
99,177,276,0.5390625,-0.2826087
113,168,281,0.54882812,-0.19572954
173,106,279,0.54492188,0.24014337
144,138,282,0.55078125,0.021276596
119,169,288,0.5625,-0.17361111
164,123,287,0.56054688,0.14285714
130,148,278,0.54296875,-0.064748201
120,158,278,0.54296875,-0.13669065
165,135,300,0.5859375,0.1
134,154,288,0.5625,-0.069444444
115,167,282,0.55078125,-0.18439716
82,208,290,0.56640625,-0.43448276
190,98,288,0.5625,0.31944444
228,60,288,0.5625,0.58333333
162,115,277,0.54101562,0.16967509
193,88,281,0.54882812,0.37366548
229,60,289,0.56445312,0.58477509
177,104,281,0.54882812,0.25978648
268,36,304,0.59375,0.76315789
200,78,278,0.54296875,0.43884892
192,96,288,0.5625,0.33333333
107,173,280,0.546875,-0.23571429
35,250,285,0.55664062,-0.75438596
65,209,274,0.53515625,-0.52554745
74,221,295,0.57617188,-0.49830508
61,235,296,0.578125,-0.58783784
37,248,285,0.55664062,-0.74035088
31,267,298,0.58203125,-0.79194631
77,202,279,0.54492188,-0.44802867
93,202,295,0.57617188,-0.36949153
165,124,289,0.56445312,0.14186851
184,92,276,0.5390625,0.33333333
154,130,284,0.5546875,0.084507042
187,89,276,0.5390625,0.35507246
214,100,314,0.61328125,0.36305732
232,50,282,0.55078125,0.64539007
188,101,289,0.56445312,0.30103806
153,141,294,0.57421875,0.040816327
117,169,286,0.55859375,-0.18181818
193,97,290,0.56640625,0.33103448
132,164,296,0.578125,-0.10810811
90,190,280,0.546875,-0.35714286
122,174,296,0.578125,-0.17567568
75,213,288,0.5625,-0.47916667
121,166,287,0.56054688,-0.15679443
127,149,276,0.5390625,-0.079710145
151,143,294,0.57421875,0.027210884
104,182,286,0.55859375,-0.27272727
89,189,278,0.54296875,-0.35971223
47,233,280,0.546875,-0.66428571
122,160,282,0.55078125,-0.13475177
94,212,306,0.59765625,-0.38562092
107,181,288,0.5625,-0.25694444
97,190,287,0.56054688,-0.32404181
81,214,295,0.57617188,-0.45084746
108,179,287,0.56054688,-0.24738676
52,221,273,0.53320312,-0.61904762
90,210,300,0.5859375,-0.4
98,196,294,0.57421875,-0.33333333
74,204,278,0.54296875,-0.4676259
69,217,286,0.55859375,-0.51748252
70,226,296,0.578125,-0.52702703
174,122,296,0.578125,0.17567568
175,102,277,0.54101562,0.26353791
176,116,292,0.5703125,0.20547945
170,111,281,0.54882812,0.20996441
74,195,269,0.52539062,-0.44981413
178,116,294,0.57421875,0.21088435
199,80,279,0.54492188,0.4265233
172,107,279,0.54492188,0.23297491
240,50,290,0.56640625,0.65517241
225,59,284,0.5546875,0.58450704
264,31,295,0.57617188,0.78983051
231,47,278,0.54296875,0.6618705
202,79,281,0.54882812,0.43772242
152,137,289,0.56445312,0.051903114
97,189,286,0.55859375,-0.32167832
62,232,294,0.57421875,-0.57823129
21,272,293,0.57226562,-0.85665529
59,208,267,0.52148438,-0.55805243
125,162,287,0.56054688,-0.12891986
98,192,290,0.56640625,-0.32413793
96,197,293,0.57226562,-0.3447099
86,199,285,0.55664062,-0.39649123
118,171,289,0.56445312,-0.183391
165,120,285,0.55664062,0.15789474
146,127,273,0.53320312,0.06959707
247,45,292,0.5703125,0.69178082
241,57,298,0.58203125,0.61744966
178,117,295,0.57617188,0.20677966
161,127,288,0.5625,0.11805556
129,166,295,0.57617188,-0.12542373
115,164,279,0.54492188,-0.17562724
137,144,281,0.54882812,-0.024911032
123,164,287,0.56054688,-0.14285714
146,138,284,0.5546875,0.028169014
111,171,282,0.55078125,-0.21276596
128,155,283,0.55273438,-0.09540636
92,192,284,0.5546875,-0.35211268
87,195,282,0.55078125,-0.38297872
129,157,286,0.55859375,-0.097902098
87,186,273,0.53320312,-0.36263736
69,221,290,0.56640625,-0.52413793
160,116,276,0.5390625,0.15942029
141,165,306,0.59765625,-0.078431373
113,168,281,0.54882812,-0.19572954
144,141,285,0.55664062,0.010526316
115,178,293,0.57226562,-0.21501706
82,198,280,0.546875,-0.41428571
83,213,296,0.578125,-0.43918919
118,160,278,0.54296875,-0.15107914
152,127,279,0.54492188,0.089605735
76,197,273,0.53320312,-0.44322344
23,268,291,0.56835938,-0.8419244
41,259,300,0.5859375,-0.72666667
14,276,290,0.56640625,-0.90344828
86,200,286,0.55859375,-0.3986014
64,218,282,0.55078125,-0.54609929
92,194,286,0.55859375,-0.35664336
126,150,276,0.5390625,-0.086956522
195,91,286,0.55859375,0.36363636
217,61,278,0.54296875,0.56115108
247,51,298,0.58203125,0.65771812
218,57,275,0.53710938,0.58545455
179,114,293,0.57226562,0.221843
119,157,276,0.5390625,-0.13768116
159,116,275,0.53710938,0.15636364
144,150,294,0.57421875,-0.020408163
147,143,290,0.56640625,0.013793103
64,217,281,0.54882812,-0.54448399
55,232,287,0.56054688,-0.61672474
32,249,281,0.54882812,-0.77224199
29,266,295,0.57617188,-0.80338983
38,254,292,0.5703125,-0.73972603
33,256,289,0.56445312,-0.7716263
19,268,287,0.56054688,-0.86759582
67,234,301,0.58789062,-0.55481728
124,162,286,0.55859375,-0.13286713
148,138,286,0.55859375,0.034965035
160,122,282,0.55078125,0.13475177
129,136,265,0.51757812,-0.026415094
158,129,287,0.56054688,0.1010453
129,166,295,0.57617188,-0.12542373
63,217,280,0.546875,-0.55
130,167,297,0.58007812,-0.12457912
160,126,286,0.55859375,0.11888112
157,118,275,0.53710938,0.14181818
220,65,285,0.55664062,0.54385965
191,106,297,0.58007812,0.28619529
149,135,284,0.5546875,0.049295775
205,87,292,0.5703125,0.40410959
156,127,283,0.55273438,0.1024735
184,108,292,0.5703125,0.26027397
224,64,288,0.5625,0.55555556
213,78,291,0.56835938,0.46391753
192,90,282,0.55078125,0.36170213
153,129,282,0.55078125,0.085106383
192,90,282,0.55078125,0.36170213
222,81,303,0.59179688,0.46534653
144,133,277,0.54101562,0.039711191
126,149,275,0.53710938,-0.083636364
183,105,288,0.5625,0.27083333
190,95,285,0.55664062,0.33333333
163,119,282,0.55078125,0.15602837
170,122,292,0.5703125,0.16438356
161,120,281,0.54882812,0.14590747
151,115,266,0.51953125,0.13533835
173,107,280,0.546875,0.23571429
177,101,278,0.54296875,0.27338129
177,119,296,0.578125,0.19594595
159,122,281,0.54882812,0.1316726
205,75,280,0.546875,0.46428571
109,167,276,0.5390625,-0.21014493
39,248,287,0.56054688,-0.728223
63,226,289,0.56445312,-0.56401384
41,253,294,0.57421875,-0.72108844
45,239,284,0.5546875,-0.68309859
35,250,285,0.55664062,-0.75438596
31,266,297,0.58007812,-0.79124579
37,265,302,0.58984375,-0.75496689
84,206,290,0.56640625,-0.42068966
129,144,273,0.53320312,-0.054945055
196,95,291,0.56835938,0.34707904
103,185,288,0.5625,-0.28472222
153,138,291,0.56835938,0.051546392
116,164,280,0.546875,-0.17142857
120,168,288,0.5625,-0.16666667
237,53,290,0.56640625,0.63448276
223,80,303,0.59179688,0.47194719
192,95,287,0.56054688,0.33797909
225,58,283,0.55273438,0.59010601
197,65,262,0.51171875,0.50381679
233,53,286,0.55859375,0.62937063
190,104,294,0.57421875,0.29251701
247,42,289,0.56445312,0.70934256
212,70,282,0.55078125,0.5035461
231,68,299,0.58398438,0.5451505
266,27,293,0.57226562,0.81569966
185,111,296,0.578125,0.25
152,130,282,0.55078125,0.078014184
178,106,284,0.5546875,0.25352113
205,66,271,0.52929688,0.51291513
205,81,286,0.55859375,0.43356643
255,36,291,0.56835938,0.75257732
259,25,284,0.5546875,0.82394366
249,43,292,0.5703125,0.70547945
274,23,297,0.58007812,0.84511785
190,92,282,0.55078125,0.34751773
245,44,289,0.56445312,0.69550173
226,79,305,0.59570312,0.48196721
254,33,287,0.56054688,0.77003484
237,50,287,0.56054688,0.65156794
159,122,281,0.54882812,0.1316726
223,57,280,0.546875,0.59285714
287,16,303,0.59179688,0.89438944
269,17,286,0.55859375,0.88111888
243,35,278,0.54296875,0.74820144
236,50,286,0.55859375,0.65034965
135,142,277,0.54101562,-0.025270758
144,141,285,0.55664062,0.010526316
67,216,283,0.55273438,-0.52650177
127,156,283,0.55273438,-0.1024735
122,159,281,0.54882812,-0.1316726
180,101,281,0.54882812,0.28113879
126,146,272,0.53125,-0.073529412
147,130,277,0.54101562,0.061371841
189,98,287,0.56054688,0.31707317
120,179,299,0.58398438,-0.19732441
60,224,284,0.5546875,-0.57746479
83,207,290,0.56640625,-0.42758621
58,235,293,0.57226562,-0.60409556
123,156,279,0.54492188,-0.11827957
128,140,268,0.5234375,-0.044776119
78,218,296,0.578125,-0.47297297
155,138,293,0.57226562,0.058020478
175,99,274,0.53515625,0.27737226
155,129,284,0.5546875,0.091549296
70,220,290,0.56640625,-0.51724138
50,254,304,0.59375,-0.67105263
137,149,286,0.55859375,-0.041958042
143,131,274,0.53515625,0.04379562
199,83,282,0.55078125,0.41134752
205,95,300,0.5859375,0.36666667
119,164,283,0.55273438,-0.1590106
196,71,267,0.52148438,0.46816479
166,109,275,0.53710938,0.20727273
103,194,297,0.58007812,-0.30639731
122,174,296,0.578125,-0.17567568
245,62,307,0.59960938,0.59609121
160,117,277,0.54101562,0.15523466
189,86,275,0.53710938,0.37454545
94,196,290,0.56640625,-0.35172414
73,209,282,0.55078125,-0.4822695
37,263,300,0.5859375,-0.75333333
50,240,290,0.56640625,-0.65517241
90,212,302,0.58984375,-0.40397351
27,265,292,0.5703125,-0.81506849
39,258,297,0.58007812,-0.73737374
60,221,281,0.54882812,-0.57295374
100,175,275,0.53710938,-0.27272727
83,194,277,0.54101562,-0.40072202
163,124,287,0.56054688,0.1358885
134,149,283,0.55273438,-0.053003534
111,172,283,0.55273438,-0.2155477
154,130,284,0.5546875,0.084507042
109,177,286,0.55859375,-0.23776224
129,177,306,0.59765625,-0.15686275
138,138,276,0.5390625,0
151,114,265,0.51757812,0.13962264
192,96,288,0.5625,0.33333333
259,37,296,0.578125,0.75
232,50,282,0.55078125,0.64539007
199,88,287,0.56054688,0.38675958
104,181,285,0.55664062,-0.27017544
117,178,295,0.57617188,-0.20677966
98,193,291,0.56835938,-0.32646048
193,92,285,0.55664062,0.35438596
92,191,283,0.55273438,-0.34982332
58,241,299,0.58398438,-0.61204013
99,205,304,0.59375,-0.34868421
108,171,279,0.54492188,-0.22580645
61,222,283,0.55273438,-0.56890459
98,187,285,0.55664062,-0.3122807
93,194,287,0.56054688,-0.35191638
102,180,282,0.55078125,-0.27659574
103,177,280,0.546875,-0.26428571
169,122,291,0.56835938,0.16151203
146,135,281,0.54882812,0.039145907
98,186,284,0.5546875,-0.30985915
81,215,296,0.578125,-0.4527027
105,172,277,0.54101562,-0.24187726
105,175,280,0.546875,-0.25
155,134,289,0.56445312,0.07266436
81,179,260,0.5078125,-0.37692308
141,150,291,0.56835938,-0.030927835
27,261,288,0.5625,-0.8125
66,223,289,0.56445312,-0.5432526
43,239,282,0.55078125,-0.69503546
71,216,287,0.56054688,-0.50522648
83,198,281,0.54882812,-0.40925267
69,224,293,0.57226562,-0.52901024
83,212,295,0.57617188,-0.43728814
52,234,286,0.55859375,-0.63636364
103,190,293,0.57226562,-0.29692833
128,160,288,0.5625,-0.11111111
135,160,295,0.57617188,-0.084745763
149,133,282,0.55078125,0.056737589
133,155,288,0.5625,-0.076388889
119,170,289,0.56445312,-0.17647059
176,112,288,0.5625,0.22222222
154,124,278,0.54296875,0.10791367
92,198,290,0.56640625,-0.36551724
87,213,300,0.5859375,-0.42
95,194,289,0.56445312,-0.34256055
53,224,277,0.54101562,-0.61732852
121,182,303,0.59179688,-0.20132013
75,224,299,0.58398438,-0.49832776
68,203,271,0.52929688,-0.49815498
123,175,298,0.58203125,-0.17449664
59,237,296,0.578125,-0.60135135
133,168,301,0.58789062,-0.11627907
187,100,287,0.56054688,0.30313589
201,81,282,0.55078125,0.42553191
248,45,293,0.57226562,0.69283276
221,63,284,0.5546875,0.55633803
235,60,295,0.57617188,0.59322034
229,60,289,0.56445312,0.58477509
249,46,295,0.57617188,0.68813559
205,80,285,0.55664062,0.43859649
219,60,279,0.54492188,0.56989247
171,106,277,0.54101562,0.23465704
249,48,297,0.58007812,0.67676768
204,84,288,0.5625,0.41666667
233,49,282,0.55078125,0.65248227
195,86,281,0.54882812,0.38790036
165,127,292,0.5703125,0.13013699
154,122,276,0.5390625,0.11594203
132,151,283,0.55273438,-0.067137809
204,90,294,0.57421875,0.3877551
202,79,281,0.54882812,0.43772242
176,110,286,0.55859375,0.23076923
182,86,268,0.5234375,0.35820896
148,140,288,0.5625,0.027777778
195,95,290,0.56640625,0.34482759
273,15,288,0.5625,0.89583333
268,28,296,0.578125,0.81081081
244,41,285,0.55664062,0.7122807
184,105,289,0.56445312,0.2733564
146,130,276,0.5390625,0.057971014
143,158,301,0.58789062,-0.049833887
57,226,283,0.55273438,-0.59717314
158,147,305,0.59570312,0.036065574
228,66,294,0.57421875,0.55102041
254,39,293,0.57226562,0.7337884
234,55,289,0.56445312,0.61937716
219,66,285,0.55664062,0.53684211
292,23,315,0.61523438,0.85396825
203,87,290,0.56640625,0.4
203,83,286,0.55859375,0.41958042
180,106,286,0.55859375,0.25874126
249,30,279,0.54492188,0.78494624
243,56,299,0.58398438,0.62541806
177,120,297,0.58007812,0.19191919
158,123,281,0.54882812,0.12455516
186,106,292,0.5703125,0.2739726
237,61,298,0.58203125,0.59060403
205,76,281,0.54882812,0.45907473
197,93,290,0.56640625,0.35862069
167,120,287,0.56054688,0.16376307
127,160,287,0.56054688,-0.11498258
29,253,282,0.55078125,-0.79432624
11,285,296,0.578125,-0.92567568
27,266,293,0.57226562,-0.81569966
50,233,283,0.55273438,-0.64664311
101,193,294,0.57421875,-0.31292517
62,237,299,0.58398438,-0.58528428
95,180,275,0.53710938,-0.30909091
105,178,283,0.55273438,-0.25795053
91,193,284,0.5546875,-0.35915493
72,205,277,0.54101562,-0.4801444
101,206,307,0.59960938,-0.34201954
92,182,274,0.53515625,-0.32846715
144,147,291,0.56835938,-0.010309278
131,167,298,0.58203125,-0.12080537
89,186,275,0.53710938,-0.35272727
86,180,266,0.51953125,-0.35338346
110,175,285,0.55664062,-0.22807018
59,232,291,0.56835938,-0.59450172
131,140,271,0.52929688,-0.033210332
144,133,277,0.54101562,0.039711191
139,151,290,0.56640625,-0.04137931
65,217,282,0.55078125,-0.53900709
80,206,286,0.55859375,-0.44055944
75,208,283,0.55273438,-0.46996466
76,191,267,0.52148438,-0.43071161
91,197,288,0.5625,-0.36805556
111,167,278,0.54296875,-0.20143885
155,138,293,0.57226562,0.058020478
134,144,278,0.54296875,-0.035971223
104,178,282,0.55078125,-0.26241135
90,187,277,0.54101562,-0.35018051
145,149,294,0.57421875,-0.013605442
46,235,281,0.54882812,-0.67259786
85,215,300,0.5859375,-0.43333333
88,205,293,0.57226562,-0.39931741
119,176,295,0.57617188,-0.19322034
100,179,279,0.54492188,-0.28315412
83,203,286,0.55859375,-0.41958042
110,181,291,0.56835938,-0.24398625
147,146,293,0.57226562,0.0034129693
91,197,288,0.5625,-0.36805556
132,147,279,0.54492188,-0.053763441
92,210,302,0.58984375,-0.39072848
108,176,284,0.5546875,-0.23943662
119,186,305,0.59570312,-0.21967213
117,153,270,0.52734375,-0.13333333
116,175,291,0.56835938,-0.20274914
145,138,283,0.55273438,0.024734982
182,93,275,0.53710938,0.32363636
181,102,283,0.55273438,0.27915194
137,148,285,0.55664062,-0.038596491
28,257,285,0.55664062,-0.80350877
93,178,271,0.52929688,-0.31365314
74,212,286,0.55859375,-0.48251748
129,162,291,0.56835938,-0.11340206
185,100,285,0.55664062,0.29824561
256,38,294,0.57421875,0.7414966
256,21,277,0.54101562,0.84837545
273,10,283,0.55273438,0.92932862
239,61,300,0.5859375,0.59333333
217,76,293,0.57226562,0.48122867
236,56,292,0.5703125,0.61643836
169,135,304,0.59375,0.11184211
84,202,286,0.55859375,-0.41258741
144,147,291,0.56835938,-0.010309278
93,190,283,0.55273438,-0.34275618
210,88,298,0.58203125,0.40939597
243,51,294,0.57421875,0.65306122
261,29,290,0.56640625,0.8
185,96,281,0.54882812,0.31672598
248,37,285,0.55664062,0.74035088
234,50,284,0.5546875,0.64788732
232,56,288,0.5625,0.61111111
145,149,294,0.57421875,-0.013605442
224,64,288,0.5625,0.55555556
144,139,283,0.55273438,0.017667845
201,89,290,0.56640625,0.3862069
216,65,281,0.54882812,0.53736655
192,90,282,0.55078125,0.36170213
237,52,289,0.56445312,0.64013841
272,26,298,0.58203125,0.82550336
239,54,293,0.57226562,0.63139932
137,140,277,0.54101562,-0.010830325
66,202,268,0.5234375,-0.50746269
63,227,290,0.56640625,-0.56551724
167,111,278,0.54296875,0.20143885
267,37,304,0.59375,0.75657895
279,18,297,0.58007812,0.87878788
257,34,291,0.56835938,0.76632302
205,68,273,0.53320312,0.5018315
162,127,289,0.56445312,0.12110727
198,87,285,0.55664062,0.38947368
220,61,281,0.54882812,0.5658363
202,86,288,0.5625,0.40277778
222,75,297,0.58007812,0.49494949
206,86,292,0.5703125,0.4109589
136,153,289,0.56445312,-0.058823529
107,183,290,0.56640625,-0.26206897
82,214,296,0.578125,-0.44594595
23,273,296,0.578125,-0.84459459
44,249,293,0.57226562,-0.6996587
72,214,286,0.55859375,-0.4965035
148,144,292,0.5703125,0.01369863
171,116,287,0.56054688,0.19163763
159,141,300,0.5859375,0.06
166,129,295,0.57617188,0.12542373
91,197,288,0.5625,-0.36805556
154,129,283,0.55273438,0.088339223
144,142,286,0.55859375,0.006993007
141,139,280,0.546875,0.0071428571
144,131,275,0.53710938,0.047272727
167,112,279,0.54492188,0.19713262
192,93,285,0.55664062,0.34736842
97,188,285,0.55664062,-0.31929825
107,178,285,0.55664062,-0.24912281
76,222,298,0.58203125,-0.48993289
170,126,296,0.578125,0.14864865
194,101,295,0.57617188,0.31525424
204,73,277,0.54101562,0.47292419
168,109,277,0.54101562,0.21299639
182,92,274,0.53515625,0.32846715
116,153,269,0.52539062,-0.13754647
182,105,287,0.56054688,0.26829268
228,62,290,0.56640625,0.57241379
166,117,283,0.55273438,0.17314488
172,100,272,0.53125,0.26470588
210,79,289,0.56445312,0.4532872
206,78,284,0.5546875,0.45070423
255,39,294,0.57421875,0.73469388
270,30,300,0.5859375,0.8
162,110,272,0.53125,0.19117647
200,77,277,0.54101562,0.44404332
210,74,284,0.5546875,0.47887324
135,151,286,0.55859375,-0.055944056
68,215,283,0.55273438,-0.51943463
109,164,273,0.53320312,-0.2014652
172,117,289,0.56445312,0.19031142
193,80,273,0.53320312,0.41391941
251,33,284,0.5546875,0.76760563
245,51,296,0.578125,0.65540541
199,91,290,0.56640625,0.37241379
200,92,292,0.5703125,0.36986301
79,204,283,0.55273438,-0.44169611
119,175,294,0.57421875,-0.19047619
101,193,294,0.57421875,-0.31292517
158,130,288,0.5625,0.097222222
130,151,281,0.54882812,-0.074733096
137,159,296,0.578125,-0.074324324
46,238,284,0.5546875,-0.67605634
71,217,288,0.5625,-0.50694444
43,238,281,0.54882812,-0.69395018
94,173,267,0.52148438,-0.29588015
121,174,295,0.57617188,-0.17966102
66,219,285,0.55664062,-0.53684211
79,211,290,0.56640625,-0.45517241
38,249,287,0.56054688,-0.73519164
49,248,297,0.58007812,-0.67003367
69,220,289,0.56445312,-0.52249135
58,235,293,0.57226562,-0.60409556
56,236,292,0.5703125,-0.61643836
76,209,285,0.55664062,-0.46666667
60,239,299,0.58398438,-0.59866221
118,170,288,0.5625,-0.18055556
127,173,300,0.5859375,-0.15333333
133,160,293,0.57226562,-0.092150171
105,184,289,0.56445312,-0.2733564
43,233,276,0.5390625,-0.6884058
37,252,289,0.56445312,-0.74394464
49,240,289,0.56445312,-0.66089965
63,231,294,0.57421875,-0.57142857
78,208,286,0.55859375,-0.45454545
82,215,297,0.58007812,-0.44781145
50,234,284,0.5546875,-0.64788732
31,262,293,0.57226562,-0.7883959
105,183,288,0.5625,-0.27083333
206,92,298,0.58203125,0.38255034
190,106,296,0.578125,0.28378378
185,86,271,0.52929688,0.36531365
260,33,293,0.57226562,0.77474403
236,53,289,0.56445312,0.63321799
209,64,273,0.53320312,0.53113553
191,93,284,0.5546875,0.34507042
122,172,294,0.57421875,-0.17006803
129,152,281,0.54882812,-0.081850534
95,187,282,0.55078125,-0.32624113
84,194,278,0.54296875,-0.39568345
81,215,296,0.578125,-0.4527027
113,168,281,0.54882812,-0.19572954
131,162,293,0.57226562,-0.10580205
239,57,296,0.578125,0.61486486
235,60,295,0.57617188,0.59322034
181,98,279,0.54492188,0.29749104
198,96,294,0.57421875,0.34693878
235,57,292,0.5703125,0.60958904
240,61,301,0.58789062,0.59468439
151,140,291,0.56835938,0.037800687
180,111,291,0.56835938,0.2371134
123,155,278,0.54296875,-0.11510791
184,85,269,0.52539062,0.36802974
155,138,293,0.57226562,0.058020478
123,166,289,0.56445312,-0.14878893
162,132,294,0.57421875,0.10204082
155,124,279,0.54492188,0.11111111
135,145,280,0.546875,-0.035714286
159,121,280,0.546875,0.13571429
214,79,293,0.57226562,0.46075085
246,54,300,0.5859375,0.64
183,109,292,0.5703125,0.25342466
131,145,276,0.5390625,-0.050724638
101,196,297,0.58007812,-0.31986532
161,124,285,0.55664062,0.12982456
136,146,282,0.55078125,-0.035460993
133,139,272,0.53125,-0.022058824
156,133,289,0.56445312,0.079584775
115,185,300,0.5859375,-0.23333333
128,152,280,0.546875,-0.085714286
152,135,287,0.56054688,0.059233449
117,174,291,0.56835938,-0.19587629
156,112,268,0.5234375,0.1641791
237,58,295,0.57617188,0.60677966
287,8,295,0.57617188,0.94576271
259,21,280,0.546875,0.85
295,11,306,0.59765625,0.92810458
244,26,270,0.52734375,0.80740741
211,78,289,0.56445312,0.46020761
169,131,300,0.5859375,0.12666667
91,186,277,0.54101562,-0.34296029
90,196,286,0.55859375,-0.37062937
98,193,291,0.56835938,-0.32646048
72,203,275,0.53710938,-0.47636364
150,141,291,0.56835938,0.030927835
179,111,290,0.56640625,0.23448276
132,149,281,0.54882812,-0.060498221
204,77,281,0.54882812,0.4519573
219,60,279,0.54492188,0.56989247
191,98,289,0.56445312,0.32179931
262,24,286,0.55859375,0.83216783
211,76,287,0.56054688,0.47038328
196,98,294,0.57421875,0.33333333
150,139,289,0.56445312,0.038062284
131,154,285,0.55664062,-0.080701754
99,184,283,0.55273438,-0.30035336
107,199,306,0.59765625,-0.30065359
60,217,277,0.54101562,-0.566787
103,171,274,0.53515625,-0.24817518
154,128,282,0.55078125,0.092198582
197,89,286,0.55859375,0.37762238
187,100,287,0.56054688,0.30313589
198,77,275,0.53710938,0.44
256,45,301,0.58789062,0.70099668
236,51,287,0.56054688,0.6445993
229,54,283,0.55273438,0.61837456
287,12,299,0.58398438,0.91973244
251,38,289,0.56445312,0.73702422
208,78,286,0.55859375,0.45454545
173,115,288,0.5625,0.20138889
148,131,279,0.54492188,0.0609319
174,117,291,0.56835938,0.19587629
65,229,294,0.57421875,-0.55782313
131,160,291,0.56835938,-0.099656357
205,91,296,0.578125,0.38513514
221,69,290,0.56640625,0.52413793
130,141,271,0.52929688,-0.040590406
226,61,287,0.56054688,0.57491289
197,84,281,0.54882812,0.40213523
223,56,279,0.54492188,0.59856631
199,84,283,0.55273438,0.40636042
174,110,284,0.5546875,0.22535211
188,95,283,0.55273438,0.32862191
229,66,295,0.57617188,0.55254237
261,33,294,0.57421875,0.7755102
251,21,272,0.53125,0.84558824
176,83,259,0.50585938,0.35907336
204,89,293,0.57226562,0.39249147
177,95,272,0.53125,0.30147059
251,44,295,0.57617188,0.70169492
237,49,286,0.55859375,0.65734266
255,37,292,0.5703125,0.74657534
238,49,287,0.56054688,0.65853659
204,74,278,0.54296875,0.4676259
259,21,280,0.546875,0.85
211,80,291,0.56835938,0.45017182
210,75,285,0.55664062,0.47368421
239,56,295,0.57617188,0.62033898
244,49,293,0.57226562,0.66552901
237,59,296,0.578125,0.60135135
228,79,307,0.59960938,0.48534202
225,60,285,0.55664062,0.57894737
201,86,287,0.56054688,0.40069686
143,141,284,0.5546875,0.0070422535
91,208,299,0.58398438,-0.39130435
68,215,283,0.55273438,-0.51943463
93,187,280,0.546875,-0.33571429
39,266,305,0.59570312,-0.7442623
15,274,289,0.56445312,-0.89619377
40,249,289,0.56445312,-0.72318339
29,266,295,0.57617188,-0.80338983
67,230,297,0.58007812,-0.54882155
58,227,285,0.55664062,-0.59298246
70,214,284,0.5546875,-0.50704225
90,192,282,0.55078125,-0.36170213
34,252,286,0.55859375,-0.76223776
38,242,280,0.546875,-0.72857143
54,240,294,0.57421875,-0.63265306
96,189,285,0.55664062,-0.32631579
192,80,272,0.53125,0.41176471
161,122,283,0.55273438,0.13780919
156,130,286,0.55859375,0.090909091
125,158,283,0.55273438,-0.11660777
95,186,281,0.54882812,-0.32384342
103,178,281,0.54882812,-0.26690391
127,147,274,0.53515625,-0.072992701
114,174,288,0.5625,-0.20833333
108,179,287,0.56054688,-0.24738676
69,203,272,0.53125,-0.49264706
98,194,292,0.5703125,-0.32876712
55,228,283,0.55273438,-0.61130742
78,209,287,0.56054688,-0.45644599
95,190,285,0.55664062,-0.33333333
49,241,290,0.56640625,-0.66206897
25,268,293,0.57226562,-0.82935154
27,260,287,0.56054688,-0.81184669
88,201,289,0.56445312,-0.39100346
100,176,276,0.5390625,-0.27536232
117,173,290,0.56640625,-0.19310345
116,175,291,0.56835938,-0.20274914
99,192,291,0.56835938,-0.31958763
67,209,276,0.5390625,-0.51449275
73,208,281,0.54882812,-0.48042705
69,224,293,0.57226562,-0.52901024
79,206,285,0.55664062,-0.44561404
72,199,271,0.52929688,-0.46863469
62,226,288,0.5625,-0.56944444
13,288,301,0.58789062,-0.91362126
56,232,288,0.5625,-0.61111111
93,179,272,0.53125,-0.31617647
61,231,292,0.5703125,-0.58219178
108,171,279,0.54492188,-0.22580645
88,192,280,0.546875,-0.37142857
180,103,283,0.55273438,0.27208481
150,135,285,0.55664062,0.052631579
218,67,285,0.55664062,0.52982456
51,237,288,0.5625,-0.64583333
146,142,288,0.5625,0.013888889
164,114,278,0.54296875,0.17985612
205,93,298,0.58203125,0.37583893
256,31,287,0.56054688,0.78397213
253,34,287,0.56054688,0.7630662
198,91,289,0.56445312,0.37024221
66,227,293,0.57226562,-0.54948805
154,137,291,0.56835938,0.058419244
230,60,290,0.56640625,0.5862069
242,36,278,0.54296875,0.74100719
183,101,284,0.5546875,0.28873239
87,198,285,0.55664062,-0.38947368
67,226,293,0.57226562,-0.54266212
10,292,302,0.58984375,-0.93377483
37,252,289,0.56445312,-0.74394464
12,280,292,0.5703125,-0.91780822
86,201,287,0.56054688,-0.40069686
101,189,290,0.56640625,-0.30344828
72,232,304,0.59375,-0.52631579
82,209,291,0.56835938,-0.43642612
174,117,291,0.56835938,0.19587629
139,144,283,0.55273438,-0.017667845
111,177,288,0.5625,-0.22916667
141,152,293,0.57226562,-0.037542662
126,166,292,0.5703125,-0.1369863
34,250,284,0.5546875,-0.76056338
101,183,284,0.5546875,-0.28873239
109,176,285,0.55664062,-0.23508772
76,205,281,0.54882812,-0.45907473
83,204,287,0.56054688,-0.42160279
111,179,290,0.56640625,-0.23448276
94,184,278,0.54296875,-0.32374101
162,116,278,0.54296875,0.16546763
191,105,296,0.578125,0.29054054
225,66,291,0.56835938,0.54639175
225,53,278,0.54296875,0.61870504
282,13,295,0.57617188,0.91186441
204,84,288,0.5625,0.41666667
152,135,287,0.56054688,0.059233449
105,176,281,0.54882812,-0.25266904
70,212,282,0.55078125,-0.5035461
131,146,277,0.54101562,-0.054151625
144,151,295,0.57617188,-0.023728814
51,239,290,0.56640625,-0.64827586
178,110,288,0.5625,0.23611111
105,196,301,0.58789062,-0.30232558
59,214,273,0.53320312,-0.56776557
131,149,280,0.546875,-0.064285714
126,144,270,0.52734375,-0.066666667
157,113,270,0.52734375,0.16296296
89,189,278,0.54296875,-0.35971223
180,108,288,0.5625,0.25
152,129,281,0.54882812,0.081850534
94,192,286,0.55859375,-0.34265734
111,174,285,0.55664062,-0.22105263
157,126,283,0.55273438,0.10954064
207,76,283,0.55273438,0.46289753
188,96,284,0.5546875,0.32394366
237,38,275,0.53710938,0.72363636
161,128,289,0.56445312,0.11418685
171,104,275,0.53710938,0.24363636
80,202,282,0.55078125,-0.43262411
96,213,309,0.60351562,-0.37864078
102,174,276,0.5390625,-0.26086957
127,164,291,0.56835938,-0.12714777
188,96,284,0.5546875,0.32394366
175,101,276,0.5390625,0.26811594
190,101,291,0.56835938,0.30584192
233,52,285,0.55664062,0.63508772
189,105,294,0.57421875,0.28571429
264,32,296,0.578125,0.78378378
178,102,280,0.546875,0.27142857
181,107,288,0.5625,0.25694444
149,127,276,0.5390625,0.079710145
190,94,284,0.5546875,0.33802817
202,74,276,0.5390625,0.46376812
218,68,286,0.55859375,0.52447552
222,56,278,0.54296875,0.5971223
266,31,297,0.58007812,0.79124579
240,54,294,0.57421875,0.63265306
196,85,281,0.54882812,0.39501779
135,162,297,0.58007812,-0.090909091
128,150,278,0.54296875,-0.079136691
137,160,297,0.58007812,-0.077441077
58,221,279,0.54492188,-0.58422939
72,213,285,0.55664062,-0.49473684
154,123,277,0.54101562,0.11191336
185,103,288,0.5625,0.28472222
201,88,289,0.56445312,0.39100346
201,92,293,0.57226562,0.37201365
105,170,275,0.53710938,-0.23636364
108,178,286,0.55859375,-0.24475524
116,174,290,0.56640625,-0.2
92,199,291,0.56835938,-0.36769759
41,255,296,0.578125,-0.72297297
60,233,293,0.57226562,-0.59044369
69,226,295,0.57617188,-0.53220339
18,278,296,0.578125,-0.87837838
74,213,287,0.56054688,-0.48432056
65,228,293,0.57226562,-0.55631399
74,215,289,0.56445312,-0.48788927
75,209,284,0.5546875,-0.47183099
129,164,293,0.57226562,-0.11945392
116,169,285,0.55664062,-0.18596491
193,88,281,0.54882812,0.37366548
219,68,287,0.56054688,0.5261324
204,90,294,0.57421875,0.3877551
154,126,280,0.546875,0.1
156,134,290,0.56640625,0.075862069
162,104,266,0.51953125,0.21804511
211,87,298,0.58203125,0.41610738
187,102,289,0.56445312,0.29411765
224,79,303,0.59179688,0.47854785
206,74,280,0.546875,0.47142857
94,197,291,0.56835938,-0.35395189
128,164,292,0.5703125,-0.12328767
101,159,260,0.5078125,-0.22307692
139,133,272,0.53125,0.022058824
190,94,284,0.5546875,0.33802817
194,93,287,0.56054688,0.35191638
152,136,288,0.5625,0.055555556
224,66,290,0.56640625,0.54482759
262,24,286,0.55859375,0.83216783
199,83,282,0.55078125,0.41134752
68,216,284,0.5546875,-0.52112676
84,189,273,0.53320312,-0.38461538
98,190,288,0.5625,-0.31944444
111,178,289,0.56445312,-0.23183391
77,217,294,0.57421875,-0.47619048
116,181,297,0.58007812,-0.21885522
125,160,285,0.55664062,-0.12280702
240,40,280,0.546875,0.71428571
178,106,284,0.5546875,0.25352113
127,162,289,0.56445312,-0.12110727
268,30,298,0.58203125,0.79865772
158,124,282,0.55078125,0.12056738
184,105,289,0.56445312,0.2733564
265,35,300,0.5859375,0.76666667
261,33,294,0.57421875,0.7755102
236,50,286,0.55859375,0.65034965
190,77,267,0.52148438,0.42322097
175,111,286,0.55859375,0.22377622
175,107,282,0.55078125,0.24113475
98,183,281,0.54882812,-0.3024911
142,122,264,0.515625,0.075757576
184,109,293,0.57226562,0.2559727
121,176,297,0.58007812,-0.18518519
159,116,275,0.53710938,0.15636364
230,63,293,0.57226562,0.56996587
193,100,293,0.57226562,0.31740614
264,30,294,0.57421875,0.79591837
261,37,298,0.58203125,0.75167785
169,122,291,0.56835938,0.16151203
144,140,284,0.5546875,0.014084507
154,120,274,0.53515625,0.12408759
149,126,275,0.53710938,0.083636364
181,104,285,0.55664062,0.27017544
177,112,289,0.56445312,0.22491349
102,188,290,0.56640625,-0.29655172
237,60,297,0.58007812,0.5959596
283,16,299,0.58398438,0.89297659
254,43,297,0.58007812,0.71043771
249,50,299,0.58398438,0.66555184
266,30,296,0.578125,0.7972973
257,33,290,0.56640625,0.77241379
253,46,299,0.58398438,0.69230769
198,76,274,0.53515625,0.44525547
167,130,297,0.58007812,0.12457912
93,195,288,0.5625,-0.35416667
164,114,278,0.54296875,0.17985612
95,188,283,0.55273438,-0.32862191
146,143,289,0.56445312,0.010380623
96,201,297,0.58007812,-0.35353535
94,201,295,0.57617188,-0.36271186
182,91,273,0.53320312,0.33333333
146,132,278,0.54296875,0.050359712
106,189,295,0.57617188,-0.28135593
84,199,283,0.55273438,-0.40636042
81,193,274,0.53515625,-0.40875912
203,81,284,0.5546875,0.42957746
181,107,288,0.5625,0.25694444
183,109,292,0.5703125,0.25342466
190,91,281,0.54882812,0.35231317
193,101,294,0.57421875,0.31292517
166,114,280,0.546875,0.18571429
219,72,291,0.56835938,0.50515464
233,52,285,0.55664062,0.63508772
251,34,285,0.55664062,0.76140351
181,107,288,0.5625,0.25694444
188,103,291,0.56835938,0.29209622
229,59,288,0.5625,0.59027778
285,23,308,0.6015625,0.85064935
213,64,277,0.54101562,0.53790614
193,107,300,0.5859375,0.28666667
217,60,277,0.54101562,0.566787
187,99,286,0.55859375,0.30769231
144,127,271,0.52929688,0.062730627
204,89,293,0.57226562,0.39249147
144,146,290,0.56640625,-0.0068965517
184,104,288,0.5625,0.27777778
184,83,267,0.52148438,0.37827715
191,99,290,0.56640625,0.31724138
110,163,273,0.53320312,-0.19413919
150,136,286,0.55859375,0.048951049
279,9,288,0.5625,0.9375
263,26,289,0.56445312,0.8200692
264,35,299,0.58398438,0.76588629
259,35,294,0.57421875,0.76190476
211,92,303,0.59179688,0.39273927
210,79,289,0.56445312,0.4532872
199,80,279,0.54492188,0.4265233
183,98,281,0.54882812,0.3024911
213,67,280,0.546875,0.52142857
181,110,291,0.56835938,0.24398625
207,79,286,0.55859375,0.44755245
230,64,294,0.57421875,0.56462585
240,36,276,0.5390625,0.73913043
213,77,290,0.56640625,0.46896552
155,136,291,0.56835938,0.065292096
191,87,278,0.54296875,0.37410072
185,93,278,0.54296875,0.33093525
122,158,280,0.546875,-0.12857143
100,179,279,0.54492188,-0.28315412
218,75,293,0.57226562,0.48805461
173,101,274,0.53515625,0.26277372
168,120,288,0.5625,0.16666667
198,82,280,0.546875,0.41428571
117,175,292,0.5703125,-0.19863014
115,177,292,0.5703125,-0.21232877
143,139,282,0.55078125,0.014184397
162,115,277,0.54101562,0.16967509
71,226,297,0.58007812,-0.52188552
76,212,288,0.5625,-0.47222222
91,196,287,0.56054688,-0.36585366
106,168,274,0.53515625,-0.22627737
73,216,289,0.56445312,-0.49480969
107,173,280,0.546875,-0.23571429
54,232,286,0.55859375,-0.62237762
34,253,287,0.56054688,-0.7630662
58,240,298,0.58203125,-0.61073826
171,112,283,0.55273438,0.20848057
194,103,297,0.58007812,0.30639731
196,89,285,0.55664062,0.3754386
177,102,279,0.54492188,0.2688172
92,187,279,0.54492188,-0.34050179
189,92,281,0.54882812,0.34519573
215,76,291,0.56835938,0.47766323
174,113,287,0.56054688,0.21254355
195,78,273,0.53320312,0.42857143
176,110,286,0.55859375,0.23076923
139,139,278,0.54296875,0
164,123,287,0.56054688,0.14285714
163,123,286,0.55859375,0.13986014
92,181,273,0.53320312,-0.32600733
112,183,295,0.57617188,-0.24067797
40,252,292,0.5703125,-0.7260274
49,241,290,0.56640625,-0.66206897
92,187,279,0.54492188,-0.34050179
114,162,276,0.5390625,-0.17391304
83,197,280,0.546875,-0.40714286
120,158,278,0.54296875,-0.13669065
79,203,282,0.55078125,-0.43971631
53,244,297,0.58007812,-0.64309764
95,189,284,0.5546875,-0.33098592
127,159,286,0.55859375,-0.11188811
197,85,282,0.55078125,0.39716312
177,112,289,0.56445312,0.22491349
209,87,296,0.578125,0.41216216
225,51,276,0.5390625,0.63043478
230,59,289,0.56445312,0.5916955
202,82,284,0.5546875,0.42253521
199,79,278,0.54296875,0.43165468
188,106,294,0.57421875,0.27891156
122,163,285,0.55664062,-0.14385965
116,166,282,0.55078125,-0.17730496
88,197,285,0.55664062,-0.38245614
151,140,291,0.56835938,0.037800687
113,154,267,0.52148438,-0.15355805
183,92,275,0.53710938,0.33090909
220,72,292,0.5703125,0.50684932
174,105,279,0.54492188,0.24731183
213,65,278,0.54296875,0.5323741
219,72,291,0.56835938,0.50515464
196,99,295,0.57617188,0.32881356
145,127,272,0.53125,0.066176471
151,130,281,0.54882812,0.074733096
101,196,297,0.58007812,-0.31986532
36,255,291,0.56835938,-0.75257732
61,227,288,0.5625,-0.57638889
57,235,292,0.5703125,-0.60958904
59,231,290,0.56640625,-0.59310345
72,214,286,0.55859375,-0.4965035
43,241,284,0.5546875,-0.6971831
94,194,288,0.5625,-0.34722222
89,201,290,0.56640625,-0.3862069
110,167,277,0.54101562,-0.20577617
107,178,285,0.55664062,-0.24912281
100,191,291,0.56835938,-0.31271478
93,199,292,0.5703125,-0.3630137
125,176,301,0.58789062,-0.16943522
48,231,279,0.54492188,-0.65591398
32,263,295,0.57617188,-0.78305085
71,220,291,0.56835938,-0.51202749
108,181,289,0.56445312,-0.25259516
105,173,278,0.54296875,-0.24460432
122,168,290,0.56640625,-0.15862069
85,211,296,0.578125,-0.42567568
65,207,272,0.53125,-0.52205882
148,139,287,0.56054688,0.031358885
212,91,303,0.59179688,0.39933993
130,144,274,0.53515625,-0.051094891
167,118,285,0.55664062,0.17192982
209,79,288,0.5625,0.45138889
267,37,304,0.59375,0.75657895
247,34,281,0.54882812,0.75800712
161,118,279,0.54492188,0.15412186
144,143,287,0.56054688,0.0034843206
201,66,267,0.52148438,0.50561798
181,98,279,0.54492188,0.29749104
189,89,278,0.54296875,0.35971223
182,100,282,0.55078125,0.29078014
217,65,282,0.55078125,0.53900709
197,87,284,0.5546875,0.38732394
241,63,304,0.59375,0.58552632
168,121,289,0.56445312,0.16262976
206,73,279,0.54492188,0.47670251
168,116,284,0.5546875,0.18309859
155,130,285,0.55664062,0.087719298
185,94,279,0.54492188,0.32616487
215,63,278,0.54296875,0.54676259
255,44,299,0.58398438,0.70568562
170,132,302,0.58984375,0.12582781
126,180,306,0.59765625,-0.17647059
113,177,290,0.56640625,-0.22068966
171,113,284,0.5546875,0.20422535
157,111,268,0.5234375,0.17164179
94,192,286,0.55859375,-0.34265734
146,129,275,0.53710938,0.061818182
199,92,291,0.56835938,0.36769759
165,112,277,0.54101562,0.19133574
233,50,283,0.55273438,0.64664311
197,86,283,0.55273438,0.39222615
197,94,291,0.56835938,0.35395189
251,35,286,0.55859375,0.75524476
213,65,278,0.54296875,0.5323741
219,64,283,0.55273438,0.54770318
220,53,273,0.53320312,0.61172161
228,52,280,0.546875,0.62857143
254,46,300,0.5859375,0.69333333
192,101,293,0.57226562,0.3105802
284,8,292,0.5703125,0.94520548
220,75,295,0.57617188,0.49152542
195,99,294,0.57421875,0.32653061
167,124,291,0.56835938,0.14776632
208,82,290,0.56640625,0.43448276
199,87,286,0.55859375,0.39160839
235,48,283,0.55273438,0.66077739
229,78,307,0.59960938,0.49185668
197,103,300,0.5859375,0.31333333
205,87,292,0.5703125,0.40410959
173,112,285,0.55664062,0.21403509
136,140,276,0.5390625,-0.014492754
174,109,283,0.55273438,0.22968198
243,45,288,0.5625,0.6875
230,54,284,0.5546875,0.61971831
153,125,278,0.54296875,0.10071942
166,99,265,0.51757812,0.25283019
210,65,275,0.53710938,0.52727273
139,147,286,0.55859375,-0.027972028
207,73,280,0.546875,0.47857143
243,51,294,0.57421875,0.65306122
190,90,280,0.546875,0.35714286
171,116,287,0.56054688,0.19163763
254,25,279,0.54492188,0.82078853
225,55,280,0.546875,0.60714286
273,22,295,0.57617188,0.85084746
266,28,294,0.57421875,0.80952381
148,132,280,0.546875,0.057142857
79,203,282,0.55078125,-0.43971631
119,161,280,0.546875,-0.15
67,207,274,0.53515625,-0.51094891
194,91,285,0.55664062,0.36140351
121,179,300,0.5859375,-0.19333333
151,135,286,0.55859375,0.055944056
100,196,296,0.578125,-0.32432432
98,186,284,0.5546875,-0.30985915
125,160,285,0.55664062,-0.12280702
227,86,313,0.61132812,0.45047923
202,80,282,0.55078125,0.43262411
171,125,296,0.578125,0.15540541
174,103,277,0.54101562,0.25631769
183,96,279,0.54492188,0.31182796
187,107,294,0.57421875,0.27210884
156,123,279,0.54492188,0.11827957
163,128,291,0.56835938,0.12027491
228,49,277,0.54101562,0.64620939
220,73,293,0.57226562,0.50170648
152,127,279,0.54492188,0.089605735
224,71,295,0.57617188,0.51864407
247,43,290,0.56640625,0.70344828
259,33,292,0.5703125,0.7739726
241,39,280,0.546875,0.72142857
279,29,308,0.6015625,0.81168831
276,20,296,0.578125,0.86486486
251,39,290,0.56640625,0.73103448
226,60,286,0.55859375,0.58041958
137,135,272,0.53125,0.0073529412
163,112,275,0.53710938,0.18545455
159,134,293,0.57226562,0.085324232
146,133,279,0.54492188,0.046594982
95,190,285,0.55664062,-0.33333333
110,173,283,0.55273438,-0.22261484
157,123,280,0.546875,0.12142857
161,122,283,0.55273438,0.13780919
212,81,293,0.57226562,0.44709898
182,101,283,0.55273438,0.28621908
191,93,284,0.5546875,0.34507042
206,72,278,0.54296875,0.48201439
195,94,289,0.56445312,0.34948097
185,98,283,0.55273438,0.30742049
170,122,292,0.5703125,0.16438356
140,138,278,0.54296875,0.0071942446
122,157,279,0.54492188,-0.12544803
107,176,283,0.55273438,-0.24381625
179,112,291,0.56835938,0.23024055
196,79,275,0.53710938,0.42545455
183,77,260,0.5078125,0.40769231
146,143,289,0.56445312,0.010380623
234,73,307,0.59960938,0.52442997
216,71,287,0.56054688,0.50522648
182,108,290,0.56640625,0.25517241
208,89,297,0.58007812,0.4006734
115,167,282,0.55078125,-0.18439716
202,87,289,0.56445312,0.39792388
166,136,302,0.58984375,0.099337748
144,135,279,0.54492188,0.032258065
179,106,285,0.55664062,0.25614035
272,17,289,0.56445312,0.88235294
243,52,295,0.57617188,0.64745763
171,120,291,0.56835938,0.17525773
222,68,290,0.56640625,0.53103448
148,136,284,0.5546875,0.042253521
178,105,283,0.55273438,0.25795053
82,196,278,0.54296875,-0.41007194
105,177,282,0.55078125,-0.25531915
60,221,281,0.54882812,-0.57295374
90,205,295,0.57617188,-0.38983051
91,193,284,0.5546875,-0.35915493
82,197,279,0.54492188,-0.41218638
96,197,293,0.57226562,-0.3447099
57,236,293,0.57226562,-0.6109215
79,199,278,0.54296875,-0.43165468
65,208,273,0.53320312,-0.52380952
76,202,278,0.54296875,-0.45323741
60,219,279,0.54492188,-0.56989247
55,225,280,0.546875,-0.60714286
103,195,298,0.58203125,-0.30872483
116,168,284,0.5546875,-0.18309859
117,169,286,0.55859375,-0.18181818
61,233,294,0.57421875,-0.58503401
38,263,301,0.58789062,-0.74750831
39,253,292,0.5703125,-0.73287671
136,141,277,0.54101562,-0.018050542
176,113,289,0.56445312,0.21799308
220,66,286,0.55859375,0.53846154
222,61,283,0.55273438,0.56890459
210,64,274,0.53515625,0.53284672
265,26,291,0.56835938,0.82130584
145,126,271,0.52929688,0.070110701
125,149,274,0.53515625,-0.087591241
194,102,296,0.578125,0.31081081
241,57,298,0.58203125,0.61744966
212,80,292,0.5703125,0.45205479
268,29,297,0.58007812,0.8047138
281,23,304,0.59375,0.84868421
233,48,281,0.54882812,0.65836299
169,97,266,0.51953125,0.27067669
58,227,285,0.55664062,-0.59298246
121,176,297,0.58007812,-0.18518519
117,176,293,0.57226562,-0.20136519
127,152,279,0.54492188,-0.089605735
23,269,292,0.5703125,-0.84246575
91,192,283,0.55273438,-0.35689046
75,214,289,0.56445312,-0.48096886
95,189,284,0.5546875,-0.33098592
140,132,272,0.53125,0.029411765
223,63,286,0.55859375,0.55944056
252,44,296,0.578125,0.7027027
246,41,287,0.56054688,0.71428571
223,71,294,0.57421875,0.5170068
225,54,279,0.54492188,0.61290323
181,109,290,0.56640625,0.24827586
126,143,269,0.52539062,-0.063197026
154,133,287,0.56054688,0.073170732
51,254,305,0.59570312,-0.66557377
55,244,299,0.58398438,-0.63210702
117,169,286,0.55859375,-0.18181818
81,215,296,0.578125,-0.4527027
110,171,281,0.54882812,-0.21708185
194,90,284,0.5546875,0.36619718
176,106,282,0.55078125,0.24822695
216,79,295,0.57617188,0.46440678
191,98,289,0.56445312,0.32179931
198,94,292,0.5703125,0.35616438
212,82,294,0.57421875,0.44217687
267,27,294,0.57421875,0.81632653
261,33,294,0.57421875,0.7755102
249,30,279,0.54492188,0.78494624
244,26,270,0.52734375,0.80740741
202,84,286,0.55859375,0.41258741
125,171,296,0.578125,-0.15540541
62,214,276,0.5390625,-0.55072464
61,222,283,0.55273438,-0.56890459
96,204,300,0.5859375,-0.36
108,181,289,0.56445312,-0.25259516
218,74,292,0.5703125,0.49315068
114,168,282,0.55078125,-0.19148936
185,104,289,0.56445312,0.28027682
185,97,282,0.55078125,0.31205674
248,35,283,0.55273438,0.75265018
190,92,282,0.55078125,0.34751773
188,103,291,0.56835938,0.29209622
143,150,293,0.57226562,-0.023890785
136,145,281,0.54882812,-0.03202847
165,121,286,0.55859375,0.15384615
103,183,286,0.55859375,-0.27972028
113,156,269,0.52539062,-0.1598513
144,136,280,0.546875,0.028571429
163,127,290,0.56640625,0.12413793
156,135,291,0.56835938,0.072164948
147,142,289,0.56445312,0.017301038
115,176,291,0.56835938,-0.20962199
79,218,297,0.58007812,-0.46801347
103,186,289,0.56445312,-0.28719723
105,182,287,0.56054688,-0.26829268
97,197,294,0.57421875,-0.34013605
127,172,299,0.58398438,-0.15050167
127,160,287,0.56054688,-0.11498258
108,193,301,0.58789062,-0.28239203
102,185,287,0.56054688,-0.28919861
51,246,297,0.58007812,-0.65656566
99,196,295,0.57617188,-0.32881356
36,249,285,0.55664062,-0.74736842
63,220,283,0.55273438,-0.55477032
110,174,284,0.5546875,-0.22535211
168,127,295,0.57617188,0.13898305
120,168,288,0.5625,-0.16666667
160,123,283,0.55273438,0.13074205
150,128,278,0.54296875,0.079136691
193,88,281,0.54882812,0.37366548
234,59,293,0.57226562,0.59726962
217,74,291,0.56835938,0.49140893
178,89,267,0.52148438,0.33333333
176,113,289,0.56445312,0.21799308
187,101,288,0.5625,0.29861111
258,29,287,0.56054688,0.79790941
255,30,285,0.55664062,0.78947368
270,18,288,0.5625,0.875
220,67,287,0.56054688,0.53310105
175,111,286,0.55859375,0.22377622
165,128,293,0.57226562,0.12627986
228,52,280,0.546875,0.62857143
240,52,292,0.5703125,0.64383562
252,26,278,0.54296875,0.81294964
267,39,306,0.59765625,0.74509804
174,99,273,0.53320312,0.27472527
150,134,284,0.5546875,0.056338028
29,266,295,0.57617188,-0.80338983
90,189,279,0.54492188,-0.35483871
74,211,285,0.55664062,-0.48070175
123,153,276,0.5390625,-0.10869565
86,193,279,0.54492188,-0.38351254
71,216,287,0.56054688,-0.50522648
69,208,277,0.54101562,-0.50180505
170,109,279,0.54492188,0.21863799
224,51,275,0.53710938,0.62909091
274,32,306,0.59765625,0.79084967
155,135,290,0.56640625,0.068965517
144,140,284,0.5546875,0.014084507
90,209,299,0.58398438,-0.39799331
96,196,292,0.5703125,-0.34246575
77,210,287,0.56054688,-0.46341463
70,221,291,0.56835938,-0.51890034
58,230,288,0.5625,-0.59722222
95,186,281,0.54882812,-0.32384342
118,166,284,0.5546875,-0.16901408
134,146,280,0.546875,-0.042857143
113,166,279,0.54492188,-0.18996416
179,107,286,0.55859375,0.25174825
181,113,294,0.57421875,0.23129252
111,188,299,0.58398438,-0.25752508
124,165,289,0.56445312,-0.14186851
166,114,280,0.546875,0.18571429
175,110,285,0.55664062,0.22807018
129,168,297,0.58007812,-0.13131313
142,157,299,0.58398438,-0.050167224
168,121,289,0.56445312,0.16262976
225,53,278,0.54296875,0.61870504
260,35,295,0.57617188,0.76271186
227,59,286,0.55859375,0.58741259
202,71,273,0.53320312,0.47985348
123,161,284,0.5546875,-0.13380282
151,149,300,0.5859375,0.0066666667
126,147,273,0.53320312,-0.076923077
85,181,266,0.51953125,-0.36090226
39,236,275,0.53710938,-0.71636364
51,235,286,0.55859375,-0.64335664
14,300,314,0.61328125,-0.91082803
43,259,302,0.58984375,-0.71523179
23,262,285,0.55664062,-0.83859649
69,220,289,0.56445312,-0.52249135
44,259,303,0.59179688,-0.70957096
82,205,287,0.56054688,-0.42857143
46,233,279,0.54492188,-0.6702509
29,261,290,0.56640625,-0.8
85,188,273,0.53320312,-0.37728938
111,173,284,0.5546875,-0.21830986
76,213,289,0.56445312,-0.47404844
165,140,305,0.59570312,0.081967213
158,131,289,0.56445312,0.093425606
187,90,277,0.54101562,0.35018051
158,123,281,0.54882812,0.12455516
137,143,280,0.546875,-0.021428571
227,75,302,0.58984375,0.50331126
262,29,291,0.56835938,0.80068729
247,40,287,0.56054688,0.72125436
253,43,296,0.578125,0.70945946
205,77,282,0.55078125,0.45390071
196,88,284,0.5546875,0.38028169
227,64,291,0.56835938,0.56013746
151,123,274,0.53515625,0.10218978
183,107,290,0.56640625,0.26206897
103,170,273,0.53320312,-0.24542125
79,208,287,0.56054688,-0.44947735
49,240,289,0.56445312,-0.66089965
84,200,284,0.5546875,-0.4084507
74,220,294,0.57421875,-0.49659864
110,171,281,0.54882812,-0.21708185
209,74,283,0.55273438,0.4770318
173,115,288,0.5625,0.20138889
153,130,283,0.55273438,0.081272085
212,76,288,0.5625,0.47222222
153,118,271,0.52929688,0.12915129
184,110,294,0.57421875,0.25170068
98,182,280,0.546875,-0.3
85,220,305,0.59570312,-0.44262295
117,174,291,0.56835938,-0.19587629
76,204,280,0.546875,-0.45714286
75,221,296,0.578125,-0.49324324
112,177,289,0.56445312,-0.22491349
43,253,296,0.578125,-0.70945946
137,136,273,0.53320312,0.0036630037
157,127,284,0.5546875,0.1056338
120,168,288,0.5625,-0.16666667
202,82,284,0.5546875,0.42253521
198,96,294,0.57421875,0.34693878
253,37,290,0.56640625,0.74482759
248,49,297,0.58007812,0.67003367
206,85,291,0.56835938,0.41580756
166,127,293,0.57226562,0.1331058
186,106,292,0.5703125,0.2739726
124,156,280,0.546875,-0.11428571
175,124,299,0.58398438,0.17056856
256,45,301,0.58789062,0.70099668
258,35,293,0.57226562,0.76109215
193,90,283,0.55273438,0.3639576
192,91,283,0.55273438,0.35689046
199,86,285,0.55664062,0.39649123
148,139,287,0.56054688,0.031358885
170,115,285,0.55664062,0.19298246
132,149,281,0.54882812,-0.060498221
30,267,297,0.58007812,-0.7979798
71,216,287,0.56054688,-0.50522648
13,270,283,0.55273438,-0.90812721
107,174,281,0.54882812,-0.23843416
29,261,290,0.56640625,-0.8
24,258,282,0.55078125,-0.82978723
112,176,288,0.5625,-0.22222222
97,186,283,0.55273438,-0.31448763
131,152,283,0.55273438,-0.074204947
204,86,290,0.56640625,0.40689655
87,196,283,0.55273438,-0.38515901
150,140,290,0.56640625,0.034482759
152,132,284,0.5546875,0.070422535
145,132,277,0.54101562,0.046931408
145,143,288,0.5625,0.0069444444
174,119,293,0.57226562,0.18771331
123,147,270,0.52734375,-0.088888889
120,174,294,0.57421875,-0.18367347
193,86,279,0.54492188,0.38351254
240,45,285,0.55664062,0.68421053
253,27,280,0.546875,0.80714286
198,82,280,0.546875,0.41428571
92,193,285,0.55664062,-0.35438596
54,241,295,0.57617188,-0.63389831
30,253,283,0.55273438,-0.78798587
72,206,278,0.54296875,-0.48201439
48,254,302,0.58984375,-0.68211921
124,152,276,0.5390625,-0.10144928
158,117,275,0.53710938,0.14909091
216,61,277,0.54101562,0.55956679
208,67,275,0.53710938,0.51272727
129,167,296,0.578125,-0.12837838
164,130,294,0.57421875,0.11564626
177,125,302,0.58984375,0.17218543
249,46,295,0.57617188,0.68813559
182,91,273,0.53320312,0.33333333
167,133,300,0.5859375,0.11333333
123,148,271,0.52929688,-0.092250923
168,123,291,0.56835938,0.15463918
176,97,273,0.53320312,0.28937729
110,174,284,0.5546875,-0.22535211
159,135,294,0.57421875,0.081632653
178,113,291,0.56835938,0.2233677
198,86,284,0.5546875,0.3943662
208,70,278,0.54296875,0.49640288
111,182,293,0.57226562,-0.24232082
106,185,291,0.56835938,-0.27147766
204,96,300,0.5859375,0.36
149,144,293,0.57226562,0.017064846
81,206,287,0.56054688,-0.43554007
85,208,293,0.57226562,-0.41979522
109,197,306,0.59765625,-0.2875817
133,147,280,0.546875,-0.05
186,101,287,0.56054688,0.29616725
174,108,282,0.55078125,0.23404255
152,134,286,0.55859375,0.062937063
162,133,295,0.57617188,0.098305085
89,204,293,0.57226562,-0.39249147
103,184,287,0.56054688,-0.28222997
52,237,289,0.56445312,-0.64013841
25,265,290,0.56640625,-0.82758621
109,179,288,0.5625,-0.24305556
146,136,282,0.55078125,0.035460993
91,196,287,0.56054688,-0.36585366
110,184,294,0.57421875,-0.25170068
107,166,273,0.53320312,-0.21611722
135,150,285,0.55664062,-0.052631579
203,84,287,0.56054688,0.41463415
216,70,286,0.55859375,0.51048951
196,81,277,0.54101562,0.41516245
242,55,297,0.58007812,0.62962963
205,75,280,0.546875,0.46428571
127,157,284,0.5546875,-0.1056338
207,88,295,0.57617188,0.40338983
223,63,286,0.55859375,0.55944056
189,108,297,0.58007812,0.27272727
216,76,292,0.5703125,0.47945205
264,25,289,0.56445312,0.82698962
240,41,281,0.54882812,0.70818505
256,31,287,0.56054688,0.78397213
208,86,294,0.57421875,0.41496599
68,206,274,0.53515625,-0.50364964
108,164,272,0.53125,-0.20588235
94,180,274,0.53515625,-0.31386861
105,176,281,0.54882812,-0.25266904
109,194,303,0.59179688,-0.28052805
60,227,287,0.56054688,-0.58188153
41,245,286,0.55859375,-0.71328671
49,237,286,0.55859375,-0.65734266
90,206,296,0.578125,-0.39189189
54,226,280,0.546875,-0.61428571
126,159,285,0.55664062,-0.11578947
106,189,295,0.57617188,-0.28135593
108,165,273,0.53320312,-0.20879121
119,173,292,0.5703125,-0.18493151
92,191,283,0.55273438,-0.34982332
41,272,313,0.61132812,-0.73801917
54,236,290,0.56640625,-0.62758621
97,182,279,0.54492188,-0.3046595
97,186,283,0.55273438,-0.31448763
128,137,265,0.51757812,-0.033962264
223,66,289,0.56445312,0.5432526
199,84,283,0.55273438,0.40636042
165,126,291,0.56835938,0.13402062
108,182,290,0.56640625,-0.25517241
186,99,285,0.55664062,0.30526316
165,119,284,0.5546875,0.16197183
236,62,298,0.58203125,0.58389262
265,27,292,0.5703125,0.81506849
246,35,281,0.54882812,0.75088968
192,91,283,0.55273438,0.35689046
141,152,293,0.57226562,-0.037542662
131,144,275,0.53710938,-0.047272727
203,80,283,0.55273438,0.43462898
149,135,284,0.5546875,0.049295775
133,148,281,0.54882812,-0.053380783
155,128,283,0.55273438,0.09540636
166,113,279,0.54492188,0.18996416
141,144,285,0.55664062,-0.010526316
123,157,280,0.546875,-0.12142857
151,133,284,0.5546875,0.063380282
283,11,294,0.57421875,0.92517007
199,77,276,0.5390625,0.44202899
210,76,286,0.55859375,0.46853147
225,61,286,0.55859375,0.57342657
255,39,294,0.57421875,0.73469388
231,58,289,0.56445312,0.59861592
155,135,290,0.56640625,0.068965517
148,145,293,0.57226562,0.010238908
151,129,280,0.546875,0.078571429
225,78,303,0.59179688,0.48514851
196,92,288,0.5625,0.36111111
140,153,293,0.57226562,-0.044368601
201,86,287,0.56054688,0.40069686
188,92,280,0.546875,0.34285714
195,94,289,0.56445312,0.34948097
187,84,271,0.52929688,0.3800738
248,43,291,0.56835938,0.70446735
210,78,288,0.5625,0.45833333
195,94,289,0.56445312,0.34948097
134,142,276,0.5390625,-0.028985507
128,144,272,0.53125,-0.058823529
66,222,288,0.5625,-0.54166667
50,239,289,0.56445312,-0.65397924
28,259,287,0.56054688,-0.80487805
142,126,268,0.5234375,0.059701493
176,109,285,0.55664062,0.23508772
140,139,279,0.54492188,0.0035842294
71,211,282,0.55078125,-0.4964539
62,227,289,0.56445312,-0.57093426
75,216,291,0.56835938,-0.48453608
70,198,268,0.5234375,-0.47761194
98,183,281,0.54882812,-0.3024911
62,223,285,0.55664062,-0.56491228
139,147,286,0.55859375,-0.027972028
183,100,283,0.55273438,0.29328622
277,23,300,0.5859375,0.84666667
274,24,298,0.58203125,0.83892617
139,148,287,0.56054688,-0.031358885
104,184,288,0.5625,-0.27777778
153,129,282,0.55078125,0.085106383
186,87,273,0.53320312,0.36263736
133,155,288,0.5625,-0.076388889
118,162,280,0.546875,-0.15714286
125,160,285,0.55664062,-0.12280702
166,124,290,0.56640625,0.14482759
178,99,277,0.54101562,0.28519856
116,181,297,0.58007812,-0.21885522
117,186,303,0.59179688,-0.22772277
112,175,287,0.56054688,-0.2195122
114,163,277,0.54101562,-0.17689531
89,192,281,0.54882812,-0.36654804
127,150,277,0.54101562,-0.083032491
127,159,286,0.55859375,-0.11188811
60,237,297,0.58007812,-0.5959596
38,256,294,0.57421875,-0.7414966
90,194,284,0.5546875,-0.36619718
143,135,278,0.54296875,0.028776978
245,44,289,0.56445312,0.69550173
169,126,295,0.57617188,0.14576271
184,93,277,0.54101562,0.32851986
164,121,285,0.55664062,0.15087719
175,113,288,0.5625,0.21527778
89,195,284,0.5546875,-0.37323944
136,154,290,0.56640625,-0.062068966
93,208,301,0.58789062,-0.3820598
41,265,306,0.59765625,-0.73202614
52,223,275,0.53710938,-0.62181818
180,99,279,0.54492188,0.29032258
184,108,292,0.5703125,0.26027397
194,90,284,0.5546875,0.36619718
222,54,276,0.5390625,0.60869565
237,47,284,0.5546875,0.66901408
184,122,306,0.59765625,0.20261438
163,125,288,0.5625,0.13194444
190,107,297,0.58007812,0.27946128
201,80,281,0.54882812,0.43060498
173,116,289,0.56445312,0.19723183
178,105,283,0.55273438,0.25795053
260,27,287,0.56054688,0.81184669
277,23,300,0.5859375,0.84666667
210,78,288,0.5625,0.45833333
228,53,281,0.54882812,0.6227758
178,117,295,0.57617188,0.20677966
157,132,289,0.56445312,0.08650519
129,155,284,0.5546875,-0.091549296
181,105,286,0.55859375,0.26573427
168,117,285,0.55664062,0.17894737
207,81,288,0.5625,0.4375
267,20,287,0.56054688,0.86062718
113,189,302,0.58984375,-0.25165563
174,104,278,0.54296875,0.25179856
124,144,268,0.5234375,-0.074626866
109,177,286,0.55859375,-0.23776224
62,209,271,0.52929688,-0.54243542
60,227,287,0.56054688,-0.58188153
75,200,275,0.53710938,-0.45454545
82,186,268,0.5234375,-0.3880597
50,239,289,0.56445312,-0.65397924
37,260,297,0.58007812,-0.75084175
57,231,288,0.5625,-0.60416667
145,129,274,0.53515625,0.058394161
62,222,284,0.5546875,-0.56338028
78,201,279,0.54492188,-0.44086022
109,188,297,0.58007812,-0.26599327
210,71,281,0.54882812,0.49466192
163,121,284,0.5546875,0.14788732
228,56,284,0.5546875,0.6056338
254,39,293,0.57226562,0.7337884
217,69,286,0.55859375,0.51748252
230,60,290,0.56640625,0.5862069
234,49,283,0.55273438,0.65371025
182,107,289,0.56445312,0.25951557
237,60,297,0.58007812,0.5959596
214,60,274,0.53515625,0.5620438
252,44,296,0.578125,0.7027027
189,100,289,0.56445312,0.30795848
155,137,292,0.5703125,0.061643836
124,151,275,0.53710938,-0.098181818
177,102,279,0.54492188,0.2688172
145,137,282,0.55078125,0.028368794
230,49,279,0.54492188,0.64874552
186,85,271,0.52929688,0.37269373
226,60,286,0.55859375,0.58041958
238,52,290,0.56640625,0.64137931
254,37,291,0.56835938,0.74570447
185,95,280,0.546875,0.32142857
207,87,294,0.57421875,0.40816327
207,88,295,0.57617188,0.40338983
198,87,285,0.55664062,0.38947368
74,207,281,0.54882812,-0.47330961
140,149,289,0.56445312,-0.031141869
145,146,291,0.56835938,-0.0034364261
140,154,294,0.57421875,-0.047619048
187,111,298,0.58203125,0.25503356
173,118,291,0.56835938,0.18900344
150,156,306,0.59765625,-0.019607843
154,132,286,0.55859375,0.076923077
186,97,283,0.55273438,0.31448763
161,131,292,0.5703125,0.10273973
224,61,285,0.55664062,0.57192982
122,163,285,0.55664062,-0.14385965
166,125,291,0.56835938,0.14089347
227,62,289,0.56445312,0.57093426
214,64,278,0.54296875,0.53956835
201,88,289,0.56445312,0.39100346
249,37,286,0.55859375,0.74125874
171,107,278,0.54296875,0.23021583
243,59,302,0.58984375,0.60927152
239,47,286,0.55859375,0.67132867
229,57,286,0.55859375,0.6013986
219,80,299,0.58398438,0.46488294
190,86,276,0.5390625,0.37681159
182,109,291,0.56835938,0.25085911
208,73,281,0.54882812,0.48042705
257,37,294,0.57421875,0.74829932
203,69,272,0.53125,0.49264706
239,48,287,0.56054688,0.66550523
176,114,290,0.56640625,0.2137931
177,100,277,0.54101562,0.27797834
130,156,286,0.55859375,-0.090909091
187,95,282,0.55078125,0.32624113
249,43,292,0.5703125,0.70547945
220,66,286,0.55859375,0.53846154
235,49,284,0.5546875,0.65492958
257,36,293,0.57226562,0.75426621
234,51,285,0.55664062,0.64210526
215,76,291,0.56835938,0.47766323
201,89,290,0.56640625,0.3862069
234,56,290,0.56640625,0.6137931
245,61,306,0.59765625,0.60130719
197,92,289,0.56445312,0.3633218
208,81,289,0.56445312,0.43944637
261,37,298,0.58203125,0.75167785
191,93,284,0.5546875,0.34507042
152,135,287,0.56054688,0.059233449
133,154,287,0.56054688,-0.073170732
96,190,286,0.55859375,-0.32867133
125,162,287,0.56054688,-0.12891986
140,135,275,0.53710938,0.018181818
93,189,282,0.55078125,-0.34042553
153,142,295,0.57617188,0.037288136
78,209,287,0.56054688,-0.45644599
44,230,274,0.53515625,-0.67883212
110,187,297,0.58007812,-0.25925926
126,159,285,0.55664062,-0.11578947
87,202,289,0.56445312,-0.39792388
120,150,270,0.52734375,-0.11111111
113,168,281,0.54882812,-0.19572954
98,183,281,0.54882812,-0.3024911
187,109,296,0.578125,0.26351351
88,203,291,0.56835938,-0.395189
153,135,288,0.5625,0.0625
148,139,287,0.56054688,0.031358885
255,33,288,0.5625,0.77083333
138,144,282,0.55078125,-0.021276596
139,144,283,0.55273438,-0.017667845
156,125,281,0.54882812,0.11032028
141,153,294,0.57421875,-0.040816327
103,186,289,0.56445312,-0.28719723
107,175,282,0.55078125,-0.24113475
25,284,309,0.60351562,-0.8381877
10,287,297,0.58007812,-0.93265993
34,245,279,0.54492188,-0.7562724
66,221,287,0.56054688,-0.54006969
41,242,283,0.55273438,-0.71024735
64,231,295,0.57617188,-0.56610169
92,183,275,0.53710938,-0.33090909
51,246,297,0.58007812,-0.65656566
83,192,275,0.53710938,-0.39636364
85,203,288,0.5625,-0.40972222
30,254,284,0.5546875,-0.78873239
81,198,279,0.54492188,-0.41935484
131,150,281,0.54882812,-0.067615658
126,164,290,0.56640625,-0.13103448
82,217,299,0.58398438,-0.45150502
124,166,290,0.56640625,-0.14482759
173,103,276,0.5390625,0.25362319
128,151,279,0.54492188,-0.082437276
163,123,286,0.55859375,0.13986014
66,215,281,0.54882812,-0.53024911
84,199,283,0.55273438,-0.40636042
37,248,285,0.55664062,-0.74035088
98,178,276,0.5390625,-0.28985507
47,233,280,0.546875,-0.66428571
84,202,286,0.55859375,-0.41258741
159,120,279,0.54492188,0.13978495
210,76,286,0.55859375,0.46853147
153,125,278,0.54296875,0.10071942
190,89,279,0.54492188,0.36200717
217,75,292,0.5703125,0.48630137
238,48,286,0.55859375,0.66433566
238,52,290,0.56640625,0.64137931
166,121,287,0.56054688,0.15679443
131,152,283,0.55273438,-0.074204947
158,128,286,0.55859375,0.1048951
124,164,288,0.5625,-0.13888889
196,103,299,0.58398438,0.31103679
149,135,284,0.5546875,0.049295775
176,103,279,0.54492188,0.26164875
165,119,284,0.5546875,0.16197183
128,147,275,0.53710938,-0.069090909
101,169,270,0.52734375,-0.25185185
112,177,289,0.56445312,-0.22491349
97,183,280,0.546875,-0.30714286
132,155,287,0.56054688,-0.080139373
59,225,284,0.5546875,-0.58450704
85,211,296,0.578125,-0.42567568
76,212,288,0.5625,-0.47222222
70,213,283,0.55273438,-0.50530035
168,124,292,0.5703125,0.15068493
148,142,290,0.56640625,0.020689655
140,143,283,0.55273438,-0.010600707
111,178,289,0.56445312,-0.23183391
152,142,294,0.57421875,0.034013605
183,83,266,0.51953125,0.37593985
132,148,280,0.546875,-0.057142857
99,177,276,0.5390625,-0.2826087
81,197,278,0.54296875,-0.41726619
62,223,285,0.55664062,-0.56491228
61,231,292,0.5703125,-0.58219178
95,196,291,0.56835938,-0.34707904
115,165,280,0.546875,-0.17857143
159,126,285,0.55664062,0.11578947
110,185,295,0.57617188,-0.25423729
193,88,281,0.54882812,0.37366548
216,75,291,0.56835938,0.48453608
250,28,278,0.54296875,0.79856115
203,80,283,0.55273438,0.43462898
217,70,287,0.56054688,0.51219512
262,36,298,0.58203125,0.75838926
147,132,279,0.54492188,0.053763441
200,89,289,0.56445312,0.38408304
254,41,295,0.57617188,0.7220339
151,141,292,0.5703125,0.034246575
139,148,287,0.56054688,-0.031358885
172,106,278,0.54296875,0.23741007
192,97,289,0.56445312,0.32871972
128,167,295,0.57617188,-0.13220339
179,108,287,0.56054688,0.24738676
222,71,293,0.57226562,0.51535836
216,70,286,0.55859375,0.51048951
128,164,292,0.5703125,-0.12328767
183,114,297,0.58007812,0.23232323
210,88,298,0.58203125,0.40939597
214,69,283,0.55273438,0.51236749
194,91,285,0.55664062,0.36140351
205,84,289,0.56445312,0.41868512
249,42,291,0.56835938,0.71134021
243,40,283,0.55273438,0.71731449
212,80,292,0.5703125,0.45205479
201,75,276,0.5390625,0.45652174
219,66,285,0.55664062,0.53684211
217,76,293,0.57226562,0.48122867
175,110,285,0.55664062,0.22807018
114,189,303,0.59179688,-0.24752475
64,222,286,0.55859375,-0.55244755
60,221,281,0.54882812,-0.57295374
40,257,297,0.58007812,-0.73063973
63,224,287,0.56054688,-0.56097561
110,176,286,0.55859375,-0.23076923
113,179,292,0.5703125,-0.2260274
138,144,282,0.55078125,-0.021276596
193,89,282,0.55078125,0.36879433
218,85,303,0.59179688,0.43894389
209,85,294,0.57421875,0.42176871
231,46,277,0.54101562,0.66787004
203,84,287,0.56054688,0.41463415
237,57,294,0.57421875,0.6122449
259,37,296,0.578125,0.75
219,67,286,0.55859375,0.53146853
236,64,300,0.5859375,0.57333333
237,45,282,0.55078125,0.68085106
210,67,277,0.54101562,0.51624549
232,61,293,0.57226562,0.58361775
185,114,299,0.58398438,0.23745819
171,116,287,0.56054688,0.19163763
108,176,284,0.5546875,-0.23943662
95,188,283,0.55273438,-0.32862191
53,238,291,0.56835938,-0.63573883
110,176,286,0.55859375,-0.23076923
115,165,280,0.546875,-0.17857143
57,221,278,0.54296875,-0.58992806
55,235,290,0.56640625,-0.62068966
88,196,284,0.5546875,-0.38028169
6,281,287,0.56054688,-0.95818815
75,217,292,0.5703125,-0.48630137
108,177,285,0.55664062,-0.24210526
184,108,292,0.5703125,0.26027397
199,82,281,0.54882812,0.41637011
126,160,286,0.55859375,-0.11888112
42,249,291,0.56835938,-0.71134021
26,250,276,0.5390625,-0.8115942
73,211,284,0.5546875,-0.48591549
76,211,287,0.56054688,-0.47038328
52,230,282,0.55078125,-0.63120567
33,254,287,0.56054688,-0.77003484
30,256,286,0.55859375,-0.79020979
40,249,289,0.56445312,-0.72318339
57,235,292,0.5703125,-0.60958904
55,244,299,0.58398438,-0.63210702
100,188,288,0.5625,-0.30555556
76,209,285,0.55664062,-0.46666667
161,126,287,0.56054688,0.12195122
150,133,283,0.55273438,0.060070671
174,108,282,0.55078125,0.23404255
76,207,283,0.55273438,-0.46289753
137,152,289,0.56445312,-0.051903114
109,172,281,0.54882812,-0.22419929
212,77,289,0.56445312,0.46712803
225,65,290,0.56640625,0.55172414
197,85,282,0.55078125,0.39716312
202,68,270,0.52734375,0.4962963
236,53,289,0.56445312,0.63321799
254,30,284,0.5546875,0.78873239
281,17,298,0.58203125,0.88590604
247,33,280,0.546875,0.76428571
248,39,287,0.56054688,0.728223
108,186,294,0.57421875,-0.26530612
196,98,294,0.57421875,0.33333333
155,130,285,0.55664062,0.087719298
163,119,282,0.55078125,0.15602837
106,181,287,0.56054688,-0.26132404
55,231,286,0.55859375,-0.61538462
51,242,293,0.57226562,-0.65187713
92,198,290,0.56640625,-0.36551724
62,223,285,0.55664062,-0.56491228
109,189,298,0.58203125,-0.26845638
224,70,294,0.57421875,0.52380952
172,118,290,0.56640625,0.1862069
154,126,280,0.546875,0.1
201,81,282,0.55078125,0.42553191
153,137,290,0.56640625,0.055172414
133,158,291,0.56835938,-0.085910653
139,147,286,0.55859375,-0.027972028
266,46,312,0.609375,0.70512821
284,14,298,0.58203125,0.90604027
213,65,278,0.54296875,0.5323741
194,88,282,0.55078125,0.37588652
253,42,295,0.57617188,0.71525424
193,94,287,0.56054688,0.34494774
257,39,296,0.578125,0.73648649
260,38,298,0.58203125,0.74496644
237,65,302,0.58984375,0.56953642
172,105,277,0.54101562,0.24187726
193,95,288,0.5625,0.34027778
201,75,276,0.5390625,0.45652174
248,30,278,0.54296875,0.78417266
161,116,277,0.54101562,0.16245487
147,131,278,0.54296875,0.057553957
129,151,280,0.546875,-0.078571429
138,155,293,0.57226562,-0.058020478
169,114,283,0.55273438,0.19434629
128,173,301,0.58789062,-0.14950166
221,67,288,0.5625,0.53472222
232,74,306,0.59765625,0.51633987
164,108,272,0.53125,0.20588235
152,129,281,0.54882812,0.081850534
126,159,285,0.55664062,-0.11578947
73,201,274,0.53515625,-0.46715328
30,247,277,0.54101562,-0.7833935
73,209,282,0.55078125,-0.4822695
31,255,286,0.55859375,-0.78321678
75,206,281,0.54882812,-0.46619217
131,166,297,0.58007812,-0.11784512
226,59,285,0.55664062,0.58596491
186,89,275,0.53710938,0.35272727
240,43,283,0.55273438,0.69611307
235,59,294,0.57421875,0.59863946
177,112,289,0.56445312,0.22491349
175,101,276,0.5390625,0.26811594
112,172,284,0.5546875,-0.21126761
139,131,270,0.52734375,0.02962963
172,114,286,0.55859375,0.2027972
141,125,266,0.51953125,0.060150376
205,86,291,0.56835938,0.40893471
181,108,289,0.56445312,0.25259516
236,57,293,0.57226562,0.6109215
214,59,273,0.53320312,0.56776557
278,19,297,0.58007812,0.87205387
259,36,295,0.57617188,0.7559322
250,46,296,0.578125,0.68918919
179,109,288,0.5625,0.24305556
184,100,284,0.5546875,0.29577465
138,139,277,0.54101562,-0.0036101083
39,257,296,0.578125,-0.73648649
73,214,287,0.56054688,-0.4912892
38,251,289,0.56445312,-0.73702422
156,127,283,0.55273438,0.1024735
180,112,292,0.5703125,0.23287671
168,111,279,0.54492188,0.20430108
60,222,282,0.55078125,-0.57446809
71,219,290,0.56640625,-0.51034483
66,239,305,0.59570312,-0.56721311
94,191,285,0.55664062,-0.34035088
58,237,295,0.57617188,-0.60677966
49,246,295,0.57617188,-0.66779661
94,191,285,0.55664062,-0.34035088
111,169,280,0.546875,-0.20714286
79,209,288,0.5625,-0.45138889
141,143,284,0.5546875,-0.0070422535
177,115,292,0.5703125,0.21232877
183,93,276,0.5390625,0.32608696
122,172,294,0.57421875,-0.17006803
112,177,289,0.56445312,-0.22491349
147,122,269,0.52539062,0.092936803
118,162,280,0.546875,-0.15714286
186,83,269,0.52539062,0.38289963
205,91,296,0.578125,0.38513514
148,139,287,0.56054688,0.031358885
236,57,293,0.57226562,0.6109215
187,89,276,0.5390625,0.35507246
121,162,283,0.55273438,-0.14487633
174,115,289,0.56445312,0.20415225
124,160,284,0.5546875,-0.12676056
132,142,274,0.53515625,-0.03649635
140,158,298,0.58203125,-0.060402685
74,217,291,0.56835938,-0.49140893
61,234,295,0.57617188,-0.58644068
69,213,282,0.55078125,-0.5106383
129,162,291,0.56835938,-0.11340206
176,121,297,0.58007812,0.18518519
206,87,293,0.57226562,0.40614334
173,113,286,0.55859375,0.20979021
164,110,274,0.53515625,0.19708029
125,161,286,0.55859375,-0.12587413
49,232,281,0.54882812,-0.65124555
73,216,289,0.56445312,-0.49480969
60,236,296,0.578125,-0.59459459
59,230,289,0.56445312,-0.5916955
214,69,283,0.55273438,0.51236749
206,83,289,0.56445312,0.42560554
236,50,286,0.55859375,0.65034965
191,97,288,0.5625,0.32638889
177,112,289,0.56445312,0.22491349
239,55,294,0.57421875,0.62585034
175,104,279,0.54492188,0.25448029
140,138,278,0.54296875,0.0071942446
119,157,276,0.5390625,-0.13768116
176,110,286,0.55859375,0.23076923
75,217,292,0.5703125,-0.48630137
75,218,293,0.57226562,-0.48805461
120,163,283,0.55273438,-0.15194346
90,184,274,0.53515625,-0.34306569
61,219,280,0.546875,-0.56428571
69,218,287,0.56054688,-0.51916376
36,255,291,0.56835938,-0.75257732
17,291,308,0.6015625,-0.88961039
43,245,288,0.5625,-0.70138889
22,278,300,0.5859375,-0.85333333
31,265,296,0.578125,-0.79054054
71,216,287,0.56054688,-0.50522648
81,198,279,0.54492188,-0.41935484
108,175,283,0.55273438,-0.23674912
151,140,291,0.56835938,0.037800687
258,34,292,0.5703125,0.76712329
222,65,287,0.56054688,0.54703833
137,145,282,0.55078125,-0.028368794
96,191,287,0.56054688,-0.33101045
123,168,291,0.56835938,-0.15463918
173,90,263,0.51367188,0.31558935
199,88,287,0.56054688,0.38675958
254,52,306,0.59765625,0.66013072
162,143,305,0.59570312,0.062295082
83,200,283,0.55273438,-0.41342756
42,247,289,0.56445312,-0.70934256
20,266,286,0.55859375,-0.86013986
82,208,290,0.56640625,-0.43448276
127,164,291,0.56835938,-0.12714777
168,134,302,0.58984375,0.11258278
186,100,286,0.55859375,0.3006993
184,112,296,0.578125,0.24324324
184,94,278,0.54296875,0.32374101
167,113,280,0.546875,0.19285714
219,63,282,0.55078125,0.55319149
138,130,268,0.5234375,0.029850746
157,115,272,0.53125,0.15441176
237,46,283,0.55273438,0.67491166
231,58,289,0.56445312,0.59861592
181,92,273,0.53320312,0.32600733
179,96,275,0.53710938,0.30181818
224,71,295,0.57617188,0.51864407
212,68,280,0.546875,0.51428571
166,114,280,0.546875,0.18571429
254,33,287,0.56054688,0.77003484
197,86,283,0.55273438,0.39222615
266,34,300,0.5859375,0.77333333
194,95,289,0.56445312,0.34256055
225,65,290,0.56640625,0.55172414
225,58,283,0.55273438,0.59010601
242,49,291,0.56835938,0.66323024
245,50,295,0.57617188,0.66101695
201,78,279,0.54492188,0.44086022
245,52,297,0.58007812,0.64983165
155,133,288,0.5625,0.076388889
155,138,293,0.57226562,0.058020478
110,175,285,0.55664062,-0.22807018
153,135,288,0.5625,0.0625
141,137,278,0.54296875,0.014388489
152,131,283,0.55273438,0.074204947
181,104,285,0.55664062,0.27017544
169,124,293,0.57226562,0.15358362
174,121,295,0.57617188,0.17966102
248,44,292,0.5703125,0.69863014
195,88,283,0.55273438,0.37809187
172,126,298,0.58203125,0.15436242
161,116,277,0.54101562,0.16245487
141,142,283,0.55273438,-0.0035335689
129,148,277,0.54101562,-0.068592058
186,92,278,0.54296875,0.3381295
120,166,286,0.55859375,-0.16083916
83,215,298,0.58203125,-0.44295302
53,220,273,0.53320312,-0.61172161
67,223,290,0.56640625,-0.53793103
132,136,268,0.5234375,-0.014925373
161,122,283,0.55273438,0.13780919
176,124,300,0.5859375,0.17333333
161,136,297,0.58007812,0.084175084
111,171,282,0.55078125,-0.21276596
97,185,282,0.55078125,-0.31205674
97,192,289,0.56445312,-0.32871972
93,206,299,0.58398438,-0.37792642
131,150,281,0.54882812,-0.067615658
93,195,288,0.5625,-0.35416667
125,164,289,0.56445312,-0.1349481
114,168,282,0.55078125,-0.19148936
60,225,285,0.55664062,-0.57894737
91,200,291,0.56835938,-0.37457045
138,148,286,0.55859375,-0.034965035
154,127,281,0.54882812,0.096085409
153,132,285,0.55664062,0.073684211
147,132,279,0.54492188,0.053763441
96,200,296,0.578125,-0.35135135
99,180,279,0.54492188,-0.29032258
69,220,289,0.56445312,-0.52249135
118,174,292,0.5703125,-0.19178082
147,143,290,0.56640625,0.013793103
214,68,282,0.55078125,0.5177305
155,129,284,0.5546875,0.091549296
186,80,266,0.51953125,0.39849624
160,118,278,0.54296875,0.15107914
139,149,288,0.5625,-0.034722222
212,80,292,0.5703125,0.45205479
148,140,288,0.5625,0.027777778
133,168,301,0.58789062,-0.11627907
70,211,281,0.54882812,-0.50177936
86,211,297,0.58007812,-0.42087542
79,188,267,0.52148438,-0.4082397
86,203,289,0.56445312,-0.40484429
107,187,294,0.57421875,-0.27210884
121,164,285,0.55664062,-0.15087719
112,166,278,0.54296875,-0.1942446
104,174,278,0.54296875,-0.25179856
83,202,285,0.55664062,-0.41754386
176,111,287,0.56054688,0.22648084
218,48,266,0.51953125,0.63909774
167,121,288,0.5625,0.15972222
187,79,266,0.51953125,0.40601504
146,138,284,0.5546875,0.028169014
164,131,295,0.57617188,0.11186441
175,108,283,0.55273438,0.23674912
110,178,288,0.5625,-0.23611111
76,219,295,0.57617188,-0.48474576
68,226,294,0.57421875,-0.53741497
114,174,288,0.5625,-0.20833333
183,113,296,0.578125,0.23648649
224,56,280,0.546875,0.6
230,66,296,0.578125,0.55405405
253,41,294,0.57421875,0.72108844
230,62,292,0.5703125,0.57534247
160,128,288,0.5625,0.11111111
225,63,288,0.5625,0.5625
254,43,297,0.58007812,0.71043771
224,56,280,0.546875,0.6
207,75,282,0.55078125,0.46808511
122,163,285,0.55664062,-0.14385965
85,206,291,0.56835938,-0.41580756
81,215,296,0.578125,-0.4527027
117,171,288,0.5625,-0.1875
162,127,289,0.56445312,0.12110727
203,68,271,0.52929688,0.49815498
249,47,296,0.578125,0.68243243
189,87,276,0.5390625,0.36956522
152,140,292,0.5703125,0.04109589
114,177,291,0.56835938,-0.21649485
71,220,291,0.56835938,-0.51202749
63,200,263,0.51367188,-0.52091255
125,156,281,0.54882812,-0.11032028
98,194,292,0.5703125,-0.32876712
90,202,292,0.5703125,-0.38356164
102,199,301,0.58789062,-0.32225914
73,228,301,0.58789062,-0.51495017
34,275,309,0.60351562,-0.77993528
25,280,305,0.59570312,-0.83606557
99,181,280,0.546875,-0.29285714
81,223,304,0.59375,-0.46710526
88,197,285,0.55664062,-0.38245614
104,178,282,0.55078125,-0.26241135
226,66,292,0.5703125,0.54794521
204,69,273,0.53320312,0.49450549
228,69,297,0.58007812,0.53535354
244,49,293,0.57226562,0.66552901
190,95,285,0.55664062,0.33333333
191,83,274,0.53515625,0.39416058
113,165,278,0.54296875,-0.18705036
76,222,298,0.58203125,-0.48993289
115,169,284,0.5546875,-0.19014085
162,121,283,0.55273438,0.14487633
87,202,289,0.56445312,-0.39792388
130,144,274,0.53515625,-0.051094891
199,95,294,0.57421875,0.3537415
201,87,288,0.5625,0.39583333
184,91,275,0.53710938,0.33818182
174,116,290,0.56640625,0.2
149,143,292,0.5703125,0.020547945
90,204,294,0.57421875,-0.3877551
159,135,294,0.57421875,0.081632653
201,94,295,0.57617188,0.36271186
226,77,303,0.59179688,0.49174917
193,81,274,0.53515625,0.40875912
274,23,297,0.58007812,0.84511785
230,69,299,0.58398438,0.53846154
183,83,266,0.51953125,0.37593985
216,66,282,0.55078125,0.53191489
239,54,293,0.57226562,0.63139932
254,47,301,0.58789062,0.68770764
186,98,284,0.5546875,0.30985915
204,91,295,0.57617188,0.38305085
135,149,284,0.5546875,-0.049295775
136,159,295,0.57617188,-0.077966102
199,87,286,0.55859375,0.39160839
197,85,282,0.55078125,0.39716312
289,17,306,0.59765625,0.88888889
241,36,277,0.54101562,0.7400722
166,116,282,0.55078125,0.17730496
175,119,294,0.57421875,0.19047619
125,145,270,0.52734375,-0.074074074
86,199,285,0.55664062,-0.39649123
85,207,292,0.5703125,-0.41780822
194,80,274,0.53515625,0.41605839
223,74,297,0.58007812,0.5016835
147,149,296,0.578125,-0.0067567568
116,172,288,0.5625,-0.19444444
82,210,292,0.5703125,-0.43835616
65,220,285,0.55664062,-0.54385965
61,232,293,0.57226562,-0.58361775
35,247,282,0.55078125,-0.75177305
38,262,300,0.5859375,-0.74666667
60,226,286,0.55859375,-0.58041958
100,180,280,0.546875,-0.28571429
124,165,289,0.56445312,-0.14186851
140,150,290,0.56640625,-0.034482759
107,184,291,0.56835938,-0.26460481
86,212,298,0.58203125,-0.42281879
91,174,265,0.51757812,-0.31320755
75,221,296,0.578125,-0.49324324
78,206,284,0.5546875,-0.45070423
123,175,298,0.58203125,-0.17449664
76,192,268,0.5234375,-0.43283582
52,247,299,0.58398438,-0.65217391
54,231,285,0.55664062,-0.62105263
136,142,278,0.54296875,-0.021582734
136,151,287,0.56054688,-0.052264808
238,55,293,0.57226562,0.62457338
267,31,298,0.58203125,0.79194631
222,54,276,0.5390625,0.60869565
222,54,276,0.5390625,0.60869565
200,81,281,0.54882812,0.42348754
188,106,294,0.57421875,0.27891156
143,151,294,0.57421875,-0.027210884
206,81,287,0.56054688,0.43554007
219,74,293,0.57226562,0.49488055
220,67,287,0.56054688,0.53310105
240,54,294,0.57421875,0.63265306
279,17,296,0.578125,0.88513514
239,49,288,0.5625,0.65972222
230,59,289,0.56445312,0.5916955
157,120,277,0.54101562,0.13357401
245,48,293,0.57226562,0.67235495
257,29,286,0.55859375,0.7972028
198,74,272,0.53125,0.45588235
182,110,292,0.5703125,0.24657534
209,71,280,0.546875,0.49285714
145,139,284,0.5546875,0.021126761
164,115,279,0.54492188,0.17562724
236,51,287,0.56054688,0.6445993
275,19,294,0.57421875,0.8707483
260,22,282,0.55078125,0.84397163
237,58,295,0.57617188,0.60677966
227,66,293,0.57226562,0.54948805
161,137,298,0.58203125,0.080536913
107,184,291,0.56835938,-0.26460481
87,206,293,0.57226562,-0.40614334
25,258,283,0.55273438,-0.82332155
83,219,302,0.58984375,-0.45033113
105,190,295,0.57617188,-0.28813559
74,219,293,0.57226562,-0.49488055
39,246,285,0.55664062,-0.72631579
84,196,280,0.546875,-0.4
60,240,300,0.5859375,-0.6
96,192,288,0.5625,-0.33333333
67,207,274,0.53515625,-0.51094891
78,204,282,0.55078125,-0.44680851
58,229,287,0.56054688,-0.59581882
131,156,287,0.56054688,-0.087108014
238,56,294,0.57421875,0.61904762
239,46,285,0.55664062,0.67719298
280,14,294,0.57421875,0.9047619
221,51,272,0.53125,0.625
116,173,289,0.56445312,-0.19723183
166,124,290,0.56640625,0.14482759
123,160,283,0.55273438,-0.13074205
187,85,272,0.53125,0.375
155,108,263,0.51367188,0.17870722
71,214,285,0.55664062,-0.50175439
50,235,285,0.55664062,-0.64912281
63,214,277,0.54101562,-0.54512635
60,253,313,0.61132812,-0.61661342
24,270,294,0.57421875,-0.83673469
86,193,279,0.54492188,-0.38351254
105,180,285,0.55664062,-0.26315789
76,220,296,0.578125,-0.48648649
60,221,281,0.54882812,-0.57295374
87,204,291,0.56835938,-0.40206186
112,177,289,0.56445312,-0.22491349
56,234,290,0.56640625,-0.6137931
84,210,294,0.57421875,-0.42857143
56,218,274,0.53515625,-0.59124088
72,218,290,0.56640625,-0.50344828
39,246,285,0.55664062,-0.72631579
27,265,292,0.5703125,-0.81506849
32,248,280,0.546875,-0.77142857
76,215,291,0.56835938,-0.47766323
29,258,287,0.56054688,-0.79790941
44,247,291,0.56835938,-0.6975945
94,182,276,0.5390625,-0.31884058
48,240,288,0.5625,-0.66666667
92,196,288,0.5625,-0.36111111
105,188,293,0.57226562,-0.28327645
75,217,292,0.5703125,-0.48630137
120,163,283,0.55273438,-0.15194346
61,223,284,0.5546875,-0.57042254
106,193,299,0.58398438,-0.2909699
156,140,296,0.578125,0.054054054
116,178,294,0.57421875,-0.21088435
144,142,286,0.55859375,0.006993007
153,127,280,0.546875,0.092857143
86,206,292,0.5703125,-0.4109589
141,157,298,0.58203125,-0.053691275
91,207,298,0.58203125,-0.38926174
125,159,284,0.5546875,-0.11971831
190,92,282,0.55078125,0.34751773
193,99,292,0.5703125,0.32191781
264,26,290,0.56640625,0.82068966
287,23,310,0.60546875,0.8516129
249,49,298,0.58203125,0.67114094
121,156,277,0.54101562,-0.12635379
140,137,277,0.54101562,0.010830325
83,206,289,0.56445312,-0.42560554
125,160,285,0.55664062,-0.12280702
75,207,282,0.55078125,-0.46808511
33,265,298,0.58203125,-0.77852349
90,189,279,0.54492188,-0.35483871
47,252,299,0.58398438,-0.68561873
124,176,300,0.5859375,-0.17333333
118,168,286,0.55859375,-0.17482517
211,84,295,0.57617188,0.43050847
154,119,273,0.53320312,0.12820513
69,216,285,0.55664062,-0.51578947
87,214,301,0.58789062,-0.42192691
47,250,297,0.58007812,-0.68350168
173,130,303,0.59179688,0.14191419
126,158,284,0.5546875,-0.11267606
105,174,279,0.54492188,-0.24731183
99,177,276,0.5390625,-0.2826087
71,231,302,0.58984375,-0.52980132
96,176,272,0.53125,-0.29411765
146,139,285,0.55664062,0.024561404
141,151,292,0.5703125,-0.034246575
21,274,295,0.57617188,-0.85762712
44,235,279,0.54492188,-0.68458781
84,211,295,0.57617188,-0.43050847
91,180,271,0.52929688,-0.32841328
74,209,283,0.55273438,-0.4770318
30,263,293,0.57226562,-0.79522184
92,195,287,0.56054688,-0.35888502
140,139,279,0.54492188,0.0035842294
58,231,289,0.56445312,-0.59861592
23,259,282,0.55078125,-0.83687943
41,238,279,0.54492188,-0.70609319
9,287,296,0.578125,-0.93918919
35,247,282,0.55078125,-0.75177305
73,222,295,0.57617188,-0.50508475
44,243,287,0.56054688,-0.69337979
82,205,287,0.56054688,-0.42857143
106,183,289,0.56445312,-0.26643599
49,237,286,0.55859375,-0.65734266
112,178,290,0.56640625,-0.22758621
164,130,294,0.57421875,0.11564626
220,68,288,0.5625,0.52777778
219,75,294,0.57421875,0.48979592
192,92,284,0.5546875,0.35211268
106,170,276,0.5390625,-0.23188406
140,157,297,0.58007812,-0.057239057
122,162,284,0.5546875,-0.14084507
201,83,284,0.5546875,0.41549296
175,105,280,0.546875,0.25
138,146,284,0.5546875,-0.028169014
64,215,279,0.54492188,-0.54121864
72,212,284,0.5546875,-0.49295775
42,241,283,0.55273438,-0.70318021
132,171,303,0.59179688,-0.12871287
72,222,294,0.57421875,-0.51020408
39,250,289,0.56445312,-0.73010381
71,219,290,0.56640625,-0.51034483
174,104,278,0.54296875,0.25179856
138,147,285,0.55664062,-0.031578947
89,196,285,0.55664062,-0.3754386
164,127,291,0.56835938,0.12714777
159,129,288,0.5625,0.10416667
184,90,274,0.53515625,0.34306569
241,51,292,0.5703125,0.65068493
192,106,298,0.58203125,0.2885906
148,133,281,0.54882812,0.053380783
192,99,291,0.56835938,0.31958763
263,44,307,0.59960938,0.71335505
246,55,301,0.58789062,0.6345515
155,135,290,0.56640625,0.068965517
138,162,300,0.5859375,-0.08
130,154,284,0.5546875,-0.084507042
208,83,291,0.56835938,0.42955326
223,60,283,0.55273438,0.57597173
177,99,276,0.5390625,0.2826087
206,74,280,0.546875,0.47142857
255,45,300,0.5859375,0.7
222,73,295,0.57617188,0.50508475
196,89,285,0.55664062,0.3754386
232,67,299,0.58398438,0.55183946
170,111,281,0.54882812,0.20996441
177,108,285,0.55664062,0.24210526
257,33,290,0.56640625,0.77241379
212,70,282,0.55078125,0.5035461
191,93,284,0.5546875,0.34507042
279,22,301,0.58789062,0.8538206
209,71,280,0.546875,0.49285714
190,109,299,0.58398438,0.27090301
203,82,285,0.55664062,0.4245614
219,82,301,0.58789062,0.4551495
140,148,288,0.5625,-0.027777778
164,140,304,0.59375,0.078947368
240,46,286,0.55859375,0.67832168
242,52,294,0.57421875,0.6462585
217,75,292,0.5703125,0.48630137
198,93,291,0.56835938,0.36082474
136,164,300,0.5859375,-0.093333333
140,148,288,0.5625,-0.027777778
148,140,288,0.5625,0.027777778
143,137,280,0.546875,0.021428571
153,133,286,0.55859375,0.06993007
189,97,286,0.55859375,0.32167832
171,112,283,0.55273438,0.20848057
207,65,272,0.53125,0.52205882
203,85,288,0.5625,0.40972222
153,124,277,0.54101562,0.10469314
209,78,287,0.56054688,0.45644599
164,128,292,0.5703125,0.12328767
155,125,280,0.546875,0.10714286
187,104,291,0.56835938,0.28522337
122,157,279,0.54492188,-0.12544803
161,119,280,0.546875,0.15
108,195,303,0.59179688,-0.28712871
31,245,276,0.5390625,-0.77536232
54,244,298,0.58203125,-0.63758389
43,245,288,0.5625,-0.70138889
37,259,296,0.578125,-0.75
43,244,287,0.56054688,-0.70034843
103,176,279,0.54492188,-0.26164875
184,109,293,0.57226562,0.2559727
73,208,281,0.54882812,-0.48042705
97,181,278,0.54296875,-0.30215827
118,169,287,0.56054688,-0.17770035
72,221,293,0.57226562,-0.50853242
111,169,280,0.546875,-0.20714286
112,175,287,0.56054688,-0.2195122
160,114,274,0.53515625,0.16788321
190,88,278,0.54296875,0.36690647
210,75,285,0.55664062,0.47368421
190,97,287,0.56054688,0.32404181
227,61,288,0.5625,0.57638889
180,108,288,0.5625,0.25
175,101,276,0.5390625,0.26811594
178,92,270,0.52734375,0.31851852
156,122,278,0.54296875,0.12230216
135,156,291,0.56835938,-0.072164948
129,161,290,0.56640625,-0.11034483
62,215,277,0.54101562,-0.55234657
89,195,284,0.5546875,-0.37323944
175,104,279,0.54492188,0.25448029
209,83,292,0.5703125,0.43150685
264,33,297,0.58007812,0.77777778
247,29,276,0.5390625,0.78985507
135,147,282,0.55078125,-0.042553191
160,121,281,0.54882812,0.13879004
78,218,296,0.578125,-0.47297297
91,178,269,0.52539062,-0.32342007
49,243,292,0.5703125,-0.66438356
57,240,297,0.58007812,-0.61616162
86,196,282,0.55078125,-0.39007092
25,263,288,0.5625,-0.82638889
102,183,285,0.55664062,-0.28421053
122,145,267,0.52148438,-0.086142322
235,49,284,0.5546875,0.65492958
180,101,281,0.54882812,0.28113879
227,56,283,0.55273438,0.60424028
253,28,281,0.54882812,0.80071174
190,94,284,0.5546875,0.33802817
165,130,295,0.57617188,0.11864407
126,180,306,0.59765625,-0.17647059
231,61,292,0.5703125,0.58219178
158,124,282,0.55078125,0.12056738
151,114,265,0.51757812,0.13962264
179,112,291,0.56835938,0.23024055
140,144,284,0.5546875,-0.014084507
106,180,286,0.55859375,-0.25874126
148,131,279,0.54492188,0.0609319
180,104,284,0.5546875,0.26760563
144,136,280,0.546875,0.028571429
39,250,289,0.56445312,-0.73010381
98,179,277,0.54101562,-0.29241877
79,204,283,0.55273438,-0.44169611
59,224,283,0.55273438,-0.58303887
39,244,283,0.55273438,-0.72438163
74,218,292,0.5703125,-0.49315068
70,209,279,0.54492188,-0.49820789
80,219,299,0.58398438,-0.46488294
96,194,290,0.56640625,-0.33793103
57,241,298,0.58203125,-0.61744966
99,191,290,0.56640625,-0.31724138
126,156,282,0.55078125,-0.10638298
144,140,284,0.5546875,0.014084507
125,165,290,0.56640625,-0.13793103
96,195,291,0.56835938,-0.34020619
117,186,303,0.59179688,-0.22772277
219,79,298,0.58203125,0.46979866
176,119,295,0.57617188,0.19322034
197,114,311,0.60742188,0.26688103
218,72,290,0.56640625,0.50344828
243,45,288,0.5625,0.6875
203,79,282,0.55078125,0.43971631
192,94,286,0.55859375,0.34265734
119,172,291,0.56835938,-0.18213058
150,139,289,0.56445312,0.038062284
156,131,287,0.56054688,0.087108014
206,67,273,0.53320312,0.50915751
226,71,297,0.58007812,0.52188552
182,108,290,0.56640625,0.25517241
201,72,273,0.53320312,0.47252747
224,59,283,0.55273438,0.58303887
277,21,298,0.58203125,0.8590604
230,61,291,0.56835938,0.58075601
247,50,297,0.58007812,0.66329966
155,132,287,0.56054688,0.080139373
61,228,289,0.56445312,-0.57785467
64,222,286,0.55859375,-0.55244755
132,165,297,0.58007812,-0.11111111
140,139,279,0.54492188,0.0035842294
152,129,281,0.54882812,0.081850534
207,81,288,0.5625,0.4375
248,55,303,0.59179688,0.6369637
222,73,295,0.57617188,0.50508475
191,104,295,0.57617188,0.29491525
242,39,281,0.54882812,0.72241993
238,61,299,0.58398438,0.59197324
284,23,307,0.59960938,0.85016287
232,52,284,0.5546875,0.63380282
189,101,290,0.56640625,0.30344828
225,66,291,0.56835938,0.54639175
243,50,293,0.57226562,0.65870307
253,34,287,0.56054688,0.7630662
171,117,288,0.5625,0.1875
230,65,295,0.57617188,0.55932203
184,107,291,0.56835938,0.26460481
172,108,280,0.546875,0.22857143
253,41,294,0.57421875,0.72108844
271,31,302,0.58984375,0.79470199
178,89,267,0.52148438,0.33333333
182,108,290,0.56640625,0.25517241
116,160,276,0.5390625,-0.15942029
112,169,281,0.54882812,-0.20284698
88,198,286,0.55859375,-0.38461538
31,251,282,0.55078125,-0.78014184
61,234,295,0.57617188,-0.58644068
64,212,276,0.5390625,-0.53623188
87,203,290,0.56640625,-0.4
28,266,294,0.57421875,-0.80952381
29,262,291,0.56835938,-0.80068729
106,177,283,0.55273438,-0.25088339
198,94,292,0.5703125,0.35616438
155,131,286,0.55859375,0.083916084
157,134,291,0.56835938,0.079037801
131,149,280,0.546875,-0.064285714
146,137,283,0.55273438,0.03180212
125,150,275,0.53710938,-0.090909091
112,170,282,0.55078125,-0.20567376
109,183,292,0.5703125,-0.25342466
150,124,274,0.53515625,0.094890511
71,194,265,0.51757812,-0.46415094
98,195,293,0.57226562,-0.33105802
58,239,297,0.58007812,-0.60942761
157,124,281,0.54882812,0.11743772
108,182,290,0.56640625,-0.25517241
50,250,300,0.5859375,-0.66666667
34,242,276,0.5390625,-0.75362319
61,230,291,0.56835938,-0.58075601
72,210,282,0.55078125,-0.4893617
85,204,289,0.56445312,-0.41176471
64,232,296,0.578125,-0.56756757
17,273,290,0.56640625,-0.88275862
75,218,293,0.57226562,-0.48805461
55,226,281,0.54882812,-0.60854093
78,203,281,0.54882812,-0.44483986
106,186,292,0.5703125,-0.2739726
93,204,297,0.58007812,-0.37373737
81,205,286,0.55859375,-0.43356643
89,195,284,0.5546875,-0.37323944
147,134,281,0.54882812,0.046263345
132,168,300,0.5859375,-0.12
72,224,296,0.578125,-0.51351351
141,140,281,0.54882812,0.0035587189
130,149,279,0.54492188,-0.068100358
121,161,282,0.55078125,-0.14184397
130,144,274,0.53515625,-0.051094891
209,81,290,0.56640625,0.44137931
151,113,264,0.515625,0.14393939
75,215,290,0.56640625,-0.48275862
55,233,288,0.5625,-0.61805556
35,249,284,0.5546875,-0.75352113
42,258,300,0.5859375,-0.72
87,198,285,0.55664062,-0.38947368
80,210,290,0.56640625,-0.44827586
121,177,298,0.58203125,-0.18791946
84,198,282,0.55078125,-0.40425532
107,182,289,0.56445312,-0.25951557
136,158,294,0.57421875,-0.074829932
92,195,287,0.56054688,-0.35888502
121,169,290,0.56640625,-0.16551724
134,159,293,0.57226562,-0.085324232
68,210,278,0.54296875,-0.51079137
104,177,281,0.54882812,-0.25978648
151,132,283,0.55273438,0.067137809
201,87,288,0.5625,0.39583333
148,126,274,0.53515625,0.080291971
212,79,291,0.56835938,0.45704467
248,36,284,0.5546875,0.74647887
241,46,287,0.56054688,0.67944251
164,119,283,0.55273438,0.1590106
218,83,301,0.58789062,0.44850498
102,189,291,0.56835938,-0.29896907
124,159,283,0.55273438,-0.12367491
178,93,271,0.52929688,0.31365314
170,117,287,0.56054688,0.18466899
187,104,291,0.56835938,0.28522337
110,183,293,0.57226562,-0.24914676
193,94,287,0.56054688,0.34494774
226,50,276,0.5390625,0.63768116
183,103,286,0.55859375,0.27972028
165,120,285,0.55664062,0.15789474
98,206,304,0.59375,-0.35526316
76,207,283,0.55273438,-0.46289753
54,232,286,0.55859375,-0.62237762
47,235,282,0.55078125,-0.66666667
76,212,288,0.5625,-0.47222222
145,141,286,0.55859375,0.013986014
172,113,285,0.55664062,0.20701754
153,143,296,0.578125,0.033783784
176,113,289,0.56445312,0.21799308
142,133,275,0.53710938,0.032727273
118,176,294,0.57421875,-0.19727891
96,176,272,0.53125,-0.29411765
116,187,303,0.59179688,-0.23432343
158,134,292,0.5703125,0.082191781
142,127,269,0.52539062,0.055762082
200,81,281,0.54882812,0.42348754
137,128,265,0.51757812,0.033962264
125,165,290,0.56640625,-0.13793103
91,186,277,0.54101562,-0.34296029
163,136,299,0.58398438,0.090301003
108,169,277,0.54101562,-0.22021661
110,190,300,0.5859375,-0.26666667
59,234,293,0.57226562,-0.59726962
42,235,277,0.54101562,-0.6967509
38,261,299,0.58398438,-0.7458194
122,168,290,0.56640625,-0.15862069
187,99,286,0.55859375,0.30769231
194,89,283,0.55273438,0.37102473
164,116,280,0.546875,0.17142857
242,41,283,0.55273438,0.71024735
218,66,284,0.5546875,0.53521127
241,56,297,0.58007812,0.62289562
240,41,281,0.54882812,0.70818505
261,36,297,0.58007812,0.75757576
193,91,284,0.5546875,0.35915493
140,146,286,0.55859375,-0.020979021
120,169,289,0.56445312,-0.16955017
157,113,270,0.52734375,0.16296296
70,214,284,0.5546875,-0.50704225
45,246,291,0.56835938,-0.69072165
48,241,289,0.56445312,-0.66782007
35,258,293,0.57226562,-0.76109215
89,193,282,0.55078125,-0.36879433
77,217,294,0.57421875,-0.47619048
129,142,271,0.52929688,-0.04797048
147,138,285,0.55664062,0.031578947
187,87,274,0.53515625,0.3649635
110,167,277,0.54101562,-0.20577617
46,263,309,0.60351562,-0.70226537
34,260,294,0.57421875,-0.76870748
62,222,284,0.5546875,-0.56338028
150,139,289,0.56445312,0.038062284
187,111,298,0.58203125,0.25503356
111,184,295,0.57617188,-0.24745763
56,231,287,0.56054688,-0.6097561
97,182,279,0.54492188,-0.3046595
50,224,274,0.53515625,-0.6350365
123,158,281,0.54882812,-0.12455516
81,216,297,0.58007812,-0.45454545
50,243,293,0.57226562,-0.65870307
86,197,283,0.55273438,-0.39222615
121,167,288,0.5625,-0.15972222
102,176,278,0.54296875,-0.26618705
155,138,293,0.57226562,0.058020478
135,144,279,0.54492188,-0.032258065
107,188,295,0.57617188,-0.27457627
38,260,298,0.58203125,-0.74496644
67,223,290,0.56640625,-0.53793103
69,201,270,0.52734375,-0.48888889
69,225,294,0.57421875,-0.53061224
91,197,288,0.5625,-0.36805556
140,152,292,0.5703125,-0.04109589
85,203,288,0.5625,-0.40972222
163,127,290,0.56640625,0.12413793
181,105,286,0.55859375,0.26573427
216,61,277,0.54101562,0.55956679
194,89,283,0.55273438,0.37102473
192,98,290,0.56640625,0.32413793
235,43,278,0.54296875,0.69064748
217,62,279,0.54492188,0.55555556
176,110,286,0.55859375,0.23076923
201,88,289,0.56445312,0.39100346
198,77,275,0.53710938,0.44
77,206,283,0.55273438,-0.45583039
189,98,287,0.56054688,0.31707317
177,115,292,0.5703125,0.21232877
220,61,281,0.54882812,0.5658363
227,71,298,0.58203125,0.52348993
201,83,284,0.5546875,0.41549296
119,159,278,0.54296875,-0.14388489
218,64,282,0.55078125,0.54609929
199,85,284,0.5546875,0.40140845
171,113,284,0.5546875,0.20422535
261,35,296,0.578125,0.76351351
224,55,279,0.54492188,0.60573477
158,135,293,0.57226562,0.078498294
180,99,279,0.54492188,0.29032258
176,111,287,0.56054688,0.22648084
125,164,289,0.56445312,-0.1349481
146,143,289,0.56445312,0.010380623
116,176,292,0.5703125,-0.20547945
118,146,264,0.515625,-0.10606061
191,104,295,0.57617188,0.29491525
203,67,270,0.52734375,0.5037037
190,100,290,0.56640625,0.31034483
302,9,311,0.60742188,0.94212219
139,148,287,0.56054688,-0.031358885
53,225,278,0.54296875,-0.61870504
77,206,283,0.55273438,-0.45583039
87,200,287,0.56054688,-0.39372822
75,222,297,0.58007812,-0.49494949
114,166,280,0.546875,-0.18571429
56,238,294,0.57421875,-0.61904762
130,164,294,0.57421875,-0.11564626
153,133,286,0.55859375,0.06993007
175,100,275,0.53710938,0.27272727
197,81,278,0.54296875,0.41726619
192,83,275,0.53710938,0.39636364
201,90,291,0.56835938,0.3814433
239,41,280,0.546875,0.70714286
278,13,291,0.56835938,0.91065292
256,37,293,0.57226562,0.74744027
281,7,288,0.5625,0.95138889
192,91,283,0.55273438,0.35689046
172,94,266,0.51953125,0.29323308
178,104,282,0.55078125,0.26241135
139,147,286,0.55859375,-0.027972028
145,123,268,0.5234375,0.082089552
75,213,288,0.5625,-0.47916667
57,231,288,0.5625,-0.60416667
84,201,285,0.55664062,-0.41052632
134,153,287,0.56054688,-0.066202091
132,163,295,0.57617188,-0.10508475
83,204,287,0.56054688,-0.42160279
62,218,280,0.546875,-0.55714286
53,242,295,0.57617188,-0.64067797
107,165,272,0.53125,-0.21323529
112,174,286,0.55859375,-0.21678322
118,155,273,0.53320312,-0.13553114
68,223,291,0.56835938,-0.53264605
58,237,295,0.57617188,-0.60677966
167,124,291,0.56835938,0.14776632
161,128,289,0.56445312,0.11418685
108,186,294,0.57421875,-0.26530612
137,149,286,0.55859375,-0.041958042
147,139,286,0.55859375,0.027972028
229,39,268,0.5234375,0.70895522
266,27,293,0.57226562,0.81569966
234,53,287,0.56054688,0.63066202
249,37,286,0.55859375,0.74125874
183,96,279,0.54492188,0.31182796
189,91,280,0.546875,0.35
244,43,287,0.56054688,0.70034843
254,32,286,0.55859375,0.77622378
224,74,298,0.58203125,0.5033557
212,85,297,0.58007812,0.42760943
231,57,288,0.5625,0.60416667
213,62,275,0.53710938,0.54909091
249,39,288,0.5625,0.72916667
262,31,293,0.57226562,0.7883959
223,69,292,0.5703125,0.52739726
201,83,284,0.5546875,0.41549296
192,82,274,0.53515625,0.40145985
171,115,286,0.55859375,0.1958042
153,135,288,0.5625,0.0625
166,115,281,0.54882812,0.18149466
242,52,294,0.57421875,0.6462585
213,74,287,0.56054688,0.48432056
192,95,287,0.56054688,0.33797909
191,93,284,0.5546875,0.34507042
175,111,286,0.55859375,0.22377622
225,70,295,0.57617188,0.52542373
264,35,299,0.58398438,0.76588629
192,84,276,0.5390625,0.39130435
185,97,282,0.55078125,0.31205674
202,85,287,0.56054688,0.40766551
147,132,279,0.54492188,0.053763441
168,126,294,0.57421875,0.14285714
74,214,288,0.5625,-0.48611111
124,159,283,0.55273438,-0.12367491
27,254,281,0.54882812,-0.80782918
49,253,302,0.58984375,-0.67549669
128,154,282,0.55078125,-0.092198582
83,209,292,0.5703125,-0.43150685
54,247,301,0.58789062,-0.64119601
39,265,304,0.59375,-0.74342105
69,212,281,0.54882812,-0.5088968
141,139,280,0.546875,0.0071428571
195,108,303,0.59179688,0.28712871
200,70,270,0.52734375,0.48148148
176,113,289,0.56445312,0.21799308
212,66,278,0.54296875,0.52517986
226,66,292,0.5703125,0.54794521
199,99,298,0.58203125,0.33557047
176,116,292,0.5703125,0.20547945
136,147,283,0.55273438,-0.038869258
218,76,294,0.57421875,0.4829932
164,118,282,0.55078125,0.16312057
154,110,264,0.515625,0.16666667
188,121,309,0.60351562,0.21682848
69,212,281,0.54882812,-0.5088968
74,194,268,0.5234375,-0.44776119
139,147,286,0.55859375,-0.027972028
144,144,288,0.5625,0
238,45,283,0.55273438,0.6819788
238,40,278,0.54296875,0.71223022
238,56,294,0.57421875,0.61904762
179,112,291,0.56835938,0.23024055
181,106,287,0.56054688,0.26132404
122,159,281,0.54882812,-0.1316726
185,97,282,0.55078125,0.31205674
225,62,287,0.56054688,0.56794425
261,26,287,0.56054688,0.81881533
206,80,286,0.55859375,0.44055944
234,50,284,0.5546875,0.64788732
152,126,278,0.54296875,0.09352518
143,136,279,0.54492188,0.025089606
211,76,287,0.56054688,0.47038328
169,109,278,0.54296875,0.21582734
204,79,283,0.55273438,0.44169611
202,84,286,0.55859375,0.41258741
143,125,268,0.5234375,0.067164179
144,147,291,0.56835938,-0.010309278
83,205,288,0.5625,-0.42361111
137,151,288,0.5625,-0.048611111
187,104,291,0.56835938,0.28522337
195,97,292,0.5703125,0.33561644
139,143,282,0.55078125,-0.014184397
213,73,286,0.55859375,0.48951049
244,53,297,0.58007812,0.64309764
269,22,291,0.56835938,0.84879725
283,17,300,0.5859375,0.88666667
221,71,292,0.5703125,0.51369863
249,52,301,0.58789062,0.65448505
261,34,295,0.57617188,0.76949153
215,67,282,0.55078125,0.5248227
187,100,287,0.56054688,0.30313589
166,117,283,0.55273438,0.17314488
170,136,306,0.59765625,0.11111111
128,156,284,0.5546875,-0.098591549
129,152,281,0.54882812,-0.081850534
83,198,281,0.54882812,-0.40925267
155,138,293,0.57226562,0.058020478
232,65,297,0.58007812,0.56228956
232,59,291,0.56835938,0.59450172
136,159,295,0.57617188,-0.077966102
192,90,282,0.55078125,0.36170213
248,43,291,0.56835938,0.70446735
251,44,295,0.57617188,0.70169492
233,64,297,0.58007812,0.56902357
282,18,300,0.5859375,0.88
242,48,290,0.56640625,0.66896552
263,31,294,0.57421875,0.78911565
250,43,293,0.57226562,0.70648464
247,47,294,0.57421875,0.68027211
236,42,278,0.54296875,0.69784173
229,59,288,0.5625,0.59027778
193,88,281,0.54882812,0.37366548
219,65,284,0.5546875,0.54225352
129,147,276,0.5390625,-0.065217391
159,123,282,0.55078125,0.12765957
121,164,285,0.55664062,-0.15087719
131,157,288,0.5625,-0.090277778
108,177,285,0.55664062,-0.24210526
36,249,285,0.55664062,-0.74736842
83,207,290,0.56640625,-0.42758621
44,241,285,0.55664062,-0.69122807
118,164,282,0.55078125,-0.16312057
105,180,285,0.55664062,-0.26315789
88,210,298,0.58203125,-0.40939597
98,189,287,0.56054688,-0.31707317
176,92,268,0.5234375,0.31343284
100,197,297,0.58007812,-0.32659933
37,258,295,0.57617188,-0.74915254
15,285,300,0.5859375,-0.9
70,224,294,0.57421875,-0.52380952
104,178,282,0.55078125,-0.26241135
147,137,284,0.5546875,0.035211268
194,111,305,0.59570312,0.27213115
171,99,270,0.52734375,0.26666667
183,105,288,0.5625,0.27083333
206,71,277,0.54101562,0.48736462
160,117,277,0.54101562,0.15523466
91,209,300,0.5859375,-0.39333333
109,183,292,0.5703125,-0.25342466
125,185,310,0.60546875,-0.19354839
200,91,291,0.56835938,0.37457045
229,64,293,0.57226562,0.56313993
151,125,276,0.5390625,0.094202899
162,124,286,0.55859375,0.13286713
188,98,286,0.55859375,0.31468531
205,83,288,0.5625,0.42361111
173,124,297,0.58007812,0.16498316
222,60,282,0.55078125,0.57446809
135,139,274,0.53515625,-0.01459854
110,168,278,0.54296875,-0.20863309
131,158,289,0.56445312,-0.093425606
215,76,291,0.56835938,0.47766323
158,136,294,0.57421875,0.074829932
129,153,282,0.55078125,-0.085106383
59,226,285,0.55664062,-0.58596491
82,211,293,0.57226562,-0.44027304
142,135,277,0.54101562,0.025270758
219,62,281,0.54882812,0.55871886
226,62,288,0.5625,0.56944444
190,101,291,0.56835938,0.30584192
111,169,280,0.546875,-0.20714286
122,161,283,0.55273438,-0.13780919
62,229,291,0.56835938,-0.57388316
119,165,284,0.5546875,-0.16197183
83,196,279,0.54492188,-0.40501792
94,190,284,0.5546875,-0.33802817
171,108,279,0.54492188,0.22580645
193,89,282,0.55078125,0.36879433
209,87,296,0.578125,0.41216216
255,43,298,0.58203125,0.7114094
268,29,297,0.58007812,0.8047138
261,38,299,0.58398438,0.7458194
254,39,293,0.57226562,0.7337884
230,58,288,0.5625,0.59722222
267,25,292,0.5703125,0.82876712
194,104,298,0.58203125,0.30201342
186,96,282,0.55078125,0.31914894
255,39,294,0.57421875,0.73469388
248,50,298,0.58203125,0.66442953
209,81,290,0.56640625,0.44137931
170,112,282,0.55078125,0.20567376
119,171,290,0.56640625,-0.17931034
100,194,294,0.57421875,-0.31972789
144,144,288,0.5625,0
188,96,284,0.5546875,0.32394366
209,69,278,0.54296875,0.50359712
116,162,278,0.54296875,-0.16546763
95,195,290,0.56640625,-0.34482759
108,190,298,0.58203125,-0.27516779
53,231,284,0.5546875,-0.62676056
31,261,292,0.5703125,-0.78767123
29,277,306,0.59765625,-0.81045752
58,228,286,0.55859375,-0.59440559
85,207,292,0.5703125,-0.41780822
110,163,273,0.53320312,-0.19413919
160,122,282,0.55078125,0.13475177
152,128,280,0.546875,0.085714286
169,110,279,0.54492188,0.21146953
154,136,290,0.56640625,0.062068966
178,106,284,0.5546875,0.25352113
155,127,282,0.55078125,0.09929078
232,70,302,0.58984375,0.53642384
257,32,289,0.56445312,0.77854671
218,71,289,0.56445312,0.50865052
246,27,273,0.53320312,0.8021978
232,66,298,0.58203125,0.55704698
169,112,281,0.54882812,0.20284698
182,120,302,0.58984375,0.20529801
115,165,280,0.546875,-0.17857143
146,142,288,0.5625,0.013888889
112,160,272,0.53125,-0.17647059
181,111,292,0.5703125,0.23972603
164,127,291,0.56835938,0.12714777
176,117,293,0.57226562,0.20136519
124,168,292,0.5703125,-0.15068493
134,149,283,0.55273438,-0.053003534
193,95,288,0.5625,0.34027778
251,42,293,0.57226562,0.71331058
239,39,278,0.54296875,0.71942446
271,22,293,0.57226562,0.84982935
259,40,299,0.58398438,0.73244147
208,75,283,0.55273438,0.46996466
192,79,271,0.52929688,0.41697417
209,79,288,0.5625,0.45138889
219,73,292,0.5703125,0.5
212,62,274,0.53515625,0.54744526
214,81,295,0.57617188,0.45084746
158,114,272,0.53125,0.16176471
182,107,289,0.56445312,0.25951557
82,193,275,0.53710938,-0.40363636
54,218,272,0.53125,-0.60294118
219,61,280,0.546875,0.56428571
222,76,298,0.58203125,0.48993289
255,46,301,0.58789062,0.69435216
252,37,289,0.56445312,0.74394464
260,38,298,0.58203125,0.74496644
194,89,283,0.55273438,0.37102473
157,135,292,0.5703125,0.075342466
139,145,284,0.5546875,-0.021126761
74,217,291,0.56835938,-0.49140893
44,238,282,0.55078125,-0.68794326
63,222,285,0.55664062,-0.55789474
123,154,277,0.54101562,-0.11191336
126,158,284,0.5546875,-0.11267606
45,256,301,0.58789062,-0.70099668
57,234,291,0.56835938,-0.60824742
38,249,287,0.56054688,-0.73519164
120,168,288,0.5625,-0.16666667
34,256,290,0.56640625,-0.76551724
53,237,290,0.56640625,-0.63448276
82,204,286,0.55859375,-0.42657343
57,228,285,0.55664062,-0.6
17,283,300,0.5859375,-0.88666667
44,255,299,0.58398438,-0.70568562
17,273,290,0.56640625,-0.88275862
48,221,269,0.52539062,-0.64312268
49,244,293,0.57226562,-0.66552901
24,260,284,0.5546875,-0.83098592
22,269,291,0.56835938,-0.84879725
98,199,297,0.58007812,-0.34006734
120,153,273,0.53320312,-0.12087912
212,72,284,0.5546875,0.49295775
169,122,291,0.56835938,0.16151203
121,161,282,0.55078125,-0.14184397
113,177,290,0.56640625,-0.22068966
214,82,296,0.578125,0.44594595
225,53,278,0.54296875,0.61870504
255,32,287,0.56054688,0.77700348
199,88,287,0.56054688,0.38675958
85,195,280,0.546875,-0.39285714
45,253,298,0.58203125,-0.69798658
70,215,285,0.55664062,-0.50877193
43,253,296,0.578125,-0.70945946
102,189,291,0.56835938,-0.29896907
89,189,278,0.54296875,-0.35971223
62,210,272,0.53125,-0.54411765
95,187,282,0.55078125,-0.32624113
213,62,275,0.53710938,0.54909091
143,155,298,0.58203125,-0.040268456
130,153,283,0.55273438,-0.081272085
11,287,298,0.58203125,-0.9261745
11,272,283,0.55273438,-0.92226148
43,236,279,0.54492188,-0.69175627
14,269,283,0.55273438,-0.90106007
61,226,287,0.56054688,-0.57491289
55,231,286,0.55859375,-0.61538462
26,254,280,0.546875,-0.81428571
119,171,290,0.56640625,-0.17931034
140,145,285,0.55664062,-0.01754386
133,166,299,0.58398438,-0.11036789
181,105,286,0.55859375,0.26573427
106,176,282,0.55078125,-0.24822695
110,168,278,0.54296875,-0.20863309
138,154,292,0.5703125,-0.054794521
131,158,289,0.56445312,-0.093425606
123,170,293,0.57226562,-0.16040956
82,210,292,0.5703125,-0.43835616
48,242,290,0.56640625,-0.66896552
65,220,285,0.55664062,-0.54385965
52,240,292,0.5703125,-0.64383562
60,223,283,0.55273438,-0.57597173
64,244,308,0.6015625,-0.58441558
98,188,286,0.55859375,-0.31468531
104,191,295,0.57617188,-0.29491525
94,200,294,0.57421875,-0.36054422
69,214,283,0.55273438,-0.51236749
124,154,278,0.54296875,-0.10791367
113,169,282,0.55078125,-0.19858156
50,238,288,0.5625,-0.65277778
120,156,276,0.5390625,-0.13043478
99,183,282,0.55078125,-0.29787234
36,253,289,0.56445312,-0.75086505
45,244,289,0.56445312,-0.68858131
31,259,290,0.56640625,-0.7862069
81,212,293,0.57226562,-0.44709898
51,243,294,0.57421875,-0.65306122
120,157,277,0.54101562,-0.13357401
213,87,300,0.5859375,0.42
207,80,287,0.56054688,0.44250871
177,123,300,0.5859375,0.18
128,145,273,0.53320312,-0.062271062
74,214,288,0.5625,-0.48611111
138,145,283,0.55273438,-0.024734982
78,214,292,0.5703125,-0.46575342
85,219,304,0.59375,-0.44078947
76,215,291,0.56835938,-0.47766323
61,230,291,0.56835938,-0.58075601
42,252,294,0.57421875,-0.71428571
15,283,298,0.58203125,-0.89932886
21,271,292,0.5703125,-0.85616438
37,256,293,0.57226562,-0.74744027
95,183,278,0.54296875,-0.31654676
190,95,285,0.55664062,0.33333333
125,168,293,0.57226562,-0.14675768
130,161,291,0.56835938,-0.10652921
121,156,277,0.54101562,-0.12635379
83,200,283,0.55273438,-0.41342756
97,196,293,0.57226562,-0.33788396
54,227,281,0.54882812,-0.61565836
29,256,285,0.55664062,-0.79649123
62,218,280,0.546875,-0.55714286
159,125,284,0.5546875,0.11971831
176,104,280,0.546875,0.25714286
146,140,286,0.55859375,0.020979021
121,161,282,0.55078125,-0.14184397
174,121,295,0.57617188,0.17966102
148,139,287,0.56054688,0.031358885
88,221,309,0.60351562,-0.43042071
87,193,280,0.546875,-0.37857143
154,136,290,0.56640625,0.062068966
121,169,290,0.56640625,-0.16551724
204,100,304,0.59375,0.34210526
174,111,285,0.55664062,0.22105263
172,120,292,0.5703125,0.17808219
194,98,292,0.5703125,0.32876712
172,104,276,0.5390625,0.24637681
212,79,291,0.56835938,0.45704467
112,164,276,0.5390625,-0.1884058
137,168,305,0.59570312,-0.10163934
168,118,286,0.55859375,0.17482517
169,114,283,0.55273438,0.19434629
234,63,297,0.58007812,0.57575758
254,36,290,0.56640625,0.75172414
269,25,294,0.57421875,0.82993197
233,65,298,0.58203125,0.56375839
166,107,273,0.53320312,0.21611722
144,145,289,0.56445312,-0.0034602076
88,193,281,0.54882812,-0.37366548
98,189,287,0.56054688,-0.31707317
129,153,282,0.55078125,-0.085106383
226,70,296,0.578125,0.52702703
192,100,292,0.5703125,0.31506849
201,88,289,0.56445312,0.39100346
203,73,276,0.5390625,0.47101449
202,86,288,0.5625,0.40277778
199,86,285,0.55664062,0.39649123
96,179,275,0.53710938,-0.30181818
113,167,280,0.546875,-0.19285714
28,270,298,0.58203125,-0.81208054
65,232,297,0.58007812,-0.56228956
17,273,290,0.56640625,-0.88275862
120,161,281,0.54882812,-0.14590747
67,218,285,0.55664062,-0.52982456
51,234,285,0.55664062,-0.64210526
138,143,281,0.54882812,-0.017793594
144,145,289,0.56445312,-0.0034602076
80,204,284,0.5546875,-0.43661972
14,270,284,0.5546875,-0.90140845
23,257,280,0.546875,-0.83571429
73,228,301,0.58789062,-0.51495017
19,269,288,0.5625,-0.86805556
100,185,285,0.55664062,-0.29824561
115,159,274,0.53515625,-0.16058394
97,185,282,0.55078125,-0.31205674
115,167,282,0.55078125,-0.18439716
140,138,278,0.54296875,0.0071942446
187,98,285,0.55664062,0.3122807
219,72,291,0.56835938,0.50515464
255,51,306,0.59765625,0.66666667
229,54,283,0.55273438,0.61837456
209,71,280,0.546875,0.49285714
179,113,292,0.5703125,0.2260274
194,90,284,0.5546875,0.36619718
205,81,286,0.55859375,0.43356643
230,67,297,0.58007812,0.54882155
258,29,287,0.56054688,0.79790941
255,37,292,0.5703125,0.74657534
271,18,289,0.56445312,0.87543253
264,40,304,0.59375,0.73684211
202,69,271,0.52929688,0.49077491
254,47,301,0.58789062,0.68770764
223,56,279,0.54492188,0.59856631
195,86,281,0.54882812,0.38790036
204,77,281,0.54882812,0.4519573
173,116,289,0.56445312,0.19723183
80,217,297,0.58007812,-0.46127946
111,162,273,0.53320312,-0.18681319
46,241,287,0.56054688,-0.67944251
137,141,278,0.54296875,-0.014388489
112,169,281,0.54882812,-0.20284698
117,171,288,0.5625,-0.1875
78,219,297,0.58007812,-0.47474747
66,223,289,0.56445312,-0.5432526
74,210,284,0.5546875,-0.47887324
123,154,277,0.54101562,-0.11191336
138,156,294,0.57421875,-0.06122449
122,159,281,0.54882812,-0.1316726
167,109,276,0.5390625,0.21014493
236,53,289,0.56445312,0.63321799
248,56,304,0.59375,0.63157895
241,59,300,0.5859375,0.60666667
180,101,281,0.54882812,0.28113879
246,50,296,0.578125,0.66216216
235,62,297,0.58007812,0.58249158
135,155,290,0.56640625,-0.068965517
118,160,278,0.54296875,-0.15107914
139,147,286,0.55859375,-0.027972028
110,183,293,0.57226562,-0.24914676
89,199,288,0.5625,-0.38194444
51,239,290,0.56640625,-0.64827586
58,209,267,0.52148438,-0.56554307
90,196,286,0.55859375,-0.37062937
136,152,288,0.5625,-0.055555556
96,189,285,0.55664062,-0.32631579
71,232,303,0.59179688,-0.53135314
45,252,297,0.58007812,-0.6969697
92,193,285,0.55664062,-0.35438596
119,158,277,0.54101562,-0.14079422
120,168,288,0.5625,-0.16666667
118,170,288,0.5625,-0.18055556
231,57,288,0.5625,0.60416667
208,79,287,0.56054688,0.44947735
206,85,291,0.56835938,0.41580756
184,98,282,0.55078125,0.30496454
186,102,288,0.5625,0.29166667
241,68,309,0.60351562,0.55987055
133,140,273,0.53320312,-0.025641026
126,147,273,0.53320312,-0.076923077
102,183,285,0.55664062,-0.28421053
110,187,297,0.58007812,-0.25925926
6,309,315,0.61523438,-0.96190476
68,218,286,0.55859375,-0.52447552
29,275,304,0.59375,-0.80921053
22,262,284,0.5546875,-0.84507042
42,247,289,0.56445312,-0.70934256
60,222,282,0.55078125,-0.57446809
96,185,281,0.54882812,-0.31672598
70,225,295,0.57617188,-0.52542373
68,233,301,0.58789062,-0.54817276
139,146,285,0.55664062,-0.024561404
171,106,277,0.54101562,0.23465704
162,118,280,0.546875,0.15714286
146,129,275,0.53710938,0.061818182
127,169,296,0.578125,-0.14189189
149,129,278,0.54296875,0.071942446
149,133,282,0.55078125,0.056737589
146,139,285,0.55664062,0.024561404
178,110,288,0.5625,0.23611111
293,16,309,0.60351562,0.89644013
207,71,278,0.54296875,0.48920863
276,28,304,0.59375,0.81578947
233,50,283,0.55273438,0.64664311
258,28,286,0.55859375,0.8041958
262,30,292,0.5703125,0.79452055
234,68,302,0.58984375,0.54966887
227,60,287,0.56054688,0.58188153
262,24,286,0.55859375,0.83216783
214,78,292,0.5703125,0.46575342
220,58,278,0.54296875,0.58273381
180,105,285,0.55664062,0.26315789
252,42,294,0.57421875,0.71428571
159,139,298,0.58203125,0.067114094
150,118,268,0.5234375,0.11940299
175,123,298,0.58203125,0.17449664
199,88,287,0.56054688,0.38675958
264,36,300,0.5859375,0.76
239,54,293,0.57226562,0.63139932
119,176,295,0.57617188,-0.19322034
96,204,300,0.5859375,-0.36
171,117,288,0.5625,0.1875
155,125,280,0.546875,0.10714286
148,125,273,0.53320312,0.084249084
153,134,287,0.56054688,0.066202091
155,130,285,0.55664062,0.087719298
178,105,283,0.55273438,0.25795053
96,189,285,0.55664062,-0.32631579
33,255,288,0.5625,-0.77083333
38,258,296,0.578125,-0.74324324
63,218,281,0.54882812,-0.55160142
45,247,292,0.5703125,-0.69178082
77,213,290,0.56640625,-0.46896552
93,197,290,0.56640625,-0.35862069
112,176,288,0.5625,-0.22222222
131,146,277,0.54101562,-0.054151625
110,183,293,0.57226562,-0.24914676
166,124,290,0.56640625,0.14482759
225,67,292,0.5703125,0.54109589
222,64,286,0.55859375,0.55244755
221,59,280,0.546875,0.57857143
113,174,287,0.56054688,-0.21254355
48,246,294,0.57421875,-0.67346939
77,201,278,0.54296875,-0.44604317
97,194,291,0.56835938,-0.33333333
112,170,282,0.55078125,-0.20567376
83,187,270,0.52734375,-0.38518519
142,159,301,0.58789062,-0.056478405
143,135,278,0.54296875,0.028776978
110,163,273,0.53320312,-0.19413919
165,112,277,0.54101562,0.19133574
192,100,292,0.5703125,0.31506849
153,135,288,0.5625,0.0625
166,108,274,0.53515625,0.21167883
235,49,284,0.5546875,0.65492958
166,114,280,0.546875,0.18571429
139,145,284,0.5546875,-0.021126761
35,259,294,0.57421875,-0.76190476
96,193,289,0.56445312,-0.33564014
81,215,296,0.578125,-0.4527027
66,231,297,0.58007812,-0.55555556
100,182,282,0.55078125,-0.29078014
41,228,269,0.52539062,-0.69516729
34,257,291,0.56835938,-0.76632302
39,243,282,0.55078125,-0.72340426
55,225,280,0.546875,-0.60714286
46,256,302,0.58984375,-0.69536424
47,242,289,0.56445312,-0.67474048
68,221,289,0.56445312,-0.52941176
75,217,292,0.5703125,-0.48630137
103,188,291,0.56835938,-0.29209622
106,181,287,0.56054688,-0.26132404
131,164,295,0.57617188,-0.11186441
123,145,268,0.5234375,-0.082089552
105,186,291,0.56835938,-0.27835052
73,207,280,0.546875,-0.47857143
118,168,286,0.55859375,-0.17482517
121,156,277,0.54101562,-0.12635379
113,172,285,0.55664062,-0.20701754
90,200,290,0.56640625,-0.37931034
180,114,294,0.57421875,0.2244898
133,150,283,0.55273438,-0.060070671
165,116,281,0.54882812,0.17437722
136,140,276,0.5390625,-0.014492754
168,118,286,0.55859375,0.17482517
252,47,299,0.58398438,0.68561873
240,59,299,0.58398438,0.60535117
223,68,291,0.56835938,0.53264605
215,63,278,0.54296875,0.54676259
185,92,277,0.54101562,0.33574007
166,117,283,0.55273438,0.17314488
167,111,278,0.54296875,0.20143885
176,98,274,0.53515625,0.28467153
181,103,284,0.5546875,0.27464789
156,119,275,0.53710938,0.13454545
104,172,276,0.5390625,-0.24637681
127,170,297,0.58007812,-0.14478114
167,115,282,0.55078125,0.18439716
109,190,299,0.58398438,-0.27090301
111,173,284,0.5546875,-0.21830986
158,128,286,0.55859375,0.1048951
144,146,290,0.56640625,-0.0068965517
133,134,267,0.52148438,-0.0037453184
123,171,294,0.57421875,-0.16326531
96,183,279,0.54492188,-0.31182796
111,183,294,0.57421875,-0.24489796
81,210,291,0.56835938,-0.44329897
69,201,270,0.52734375,-0.48888889
54,228,282,0.55078125,-0.61702128
67,215,282,0.55078125,-0.5248227
66,224,290,0.56640625,-0.54482759
76,211,287,0.56054688,-0.47038328
52,236,288,0.5625,-0.63888889
58,223,281,0.54882812,-0.58718861
49,244,293,0.57226562,-0.66552901
33,260,293,0.57226562,-0.77474403
82,191,273,0.53320312,-0.3992674
127,161,288,0.5625,-0.11805556
146,140,286,0.55859375,0.020979021
139,153,292,0.5703125,-0.047945205
266,22,288,0.5625,0.84722222
278,21,299,0.58398438,0.85953177
243,61,304,0.59375,0.59868421
235,48,283,0.55273438,0.66077739
179,104,283,0.55273438,0.26501767
82,196,278,0.54296875,-0.41007194
185,102,287,0.56054688,0.28919861
193,94,287,0.56054688,0.34494774
196,93,289,0.56445312,0.35640138
190,94,284,0.5546875,0.33802817
241,46,287,0.56054688,0.67944251
272,20,292,0.5703125,0.8630137
234,54,288,0.5625,0.625
239,65,304,0.59375,0.57236842
185,102,287,0.56054688,0.28919861
226,61,287,0.56054688,0.57491289
210,84,294,0.57421875,0.42857143
189,97,286,0.55859375,0.32167832
178,103,281,0.54882812,0.26690391
181,87,268,0.5234375,0.35074627
168,119,287,0.56054688,0.17073171
130,169,299,0.58398438,-0.13043478
172,131,303,0.59179688,0.13531353
214,74,288,0.5625,0.48611111
240,60,300,0.5859375,0.6
234,54,288,0.5625,0.625
113,170,283,0.55273438,-0.20141343
88,213,301,0.58789062,-0.41528239
44,239,283,0.55273438,-0.68904594
135,145,280,0.546875,-0.035714286
129,156,285,0.55664062,-0.094736842
156,115,271,0.52929688,0.15129151
190,93,283,0.55273438,0.34275618
137,139,276,0.5390625,-0.0072463768
126,164,290,0.56640625,-0.13103448
44,247,291,0.56835938,-0.6975945
11,290,301,0.58789062,-0.9269103
75,229,304,0.59375,-0.50657895
223,77,300,0.5859375,0.48666667
195,103,298,0.58203125,0.30872483
160,119,279,0.54492188,0.14695341
159,127,286,0.55859375,0.11188811
128,147,275,0.53710938,-0.069090909
169,135,304,0.59375,0.11184211
184,106,290,0.56640625,0.26896552
100,197,297,0.58007812,-0.32659933
162,124,286,0.55859375,0.13286713
170,122,292,0.5703125,0.16438356
162,124,286,0.55859375,0.13286713
70,196,266,0.51953125,-0.47368421
68,237,305,0.59570312,-0.55409836
106,186,292,0.5703125,-0.2739726
122,150,272,0.53125,-0.10294118
45,247,292,0.5703125,-0.69178082
75,214,289,0.56445312,-0.48096886
111,170,281,0.54882812,-0.20996441
162,121,283,0.55273438,0.14487633
149,135,284,0.5546875,0.049295775
128,164,292,0.5703125,-0.12328767
167,112,279,0.54492188,0.19713262
203,81,284,0.5546875,0.42957746
224,60,284,0.5546875,0.57746479
171,114,285,0.55664062,0.2
141,131,272,0.53125,0.036764706
197,91,288,0.5625,0.36805556
167,120,287,0.56054688,0.16376307
141,142,283,0.55273438,-0.0035335689
74,198,272,0.53125,-0.45588235
24,258,282,0.55078125,-0.82978723
63,227,290,0.56640625,-0.56551724
19,279,298,0.58203125,-0.87248322
67,209,276,0.5390625,-0.51449275
54,241,295,0.57617188,-0.63389831
104,184,288,0.5625,-0.27777778
152,123,275,0.53710938,0.10545455
216,71,287,0.56054688,0.50522648
198,97,295,0.57617188,0.34237288
183,105,288,0.5625,0.27083333
214,76,290,0.56640625,0.47586207
177,98,275,0.53710938,0.28727273
171,100,271,0.52929688,0.26199262
112,173,285,0.55664062,-0.21403509
135,144,279,0.54492188,-0.032258065
123,175,298,0.58203125,-0.17449664
66,232,298,0.58203125,-0.55704698
127,166,293,0.57226562,-0.1331058
144,152,296,0.578125,-0.027027027
121,166,287,0.56054688,-0.15679443
99,197,296,0.578125,-0.33108108
91,187,278,0.54296875,-0.34532374
55,240,295,0.57617188,-0.62711864
117,180,297,0.58007812,-0.21212121
148,127,275,0.53710938,0.076363636
157,124,281,0.54882812,0.11743772
212,57,269,0.52539062,0.57620818
229,63,292,0.5703125,0.56849315
235,56,291,0.56835938,0.61512027
196,103,299,0.58398438,0.31103679
142,146,288,0.5625,-0.013888889
119,162,281,0.54882812,-0.15302491
156,115,271,0.52929688,0.15129151
120,162,282,0.55078125,-0.14893617
150,140,290,0.56640625,0.034482759
124,151,275,0.53710938,-0.098181818
103,176,279,0.54492188,-0.26164875
155,146,301,0.58789062,0.029900332
145,140,285,0.55664062,0.01754386
170,107,277,0.54101562,0.22743682
143,141,284,0.5546875,0.0070422535
35,266,301,0.58789062,-0.76744186
80,193,273,0.53320312,-0.41391941
190,94,284,0.5546875,0.33802817
219,76,295,0.57617188,0.48474576
225,68,293,0.57226562,0.53583618
193,97,290,0.56640625,0.33103448
202,76,278,0.54296875,0.45323741
189,110,299,0.58398438,0.26421405
172,104,276,0.5390625,0.24637681
163,125,288,0.5625,0.13194444
177,110,287,0.56054688,0.23344948
204,79,283,0.55273438,0.44169611
186,95,281,0.54882812,0.32384342
176,115,291,0.56835938,0.20962199
260,32,292,0.5703125,0.78082192
206,71,277,0.54101562,0.48736462
205,81,286,0.55859375,0.43356643
186,92,278,0.54296875,0.3381295
240,49,289,0.56445312,0.66089965
187,96,283,0.55273438,0.32155477
192,90,282,0.55078125,0.36170213
221,70,291,0.56835938,0.51890034
148,139,287,0.56054688,0.031358885
82,194,276,0.5390625,-0.4057971
138,167,305,0.59570312,-0.095081967
92,184,276,0.5390625,-0.33333333
64,226,290,0.56640625,-0.55862069
69,209,278,0.54296875,-0.50359712
74,215,289,0.56445312,-0.48788927
84,212,296,0.578125,-0.43243243
59,226,285,0.55664062,-0.58596491
39,238,277,0.54101562,-0.71841155
94,193,287,0.56054688,-0.34494774
93,202,295,0.57617188,-0.36949153
77,212,289,0.56445312,-0.46712803
42,259,301,0.58789062,-0.72093023
47,236,283,0.55273438,-0.66784452
76,216,292,0.5703125,-0.47945205
105,199,304,0.59375,-0.30921053
56,216,272,0.53125,-0.58823529
22,274,296,0.578125,-0.85135135
75,221,296,0.578125,-0.49324324
129,154,283,0.55273438,-0.088339223
149,124,273,0.53320312,0.091575092
92,179,271,0.52929688,-0.32103321
107,156,263,0.51367188,-0.18631179
89,191,280,0.546875,-0.36428571
95,184,279,0.54492188,-0.31899642
151,131,282,0.55078125,0.070921986
101,191,292,0.5703125,-0.30821918
62,222,284,0.5546875,-0.56338028
60,231,291,0.56835938,-0.58762887
66,244,310,0.60546875,-0.57419355
99,184,283,0.55273438,-0.30035336
131,145,276,0.5390625,-0.050724638
163,140,303,0.59179688,0.075907591
123,181,304,0.59375,-0.19078947
75,220,295,0.57617188,-0.49152542
62,242,304,0.59375,-0.59210526
69,226,295,0.57617188,-0.53220339
122,163,285,0.55664062,-0.14385965
150,147,297,0.58007812,0.01010101
168,104,272,0.53125,0.23529412
146,156,302,0.58984375,-0.033112583
146,139,285,0.55664062,0.024561404
111,164,275,0.53710938,-0.19272727
128,160,288,0.5625,-0.11111111
109,180,289,0.56445312,-0.24567474
163,144,307,0.59960938,0.061889251
231,60,291,0.56835938,0.58762887
266,19,285,0.55664062,0.86666667
197,86,283,0.55273438,0.39222615
215,74,289,0.56445312,0.48788927
226,64,290,0.56640625,0.55862069
177,107,284,0.5546875,0.24647887
215,76,291,0.56835938,0.47766323
256,31,287,0.56054688,0.78397213
219,61,280,0.546875,0.56428571
239,46,285,0.55664062,0.67719298
285,7,292,0.5703125,0.95205479
239,48,287,0.56054688,0.66550523
206,85,291,0.56835938,0.41580756
227,55,282,0.55078125,0.60992908
225,60,285,0.55664062,0.57894737
182,102,284,0.5546875,0.28169014
181,111,292,0.5703125,0.23972603
141,140,281,0.54882812,0.0035587189
60,218,278,0.54296875,-0.56834532
103,184,287,0.56054688,-0.28222997
130,147,277,0.54101562,-0.061371841
115,173,288,0.5625,-0.20138889
60,220,280,0.546875,-0.57142857
62,223,285,0.55664062,-0.56491228
42,248,290,0.56640625,-0.71034483
68,226,294,0.57421875,-0.53741497
62,232,294,0.57421875,-0.57823129
40,236,276,0.5390625,-0.71014493
109,180,289,0.56445312,-0.24567474
83,214,297,0.58007812,-0.44107744
142,140,282,0.55078125,0.0070921986
169,120,289,0.56445312,0.16955017
194,84,278,0.54296875,0.39568345
184,96,280,0.546875,0.31428571
156,139,295,0.57617188,0.057627119
155,140,295,0.57617188,0.050847458
127,166,293,0.57226562,-0.1331058
70,209,279,0.54492188,-0.49820789
48,240,288,0.5625,-0.66666667
47,241,288,0.5625,-0.67361111
57,231,288,0.5625,-0.60416667
112,170,282,0.55078125,-0.20567376
94,186,280,0.546875,-0.32857143
173,115,288,0.5625,0.20138889
127,161,288,0.5625,-0.11805556
144,139,283,0.55273438,0.017667845
229,62,291,0.56835938,0.57388316
236,55,291,0.56835938,0.62199313
198,94,292,0.5703125,0.35616438
105,192,297,0.58007812,-0.29292929
191,93,284,0.5546875,0.34507042
237,58,295,0.57617188,0.60677966
258,20,278,0.54296875,0.85611511
189,100,289,0.56445312,0.30795848
153,133,286,0.55859375,0.06993007
200,89,289,0.56445312,0.38408304
169,100,269,0.52539062,0.25650558
197,98,295,0.57617188,0.33559322
193,88,281,0.54882812,0.37366548
177,99,276,0.5390625,0.2826087
237,38,275,0.53710938,0.72363636
163,128,291,0.56835938,0.12027491
214,76,290,0.56640625,0.47586207
119,172,291,0.56835938,-0.18213058
78,224,302,0.58984375,-0.48344371
67,225,292,0.5703125,-0.54109589
128,161,289,0.56445312,-0.11418685
84,194,278,0.54296875,-0.39568345
74,208,282,0.55078125,-0.4751773
99,178,277,0.54101562,-0.28519856
114,189,303,0.59179688,-0.24752475
32,266,298,0.58203125,-0.7852349
46,234,280,0.546875,-0.67142857
58,230,288,0.5625,-0.59722222
69,209,278,0.54296875,-0.50359712
83,187,270,0.52734375,-0.38518519
104,188,292,0.5703125,-0.28767123
102,174,276,0.5390625,-0.26086957
122,161,283,0.55273438,-0.13780919
41,247,288,0.5625,-0.71527778
23,260,283,0.55273438,-0.83745583
123,170,293,0.57226562,-0.16040956
98,190,288,0.5625,-0.31944444
50,235,285,0.55664062,-0.64912281
86,215,301,0.58789062,-0.42857143
117,166,283,0.55273438,-0.17314488
134,142,276,0.5390625,-0.028985507
130,158,288,0.5625,-0.097222222
136,135,271,0.52929688,0.0036900369
161,117,278,0.54296875,0.15827338
178,99,277,0.54101562,0.28519856
220,87,307,0.59960938,0.43322476
137,128,265,0.51757812,0.033962264
168,113,281,0.54882812,0.19572954
235,40,275,0.53710938,0.70909091
271,20,291,0.56835938,0.86254296
199,80,279,0.54492188,0.4265233
188,102,290,0.56640625,0.29655172
100,189,289,0.56445312,-0.30795848
106,191,297,0.58007812,-0.28619529
130,156,286,0.55859375,-0.090909091
226,68,294,0.57421875,0.53741497
256,32,288,0.5625,0.77777778
159,144,303,0.59179688,0.04950495
157,120,277,0.54101562,0.13357401
201,90,291,0.56835938,0.3814433
214,71,285,0.55664062,0.50175439
261,22,283,0.55273438,0.84452297
230,54,284,0.5546875,0.61971831
238,36,274,0.53515625,0.73722628
183,107,290,0.56640625,0.26206897
124,153,277,0.54101562,-0.10469314
85,202,287,0.56054688,-0.40766551
131,139,270,0.52734375,-0.02962963
128,172,300,0.5859375,-0.14666667
60,221,281,0.54882812,-0.57295374
62,217,279,0.54492188,-0.55555556
99,184,283,0.55273438,-0.30035336
143,130,273,0.53320312,0.047619048
162,114,276,0.5390625,0.17391304
194,95,289,0.56445312,0.34256055
202,102,304,0.59375,0.32894737
111,172,283,0.55273438,-0.2155477
66,233,299,0.58398438,-0.55852843
141,141,282,0.55078125,0
136,138,274,0.53515625,-0.0072992701
177,123,300,0.5859375,0.18
202,77,279,0.54492188,0.44802867
206,85,291,0.56835938,0.41580756
213,77,290,0.56640625,0.46896552
175,119,294,0.57421875,0.19047619
260,43,303,0.59179688,0.71617162
195,93,288,0.5625,0.35416667
177,104,281,0.54882812,0.25978648
114,166,280,0.546875,-0.18571429
139,127,266,0.51953125,0.045112782
154,124,278,0.54296875,0.10791367
109,178,287,0.56054688,-0.24041812
74,205,279,0.54492188,-0.46953405
145,130,275,0.53710938,0.054545455
102,176,278,0.54296875,-0.26618705
126,174,300,0.5859375,-0.16
95,191,286,0.55859375,-0.33566434
94,198,292,0.5703125,-0.35616438
206,79,285,0.55664062,0.44561404
227,66,293,0.57226562,0.54948805
212,81,293,0.57226562,0.44709898
269,22,291,0.56835938,0.84879725
253,37,290,0.56640625,0.74482759
214,77,291,0.56835938,0.47079038
151,134,285,0.55664062,0.059649123
184,91,275,0.53710938,0.33818182
192,88,280,0.546875,0.37142857
242,44,286,0.55859375,0.69230769
253,43,296,0.578125,0.70945946
207,90,297,0.58007812,0.39393939
238,47,285,0.55664062,0.67017544
227,63,290,0.56640625,0.56551724
230,62,292,0.5703125,0.57534247
259,27,286,0.55859375,0.81118881
252,42,294,0.57421875,0.71428571
246,47,293,0.57226562,0.67918089
228,63,291,0.56835938,0.56701031
221,72,293,0.57226562,0.50853242
222,70,292,0.5703125,0.52054795
274,25,299,0.58398438,0.83277592
260,32,292,0.5703125,0.78082192
263,34,297,0.58007812,0.77104377
253,32,285,0.55664062,0.7754386
225,57,282,0.55078125,0.59574468
211,70,281,0.54882812,0.50177936
246,40,286,0.55859375,0.72027972
213,80,293,0.57226562,0.45392491
205,81,286,0.55859375,0.43356643
216,77,293,0.57226562,0.47440273
185,106,291,0.56835938,0.27147766
225,74,299,0.58398438,0.50501672
220,67,287,0.56054688,0.53310105
139,137,276,0.5390625,0.0072463768
136,152,288,0.5625,-0.055555556
98,194,292,0.5703125,-0.32876712
122,171,293,0.57226562,-0.16723549
55,226,281,0.54882812,-0.60854093
114,167,281,0.54882812,-0.1886121
76,222,298,0.58203125,-0.48993289
22,259,281,0.54882812,-0.84341637
44,237,281,0.54882812,-0.68683274
94,199,293,0.57226562,-0.35836177
42,245,287,0.56054688,-0.70731707
33,262,295,0.57617188,-0.77627119
27,261,288,0.5625,-0.8125
54,238,292,0.5703125,-0.63013699
109,170,279,0.54492188,-0.21863799
130,144,274,0.53515625,-0.051094891
135,165,300,0.5859375,-0.1
172,105,277,0.54101562,0.24187726
243,55,298,0.58203125,0.63087248
257,28,285,0.55664062,0.80350877
128,161,289,0.56445312,-0.11418685
91,212,303,0.59179688,-0.39933993
123,163,286,0.55859375,-0.13986014
62,229,291,0.56835938,-0.57388316
118,171,289,0.56445312,-0.183391
85,179,264,0.515625,-0.35606061
111,169,280,0.546875,-0.20714286
154,123,277,0.54101562,0.11191336
113,173,286,0.55859375,-0.20979021
72,210,282,0.55078125,-0.4893617
145,138,283,0.55273438,0.024734982
126,167,293,0.57226562,-0.13993174
151,140,291,0.56835938,0.037800687
207,92,299,0.58398438,0.38461538
248,43,291,0.56835938,0.70446735
133,154,287,0.56054688,-0.073170732
155,123,278,0.54296875,0.11510791
197,92,289,0.56445312,0.3633218
131,144,275,0.53710938,-0.047272727
220,79,299,0.58398438,0.47157191
216,64,280,0.546875,0.54285714
206,86,292,0.5703125,0.4109589
263,25,288,0.5625,0.82638889
227,62,289,0.56445312,0.57093426
225,66,291,0.56835938,0.54639175
273,26,299,0.58398438,0.82608696
157,111,268,0.5234375,0.17164179
191,99,290,0.56640625,0.31724138
148,141,289,0.56445312,0.024221453
151,136,287,0.56054688,0.052264808
179,109,288,0.5625,0.24305556
130,158,288,0.5625,-0.097222222
98,188,286,0.55859375,-0.31468531
151,128,279,0.54492188,0.082437276
165,116,281,0.54882812,0.17437722
192,91,283,0.55273438,0.35689046
186,116,302,0.58984375,0.23178808
188,116,304,0.59375,0.23684211
241,39,280,0.546875,0.72142857
251,35,286,0.55859375,0.75524476
255,28,283,0.55273438,0.80212014
226,70,296,0.578125,0.52702703
142,157,299,0.58398438,-0.050167224
77,204,281,0.54882812,-0.4519573
112,193,305,0.59570312,-0.26557377
51,240,291,0.56835938,-0.64948454
97,204,301,0.58789062,-0.35548173
117,167,284,0.5546875,-0.17605634
25,273,298,0.58203125,-0.83221477
18,265,283,0.55273438,-0.87279152
59,228,287,0.56054688,-0.58885017
32,261,293,0.57226562,-0.78156997
52,240,292,0.5703125,-0.64383562
51,214,265,0.51757812,-0.61509434
6,275,281,0.54882812,-0.95729537
68,226,294,0.57421875,-0.53741497
49,254,303,0.59179688,-0.67656766
43,253,296,0.578125,-0.70945946
47,262,309,0.60351562,-0.69579288
31,256,287,0.56054688,-0.78397213
11,279,290,0.56640625,-0.92413793
109,184,293,0.57226562,-0.2559727
70,225,295,0.57617188,-0.52542373
136,149,285,0.55664062,-0.045614035
204,86,290,0.56640625,0.40689655
150,115,265,0.51757812,0.13207547
126,148,274,0.53515625,-0.080291971
184,96,280,0.546875,0.31428571
224,70,294,0.57421875,0.52380952
199,89,288,0.5625,0.38194444
129,160,289,0.56445312,-0.10726644
51,237,288,0.5625,-0.64583333
80,213,293,0.57226562,-0.45392491
63,208,271,0.52929688,-0.53505535
114,161,275,0.53710938,-0.17090909
123,167,290,0.56640625,-0.15172414
124,157,281,0.54882812,-0.11743772
146,131,277,0.54101562,0.054151625
209,73,282,0.55078125,0.4822695
179,103,282,0.55078125,0.26950355
175,102,277,0.54101562,0.26353791
262,23,285,0.55664062,0.83859649
209,81,290,0.56640625,0.44137931
147,132,279,0.54492188,0.053763441
182,92,274,0.53515625,0.32846715
180,103,283,0.55273438,0.27208481
217,64,281,0.54882812,0.54448399
159,124,283,0.55273438,0.12367491
157,132,289,0.56445312,0.08650519
93,190,283,0.55273438,-0.34275618
114,165,279,0.54492188,-0.1827957
142,150,292,0.5703125,-0.02739726
92,188,280,0.546875,-0.34285714
134,144,278,0.54296875,-0.035971223
164,117,281,0.54882812,0.16725979
173,108,281,0.54882812,0.23131673
233,53,286,0.55859375,0.62937063
210,61,271,0.52929688,0.5498155
205,79,284,0.5546875,0.44366197
198,97,295,0.57617188,0.34237288
162,123,285,0.55664062,0.13684211
192,92,284,0.5546875,0.35211268
131,149,280,0.546875,-0.064285714
110,175,285,0.55664062,-0.22807018
90,204,294,0.57421875,-0.3877551
59,231,290,0.56640625,-0.59310345
66,217,283,0.55273438,-0.5335689
175,113,288,0.5625,0.21527778
183,98,281,0.54882812,0.3024911
222,54,276,0.5390625,0.60869565
130,157,287,0.56054688,-0.094076655
139,133,272,0.53125,0.022058824
187,93,280,0.546875,0.33571429
172,112,284,0.5546875,0.21126761
88,191,279,0.54492188,-0.36917563
67,210,277,0.54101562,-0.51624549
22,280,302,0.58984375,-0.85430464
64,235,299,0.58398438,-0.57190635
67,222,289,0.56445312,-0.53633218
38,245,283,0.55273438,-0.73144876
86,193,279,0.54492188,-0.38351254
30,252,282,0.55078125,-0.78723404
67,222,289,0.56445312,-0.53633218
53,250,303,0.59179688,-0.65016502
33,273,306,0.59765625,-0.78431373
100,188,288,0.5625,-0.30555556
137,145,282,0.55078125,-0.028368794
115,155,270,0.52734375,-0.14814815
36,245,281,0.54882812,-0.74377224
83,207,290,0.56640625,-0.42758621
29,262,291,0.56835938,-0.80068729
105,182,287,0.56054688,-0.26829268
115,163,278,0.54296875,-0.17266187
127,163,290,0.56640625,-0.12413793
162,111,273,0.53320312,0.18681319
196,91,287,0.56054688,0.36585366
142,139,281,0.54882812,0.010676157
95,201,296,0.578125,-0.35810811
115,166,281,0.54882812,-0.18149466
62,230,292,0.5703125,-0.57534247
113,179,292,0.5703125,-0.2260274
107,170,277,0.54101562,-0.22743682
29,261,290,0.56640625,-0.8
40,237,277,0.54101562,-0.71119134
59,238,297,0.58007812,-0.6026936
104,176,280,0.546875,-0.25714286
125,154,279,0.54492188,-0.10394265
137,145,282,0.55078125,-0.028368794
138,151,289,0.56445312,-0.044982699
193,90,283,0.55273438,0.3639576
251,42,293,0.57226562,0.71331058
249,38,287,0.56054688,0.73519164
243,55,298,0.58203125,0.63087248
215,74,289,0.56445312,0.48788927
183,101,284,0.5546875,0.28873239
203,84,287,0.56054688,0.41463415
108,174,282,0.55078125,-0.23404255
129,150,279,0.54492188,-0.075268817
155,137,292,0.5703125,0.061643836
186,103,289,0.56445312,0.28719723
182,108,290,0.56640625,0.25517241
152,133,285,0.55664062,0.066666667
99,180,279,0.54492188,-0.29032258
129,168,297,0.58007812,-0.13131313
110,168,278,0.54296875,-0.20863309
22,268,290,0.56640625,-0.84827586
42,254,296,0.578125,-0.71621622
49,240,289,0.56445312,-0.66089965
135,143,278,0.54296875,-0.028776978
78,207,285,0.55664062,-0.45263158
165,122,287,0.56054688,0.14982578
167,121,288,0.5625,0.15972222
184,108,292,0.5703125,0.26027397
187,110,297,0.58007812,0.25925926
98,186,284,0.5546875,-0.30985915
163,124,287,0.56054688,0.1358885
104,168,272,0.53125,-0.23529412
116,168,284,0.5546875,-0.18309859
197,96,293,0.57226562,0.3447099
103,176,279,0.54492188,-0.26164875
113,169,282,0.55078125,-0.19858156
176,124,300,0.5859375,0.17333333
140,151,291,0.56835938,-0.037800687
54,226,280,0.546875,-0.61428571
50,239,289,0.56445312,-0.65397924
124,164,288,0.5625,-0.13888889
136,134,270,0.52734375,0.0074074074
