n_hor,n_ver,n_tot,eta,S
187,40,227,0.44335938,0.64757709
97,131,228,0.4453125,-0.14912281
139,101,240,0.46875,0.15833333
155,76,231,0.45117188,0.34199134
142,98,240,0.46875,0.18333333
83,126,209,0.40820312,-0.20574163
130,101,231,0.45117188,0.12554113
123,113,236,0.4609375,0.042372881
167,59,226,0.44140625,0.47787611
59,166,225,0.43945312,-0.47555556
107,128,235,0.45898438,-0.089361702
115,122,237,0.46289062,-0.029535865
113,123,236,0.4609375,-0.042372881
98,119,217,0.42382812,-0.096774194
136,91,227,0.44335938,0.19823789
127,100,227,0.44335938,0.11894273
131,99,230,0.44921875,0.13913043
97,122,219,0.42773438,-0.11415525
149,85,234,0.45703125,0.27350427
158,87,245,0.47851562,0.28979592
123,106,229,0.44726562,0.074235808
103,123,226,0.44140625,-0.088495575
116,113,229,0.44726562,0.013100437
111,130,241,0.47070312,-0.078838174
144,97,241,0.47070312,0.19502075
111,106,217,0.42382812,0.023041475
121,112,233,0.45507812,0.038626609
151,83,234,0.45703125,0.29059829
127,111,238,0.46484375,0.067226891
125,116,241,0.47070312,0.037344398
93,127,220,0.4296875,-0.15454545
72,160,232,0.453125,-0.37931034
131,96,227,0.44335938,0.15418502
124,102,226,0.44140625,0.097345133
129,95,224,0.4375,0.15178571
105,130,235,0.45898438,-0.10638298
114,119,233,0.45507812,-0.021459227
109,108,217,0.42382812,0.0046082949
96,122,218,0.42578125,-0.11926606
88,136,224,0.4375,-0.21428571
125,96,221,0.43164062,0.13122172
155,76,231,0.45117188,0.34199134
113,107,220,0.4296875,0.027272727
125,117,242,0.47265625,0.033057851
120,101,221,0.43164062,0.085972851
102,124,226,0.44140625,-0.097345133
143,100,243,0.47460938,0.17695473
105,138,243,0.47460938,-0.13580247
134,98,232,0.453125,0.15517241
118,106,224,0.4375,0.053571429
137,93,230,0.44921875,0.19130435
65,167,232,0.453125,-0.43965517
136,96,232,0.453125,0.17241379
90,132,222,0.43359375,-0.18918919
96,127,223,0.43554688,-0.13901345
179,60,239,0.46679688,0.49790795
162,61,223,0.43554688,0.4529148
155,94,249,0.48632812,0.24497992
89,152,241,0.47070312,-0.26141079
111,107,218,0.42578125,0.018348624
87,142,229,0.44726562,-0.24017467
139,102,241,0.47070312,0.15352697
113,115,228,0.4453125,-0.0087719298
103,129,232,0.453125,-0.11206897
101,147,248,0.484375,-0.18548387
111,109,220,0.4296875,0.0090909091
115,116,231,0.45117188,-0.0043290043
139,82,221,0.43164062,0.25791855
103,119,222,0.43359375,-0.072072072
142,72,214,0.41796875,0.3271028
124,113,237,0.46289062,0.046413502
100,120,220,0.4296875,-0.090909091
138,89,227,0.44335938,0.21585903
116,118,234,0.45703125,-0.0085470085
118,101,219,0.42773438,0.077625571
139,96,235,0.45898438,0.18297872
152,71,223,0.43554688,0.3632287
91,144,235,0.45898438,-0.22553191
108,122,230,0.44921875,-0.060869565
110,114,224,0.4375,-0.017857143
126,107,233,0.45507812,0.081545064
99,121,220,0.4296875,-0.1
116,105,221,0.43164062,0.049773756
130,91,221,0.43164062,0.17647059
88,140,228,0.4453125,-0.22807018
122,122,244,0.4765625,0
165,67,232,0.453125,0.42241379
108,123,231,0.45117188,-0.064935065
91,150,241,0.47070312,-0.24481328
121,111,232,0.453125,0.043103448
131,103,234,0.45703125,0.11965812
114,116,230,0.44921875,-0.0086956522
119,119,238,0.46484375,0
95,134,229,0.44726562,-0.17030568
72,149,221,0.43164062,-0.34841629
145,101,246,0.48046875,0.17886179
81,143,224,0.4375,-0.27678571
87,139,226,0.44140625,-0.2300885
94,136,230,0.44921875,-0.1826087
142,83,225,0.43945312,0.26222222
116,112,228,0.4453125,0.01754386
137,94,231,0.45117188,0.18614719
97,140,237,0.46289062,-0.1814346
81,143,224,0.4375,-0.27678571
106,135,241,0.47070312,-0.12033195
128,100,228,0.4453125,0.12280702
123,124,247,0.48242188,-0.004048583
149,75,224,0.4375,0.33035714
65,182,247,0.48242188,-0.47368421
126,108,234,0.45703125,0.076923077
60,184,244,0.4765625,-0.50819672
96,131,227,0.44335938,-0.15418502
43,187,230,0.44921875,-0.62608696
77,144,221,0.43164062,-0.30316742
72,161,233,0.45507812,-0.38197425
124,99,223,0.43554688,0.11210762
97,126,223,0.43554688,-0.13004484
99,119,218,0.42578125,-0.091743119
85,136,221,0.43164062,-0.23076923
136,93,229,0.44726562,0.18777293
96,144,240,0.46875,-0.2
84,149,233,0.45507812,-0.27896996
110,111,221,0.43164062,-0.0045248869
99,133,232,0.453125,-0.14655172
138,83,221,0.43164062,0.24886878
150,90,240,0.46875,0.25
135,96,231,0.45117188,0.16883117
160,74,234,0.45703125,0.36752137
121,102,223,0.43554688,0.085201794
136,84,220,0.4296875,0.23636364
130,91,221,0.43164062,0.17647059
136,102,238,0.46484375,0.14285714
133,90,223,0.43554688,0.19282511
110,121,231,0.45117188,-0.047619048
112,116,228,0.4453125,-0.01754386
124,110,234,0.45703125,0.05982906
124,118,242,0.47265625,0.024793388
153,74,227,0.44335938,0.34801762
132,95,227,0.44335938,0.16299559
77,140,217,0.42382812,-0.29032258
122,118,240,0.46875,0.016666667
132,98,230,0.44921875,0.14782609
163,76,239,0.46679688,0.36401674
98,125,223,0.43554688,-0.12107623
138,89,227,0.44335938,0.21585903
115,109,224,0.4375,0.026785714
97,135,232,0.453125,-0.1637931
134,96,230,0.44921875,0.16521739
106,133,239,0.46679688,-0.11297071
139,77,216,0.421875,0.28703704
102,129,231,0.45117188,-0.11688312
126,93,219,0.42773438,0.15068493
201,38,239,0.46679688,0.68200837
75,158,233,0.45507812,-0.35622318
102,126,228,0.4453125,-0.10526316
125,100,225,0.43945312,0.11111111
102,124,226,0.44140625,-0.097345133
88,133,221,0.43164062,-0.20361991
121,113,234,0.45703125,0.034188034
114,109,223,0.43554688,0.022421525
128,100,228,0.4453125,0.12280702
120,110,230,0.44921875,0.043478261
149,98,247,0.48242188,0.20647773
91,155,246,0.48046875,-0.2601626
92,153,245,0.47851562,-0.24897959
140,79,219,0.42773438,0.27853881
141,91,232,0.453125,0.21551724
86,149,235,0.45898438,-0.26808511
97,141,238,0.46484375,-0.18487395
168,59,227,0.44335938,0.48017621
156,70,226,0.44140625,0.38053097
70,152,222,0.43359375,-0.36936937
105,118,223,0.43554688,-0.058295964
129,100,229,0.44726562,0.12663755
126,122,248,0.484375,0.016129032
84,136,220,0.4296875,-0.23636364
93,145,238,0.46484375,-0.21848739
123,118,241,0.47070312,0.020746888
77,166,243,0.47460938,-0.36625514
125,106,231,0.45117188,0.082251082
109,119,228,0.4453125,-0.043859649
72,147,219,0.42773438,-0.34246575
168,79,247,0.48242188,0.36032389
116,123,239,0.46679688,-0.029288703
105,130,235,0.45898438,-0.10638298
132,94,226,0.44140625,0.16814159
121,106,227,0.44335938,0.066079295
90,128,218,0.42578125,-0.17431193
98,133,231,0.45117188,-0.15151515
128,100,228,0.4453125,0.12280702
100,132,232,0.453125,-0.13793103
105,119,224,0.4375,-0.0625
79,152,231,0.45117188,-0.31601732
140,108,248,0.484375,0.12903226
118,104,222,0.43359375,0.063063063
152,79,231,0.45117188,0.31601732
167,73,240,0.46875,0.39166667
132,92,224,0.4375,0.17857143
99,139,238,0.46484375,-0.16806723
112,114,226,0.44140625,-0.0088495575
131,98,229,0.44726562,0.1441048
128,121,249,0.48632812,0.02811245
119,114,233,0.45507812,0.021459227
95,133,228,0.4453125,-0.16666667
76,161,237,0.46289062,-0.35864979
124,97,221,0.43164062,0.12217195
142,86,228,0.4453125,0.24561404
98,140,238,0.46484375,-0.17647059
68,163,231,0.45117188,-0.41125541
89,137,226,0.44140625,-0.21238938
100,118,218,0.42578125,-0.082568807
130,103,233,0.45507812,0.11587983
131,102,233,0.45507812,0.12446352
88,149,237,0.46289062,-0.25738397
109,118,227,0.44335938,-0.039647577
140,99,239,0.46679688,0.17154812
152,71,223,0.43554688,0.3632287
102,123,225,0.43945312,-0.093333333
63,156,219,0.42773438,-0.42465753
93,147,240,0.46875,-0.225
143,81,224,0.4375,0.27678571
96,144,240,0.46875,-0.2
102,127,229,0.44726562,-0.10917031
132,90,222,0.43359375,0.18918919
99,147,246,0.48046875,-0.19512195
86,135,221,0.43164062,-0.22171946
77,155,232,0.453125,-0.3362069
174,60,234,0.45703125,0.48717949
118,110,228,0.4453125,0.035087719
57,185,242,0.47265625,-0.52892562
98,138,236,0.4609375,-0.16949153
52,188,240,0.46875,-0.56666667
119,114,233,0.45507812,0.021459227
122,105,227,0.44335938,0.074889868
163,66,229,0.44726562,0.42358079
140,81,221,0.43164062,0.26696833
126,99,225,0.43945312,0.12
174,57,231,0.45117188,0.50649351
102,119,221,0.43164062,-0.076923077
98,128,226,0.44140625,-0.13274336
88,120,208,0.40625,-0.15384615
110,137,247,0.48242188,-0.10931174
100,128,228,0.4453125,-0.12280702
93,130,223,0.43554688,-0.16591928
82,142,224,0.4375,-0.26785714
107,111,218,0.42578125,-0.018348624
167,73,240,0.46875,0.39166667
81,146,227,0.44335938,-0.28634361
105,118,223,0.43554688,-0.058295964
125,104,229,0.44726562,0.091703057
140,71,211,0.41210938,0.32701422
88,120,208,0.40625,-0.15384615
132,92,224,0.4375,0.17857143
84,136,220,0.4296875,-0.23636364
146,71,217,0.42382812,0.34562212
99,138,237,0.46289062,-0.16455696
176,60,236,0.4609375,0.49152542
136,100,236,0.4609375,0.15254237
132,107,239,0.46679688,0.10460251
140,98,238,0.46484375,0.17647059
134,103,237,0.46289062,0.13080169
90,142,232,0.453125,-0.22413793
132,105,237,0.46289062,0.11392405
54,168,222,0.43359375,-0.51351351
104,133,237,0.46289062,-0.12236287
145,94,239,0.46679688,0.21338912
121,119,240,0.46875,0.0083333333
102,141,243,0.47460938,-0.16049383
162,69,231,0.45117188,0.4025974
136,87,223,0.43554688,0.21973094
137,101,238,0.46484375,0.1512605
103,113,216,0.421875,-0.046296296
100,138,238,0.46484375,-0.15966387
113,118,231,0.45117188,-0.021645022
123,106,229,0.44726562,0.074235808
104,112,216,0.421875,-0.037037037
122,116,238,0.46484375,0.025210084
150,91,241,0.47070312,0.24481328
186,54,240,0.46875,0.55
117,111,228,0.4453125,0.026315789
123,117,240,0.46875,0.025
115,109,224,0.4375,0.026785714
132,106,238,0.46484375,0.1092437
72,155,227,0.44335938,-0.36563877
82,156,238,0.46484375,-0.31092437
132,89,221,0.43164062,0.19457014
91,141,232,0.453125,-0.21551724
190,50,240,0.46875,0.58333333
116,111,227,0.44335938,0.022026432
150,86,236,0.4609375,0.27118644
97,127,224,0.4375,-0.13392857
119,105,224,0.4375,0.0625
108,116,224,0.4375,-0.035714286
158,78,236,0.4609375,0.33898305
105,126,231,0.45117188,-0.090909091
141,96,237,0.46289062,0.18987342
76,146,222,0.43359375,-0.31531532
114,126,240,0.46875,-0.05
114,118,232,0.453125,-0.017241379
76,155,231,0.45117188,-0.34199134
84,147,231,0.45117188,-0.27272727
134,91,225,0.43945312,0.19111111
97,134,231,0.45117188,-0.16017316
77,148,225,0.43945312,-0.31555556
141,90,231,0.45117188,0.22077922
151,84,235,0.45898438,0.28510638
99,135,234,0.45703125,-0.15384615
116,121,237,0.46289062,-0.021097046
149,98,247,0.48242188,0.20647773
121,109,230,0.44921875,0.052173913
86,153,239,0.46679688,-0.28033473
107,113,220,0.4296875,-0.027272727
109,123,232,0.453125,-0.060344828
99,135,234,0.45703125,-0.15384615
119,108,227,0.44335938,0.04845815
136,98,234,0.45703125,0.16239316
114,116,230,0.44921875,-0.0086956522
91,150,241,0.47070312,-0.24481328
124,104,228,0.4453125,0.087719298
137,88,225,0.43945312,0.21777778
79,153,232,0.453125,-0.31896552
86,150,236,0.4609375,-0.27118644
136,100,236,0.4609375,0.15254237
118,104,222,0.43359375,0.063063063
149,84,233,0.45507812,0.27896996
113,109,222,0.43359375,0.018018018
120,123,243,0.47460938,-0.012345679
126,105,231,0.45117188,0.090909091
71,158,229,0.44726562,-0.37991266
109,109,218,0.42578125,0
141,88,229,0.44726562,0.23144105
122,106,228,0.4453125,0.070175439
138,84,222,0.43359375,0.24324324
132,102,234,0.45703125,0.12820513
130,101,231,0.45117188,0.12554113
101,129,230,0.44921875,-0.12173913
142,94,236,0.4609375,0.20338983
139,96,235,0.45898438,0.18297872
175,62,237,0.46289062,0.47679325
99,120,219,0.42773438,-0.095890411
108,107,215,0.41992188,0.0046511628
136,77,213,0.41601562,0.27699531
64,173,237,0.46289062,-0.45991561
99,132,231,0.45117188,-0.14285714
132,96,228,0.4453125,0.15789474
136,106,242,0.47265625,0.12396694
107,116,223,0.43554688,-0.040358744
138,88,226,0.44140625,0.22123894
65,165,230,0.44921875,-0.43478261
108,97,205,0.40039062,0.053658537
63,164,227,0.44335938,-0.44493392
145,80,225,0.43945312,0.28888889
121,120,241,0.47070312,0.0041493776
89,140,229,0.44726562,-0.22270742
126,94,220,0.4296875,0.14545455
70,157,227,0.44335938,-0.38325991
167,76,243,0.47460938,0.3744856
90,130,220,0.4296875,-0.18181818
164,66,230,0.44921875,0.42608696
166,67,233,0.45507812,0.4248927
88,137,225,0.43945312,-0.21777778
124,108,232,0.453125,0.068965517
100,126,226,0.44140625,-0.11504425
131,101,232,0.453125,0.12931034
69,157,226,0.44140625,-0.38938053
141,78,219,0.42773438,0.28767123
135,94,229,0.44726562,0.1790393
122,95,217,0.42382812,0.12442396
107,116,223,0.43554688,-0.040358744
123,109,232,0.453125,0.060344828
83,158,241,0.47070312,-0.31120332
123,111,234,0.45703125,0.051282051
66,167,233,0.45507812,-0.43347639
134,94,228,0.4453125,0.1754386
72,154,226,0.44140625,-0.36283186
109,132,241,0.47070312,-0.095435685
125,101,226,0.44140625,0.10619469
124,104,228,0.4453125,0.087719298
124,102,226,0.44140625,0.097345133
152,62,214,0.41796875,0.42056075
138,97,235,0.45898438,0.17446809
71,148,219,0.42773438,-0.35159817
117,105,222,0.43359375,0.054054054
116,110,226,0.44140625,0.026548673
98,132,230,0.44921875,-0.14782609
125,88,213,0.41601562,0.17370892
72,151,223,0.43554688,-0.35426009
76,147,223,0.43554688,-0.31838565
100,123,223,0.43554688,-0.10313901
102,127,229,0.44726562,-0.10917031
97,128,225,0.43945312,-0.13777778
140,97,237,0.46289062,0.1814346
156,73,229,0.44726562,0.36244541
91,134,225,0.43945312,-0.19111111
109,113,222,0.43359375,-0.018018018
86,153,239,0.46679688,-0.28033473
73,153,226,0.44140625,-0.3539823
135,102,237,0.46289062,0.13924051
91,142,233,0.45507812,-0.21888412
120,111,231,0.45117188,0.038961039
85,142,227,0.44335938,-0.25110132
139,93,232,0.453125,0.19827586
136,83,219,0.42773438,0.24200913
108,138,246,0.48046875,-0.12195122
115,113,228,0.4453125,0.0087719298
114,117,231,0.45117188,-0.012987013
108,121,229,0.44726562,-0.056768559
84,132,216,0.421875,-0.22222222
117,108,225,0.43945312,0.04
120,95,215,0.41992188,0.11627907
152,73,225,0.43945312,0.35111111
147,79,226,0.44140625,0.30088496
97,128,225,0.43945312,-0.13777778
117,125,242,0.47265625,-0.033057851
107,118,225,0.43945312,-0.048888889
137,86,223,0.43554688,0.22869955
92,149,241,0.47070312,-0.23651452
76,168,244,0.4765625,-0.37704918
88,156,244,0.4765625,-0.27868852
118,105,223,0.43554688,0.058295964
122,103,225,0.43945312,0.084444444
89,120,209,0.40820312,-0.14832536
136,105,241,0.47070312,0.12863071
81,141,222,0.43359375,-0.27027027
104,121,225,0.43945312,-0.075555556
118,109,227,0.44335938,0.039647577
102,126,228,0.4453125,-0.10526316
160,66,226,0.44140625,0.4159292
121,108,229,0.44726562,0.056768559
164,79,243,0.47460938,0.34979424
156,77,233,0.45507812,0.33905579
75,142,217,0.42382812,-0.30875576
143,92,235,0.45898438,0.21702128
116,110,226,0.44140625,0.026548673
135,97,232,0.453125,0.1637931
160,61,221,0.43164062,0.4479638
92,141,233,0.45507812,-0.21030043
91,144,235,0.45898438,-0.22553191
77,135,212,0.4140625,-0.27358491
100,137,237,0.46289062,-0.15611814
127,103,230,0.44921875,0.10434783
96,125,221,0.43164062,-0.13122172
146,92,238,0.46484375,0.22689076
118,105,223,0.43554688,0.058295964
106,115,221,0.43164062,-0.040723982
116,114,230,0.44921875,0.0086956522
144,81,225,0.43945312,0.28
102,130,232,0.453125,-0.12068966
86,132,218,0.42578125,-0.21100917
84,147,231,0.45117188,-0.27272727
124,86,210,0.41015625,0.18095238
77,151,228,0.4453125,-0.3245614
127,105,232,0.453125,0.094827586
126,94,220,0.4296875,0.14545455
130,91,221,0.43164062,0.17647059
156,88,244,0.4765625,0.27868852
98,122,220,0.4296875,-0.10909091
116,104,220,0.4296875,0.054545455
117,118,235,0.45898438,-0.0042553191
142,83,225,0.43945312,0.26222222
115,120,235,0.45898438,-0.021276596
107,130,237,0.46289062,-0.097046414
116,105,221,0.43164062,0.049773756
143,88,231,0.45117188,0.23809524
95,126,221,0.43164062,-0.14027149
134,94,228,0.4453125,0.1754386
114,115,229,0.44726562,-0.0043668122
114,115,229,0.44726562,-0.0043668122
110,106,216,0.421875,0.018518519
119,120,239,0.46679688,-0.0041841004
159,60,219,0.42773438,0.45205479
127,107,234,0.45703125,0.085470085
109,119,228,0.4453125,-0.043859649
96,141,237,0.46289062,-0.18987342
109,110,219,0.42773438,-0.00456621
69,179,248,0.484375,-0.44354839
96,128,224,0.4375,-0.14285714
119,115,234,0.45703125,0.017094017
139,104,243,0.47460938,0.14403292
158,74,232,0.453125,0.36206897
97,123,220,0.4296875,-0.11818182
128,110,238,0.46484375,0.075630252
120,112,232,0.453125,0.034482759
161,67,228,0.4453125,0.4122807
184,55,239,0.46679688,0.53974895
88,149,237,0.46289062,-0.25738397
107,131,238,0.46484375,-0.10084034
113,118,231,0.45117188,-0.021645022
118,116,234,0.45703125,0.0085470085
144,99,243,0.47460938,0.18518519
155,75,230,0.44921875,0.34782609
76,145,221,0.43164062,-0.31221719
187,43,230,0.44921875,0.62608696
64,164,228,0.4453125,-0.43859649
108,135,243,0.47460938,-0.11111111
54,168,222,0.43359375,-0.51351351
149,87,236,0.4609375,0.26271186
107,130,237,0.46289062,-0.097046414
69,156,225,0.43945312,-0.38666667
79,133,212,0.4140625,-0.25471698
109,125,234,0.45703125,-0.068376068
95,135,230,0.44921875,-0.17391304
119,106,225,0.43945312,0.057777778
112,102,214,0.41796875,0.046728972
118,114,232,0.453125,0.017241379
85,148,233,0.45507812,-0.27038627
115,114,229,0.44726562,0.0043668122
113,116,229,0.44726562,-0.013100437
128,101,229,0.44726562,0.11790393
90,133,223,0.43554688,-0.19282511
140,79,219,0.42773438,0.27853881
125,112,237,0.46289062,0.054852321
97,133,230,0.44921875,-0.15652174
113,109,222,0.43359375,0.018018018
99,117,216,0.421875,-0.083333333
72,150,222,0.43359375,-0.35135135
87,138,225,0.43945312,-0.22666667
151,69,220,0.4296875,0.37272727
137,91,228,0.4453125,0.20175439
96,126,222,0.43359375,-0.13513514
124,109,233,0.45507812,0.064377682
139,89,228,0.4453125,0.21929825
177,44,221,0.43164062,0.60180995
101,123,224,0.4375,-0.098214286
125,92,217,0.42382812,0.15207373
122,107,229,0.44726562,0.065502183
138,92,230,0.44921875,0.2
97,131,228,0.4453125,-0.14912281
123,112,235,0.45898438,0.046808511
76,145,221,0.43164062,-0.31221719
156,80,236,0.4609375,0.3220339
139,80,219,0.42773438,0.26940639
88,138,226,0.44140625,-0.22123894
73,150,223,0.43554688,-0.34529148
91,137,228,0.4453125,-0.20175439
96,114,210,0.41015625,-0.085714286
121,130,251,0.49023438,-0.035856574
138,84,222,0.43359375,0.24324324
125,101,226,0.44140625,0.10619469
94,136,230,0.44921875,-0.1826087
133,99,232,0.453125,0.14655172
123,128,251,0.49023438,-0.019920319
112,98,210,0.41015625,0.066666667
148,95,243,0.47460938,0.218107
116,111,227,0.44335938,0.022026432
129,100,229,0.44726562,0.12663755
135,101,236,0.4609375,0.1440678
109,132,241,0.47070312,-0.095435685
62,169,231,0.45117188,-0.46320346
180,54,234,0.45703125,0.53846154
105,122,227,0.44335938,-0.074889868
133,101,234,0.45703125,0.13675214
96,131,227,0.44335938,-0.15418502
182,67,249,0.48632812,0.46184739
67,163,230,0.44921875,-0.4173913
94,127,221,0.43164062,-0.14932127
129,89,218,0.42578125,0.18348624
108,107,215,0.41992188,0.0046511628
160,73,233,0.45507812,0.37339056
144,92,236,0.4609375,0.22033898
111,114,225,0.43945312,-0.013333333
146,83,229,0.44726562,0.27510917
97,137,234,0.45703125,-0.17094017
117,130,247,0.48242188,-0.052631579
97,140,237,0.46289062,-0.1814346
82,146,228,0.4453125,-0.28070175
114,105,219,0.42773438,0.04109589
86,143,229,0.44726562,-0.2489083
111,134,245,0.47851562,-0.093877551
70,168,238,0.46484375,-0.41176471
137,90,227,0.44335938,0.20704846
138,89,227,0.44335938,0.21585903
108,121,229,0.44726562,-0.056768559
108,124,232,0.453125,-0.068965517
111,119,230,0.44921875,-0.034782609
139,93,232,0.453125,0.19827586
121,101,222,0.43359375,0.09009009
118,111,229,0.44726562,0.030567686
116,104,220,0.4296875,0.054545455
120,108,228,0.4453125,0.052631579
126,89,215,0.41992188,0.17209302
132,115,247,0.48242188,0.068825911
99,124,223,0.43554688,-0.11210762
103,114,217,0.42382812,-0.050691244
113,123,236,0.4609375,-0.042372881
90,149,239,0.46679688,-0.24686192
115,108,223,0.43554688,0.031390135
110,119,229,0.44726562,-0.03930131
173,62,235,0.45898438,0.47234043
132,107,239,0.46679688,0.10460251
156,75,231,0.45117188,0.35064935
116,109,225,0.43945312,0.031111111
139,93,232,0.453125,0.19827586
134,90,224,0.4375,0.19642857
121,111,232,0.453125,0.043103448
151,87,238,0.46484375,0.26890756
109,106,215,0.41992188,0.013953488
70,160,230,0.44921875,-0.39130435
104,135,239,0.46679688,-0.12970711
141,82,223,0.43554688,0.26457399
74,160,234,0.45703125,-0.36752137
105,134,239,0.46679688,-0.12133891
98,132,230,0.44921875,-0.14782609
103,127,230,0.44921875,-0.10434783
146,85,231,0.45117188,0.26406926
113,113,226,0.44140625,0
137,91,228,0.4453125,0.20175439
94,116,210,0.41015625,-0.1047619
116,109,225,0.43945312,0.031111111
114,115,229,0.44726562,-0.0043668122
104,121,225,0.43945312,-0.075555556
118,108,226,0.44140625,0.044247788
148,64,212,0.4140625,0.39622642
63,143,206,0.40234375,-0.38834951
129,97,226,0.44140625,0.14159292
144,82,226,0.44140625,0.27433628
145,91,236,0.4609375,0.22881356
108,127,235,0.45898438,-0.080851064
116,127,243,0.47460938,-0.04526749
105,119,224,0.4375,-0.0625
123,109,232,0.453125,0.060344828
153,74,227,0.44335938,0.34801762
83,140,223,0.43554688,-0.25560538
139,92,231,0.45117188,0.2034632
115,132,247,0.48242188,-0.068825911
130,104,234,0.45703125,0.11111111
104,130,234,0.45703125,-0.11111111
138,100,238,0.46484375,0.15966387
151,78,229,0.44726562,0.31877729
132,100,232,0.453125,0.13793103
113,103,216,0.421875,0.046296296
82,149,231,0.45117188,-0.29004329
117,116,233,0.45507812,0.0042918455
132,99,231,0.45117188,0.14285714
82,134,216,0.421875,-0.24074074
110,124,234,0.45703125,-0.05982906
87,149,236,0.4609375,-0.26271186
88,147,235,0.45898438,-0.25106383
97,137,234,0.45703125,-0.17094017
118,105,223,0.43554688,0.058295964
110,114,224,0.4375,-0.017857143
133,94,227,0.44335938,0.17180617
99,134,233,0.45507812,-0.15021459
111,116,227,0.44335938,-0.022026432
93,129,222,0.43359375,-0.16216216
51,176,227,0.44335938,-0.55066079
100,134,234,0.45703125,-0.14529915
138,83,221,0.43164062,0.24886878
117,100,217,0.42382812,0.078341014
134,88,222,0.43359375,0.20720721
105,124,229,0.44726562,-0.082969432
117,104,221,0.43164062,0.058823529
47,202,249,0.48632812,-0.62248996
132,90,222,0.43359375,0.18918919
189,48,237,0.46289062,0.59493671
54,178,232,0.453125,-0.53448276
116,109,225,0.43945312,0.031111111
137,96,233,0.45507812,0.17596567
67,162,229,0.44726562,-0.41484716
99,124,223,0.43554688,-0.11210762
109,132,241,0.47070312,-0.095435685
135,106,241,0.47070312,0.12033195
126,111,237,0.46289062,0.063291139
150,85,235,0.45898438,0.27659574
145,89,234,0.45703125,0.23931624
131,93,224,0.4375,0.16964286
103,122,225,0.43945312,-0.084444444
85,153,238,0.46484375,-0.28571429
124,103,227,0.44335938,0.092511013
68,165,233,0.45507812,-0.41630901
144,77,221,0.43164062,0.30316742
123,94,217,0.42382812,0.13364055
154,76,230,0.44921875,0.33913043
115,112,227,0.44335938,0.013215859
143,89,232,0.453125,0.23275862
76,141,217,0.42382812,-0.29953917
131,108,239,0.46679688,0.09623431
91,130,221,0.43164062,-0.17647059
82,140,222,0.43359375,-0.26126126
119,117,236,0.4609375,0.0084745763
88,121,209,0.40820312,-0.15789474
64,166,230,0.44921875,-0.44347826
114,106,220,0.4296875,0.036363636
141,95,236,0.4609375,0.19491525
137,104,241,0.47070312,0.13692946
79,156,235,0.45898438,-0.32765957
115,107,222,0.43359375,0.036036036
138,90,228,0.4453125,0.21052632
113,106,219,0.42773438,0.03196347
131,105,236,0.4609375,0.11016949
146,101,247,0.48242188,0.18218623
99,143,242,0.47265625,-0.18181818
98,129,227,0.44335938,-0.13656388
131,85,216,0.421875,0.21296296
116,126,242,0.47265625,-0.041322314
148,76,224,0.4375,0.32142857
146,93,239,0.46679688,0.22175732
117,97,214,0.41796875,0.093457944
129,92,221,0.43164062,0.16742081
94,144,238,0.46484375,-0.21008403
101,119,220,0.4296875,-0.081818182
75,153,228,0.4453125,-0.34210526
123,110,233,0.45507812,0.055793991
82,151,233,0.45507812,-0.29613734
113,113,226,0.44140625,0
107,135,242,0.47265625,-0.11570248
141,87,228,0.4453125,0.23684211
125,103,228,0.4453125,0.096491228
70,134,204,0.3984375,-0.31372549
111,112,223,0.43554688,-0.0044843049
117,105,222,0.43359375,0.054054054
79,156,235,0.45898438,-0.32765957
157,71,228,0.4453125,0.37719298
152,92,244,0.4765625,0.24590164
144,80,224,0.4375,0.28571429
180,54,234,0.45703125,0.53846154
155,76,231,0.45117188,0.34199134
152,74,226,0.44140625,0.34513274
157,82,239,0.46679688,0.31380753
110,121,231,0.45117188,-0.047619048
64,172,236,0.4609375,-0.45762712
140,100,240,0.46875,0.16666667
123,106,229,0.44726562,0.074235808
144,81,225,0.43945312,0.28
101,126,227,0.44335938,-0.11013216
97,125,222,0.43359375,-0.12612613
161,68,229,0.44726562,0.40611354
70,154,224,0.4375,-0.375
108,128,236,0.4609375,-0.084745763
129,105,234,0.45703125,0.1025641
176,67,243,0.47460938,0.44855967
131,96,227,0.44335938,0.15418502
123,107,230,0.44921875,0.069565217
131,117,248,0.484375,0.056451613
100,125,225,0.43945312,-0.11111111
106,119,225,0.43945312,-0.057777778
112,124,236,0.4609375,-0.050847458
169,74,243,0.47460938,0.3909465
134,108,242,0.47265625,0.10743802
112,119,231,0.45117188,-0.03030303
107,111,218,0.42578125,-0.018348624
112,117,229,0.44726562,-0.021834061
112,116,228,0.4453125,-0.01754386
100,128,228,0.4453125,-0.12280702
88,133,221,0.43164062,-0.20361991
105,122,227,0.44335938,-0.074889868
101,120,221,0.43164062,-0.085972851
129,94,223,0.43554688,0.15695067
120,110,230,0.44921875,0.043478261
145,100,245,0.47851562,0.18367347
39,192,231,0.45117188,-0.66233766
155,80,235,0.45898438,0.31914894
80,142,222,0.43359375,-0.27927928
92,141,233,0.45507812,-0.21030043
96,147,243,0.47460938,-0.20987654
130,95,225,0.43945312,0.15555556
107,119,226,0.44140625,-0.053097345
51,185,236,0.4609375,-0.56779661
111,115,226,0.44140625,-0.017699115
120,117,237,0.46289062,0.012658228
105,119,224,0.4375,-0.0625
120,114,234,0.45703125,0.025641026
87,148,235,0.45898438,-0.25957447
136,105,241,0.47070312,0.12863071
97,115,212,0.4140625,-0.08490566
98,131,229,0.44726562,-0.1441048
99,134,233,0.45507812,-0.15021459
133,106,239,0.46679688,0.11297071
84,146,230,0.44921875,-0.26956522
89,142,231,0.45117188,-0.22943723
127,105,232,0.453125,0.094827586
106,132,238,0.46484375,-0.1092437
110,136,246,0.48046875,-0.10569106
152,74,226,0.44140625,0.34513274
118,124,242,0.47265625,-0.024793388
47,194,241,0.47070312,-0.60995851
141,91,232,0.453125,0.21551724
48,184,232,0.453125,-0.5862069
121,116,237,0.46289062,0.021097046
127,106,233,0.45507812,0.090128755
102,142,244,0.4765625,-0.16393443
198,33,231,0.45117188,0.71428571
96,120,216,0.421875,-0.11111111
119,104,223,0.43554688,0.067264574
84,138,222,0.43359375,-0.24324324
91,142,233,0.45507812,-0.21888412
82,147,229,0.44726562,-0.28384279
151,71,222,0.43359375,0.36036036
120,97,217,0.42382812,0.10599078
95,122,217,0.42382812,-0.12442396
142,84,226,0.44140625,0.25663717
92,135,227,0.44335938,-0.18942731
95,139,234,0.45703125,-0.18803419
151,62,213,0.41601562,0.41784038
101,134,235,0.45898438,-0.14042553
101,139,240,0.46875,-0.15833333
107,132,239,0.46679688,-0.10460251
54,186,240,0.46875,-0.55
115,110,225,0.43945312,0.022222222
93,136,229,0.44726562,-0.18777293
133,107,240,0.46875,0.10833333
110,108,218,0.42578125,0.0091743119
99,121,220,0.4296875,-0.1
93,141,234,0.45703125,-0.20512821
91,135,226,0.44140625,-0.19469027
116,105,221,0.43164062,0.049773756
100,133,233,0.45507812,-0.1416309
70,160,230,0.44921875,-0.39130435
104,137,241,0.47070312,-0.13692946
118,111,229,0.44726562,0.030567686
118,124,242,0.47265625,-0.024793388
143,89,232,0.453125,0.23275862
113,125,238,0.46484375,-0.050420168
65,163,228,0.4453125,-0.42982456
113,130,243,0.47460938,-0.069958848
119,99,218,0.42578125,0.091743119
141,84,225,0.43945312,0.25333333
122,104,226,0.44140625,0.079646018
70,162,232,0.453125,-0.39655172
129,101,230,0.44921875,0.12173913
115,103,218,0.42578125,0.055045872
123,113,236,0.4609375,0.042372881
102,137,239,0.46679688,-0.14644351
106,123,229,0.44726562,-0.074235808
62,165,227,0.44335938,-0.45374449
85,137,222,0.43359375,-0.23423423
118,116,234,0.45703125,0.0085470085
53,181,234,0.45703125,-0.54700855
107,122,229,0.44726562,-0.065502183
111,127,238,0.46484375,-0.067226891
131,91,222,0.43359375,0.18018018
116,119,235,0.45898438,-0.012765957
108,114,222,0.43359375,-0.027027027
87,150,237,0.46289062,-0.26582278
146,85,231,0.45117188,0.26406926
130,103,233,0.45507812,0.11587983
96,117,213,0.41601562,-0.098591549
137,93,230,0.44921875,0.19130435
84,148,232,0.453125,-0.27586207
119,106,225,0.43945312,0.057777778
68,171,239,0.46679688,-0.43096234
120,113,233,0.45507812,0.030042918
114,115,229,0.44726562,-0.0043668122
120,98,218,0.42578125,0.10091743
144,92,236,0.4609375,0.22033898
125,117,242,0.47265625,0.033057851
90,135,225,0.43945312,-0.2
124,115,239,0.46679688,0.037656904
134,86,220,0.4296875,0.21818182
159,69,228,0.4453125,0.39473684
93,149,242,0.47265625,-0.23140496
117,103,220,0.4296875,0.063636364
90,128,218,0.42578125,-0.17431193
109,112,221,0.43164062,-0.013574661
125,116,241,0.47070312,0.037344398
85,136,221,0.43164062,-0.23076923
104,128,232,0.453125,-0.10344828
91,138,229,0.44726562,-0.20524017
142,83,225,0.43945312,0.26222222
158,81,239,0.46679688,0.32217573
101,129,230,0.44921875,-0.12173913
108,110,218,0.42578125,-0.0091743119
161,68,229,0.44726562,0.40611354
111,112,223,0.43554688,-0.0044843049
111,133,244,0.4765625,-0.090163934
79,148,227,0.44335938,-0.30396476
107,121,228,0.4453125,-0.061403509
94,132,226,0.44140625,-0.16814159
101,120,221,0.43164062,-0.085972851
100,132,232,0.453125,-0.13793103
90,121,211,0.41210938,-0.14691943
121,102,223,0.43554688,0.085201794
163,67,230,0.44921875,0.4173913
148,81,229,0.44726562,0.29257642
140,92,232,0.453125,0.20689655
86,145,231,0.45117188,-0.25541126
95,130,225,0.43945312,-0.15555556
61,183,244,0.4765625,-0.5
99,131,230,0.44921875,-0.13913043
120,100,220,0.4296875,0.090909091
144,79,223,0.43554688,0.29147982
91,140,231,0.45117188,-0.21212121
53,178,231,0.45117188,-0.54112554
126,96,222,0.43359375,0.13513514
138,92,230,0.44921875,0.2
104,116,220,0.4296875,-0.054545455
81,149,230,0.44921875,-0.29565217
107,114,221,0.43164062,-0.031674208
110,118,228,0.4453125,-0.035087719
159,74,233,0.45507812,0.36480687
104,119,223,0.43554688,-0.067264574
132,102,234,0.45703125,0.12820513
67,167,234,0.45703125,-0.42735043
122,96,218,0.42578125,0.11926606
109,111,220,0.4296875,-0.0090909091
124,92,216,0.421875,0.14814815
134,87,221,0.43164062,0.21266968
98,127,225,0.43945312,-0.12888889
91,142,233,0.45507812,-0.21888412
126,88,214,0.41796875,0.17757009
139,96,235,0.45898438,0.18297872
84,147,231,0.45117188,-0.27272727
103,141,244,0.4765625,-0.1557377
137,93,230,0.44921875,0.19130435
81,142,223,0.43554688,-0.2735426
136,85,221,0.43164062,0.23076923
133,103,236,0.4609375,0.12711864
139,92,231,0.45117188,0.2034632
149,76,225,0.43945312,0.32444444
162,61,223,0.43554688,0.4529148
141,86,227,0.44335938,0.24229075
83,151,234,0.45703125,-0.29059829
107,122,229,0.44726562,-0.065502183
95,135,230,0.44921875,-0.17391304
100,128,228,0.4453125,-0.12280702
97,126,223,0.43554688,-0.13004484
73,153,226,0.44140625,-0.3539823
108,128,236,0.4609375,-0.084745763
92,113,205,0.40039062,-0.10243902
93,141,234,0.45703125,-0.20512821
101,136,237,0.46289062,-0.14767932
121,119,240,0.46875,0.0083333333
127,87,214,0.41796875,0.18691589
129,97,226,0.44140625,0.14159292
148,95,243,0.47460938,0.218107
154,93,247,0.48242188,0.24696356
111,109,220,0.4296875,0.0090909091
47,188,235,0.45898438,-0.6
127,108,235,0.45898438,0.080851064
110,121,231,0.45117188,-0.047619048
92,144,236,0.4609375,-0.22033898
124,98,222,0.43359375,0.11711712
165,68,233,0.45507812,0.41630901
120,107,227,0.44335938,0.057268722
108,101,209,0.40820312,0.033492823
150,88,238,0.46484375,0.2605042
148,81,229,0.44726562,0.29257642
204,35,239,0.46679688,0.70711297
118,105,223,0.43554688,0.058295964
156,84,240,0.46875,0.3
92,137,229,0.44726562,-0.19650655
168,70,238,0.46484375,0.41176471
114,120,234,0.45703125,-0.025641026
119,100,219,0.42773438,0.086757991
135,110,245,0.47851562,0.10204082
90,138,228,0.4453125,-0.21052632
119,113,232,0.453125,0.025862069
116,97,213,0.41601562,0.089201878
156,60,216,0.421875,0.44444444
99,120,219,0.42773438,-0.095890411
118,108,226,0.44140625,0.044247788
139,92,231,0.45117188,0.2034632
125,113,238,0.46484375,0.050420168
61,171,232,0.453125,-0.47413793
95,133,228,0.4453125,-0.16666667
91,142,233,0.45507812,-0.21888412
124,87,211,0.41210938,0.17535545
56,164,220,0.4296875,-0.49090909
86,156,242,0.47265625,-0.2892562
149,69,218,0.42578125,0.36697248
144,82,226,0.44140625,0.27433628
92,124,216,0.421875,-0.14814815
154,71,225,0.43945312,0.36888889
162,69,231,0.45117188,0.4025974
130,93,223,0.43554688,0.16591928
92,139,231,0.45117188,-0.2034632
171,62,233,0.45507812,0.46781116
67,152,219,0.42773438,-0.38812785
103,122,225,0.43945312,-0.084444444
123,84,207,0.40429688,0.1884058
110,138,248,0.484375,-0.11290323
73,148,221,0.43164062,-0.33936652
113,118,231,0.45117188,-0.021645022
63,162,225,0.43945312,-0.44
125,108,233,0.45507812,0.072961373
69,165,234,0.45703125,-0.41025641
185,55,240,0.46875,0.54166667
116,105,221,0.43164062,0.049773756
136,92,228,0.4453125,0.19298246
119,118,237,0.46289062,0.0042194093
157,66,223,0.43554688,0.40807175
166,65,231,0.45117188,0.43722944
164,70,234,0.45703125,0.4017094
105,132,237,0.46289062,-0.11392405
89,137,226,0.44140625,-0.21238938
118,105,223,0.43554688,0.058295964
98,123,221,0.43164062,-0.11312217
107,126,233,0.45507812,-0.081545064
135,92,227,0.44335938,0.18942731
185,46,231,0.45117188,0.6017316
81,138,219,0.42773438,-0.26027397
39,194,233,0.45507812,-0.66523605
101,134,235,0.45898438,-0.14042553
122,111,233,0.45507812,0.0472103
103,128,231,0.45117188,-0.10822511
92,133,225,0.43945312,-0.18222222
110,115,225,0.43945312,-0.022222222
94,136,230,0.44921875,-0.1826087
139,88,227,0.44335938,0.2246696
118,105,223,0.43554688,0.058295964
133,101,234,0.45703125,0.13675214
124,111,235,0.45898438,0.055319149
104,127,231,0.45117188,-0.0995671
161,70,231,0.45117188,0.39393939
159,66,225,0.43945312,0.41333333
93,125,218,0.42578125,-0.14678899
150,89,239,0.46679688,0.25523013
90,130,220,0.4296875,-0.18181818
133,92,225,0.43945312,0.18222222
117,120,237,0.46289062,-0.012658228
89,128,217,0.42382812,-0.1797235
145,95,240,0.46875,0.20833333
151,92,243,0.47460938,0.24279835
59,175,234,0.45703125,-0.4957265
82,140,222,0.43359375,-0.26126126
128,104,232,0.453125,0.10344828
141,98,239,0.46679688,0.17991632
65,170,235,0.45898438,-0.44680851
118,120,238,0.46484375,-0.0084033613
132,98,230,0.44921875,0.14782609
92,119,211,0.41210938,-0.12796209
161,76,237,0.46289062,0.35864979
82,152,234,0.45703125,-0.2991453
161,66,227,0.44335938,0.4185022
137,83,220,0.4296875,0.24545455
150,82,232,0.453125,0.29310345
115,114,229,0.44726562,0.0043668122
112,122,234,0.45703125,-0.042735043
62,168,230,0.44921875,-0.46086957
109,122,231,0.45117188,-0.056277056
74,146,220,0.4296875,-0.32727273
91,131,222,0.43359375,-0.18018018
131,105,236,0.4609375,0.11016949
73,154,227,0.44335938,-0.35682819
115,106,221,0.43164062,0.040723982
100,115,215,0.41992188,-0.069767442
148,86,234,0.45703125,0.26495726
125,108,233,0.45507812,0.072961373
112,135,247,0.48242188,-0.093117409
78,156,234,0.45703125,-0.33333333
142,100,242,0.47265625,0.17355372
108,123,231,0.45117188,-0.064935065
206,27,233,0.45507812,0.76824034
120,118,238,0.46484375,0.0084033613
118,120,238,0.46484375,-0.0084033613
115,115,230,0.44921875,0
123,94,217,0.42382812,0.13364055
84,140,224,0.4375,-0.25
150,75,225,0.43945312,0.33333333
143,94,237,0.46289062,0.20675105
139,80,219,0.42773438,0.26940639
119,106,225,0.43945312,0.057777778
117,97,214,0.41796875,0.093457944
95,147,242,0.47265625,-0.21487603
150,71,221,0.43164062,0.35746606
130,89,219,0.42773438,0.18721461
126,102,228,0.4453125,0.10526316
104,138,242,0.47265625,-0.14049587
112,125,237,0.46289062,-0.054852321
140,95,235,0.45898438,0.19148936
124,107,231,0.45117188,0.073593074
117,111,228,0.4453125,0.026315789
137,98,235,0.45898438,0.16595745
137,98,235,0.45898438,0.16595745
134,94,228,0.4453125,0.1754386
74,153,227,0.44335938,-0.34801762
149,79,228,0.4453125,0.30701754
122,96,218,0.42578125,0.11926606
138,97,235,0.45898438,0.17446809
183,46,229,0.44726562,0.59825328
86,149,235,0.45898438,-0.26808511
141,98,239,0.46679688,0.17991632
166,66,232,0.453125,0.43103448
88,132,220,0.4296875,-0.2
116,113,229,0.44726562,0.013100437
116,116,232,0.453125,0
73,135,208,0.40625,-0.29807692
128,118,246,0.48046875,0.040650407
126,101,227,0.44335938,0.11013216
102,125,227,0.44335938,-0.10132159
133,93,226,0.44140625,0.17699115
98,127,225,0.43945312,-0.12888889
72,140,212,0.4140625,-0.32075472
79,161,240,0.46875,-0.34166667
95,122,217,0.42382812,-0.12442396
103,130,233,0.45507812,-0.11587983
130,97,227,0.44335938,0.14537445
116,107,223,0.43554688,0.040358744
122,110,232,0.453125,0.051724138
133,104,237,0.46289062,0.12236287
116,111,227,0.44335938,0.022026432
118,116,234,0.45703125,0.0085470085
102,124,226,0.44140625,-0.097345133
162,71,233,0.45507812,0.39055794
121,113,234,0.45703125,0.034188034
113,115,228,0.4453125,-0.0087719298
87,134,221,0.43164062,-0.21266968
119,116,235,0.45898438,0.012765957
75,144,219,0.42773438,-0.31506849
165,86,251,0.49023438,0.31474104
95,134,229,0.44726562,-0.17030568
129,99,228,0.4453125,0.13157895
160,74,234,0.45703125,0.36752137
109,110,219,0.42773438,-0.00456621
77,157,234,0.45703125,-0.34188034
94,138,232,0.453125,-0.18965517
152,93,245,0.47851562,0.24081633
90,145,235,0.45898438,-0.23404255
67,148,215,0.41992188,-0.37674419
97,110,207,0.40429688,-0.062801932
120,108,228,0.4453125,0.052631579
126,102,228,0.4453125,0.10526316
125,100,225,0.43945312,0.11111111
128,98,226,0.44140625,0.13274336
107,125,232,0.453125,-0.077586207
141,93,234,0.45703125,0.20512821
145,88,233,0.45507812,0.24463519
132,100,232,0.453125,0.13793103
113,122,235,0.45898438,-0.038297872
173,62,235,0.45898438,0.47234043
107,113,220,0.4296875,-0.027272727
113,106,219,0.42773438,0.03196347
152,65,217,0.42382812,0.40092166
125,88,213,0.41601562,0.17370892
126,106,232,0.453125,0.086206897
108,113,221,0.43164062,-0.022624434
78,153,231,0.45117188,-0.32467532
177,61,238,0.46484375,0.48739496
109,127,236,0.4609375,-0.076271186
134,89,223,0.43554688,0.20179372
96,115,211,0.41210938,-0.090047393
148,84,232,0.453125,0.27586207
113,120,233,0.45507812,-0.030042918
137,81,218,0.42578125,0.25688073
82,155,237,0.46289062,-0.30801688
127,96,223,0.43554688,0.13901345
112,92,204,0.3984375,0.098039216
139,77,216,0.421875,0.28703704
110,116,226,0.44140625,-0.026548673
84,135,219,0.42773438,-0.23287671
113,98,211,0.41210938,0.071090047
134,110,244,0.4765625,0.098360656
161,58,219,0.42773438,0.47031963
154,71,225,0.43945312,0.36888889
79,149,228,0.4453125,-0.30701754
88,137,225,0.43945312,-0.21777778
115,113,228,0.4453125,0.0087719298
81,150,231,0.45117188,-0.2987013
132,94,226,0.44140625,0.16814159
67,172,239,0.46679688,-0.43933054
101,112,213,0.41601562,-0.051643192
93,136,229,0.44726562,-0.18777293
99,126,225,0.43945312,-0.12
90,135,225,0.43945312,-0.2
158,73,231,0.45117188,0.36796537
76,145,221,0.43164062,-0.31221719
105,120,225,0.43945312,-0.066666667
138,102,240,0.46875,0.15
43,178,221,0.43164062,-0.61085973
99,138,237,0.46289062,-0.16455696
56,163,219,0.42773438,-0.48858447
106,107,213,0.41601562,-0.0046948357
101,126,227,0.44335938,-0.11013216
123,115,238,0.46484375,0.033613445
118,97,215,0.41992188,0.097674419
111,125,236,0.4609375,-0.059322034
145,96,241,0.47070312,0.2033195
101,121,222,0.43359375,-0.09009009
65,173,238,0.46484375,-0.45378151
115,131,246,0.48046875,-0.06504065
191,53,244,0.4765625,0.56557377
108,119,227,0.44335938,-0.04845815
132,96,228,0.4453125,0.15789474
126,107,233,0.45507812,0.081545064
148,89,237,0.46289062,0.24894515
118,103,221,0.43164062,0.067873303
80,141,221,0.43164062,-0.2760181
126,106,232,0.453125,0.086206897
73,147,220,0.4296875,-0.33636364
108,103,211,0.41210938,0.023696682
120,104,224,0.4375,0.071428571
138,108,246,0.48046875,0.12195122
130,89,219,0.42773438,0.18721461
74,157,231,0.45117188,-0.35930736
109,127,236,0.4609375,-0.076271186
156,95,251,0.49023438,0.24302789
31,203,234,0.45703125,-0.73504274
105,114,219,0.42773438,-0.04109589
152,75,227,0.44335938,0.33920705
115,98,213,0.41601562,0.079812207
136,85,221,0.43164062,0.23076923
90,147,237,0.46289062,-0.24050633
96,139,235,0.45898438,-0.18297872
126,84,210,0.41015625,0.2
49,189,238,0.46484375,-0.58823529
142,101,243,0.47460938,0.16872428
106,110,216,0.421875,-0.018518519
154,85,239,0.46679688,0.28870293
104,120,224,0.4375,-0.071428571
113,121,234,0.45703125,-0.034188034
151,92,243,0.47460938,0.24279835
93,132,225,0.43945312,-0.17333333
149,90,239,0.46679688,0.24686192
118,106,224,0.4375,0.053571429
125,121,246,0.48046875,0.016260163
82,147,229,0.44726562,-0.28384279
100,123,223,0.43554688,-0.10313901
95,137,232,0.453125,-0.18103448
52,179,231,0.45117188,-0.54978355
102,132,234,0.45703125,-0.12820513
149,86,235,0.45898438,0.26808511
140,88,228,0.4453125,0.22807018
96,138,234,0.45703125,-0.17948718
93,125,218,0.42578125,-0.14678899
153,95,248,0.484375,0.23387097
136,100,236,0.4609375,0.15254237
107,109,216,0.421875,-0.0092592593
95,127,222,0.43359375,-0.14414414
126,98,224,0.4375,0.125
137,96,233,0.45507812,0.17596567
131,94,225,0.43945312,0.16444444
144,83,227,0.44335938,0.26872247
68,157,225,0.43945312,-0.39555556
50,182,232,0.453125,-0.56896552
103,129,232,0.453125,-0.11206897
89,147,236,0.4609375,-0.24576271
98,128,226,0.44140625,-0.13274336
152,82,234,0.45703125,0.2991453
94,133,227,0.44335938,-0.17180617
87,142,229,0.44726562,-0.24017467
127,112,239,0.46679688,0.062761506
93,127,220,0.4296875,-0.15454545
129,102,231,0.45117188,0.11688312
101,131,232,0.453125,-0.12931034
154,69,223,0.43554688,0.38116592
135,88,223,0.43554688,0.21076233
137,91,228,0.4453125,0.20175439
119,117,236,0.4609375,0.0084745763
138,107,245,0.47851562,0.12653061
97,133,230,0.44921875,-0.15652174
108,118,226,0.44140625,-0.044247788
111,138,249,0.48632812,-0.10843373
106,119,225,0.43945312,-0.057777778
108,124,232,0.453125,-0.068965517
115,109,224,0.4375,0.026785714
135,91,226,0.44140625,0.19469027
88,148,236,0.4609375,-0.25423729
79,142,221,0.43164062,-0.28506787
131,91,222,0.43359375,0.18018018
134,99,233,0.45507812,0.15021459
110,111,221,0.43164062,-0.0045248869
122,118,240,0.46875,0.016666667
129,96,225,0.43945312,0.14666667
113,104,217,0.42382812,0.041474654
120,105,225,0.43945312,0.066666667
131,100,231,0.45117188,0.13419913
145,76,221,0.43164062,0.31221719
68,163,231,0.45117188,-0.41125541
92,139,231,0.45117188,-0.2034632
129,101,230,0.44921875,0.12173913
90,141,231,0.45117188,-0.22077922
86,131,217,0.42382812,-0.20737327
108,122,230,0.44921875,-0.060869565
156,74,230,0.44921875,0.35652174
112,110,222,0.43359375,0.009009009
137,84,221,0.43164062,0.239819
124,110,234,0.45703125,0.05982906
69,171,240,0.46875,-0.425
117,123,240,0.46875,-0.025
130,95,225,0.43945312,0.15555556
109,111,220,0.4296875,-0.0090909091
102,124,226,0.44140625,-0.097345133
138,101,239,0.46679688,0.15481172
159,70,229,0.44726562,0.38864629
139,102,241,0.47070312,0.15352697
151,75,226,0.44140625,0.33628319
177,62,239,0.46679688,0.48117155
112,123,235,0.45898438,-0.046808511
79,140,219,0.42773438,-0.27853881
42,170,212,0.4140625,-0.60377358
94,147,241,0.47070312,-0.21991701
140,101,241,0.47070312,0.16182573
129,100,229,0.44726562,0.12663755
140,102,242,0.47265625,0.15702479
107,127,234,0.45703125,-0.085470085
123,103,226,0.44140625,0.088495575
148,97,245,0.47851562,0.20816327
92,132,224,0.4375,-0.17857143
153,86,239,0.46679688,0.28033473
98,135,233,0.45507812,-0.15879828
195,33,228,0.4453125,0.71052632
114,117,231,0.45117188,-0.012987013
103,129,232,0.453125,-0.11206897
120,103,223,0.43554688,0.076233184
121,113,234,0.45703125,0.034188034
112,115,227,0.44335938,-0.013215859
99,139,238,0.46484375,-0.16806723
113,106,219,0.42773438,0.03196347
145,88,233,0.45507812,0.24463519
76,154,230,0.44921875,-0.33913043
130,89,219,0.42773438,0.18721461
119,97,216,0.421875,0.10185185
114,117,231,0.45117188,-0.012987013
121,115,236,0.4609375,0.025423729
156,69,225,0.43945312,0.38666667
132,92,224,0.4375,0.17857143
107,117,224,0.4375,-0.044642857
122,101,223,0.43554688,0.094170404
91,130,221,0.43164062,-0.17647059
126,100,226,0.44140625,0.11504425
100,131,231,0.45117188,-0.13419913
87,129,216,0.421875,-0.19444444
81,149,230,0.44921875,-0.29565217
116,106,222,0.43359375,0.045045045
128,101,229,0.44726562,0.11790393
132,84,216,0.421875,0.22222222
126,107,233,0.45507812,0.081545064
118,110,228,0.4453125,0.035087719
63,175,238,0.46484375,-0.47058824
70,167,237,0.46289062,-0.4092827
108,120,228,0.4453125,-0.052631579
138,94,232,0.453125,0.18965517
79,140,219,0.42773438,-0.27853881
123,103,226,0.44140625,0.088495575
84,147,231,0.45117188,-0.27272727
101,119,220,0.4296875,-0.081818182
114,106,220,0.4296875,0.036363636
107,128,235,0.45898438,-0.089361702
74,166,240,0.46875,-0.38333333
126,98,224,0.4375,0.125
134,99,233,0.45507812,0.15021459
158,89,247,0.48242188,0.27935223
124,100,224,0.4375,0.10714286
82,155,237,0.46289062,-0.30801688
110,139,249,0.48632812,-0.11646586
70,165,235,0.45898438,-0.40425532
111,131,242,0.47265625,-0.082644628
173,64,237,0.46289062,0.45991561
95,147,242,0.47265625,-0.21487603
74,146,220,0.4296875,-0.32727273
159,78,237,0.46289062,0.34177215
96,127,223,0.43554688,-0.13901345
130,93,223,0.43554688,0.16591928
121,104,225,0.43945312,0.075555556
124,103,227,0.44335938,0.092511013
94,135,229,0.44726562,-0.1790393
126,116,242,0.47265625,0.041322314
110,113,223,0.43554688,-0.013452915
156,68,224,0.4375,0.39285714
63,175,238,0.46484375,-0.47058824
90,143,233,0.45507812,-0.22746781
173,58,231,0.45117188,0.4978355
67,168,235,0.45898438,-0.42978723
72,159,231,0.45117188,-0.37662338
119,120,239,0.46679688,-0.0041841004
82,147,229,0.44726562,-0.28384279
133,102,235,0.45898438,0.13191489
157,77,234,0.45703125,0.34188034
151,75,226,0.44140625,0.33628319
102,135,237,0.46289062,-0.13924051
85,133,218,0.42578125,-0.22018349
83,132,215,0.41992188,-0.22790698
130,99,229,0.44726562,0.13537118
159,67,226,0.44140625,0.40707965
109,118,227,0.44335938,-0.039647577
124,110,234,0.45703125,0.05982906
150,81,231,0.45117188,0.2987013
109,131,240,0.46875,-0.091666667
133,109,242,0.47265625,0.099173554
146,72,218,0.42578125,0.33944954
117,116,233,0.45507812,0.0042918455
109,116,225,0.43945312,-0.031111111
100,124,224,0.4375,-0.10714286
105,127,232,0.453125,-0.094827586
91,125,216,0.421875,-0.15740741
106,117,223,0.43554688,-0.049327354
103,125,228,0.4453125,-0.096491228
124,91,215,0.41992188,0.15348837
111,121,232,0.453125,-0.043103448
94,130,224,0.4375,-0.16071429
149,74,223,0.43554688,0.33632287
150,72,222,0.43359375,0.35135135
138,80,218,0.42578125,0.26605505
131,100,231,0.45117188,0.13419913
94,132,226,0.44140625,-0.16814159
103,120,223,0.43554688,-0.076233184
147,104,251,0.49023438,0.17131474
119,102,221,0.43164062,0.076923077
153,72,225,0.43945312,0.36
165,66,231,0.45117188,0.42857143
109,124,233,0.45507812,-0.064377682
71,150,221,0.43164062,-0.35746606
81,138,219,0.42773438,-0.26027397
102,125,227,0.44335938,-0.10132159
105,120,225,0.43945312,-0.066666667
153,74,227,0.44335938,0.34801762
147,81,228,0.4453125,0.28947368
120,103,223,0.43554688,0.076233184
96,143,239,0.46679688,-0.19665272
108,120,228,0.4453125,-0.052631579
141,101,242,0.47265625,0.16528926
153,81,234,0.45703125,0.30769231
96,140,236,0.4609375,-0.18644068
117,118,235,0.45898438,-0.0042553191
140,92,232,0.453125,0.20689655
99,126,225,0.43945312,-0.12
147,90,237,0.46289062,0.24050633
147,82,229,0.44726562,0.28384279
69,162,231,0.45117188,-0.4025974
120,108,228,0.4453125,0.052631579
123,103,226,0.44140625,0.088495575
124,115,239,0.46679688,0.037656904
98,134,232,0.453125,-0.15517241
121,102,223,0.43554688,0.085201794
106,99,205,0.40039062,0.034146341
108,117,225,0.43945312,-0.04
101,135,236,0.4609375,-0.1440678
83,154,237,0.46289062,-0.29957806
92,135,227,0.44335938,-0.18942731
173,57,230,0.44921875,0.50434783
182,56,238,0.46484375,0.52941176
119,106,225,0.43945312,0.057777778
138,80,218,0.42578125,0.26605505
115,107,222,0.43359375,0.036036036
136,112,248,0.484375,0.096774194
99,138,237,0.46289062,-0.16455696
144,89,233,0.45507812,0.2360515
130,91,221,0.43164062,0.17647059
119,111,230,0.44921875,0.034782609
124,106,230,0.44921875,0.07826087
142,85,227,0.44335938,0.25110132
95,133,228,0.4453125,-0.16666667
142,105,247,0.48242188,0.14979757
132,101,233,0.45507812,0.13304721
109,122,231,0.45117188,-0.056277056
59,168,227,0.44335938,-0.48017621
126,115,241,0.47070312,0.045643154
122,96,218,0.42578125,0.11926606
170,75,245,0.47851562,0.3877551
71,167,238,0.46484375,-0.40336134
109,120,229,0.44726562,-0.048034934
97,130,227,0.44335938,-0.14537445
104,126,230,0.44921875,-0.095652174
110,113,223,0.43554688,-0.013452915
147,83,230,0.44921875,0.27826087
110,119,229,0.44726562,-0.03930131
69,173,242,0.47265625,-0.42975207
110,113,223,0.43554688,-0.013452915
140,79,219,0.42773438,0.27853881
86,137,223,0.43554688,-0.22869955
109,116,225,0.43945312,-0.031111111
87,137,224,0.4375,-0.22321429
131,110,241,0.47070312,0.087136929
105,115,220,0.4296875,-0.045454545
145,92,237,0.46289062,0.22362869
170,62,232,0.453125,0.46551724
85,136,221,0.43164062,-0.23076923
135,81,216,0.421875,0.25
121,116,237,0.46289062,0.021097046
172,61,233,0.45507812,0.47639485
139,81,220,0.4296875,0.26363636
74,164,238,0.46484375,-0.37815126
103,101,204,0.3984375,0.0098039216
145,86,231,0.45117188,0.25541126
104,122,226,0.44140625,-0.079646018
90,135,225,0.43945312,-0.2
107,125,232,0.453125,-0.077586207
140,96,236,0.4609375,0.18644068
106,108,214,0.41796875,-0.0093457944
98,142,240,0.46875,-0.18333333
136,96,232,0.453125,0.17241379
95,132,227,0.44335938,-0.16299559
143,86,229,0.44726562,0.2489083
92,117,209,0.40820312,-0.11961722
98,134,232,0.453125,-0.15517241
90,131,221,0.43164062,-0.18552036
121,113,234,0.45703125,0.034188034
128,104,232,0.453125,0.10344828
178,54,232,0.453125,0.53448276
153,87,240,0.46875,0.275
129,109,238,0.46484375,0.084033613
107,121,228,0.4453125,-0.061403509
73,151,224,0.4375,-0.34821429
116,103,219,0.42773438,0.059360731
103,122,225,0.43945312,-0.084444444
159,74,233,0.45507812,0.36480687
74,163,237,0.46289062,-0.37552743
158,68,226,0.44140625,0.39823009
80,147,227,0.44335938,-0.29515419
156,87,243,0.47460938,0.28395062
73,137,210,0.41015625,-0.3047619
115,111,226,0.44140625,0.017699115
161,73,234,0.45703125,0.37606838
80,138,218,0.42578125,-0.26605505
79,139,218,0.42578125,-0.27522936
89,146,235,0.45898438,-0.24255319
96,142,238,0.46484375,-0.19327731
108,122,230,0.44921875,-0.060869565
142,86,228,0.4453125,0.24561404
108,109,217,0.42382812,-0.0046082949
159,64,223,0.43554688,0.42600897
76,146,222,0.43359375,-0.31531532
123,104,227,0.44335938,0.083700441
112,134,246,0.48046875,-0.089430894
83,147,230,0.44921875,-0.27826087
115,122,237,0.46289062,-0.029535865
117,99,216,0.421875,0.083333333
110,106,216,0.421875,0.018518519
142,95,237,0.46289062,0.19831224
138,79,217,0.42382812,0.2718894
108,124,232,0.453125,-0.068965517
83,160,243,0.47460938,-0.31687243
146,87,233,0.45507812,0.25321888
132,97,229,0.44726562,0.15283843
110,119,229,0.44726562,-0.03930131
84,133,217,0.42382812,-0.22580645
63,155,218,0.42578125,-0.42201835
140,88,228,0.4453125,0.22807018
107,119,226,0.44140625,-0.053097345
163,67,230,0.44921875,0.4173913
101,135,236,0.4609375,-0.1440678
127,106,233,0.45507812,0.090128755
81,137,218,0.42578125,-0.25688073
161,88,249,0.48632812,0.29317269
107,119,226,0.44140625,-0.053097345
98,121,219,0.42773438,-0.10502283
85,146,231,0.45117188,-0.26406926
124,104,228,0.4453125,0.087719298
77,139,216,0.421875,-0.28703704
118,119,237,0.46289062,-0.0042194093
109,130,239,0.46679688,-0.087866109
129,117,246,0.48046875,0.048780488
125,99,224,0.4375,0.11607143
104,115,219,0.42773438,-0.050228311
125,111,236,0.4609375,0.059322034
123,106,229,0.44726562,0.074235808
90,137,227,0.44335938,-0.20704846
106,125,231,0.45117188,-0.082251082
122,102,224,0.4375,0.089285714
83,130,213,0.41601562,-0.22065728
125,108,233,0.45507812,0.072961373
76,163,239,0.46679688,-0.36401674
147,80,227,0.44335938,0.29515419
124,110,234,0.45703125,0.05982906
124,98,222,0.43359375,0.11711712
106,128,234,0.45703125,-0.094017094
120,106,226,0.44140625,0.061946903
190,51,241,0.47070312,0.57676349
99,127,226,0.44140625,-0.12389381
167,62,229,0.44726562,0.45851528
143,79,222,0.43359375,0.28828829
99,123,222,0.43359375,-0.10810811
120,100,220,0.4296875,0.090909091
151,83,234,0.45703125,0.29059829
98,119,217,0.42382812,-0.096774194
150,88,238,0.46484375,0.2605042
145,88,233,0.45507812,0.24463519
142,97,239,0.46679688,0.18828452
138,92,230,0.44921875,0.2
142,91,233,0.45507812,0.21888412
103,119,222,0.43359375,-0.072072072
115,108,223,0.43554688,0.031390135
78,155,233,0.45507812,-0.3304721
149,79,228,0.4453125,0.30701754
118,117,235,0.45898438,0.0042553191
163,74,237,0.46289062,0.37552743
121,100,221,0.43164062,0.095022624
101,136,237,0.46289062,-0.14767932
117,115,232,0.453125,0.0086206897
165,79,244,0.4765625,0.35245902
125,96,221,0.43164062,0.13122172
147,90,237,0.46289062,0.24050633
134,93,227,0.44335938,0.18061674
163,68,231,0.45117188,0.41125541
87,152,239,0.46679688,-0.27196653
76,158,234,0.45703125,-0.35042735
127,101,228,0.4453125,0.11403509
123,125,248,0.484375,-0.0080645161
96,125,221,0.43164062,-0.13122172
90,128,218,0.42578125,-0.17431193
79,137,216,0.421875,-0.26851852
173,53,226,0.44140625,0.53097345
134,87,221,0.43164062,0.21266968
130,82,212,0.4140625,0.22641509
74,152,226,0.44140625,-0.34513274
142,96,238,0.46484375,0.19327731
141,107,248,0.484375,0.13709677
116,114,230,0.44921875,0.0086956522
83,141,224,0.4375,-0.25892857
116,122,238,0.46484375,-0.025210084
87,118,205,0.40039062,-0.15121951
111,130,241,0.47070312,-0.078838174
143,93,236,0.4609375,0.21186441
72,159,231,0.45117188,-0.37662338
107,118,225,0.43945312,-0.048888889
100,124,224,0.4375,-0.10714286
93,139,232,0.453125,-0.19827586
124,89,213,0.41601562,0.16431925
157,80,237,0.46289062,0.32489451
115,114,229,0.44726562,0.0043668122
107,111,218,0.42578125,-0.018348624
130,108,238,0.46484375,0.092436975
125,116,241,0.47070312,0.037344398
105,120,225,0.43945312,-0.066666667
114,112,226,0.44140625,0.0088495575
135,116,251,0.49023438,0.075697211
112,119,231,0.45117188,-0.03030303
165,74,239,0.46679688,0.38075314
113,111,224,0.4375,0.0089285714
123,121,244,0.4765625,0.0081967213
110,119,229,0.44726562,-0.03930131
136,88,224,0.4375,0.21428571
137,83,220,0.4296875,0.24545455
152,70,222,0.43359375,0.36936937
138,86,224,0.4375,0.23214286
96,136,232,0.453125,-0.17241379
143,104,247,0.48242188,0.15789474
108,103,211,0.41210938,0.023696682
95,136,231,0.45117188,-0.17748918
126,109,235,0.45898438,0.072340426
167,61,228,0.4453125,0.46491228
104,119,223,0.43554688,-0.067264574
43,195,238,0.46484375,-0.63865546
58,183,241,0.47070312,-0.5186722
78,137,215,0.41992188,-0.2744186
75,140,215,0.41992188,-0.30232558
146,80,226,0.44140625,0.2920354
107,127,234,0.45703125,-0.085470085
73,151,224,0.4375,-0.34821429
107,123,230,0.44921875,-0.069565217
102,126,228,0.4453125,-0.10526316
109,121,230,0.44921875,-0.052173913
151,93,244,0.4765625,0.23770492
123,93,216,0.421875,0.13888889
113,112,225,0.43945312,0.0044444444
110,124,234,0.45703125,-0.05982906
90,136,226,0.44140625,-0.20353982
128,104,232,0.453125,0.10344828
110,129,239,0.46679688,-0.079497908
133,102,235,0.45898438,0.13191489
140,99,239,0.46679688,0.17154812
101,132,233,0.45507812,-0.13304721
155,91,246,0.48046875,0.2601626
103,129,232,0.453125,-0.11206897
142,90,232,0.453125,0.22413793
116,108,224,0.4375,0.035714286
134,90,224,0.4375,0.19642857
96,126,222,0.43359375,-0.13513514
100,140,240,0.46875,-0.16666667
106,137,243,0.47460938,-0.12757202
66,157,223,0.43554688,-0.40807175
120,132,252,0.4921875,-0.047619048
106,118,224,0.4375,-0.053571429
158,76,234,0.45703125,0.35042735
163,64,227,0.44335938,0.43612335
143,92,235,0.45898438,0.21702128
112,126,238,0.46484375,-0.058823529
104,135,239,0.46679688,-0.12970711
129,106,235,0.45898438,0.09787234
149,78,227,0.44335938,0.31277533
160,77,237,0.46289062,0.35021097
107,133,240,0.46875,-0.10833333
141,92,233,0.45507812,0.21030043
92,134,226,0.44140625,-0.18584071
123,103,226,0.44140625,0.088495575
161,64,225,0.43945312,0.43111111
138,109,247,0.48242188,0.11740891
68,158,226,0.44140625,-0.39823009
90,136,226,0.44140625,-0.20353982
90,152,242,0.47265625,-0.25619835
74,159,233,0.45507812,-0.36480687
133,100,233,0.45507812,0.1416309
125,115,240,0.46875,0.041666667
123,106,229,0.44726562,0.074235808
108,129,237,0.46289062,-0.088607595
123,106,229,0.44726562,0.074235808
122,113,235,0.45898438,0.038297872
95,134,229,0.44726562,-0.17030568
169,80,249,0.48632812,0.35742972
144,76,220,0.4296875,0.30909091
127,102,229,0.44726562,0.10917031
104,119,223,0.43554688,-0.067264574
102,129,231,0.45117188,-0.11688312
72,154,226,0.44140625,-0.36283186
115,114,229,0.44726562,0.0043668122
140,93,233,0.45507812,0.20171674
105,115,220,0.4296875,-0.045454545
144,80,224,0.4375,0.28571429
83,126,209,0.40820312,-0.20574163
135,87,222,0.43359375,0.21621622
100,132,232,0.453125,-0.13793103
111,113,224,0.4375,-0.0089285714
110,119,229,0.44726562,-0.03930131
72,165,237,0.46289062,-0.39240506
107,138,245,0.47851562,-0.12653061
163,69,232,0.453125,0.40517241
132,103,235,0.45898438,0.12340426
114,114,228,0.4453125,0
54,187,241,0.47070312,-0.55186722
122,121,243,0.47460938,0.0041152263
90,141,231,0.45117188,-0.22077922
149,84,233,0.45507812,0.27896996
72,154,226,0.44140625,-0.36283186
141,87,228,0.4453125,0.23684211
77,164,241,0.47070312,-0.36099585
167,83,250,0.48828125,0.336
128,102,230,0.44921875,0.11304348
58,159,217,0.42382812,-0.46543779
86,139,225,0.43945312,-0.23555556
137,95,232,0.453125,0.18103448
127,111,238,0.46484375,0.067226891
116,109,225,0.43945312,0.031111111
167,61,228,0.4453125,0.46491228
120,112,232,0.453125,0.034482759
99,128,227,0.44335938,-0.1277533
111,117,228,0.4453125,-0.026315789
101,117,218,0.42578125,-0.073394495
85,149,234,0.45703125,-0.27350427
116,105,221,0.43164062,0.049773756
108,112,220,0.4296875,-0.018181818
129,111,240,0.46875,0.075
139,89,228,0.4453125,0.21929825
152,80,232,0.453125,0.31034483
95,140,235,0.45898438,-0.19148936
103,133,236,0.4609375,-0.12711864
115,123,238,0.46484375,-0.033613445
136,95,231,0.45117188,0.17748918
96,136,232,0.453125,-0.17241379
151,95,246,0.48046875,0.22764228
111,113,224,0.4375,-0.0089285714
136,97,233,0.45507812,0.16738197
97,129,226,0.44140625,-0.14159292
53,172,225,0.43945312,-0.52888889
73,163,236,0.4609375,-0.38135593
103,129,232,0.453125,-0.11206897
139,97,236,0.4609375,0.1779661
108,132,240,0.46875,-0.1
160,66,226,0.44140625,0.4159292
107,98,205,0.40039062,0.043902439
132,91,223,0.43554688,0.1838565
116,115,231,0.45117188,0.0043290043
134,99,233,0.45507812,0.15021459
105,120,225,0.43945312,-0.066666667
106,111,217,0.42382812,-0.023041475
109,126,235,0.45898438,-0.072340426
125,98,223,0.43554688,0.12107623
115,108,223,0.43554688,0.031390135
124,94,218,0.42578125,0.13761468
92,140,232,0.453125,-0.20689655
112,124,236,0.4609375,-0.050847458
129,112,241,0.47070312,0.070539419
134,93,227,0.44335938,0.18061674
95,137,232,0.453125,-0.18103448
117,102,219,0.42773438,0.068493151
113,110,223,0.43554688,0.013452915
108,120,228,0.4453125,-0.052631579
103,124,227,0.44335938,-0.092511013
74,146,220,0.4296875,-0.32727273
135,93,228,0.4453125,0.18421053
146,79,225,0.43945312,0.29777778
147,68,215,0.41992188,0.36744186
93,142,235,0.45898438,-0.20851064
95,117,212,0.4140625,-0.10377358
97,136,233,0.45507812,-0.16738197
75,135,210,0.41015625,-0.28571429
152,65,217,0.42382812,0.40092166
117,112,229,0.44726562,0.021834061
136,99,235,0.45898438,0.15744681
95,147,242,0.47265625,-0.21487603
102,129,231,0.45117188,-0.11688312
115,119,234,0.45703125,-0.017094017
130,98,228,0.4453125,0.14035088
121,127,248,0.484375,-0.024193548
91,139,230,0.44921875,-0.20869565
100,123,223,0.43554688,-0.10313901
105,122,227,0.44335938,-0.074889868
123,105,228,0.4453125,0.078947368
95,138,233,0.45507812,-0.18454936
135,105,240,0.46875,0.125
113,115,228,0.4453125,-0.0087719298
129,96,225,0.43945312,0.14666667
149,77,226,0.44140625,0.31858407
105,119,224,0.4375,-0.0625
115,127,242,0.47265625,-0.049586777
154,62,216,0.421875,0.42592593
114,100,214,0.41796875,0.065420561
136,91,227,0.44335938,0.19823789
77,151,228,0.4453125,-0.3245614
107,128,235,0.45898438,-0.089361702
175,60,235,0.45898438,0.4893617
120,106,226,0.44140625,0.061946903
98,135,233,0.45507812,-0.15879828
119,116,235,0.45898438,0.012765957
119,105,224,0.4375,0.0625
94,146,240,0.46875,-0.21666667
139,92,231,0.45117188,0.2034632
91,140,231,0.45117188,-0.21212121
81,161,242,0.47265625,-0.33057851
112,112,224,0.4375,0
112,118,230,0.44921875,-0.026086957
98,139,237,0.46289062,-0.17299578
100,124,224,0.4375,-0.10714286
72,167,239,0.46679688,-0.39748954
102,130,232,0.453125,-0.12068966
133,116,249,0.48632812,0.068273092
143,86,229,0.44726562,0.2489083
148,81,229,0.44726562,0.29257642
102,132,234,0.45703125,-0.12820513
112,122,234,0.45703125,-0.042735043
156,83,239,0.46679688,0.30543933
79,149,228,0.4453125,-0.30701754
134,87,221,0.43164062,0.21266968
95,126,221,0.43164062,-0.14027149
155,81,236,0.4609375,0.31355932
82,153,235,0.45898438,-0.30212766
86,157,243,0.47460938,-0.29218107
160,64,224,0.4375,0.42857143
127,94,221,0.43164062,0.14932127
74,146,220,0.4296875,-0.32727273
152,77,229,0.44726562,0.32751092
125,102,227,0.44335938,0.10132159
124,121,245,0.47851562,0.012244898
102,140,242,0.47265625,-0.15702479
119,118,237,0.46289062,0.0042194093
115,103,218,0.42578125,0.055045872
143,87,230,0.44921875,0.24347826
114,124,238,0.46484375,-0.042016807
147,86,233,0.45507812,0.26180258
128,97,225,0.43945312,0.13777778
102,125,227,0.44335938,-0.10132159
129,93,222,0.43359375,0.16216216
73,163,236,0.4609375,-0.38135593
127,106,233,0.45507812,0.090128755
144,72,216,0.421875,0.33333333
96,133,229,0.44726562,-0.16157205
119,103,222,0.43359375,0.072072072
132,103,235,0.45898438,0.12340426
89,135,224,0.4375,-0.20535714
131,89,220,0.4296875,0.19090909
101,108,209,0.40820312,-0.033492823
96,119,215,0.41992188,-0.10697674
110,118,228,0.4453125,-0.035087719
104,137,241,0.47070312,-0.13692946
127,101,228,0.4453125,0.11403509
84,148,232,0.453125,-0.27586207
140,90,230,0.44921875,0.2173913
104,127,231,0.45117188,-0.0995671
110,124,234,0.45703125,-0.05982906
130,111,241,0.47070312,0.078838174
94,137,231,0.45117188,-0.18614719
155,78,233,0.45507812,0.3304721
114,99,213,0.41601562,0.070422535
136,98,234,0.45703125,0.16239316
136,85,221,0.43164062,0.23076923
119,108,227,0.44335938,0.04845815
130,97,227,0.44335938,0.14537445
158,79,237,0.46289062,0.33333333
90,144,234,0.45703125,-0.23076923
98,140,238,0.46484375,-0.17647059
132,102,234,0.45703125,0.12820513
119,117,236,0.4609375,0.0084745763
136,86,222,0.43359375,0.22522523
146,85,231,0.45117188,0.26406926
128,98,226,0.44140625,0.13274336
130,111,241,0.47070312,0.078838174
114,112,226,0.44140625,0.0088495575
137,83,220,0.4296875,0.24545455
77,142,219,0.42773438,-0.29680365
146,96,242,0.47265625,0.20661157
81,155,236,0.4609375,-0.31355932
136,94,230,0.44921875,0.1826087
94,143,237,0.46289062,-0.20675105
118,122,240,0.46875,-0.016666667
77,150,227,0.44335938,-0.3215859
111,112,223,0.43554688,-0.0044843049
83,130,213,0.41601562,-0.22065728
132,104,236,0.4609375,0.11864407
112,120,232,0.453125,-0.034482759
103,110,213,0.41601562,-0.03286385
143,97,240,0.46875,0.19166667
121,120,241,0.47070312,0.0041493776
107,119,226,0.44140625,-0.053097345
90,117,207,0.40429688,-0.13043478
126,90,216,0.421875,0.16666667
60,167,227,0.44335938,-0.47136564
120,106,226,0.44140625,0.061946903
69,158,227,0.44335938,-0.39207048
133,82,215,0.41992188,0.2372093
129,90,219,0.42773438,0.17808219
129,91,220,0.4296875,0.17272727
102,120,222,0.43359375,-0.081081081
119,126,245,0.47851562,-0.028571429
87,124,211,0.41210938,-0.17535545
143,79,222,0.43359375,0.28828829
101,127,228,0.4453125,-0.11403509
120,102,222,0.43359375,0.081081081
88,137,225,0.43945312,-0.21777778
96,137,233,0.45507812,-0.17596567
143,81,224,0.4375,0.27678571
82,151,233,0.45507812,-0.29613734
181,47,228,0.4453125,0.5877193
112,116,228,0.4453125,-0.01754386
110,103,213,0.41601562,0.03286385
107,125,232,0.453125,-0.077586207
149,71,220,0.4296875,0.35454545
108,122,230,0.44921875,-0.060869565
147,91,238,0.46484375,0.23529412
115,110,225,0.43945312,0.022222222
71,160,231,0.45117188,-0.38528139
157,81,238,0.46484375,0.31932773
120,112,232,0.453125,0.034482759
49,184,233,0.45507812,-0.57939914
87,143,230,0.44921875,-0.24347826
165,78,243,0.47460938,0.35802469
134,102,236,0.4609375,0.13559322
65,168,233,0.45507812,-0.44206009
85,129,214,0.41796875,-0.20560748
73,160,233,0.45507812,-0.37339056
116,110,226,0.44140625,0.026548673
90,137,227,0.44335938,-0.20704846
84,145,229,0.44726562,-0.26637555
131,89,220,0.4296875,0.19090909
97,134,231,0.45117188,-0.16017316
75,145,220,0.4296875,-0.31818182
126,105,231,0.45117188,0.090909091
135,98,233,0.45507812,0.15879828
164,90,254,0.49609375,0.29133858
93,137,230,0.44921875,-0.19130435
136,90,226,0.44140625,0.20353982
138,94,232,0.453125,0.18965517
119,106,225,0.43945312,0.057777778
69,156,225,0.43945312,-0.38666667
99,128,227,0.44335938,-0.1277533
103,109,212,0.4140625,-0.028301887
136,105,241,0.47070312,0.12863071
124,99,223,0.43554688,0.11210762
120,102,222,0.43359375,0.081081081
128,121,249,0.48632812,0.02811245
100,126,226,0.44140625,-0.11504425
113,110,223,0.43554688,0.013452915
138,90,228,0.4453125,0.21052632
117,109,226,0.44140625,0.03539823
83,145,228,0.4453125,-0.27192982
111,107,218,0.42578125,0.018348624
123,115,238,0.46484375,0.033613445
122,95,217,0.42382812,0.12442396
163,77,240,0.46875,0.35833333
157,83,240,0.46875,0.30833333
132,84,216,0.421875,0.22222222
141,104,245,0.47851562,0.15102041
111,123,234,0.45703125,-0.051282051
111,126,237,0.46289062,-0.063291139
148,84,232,0.453125,0.27586207
153,81,234,0.45703125,0.30769231
119,107,226,0.44140625,0.053097345
84,146,230,0.44921875,-0.26956522
50,192,242,0.47265625,-0.58677686
114,135,249,0.48632812,-0.084337349
156,67,223,0.43554688,0.39910314
145,81,226,0.44140625,0.28318584
127,95,222,0.43359375,0.14414414
121,101,222,0.43359375,0.09009009
101,111,212,0.4140625,-0.047169811
113,109,222,0.43359375,0.018018018
139,77,216,0.421875,0.28703704
137,84,221,0.43164062,0.239819
121,111,232,0.453125,0.043103448
127,99,226,0.44140625,0.12389381
123,101,224,0.4375,0.098214286
114,110,224,0.4375,0.017857143
77,161,238,0.46484375,-0.35294118
113,111,224,0.4375,0.0089285714
77,153,230,0.44921875,-0.33043478
77,153,230,0.44921875,-0.33043478
113,102,215,0.41992188,0.051162791
140,82,222,0.43359375,0.26126126
107,126,233,0.45507812,-0.081545064
73,155,228,0.4453125,-0.35964912
124,102,226,0.44140625,0.097345133
87,142,229,0.44726562,-0.24017467
115,125,240,0.46875,-0.041666667
106,125,231,0.45117188,-0.082251082
102,134,236,0.4609375,-0.13559322
126,111,237,0.46289062,0.063291139
112,119,231,0.45117188,-0.03030303
140,93,233,0.45507812,0.20171674
126,113,239,0.46679688,0.054393305
144,100,244,0.4765625,0.18032787
147,83,230,0.44921875,0.27826087
129,108,237,0.46289062,0.088607595
131,107,238,0.46484375,0.10084034
104,119,223,0.43554688,-0.067264574
147,81,228,0.4453125,0.28947368
143,82,225,0.43945312,0.27111111
105,114,219,0.42773438,-0.04109589
117,89,206,0.40234375,0.13592233
132,100,232,0.453125,0.13793103
82,142,224,0.4375,-0.26785714
89,141,230,0.44921875,-0.22608696
162,67,229,0.44726562,0.41484716
147,76,223,0.43554688,0.31838565
110,133,243,0.47460938,-0.094650206
109,118,227,0.44335938,-0.039647577
142,86,228,0.4453125,0.24561404
141,93,234,0.45703125,0.20512821
60,171,231,0.45117188,-0.48051948
124,98,222,0.43359375,0.11711712
104,132,236,0.4609375,-0.11864407
111,108,219,0.42773438,0.01369863
119,102,221,0.43164062,0.076923077
116,113,229,0.44726562,0.013100437
159,63,222,0.43359375,0.43243243
156,94,250,0.48828125,0.248
113,137,250,0.48828125,-0.096
67,160,227,0.44335938,-0.40969163
159,75,234,0.45703125,0.35897436
106,123,229,0.44726562,-0.074235808
58,154,212,0.4140625,-0.45283019
106,120,226,0.44140625,-0.061946903
93,152,245,0.47851562,-0.24081633
107,131,238,0.46484375,-0.10084034
98,144,242,0.47265625,-0.19008264
101,120,221,0.43164062,-0.085972851
80,148,228,0.4453125,-0.29824561
128,105,233,0.45507812,0.098712446
128,100,228,0.4453125,0.12280702
87,159,246,0.48046875,-0.29268293
89,148,237,0.46289062,-0.24894515
83,159,242,0.47265625,-0.31404959
115,119,234,0.45703125,-0.017094017
141,83,224,0.4375,0.25892857
123,100,223,0.43554688,0.10313901
128,100,228,0.4453125,0.12280702
145,91,236,0.4609375,0.22881356
128,99,227,0.44335938,0.1277533
107,132,239,0.46679688,-0.10460251
136,96,232,0.453125,0.17241379
134,99,233,0.45507812,0.15021459
134,91,225,0.43945312,0.19111111
105,133,238,0.46484375,-0.11764706
74,157,231,0.45117188,-0.35930736
102,119,221,0.43164062,-0.076923077
177,62,239,0.46679688,0.48117155
60,169,229,0.44726562,-0.47598253
178,56,234,0.45703125,0.52136752
119,119,238,0.46484375,0
108,126,234,0.45703125,-0.076923077
66,162,228,0.4453125,-0.42105263
134,91,225,0.43945312,0.19111111
101,121,222,0.43359375,-0.09009009
149,91,240,0.46875,0.24166667
110,108,218,0.42578125,0.0091743119
90,132,222,0.43359375,-0.18918919
84,135,219,0.42773438,-0.23287671
115,112,227,0.44335938,0.013215859
101,126,227,0.44335938,-0.11013216
116,104,220,0.4296875,0.054545455
155,79,234,0.45703125,0.32478632
108,110,218,0.42578125,-0.0091743119
77,146,223,0.43554688,-0.30941704
113,117,230,0.44921875,-0.017391304
130,102,232,0.453125,0.12068966
111,125,236,0.4609375,-0.059322034
131,105,236,0.4609375,0.11016949
118,123,241,0.47070312,-0.020746888
126,108,234,0.45703125,0.076923077
61,172,233,0.45507812,-0.47639485
129,100,229,0.44726562,0.12663755
121,100,221,0.43164062,0.095022624
80,149,229,0.44726562,-0.30131004
140,90,230,0.44921875,0.2173913
163,51,214,0.41796875,0.52336449
117,122,239,0.46679688,-0.020920502
159,71,230,0.44921875,0.3826087
76,146,222,0.43359375,-0.31531532
143,97,240,0.46875,0.19166667
132,91,223,0.43554688,0.1838565
118,115,233,0.45507812,0.012875536
96,134,230,0.44921875,-0.16521739
129,98,227,0.44335938,0.13656388
121,100,221,0.43164062,0.095022624
131,94,225,0.43945312,0.16444444
156,77,233,0.45507812,0.33905579
145,101,246,0.48046875,0.17886179
127,109,236,0.4609375,0.076271186
85,157,242,0.47265625,-0.29752066
107,130,237,0.46289062,-0.097046414
103,131,234,0.45703125,-0.11965812
147,76,223,0.43554688,0.31838565
122,110,232,0.453125,0.051724138
96,135,231,0.45117188,-0.16883117
110,128,238,0.46484375,-0.075630252
91,129,220,0.4296875,-0.17272727
94,142,236,0.4609375,-0.20338983
164,72,236,0.4609375,0.38983051
98,133,231,0.45117188,-0.15151515
99,129,228,0.4453125,-0.13157895
136,93,229,0.44726562,0.18777293
56,172,228,0.4453125,-0.50877193
112,120,232,0.453125,-0.034482759
138,91,229,0.44726562,0.20524017
94,136,230,0.44921875,-0.1826087
130,100,230,0.44921875,0.13043478
121,112,233,0.45507812,0.038626609
130,111,241,0.47070312,0.078838174
108,134,242,0.47265625,-0.10743802
93,121,214,0.41796875,-0.13084112
95,136,231,0.45117188,-0.17748918
128,104,232,0.453125,0.10344828
134,109,243,0.47460938,0.10288066
53,175,228,0.4453125,-0.53508772
136,107,243,0.47460938,0.11934156
79,145,224,0.4375,-0.29464286
124,104,228,0.4453125,0.087719298
134,104,238,0.46484375,0.12605042
99,124,223,0.43554688,-0.11210762
121,110,231,0.45117188,0.047619048
79,149,228,0.4453125,-0.30701754
134,107,241,0.47070312,0.1120332
118,106,224,0.4375,0.053571429
123,106,229,0.44726562,0.074235808
193,42,235,0.45898438,0.64255319
108,129,237,0.46289062,-0.088607595
77,150,227,0.44335938,-0.3215859
153,70,223,0.43554688,0.37219731
73,152,225,0.43945312,-0.35111111
189,47,236,0.4609375,0.60169492
155,75,230,0.44921875,0.34782609
123,98,221,0.43164062,0.11312217
137,81,218,0.42578125,0.25688073
78,145,223,0.43554688,-0.30044843
108,105,213,0.41601562,0.014084507
70,153,223,0.43554688,-0.37219731
98,130,228,0.4453125,-0.14035088
130,112,242,0.47265625,0.074380165
102,130,232,0.453125,-0.12068966
89,142,231,0.45117188,-0.22943723
122,92,214,0.41796875,0.14018692
87,142,229,0.44726562,-0.24017467
137,98,235,0.45898438,0.16595745
106,139,245,0.47851562,-0.13469388
98,142,240,0.46875,-0.18333333
43,182,225,0.43945312,-0.61777778
135,108,243,0.47460938,0.11111111
74,151,225,0.43945312,-0.34222222
100,136,236,0.4609375,-0.15254237
118,108,226,0.44140625,0.044247788
84,145,229,0.44726562,-0.26637555
118,111,229,0.44726562,0.030567686
139,88,227,0.44335938,0.2246696
119,114,233,0.45507812,0.021459227
122,102,224,0.4375,0.089285714
98,125,223,0.43554688,-0.12107623
118,109,227,0.44335938,0.039647577
116,116,232,0.453125,0
101,127,228,0.4453125,-0.11403509
146,86,232,0.453125,0.25862069
113,111,224,0.4375,0.0089285714
71,148,219,0.42773438,-0.35159817
108,106,214,0.41796875,0.0093457944
88,149,237,0.46289062,-0.25738397
92,136,228,0.4453125,-0.19298246
135,87,222,0.43359375,0.21621622
97,139,236,0.4609375,-0.1779661
143,83,226,0.44140625,0.26548673
105,117,222,0.43359375,-0.054054054
62,185,247,0.48242188,-0.49797571
75,150,225,0.43945312,-0.33333333
91,152,243,0.47460938,-0.25102881
156,64,220,0.4296875,0.41818182
114,114,228,0.4453125,0
136,99,235,0.45898438,0.15744681
111,120,231,0.45117188,-0.038961039
75,155,230,0.44921875,-0.34782609
125,104,229,0.44726562,0.091703057
186,47,233,0.45507812,0.59656652
191,50,241,0.47070312,0.58506224
69,172,241,0.47070312,-0.42738589
123,113,236,0.4609375,0.042372881
87,144,231,0.45117188,-0.24675325
125,105,230,0.44921875,0.086956522
137,109,246,0.48046875,0.11382114
85,139,224,0.4375,-0.24107143
101,139,240,0.46875,-0.15833333
114,105,219,0.42773438,0.04109589
88,146,234,0.45703125,-0.24786325
61,162,223,0.43554688,-0.4529148
120,107,227,0.44335938,0.057268722
131,111,242,0.47265625,0.082644628
103,124,227,0.44335938,-0.092511013
132,102,234,0.45703125,0.12820513
68,166,234,0.45703125,-0.41880342
136,89,225,0.43945312,0.20888889
171,64,235,0.45898438,0.45531915
153,76,229,0.44726562,0.33624454
141,106,247,0.48242188,0.1417004
138,92,230,0.44921875,0.2
142,92,234,0.45703125,0.21367521
110,112,222,0.43359375,-0.009009009
101,133,234,0.45703125,-0.13675214
91,147,238,0.46484375,-0.23529412
142,86,228,0.4453125,0.24561404
114,116,230,0.44921875,-0.0086956522
137,96,233,0.45507812,0.17596567
137,96,233,0.45507812,0.17596567
105,126,231,0.45117188,-0.090909091
174,60,234,0.45703125,0.48717949
156,75,231,0.45117188,0.35064935
140,81,221,0.43164062,0.26696833
108,129,237,0.46289062,-0.088607595
123,124,247,0.48242188,-0.004048583
102,122,224,0.4375,-0.089285714
72,163,235,0.45898438,-0.38723404
132,101,233,0.45507812,0.13304721
119,111,230,0.44921875,0.034782609
130,113,243,0.47460938,0.069958848
94,136,230,0.44921875,-0.1826087
102,132,234,0.45703125,-0.12820513
86,136,222,0.43359375,-0.22522523
114,123,237,0.46289062,-0.037974684
101,129,230,0.44921875,-0.12173913
103,141,244,0.4765625,-0.1557377
92,108,200,0.390625,-0.08
144,78,222,0.43359375,0.2972973
94,132,226,0.44140625,-0.16814159
89,123,212,0.4140625,-0.16037736
80,139,219,0.42773438,-0.26940639
136,96,232,0.453125,0.17241379
69,164,233,0.45507812,-0.40772532
122,100,222,0.43359375,0.099099099
112,98,210,0.41015625,0.066666667
118,101,219,0.42773438,0.077625571
97,131,228,0.4453125,-0.14912281
140,86,226,0.44140625,0.23893805
146,91,237,0.46289062,0.23206751
86,133,219,0.42773438,-0.21461187
156,87,243,0.47460938,0.28395062
131,89,220,0.4296875,0.19090909
138,94,232,0.453125,0.18965517
111,123,234,0.45703125,-0.051282051
95,132,227,0.44335938,-0.16299559
103,135,238,0.46484375,-0.13445378
117,118,235,0.45898438,-0.0042553191
99,143,242,0.47265625,-0.18181818
171,73,244,0.4765625,0.40163934
77,158,235,0.45898438,-0.34468085
97,133,230,0.44921875,-0.15652174
152,84,236,0.4609375,0.28813559
121,114,235,0.45898438,0.029787234
71,138,209,0.40820312,-0.32057416
154,80,234,0.45703125,0.31623932
66,169,235,0.45898438,-0.43829787
164,69,233,0.45507812,0.40772532
136,99,235,0.45898438,0.15744681
72,162,234,0.45703125,-0.38461538
84,138,222,0.43359375,-0.24324324
139,87,226,0.44140625,0.2300885
111,127,238,0.46484375,-0.067226891
158,79,237,0.46289062,0.33333333
169,67,236,0.4609375,0.43220339
129,95,224,0.4375,0.15178571
110,117,227,0.44335938,-0.030837004
90,132,222,0.43359375,-0.18918919
51,197,248,0.484375,-0.58870968
84,159,243,0.47460938,-0.30864198
117,101,218,0.42578125,0.073394495
121,108,229,0.44726562,0.056768559
123,89,212,0.4140625,0.16037736
89,141,230,0.44921875,-0.22608696
154,75,229,0.44726562,0.34497817
140,95,235,0.45898438,0.19148936
102,131,233,0.45507812,-0.12446352
116,108,224,0.4375,0.035714286
104,128,232,0.453125,-0.10344828
171,53,224,0.4375,0.52678571
96,141,237,0.46289062,-0.18987342
68,166,234,0.45703125,-0.41880342
106,127,233,0.45507812,-0.090128755
117,122,239,0.46679688,-0.020920502
121,107,228,0.4453125,0.061403509
109,131,240,0.46875,-0.091666667
142,96,238,0.46484375,0.19327731
143,86,229,0.44726562,0.2489083
90,136,226,0.44140625,-0.20353982
158,67,225,0.43945312,0.40444444
144,83,227,0.44335938,0.26872247
101,138,239,0.46679688,-0.15481172
165,72,237,0.46289062,0.39240506
138,102,240,0.46875,0.15
108,117,225,0.43945312,-0.04
110,111,221,0.43164062,-0.0045248869
84,142,226,0.44140625,-0.25663717
79,147,226,0.44140625,-0.30088496
58,168,226,0.44140625,-0.48672566
143,94,237,0.46289062,0.20675105
108,115,223,0.43554688,-0.031390135
120,97,217,0.42382812,0.10599078
59,170,229,0.44726562,-0.48471616
110,132,242,0.47265625,-0.090909091
93,142,235,0.45898438,-0.20851064
156,74,230,0.44921875,0.35652174
130,89,219,0.42773438,0.18721461
139,102,241,0.47070312,0.15352697
119,96,215,0.41992188,0.10697674
70,163,233,0.45507812,-0.39914163
112,119,231,0.45117188,-0.03030303
132,86,218,0.42578125,0.21100917
79,148,227,0.44335938,-0.30396476
94,135,229,0.44726562,-0.1790393
121,111,232,0.453125,0.043103448
173,67,240,0.46875,0.44166667
87,134,221,0.43164062,-0.21266968
73,153,226,0.44140625,-0.3539823
172,81,253,0.49414062,0.35968379
80,153,233,0.45507812,-0.31330472
86,135,221,0.43164062,-0.22171946
140,90,230,0.44921875,0.2173913
118,121,239,0.46679688,-0.012552301
115,115,230,0.44921875,0
104,140,244,0.4765625,-0.14754098
168,63,231,0.45117188,0.45454545
95,132,227,0.44335938,-0.16299559
94,123,217,0.42382812,-0.13364055
85,152,237,0.46289062,-0.28270042
163,75,238,0.46484375,0.3697479
147,76,223,0.43554688,0.31838565
84,138,222,0.43359375,-0.24324324
91,133,224,0.4375,-0.1875
101,120,221,0.43164062,-0.085972851
124,100,224,0.4375,0.10714286
111,119,230,0.44921875,-0.034782609
169,57,226,0.44140625,0.49557522
104,130,234,0.45703125,-0.11111111
83,141,224,0.4375,-0.25892857
101,136,237,0.46289062,-0.14767932
130,82,212,0.4140625,0.22641509
103,126,229,0.44726562,-0.10043668
136,97,233,0.45507812,0.16738197
105,127,232,0.453125,-0.094827586
116,104,220,0.4296875,0.054545455
175,57,232,0.453125,0.50862069
118,107,225,0.43945312,0.048888889
115,109,224,0.4375,0.026785714
84,150,234,0.45703125,-0.28205128
127,120,247,0.48242188,0.028340081
136,85,221,0.43164062,0.23076923
105,134,239,0.46679688,-0.12133891
80,143,223,0.43554688,-0.28251121
91,132,223,0.43554688,-0.1838565
111,122,233,0.45507812,-0.0472103
130,98,228,0.4453125,0.14035088
122,92,214,0.41796875,0.14018692
120,105,225,0.43945312,0.066666667
111,116,227,0.44335938,-0.022026432
153,65,218,0.42578125,0.40366972
125,92,217,0.42382812,0.15207373
97,132,229,0.44726562,-0.15283843
124,106,230,0.44921875,0.07826087
87,131,218,0.42578125,-0.20183486
68,152,220,0.4296875,-0.38181818
127,95,222,0.43359375,0.14414414
70,156,226,0.44140625,-0.38053097
117,101,218,0.42578125,0.073394495
103,127,230,0.44921875,-0.10434783
88,129,217,0.42382812,-0.18894009
116,116,232,0.453125,0
109,128,237,0.46289062,-0.080168776
154,74,228,0.4453125,0.35087719
104,122,226,0.44140625,-0.079646018
145,86,231,0.45117188,0.25541126
168,77,245,0.47851562,0.37142857
137,103,240,0.46875,0.14166667
174,65,239,0.46679688,0.45606695
117,99,216,0.421875,0.083333333
90,128,218,0.42578125,-0.17431193
104,120,224,0.4375,-0.071428571
143,87,230,0.44921875,0.24347826
99,152,251,0.49023438,-0.21115538
94,126,220,0.4296875,-0.14545455
128,113,241,0.47070312,0.062240664
105,124,229,0.44726562,-0.082969432
119,116,235,0.45898438,0.012765957
112,122,234,0.45703125,-0.042735043
86,149,235,0.45898438,-0.26808511
90,154,244,0.4765625,-0.26229508
96,145,241,0.47070312,-0.2033195
98,130,228,0.4453125,-0.14035088
98,146,244,0.4765625,-0.19672131
124,108,232,0.453125,0.068965517
104,135,239,0.46679688,-0.12970711
164,73,237,0.46289062,0.38396624
134,102,236,0.4609375,0.13559322
129,95,224,0.4375,0.15178571
118,111,229,0.44726562,0.030567686
141,96,237,0.46289062,0.18987342
97,147,244,0.4765625,-0.20491803
141,81,222,0.43359375,0.27027027
117,118,235,0.45898438,-0.0042553191
115,105,220,0.4296875,0.045454545
138,90,228,0.4453125,0.21052632
96,120,216,0.421875,-0.11111111
58,170,228,0.4453125,-0.49122807
111,124,235,0.45898438,-0.055319149
144,79,223,0.43554688,0.29147982
146,82,228,0.4453125,0.28070175
111,115,226,0.44140625,-0.017699115
125,102,227,0.44335938,0.10132159
109,123,232,0.453125,-0.060344828
111,114,225,0.43945312,-0.013333333
66,156,222,0.43359375,-0.40540541
108,128,236,0.4609375,-0.084745763
120,109,229,0.44726562,0.048034934
122,121,243,0.47460938,0.0041152263
120,105,225,0.43945312,0.066666667
111,123,234,0.45703125,-0.051282051
158,63,221,0.43164062,0.42986425
108,105,213,0.41601562,0.014084507
137,74,211,0.41210938,0.2985782
103,102,205,0.40039062,0.0048780488
161,65,226,0.44140625,0.42477876
104,135,239,0.46679688,-0.12970711
139,90,229,0.44726562,0.2139738
107,133,240,0.46875,-0.10833333
116,116,232,0.453125,0
141,77,218,0.42578125,0.29357798
152,76,228,0.4453125,0.33333333
104,134,238,0.46484375,-0.12605042
140,92,232,0.453125,0.20689655
114,119,233,0.45507812,-0.021459227
113,112,225,0.43945312,0.0044444444
141,102,243,0.47460938,0.16049383
128,96,224,0.4375,0.14285714
61,184,245,0.47851562,-0.50204082
124,95,219,0.42773438,0.13242009
82,160,242,0.47265625,-0.32231405
127,111,238,0.46484375,0.067226891
130,105,235,0.45898438,0.10638298
127,112,239,0.46679688,0.062761506
73,164,237,0.46289062,-0.38396624
130,115,245,0.47851562,0.06122449
138,96,234,0.45703125,0.17948718
121,107,228,0.4453125,0.061403509
171,72,243,0.47460938,0.40740741
119,108,227,0.44335938,0.04845815
106,112,218,0.42578125,-0.027522936
119,122,241,0.47070312,-0.012448133
107,121,228,0.4453125,-0.061403509
141,96,237,0.46289062,0.18987342
91,139,230,0.44921875,-0.20869565
121,113,234,0.45703125,0.034188034
158,73,231,0.45117188,0.36796537
162,71,233,0.45507812,0.39055794
85,148,233,0.45507812,-0.27038627
129,101,230,0.44921875,0.12173913
78,147,225,0.43945312,-0.30666667
120,114,234,0.45703125,0.025641026
74,148,222,0.43359375,-0.33333333
134,75,209,0.40820312,0.28229665
85,145,230,0.44921875,-0.26086957
83,139,222,0.43359375,-0.25225225
70,153,223,0.43554688,-0.37219731
132,108,240,0.46875,0.1
122,114,236,0.4609375,0.033898305
85,144,229,0.44726562,-0.25764192
119,107,226,0.44140625,0.053097345
73,167,240,0.46875,-0.39166667
108,127,235,0.45898438,-0.080851064
165,82,247,0.48242188,0.33603239
157,81,238,0.46484375,0.31932773
170,67,237,0.46289062,0.43459916
117,102,219,0.42773438,0.068493151
113,113,226,0.44140625,0
141,95,236,0.4609375,0.19491525
101,129,230,0.44921875,-0.12173913
170,61,231,0.45117188,0.47186147
135,101,236,0.4609375,0.1440678
118,105,223,0.43554688,0.058295964
112,110,222,0.43359375,0.009009009
123,105,228,0.4453125,0.078947368
129,113,242,0.47265625,0.066115702
96,137,233,0.45507812,-0.17596567
122,106,228,0.4453125,0.070175439
141,87,228,0.4453125,0.23684211
151,76,227,0.44335938,0.33039648
90,141,231,0.45117188,-0.22077922
127,109,236,0.4609375,0.076271186
145,83,228,0.4453125,0.27192982
149,92,241,0.47070312,0.23651452
88,138,226,0.44140625,-0.22123894
168,59,227,0.44335938,0.48017621
143,95,238,0.46484375,0.20168067
86,150,236,0.4609375,-0.27118644
100,137,237,0.46289062,-0.15611814
147,77,224,0.4375,0.3125
112,115,227,0.44335938,-0.013215859
108,120,228,0.4453125,-0.052631579
156,70,226,0.44140625,0.38053097
122,111,233,0.45507812,0.0472103
125,114,239,0.46679688,0.046025105
74,153,227,0.44335938,-0.34801762
135,115,250,0.48828125,0.08
124,114,238,0.46484375,0.042016807
90,134,224,0.4375,-0.19642857
175,68,243,0.47460938,0.44032922
69,163,232,0.453125,-0.40517241
53,168,221,0.43164062,-0.52036199
150,73,223,0.43554688,0.34529148
127,107,234,0.45703125,0.085470085
106,125,231,0.45117188,-0.082251082
139,97,236,0.4609375,0.1779661
104,127,231,0.45117188,-0.0995671
111,120,231,0.45117188,-0.038961039
118,99,217,0.42382812,0.087557604
76,171,247,0.48242188,-0.38461538
90,161,251,0.49023438,-0.28286853
111,114,225,0.43945312,-0.013333333
158,82,240,0.46875,0.31666667
41,188,229,0.44726562,-0.6419214
107,114,221,0.43164062,-0.031674208
153,72,225,0.43945312,0.36
135,94,229,0.44726562,0.1790393
109,99,208,0.40625,0.048076923
109,116,225,0.43945312,-0.031111111
153,79,232,0.453125,0.31896552
111,122,233,0.45507812,-0.0472103
106,117,223,0.43554688,-0.049327354
82,157,239,0.46679688,-0.31380753
86,136,222,0.43359375,-0.22522523
90,136,226,0.44140625,-0.20353982
88,150,238,0.46484375,-0.2605042
127,101,228,0.4453125,0.11403509
137,94,231,0.45117188,0.18614719
123,97,220,0.4296875,0.11818182
54,180,234,0.45703125,-0.53846154
128,106,234,0.45703125,0.094017094
117,101,218,0.42578125,0.073394495
172,56,228,0.4453125,0.50877193
130,92,222,0.43359375,0.17117117
105,119,224,0.4375,-0.0625
83,130,213,0.41601562,-0.22065728
103,123,226,0.44140625,-0.088495575
141,83,224,0.4375,0.25892857
108,115,223,0.43554688,-0.031390135
93,146,239,0.46679688,-0.22175732
97,126,223,0.43554688,-0.13004484
140,95,235,0.45898438,0.19148936
106,114,220,0.4296875,-0.036363636
161,74,235,0.45898438,0.37021277
124,103,227,0.44335938,0.092511013
101,126,227,0.44335938,-0.11013216
108,129,237,0.46289062,-0.088607595
106,125,231,0.45117188,-0.082251082
111,120,231,0.45117188,-0.038961039
130,105,235,0.45898438,0.10638298
92,142,234,0.45703125,-0.21367521
182,49,231,0.45117188,0.57575758
161,65,226,0.44140625,0.42477876
90,142,232,0.453125,-0.22413793
111,115,226,0.44140625,-0.017699115
101,132,233,0.45507812,-0.13304721
141,89,230,0.44921875,0.22608696
133,89,222,0.43359375,0.1981982
166,76,242,0.47265625,0.37190083
101,110,211,0.41210938,-0.042654028
160,66,226,0.44140625,0.4159292
91,135,226,0.44140625,-0.19469027
150,71,221,0.43164062,0.35746606
125,118,243,0.47460938,0.028806584
106,134,240,0.46875,-0.11666667
120,101,221,0.43164062,0.085972851
171,78,249,0.48632812,0.37349398
126,107,233,0.45507812,0.081545064
91,144,235,0.45898438,-0.22553191
115,110,225,0.43945312,0.022222222
126,115,241,0.47070312,0.045643154
114,113,227,0.44335938,0.0044052863
92,134,226,0.44140625,-0.18584071
96,126,222,0.43359375,-0.13513514
85,150,235,0.45898438,-0.27659574
118,112,230,0.44921875,0.026086957
168,74,242,0.47265625,0.38842975
72,152,224,0.4375,-0.35714286
87,139,226,0.44140625,-0.2300885
114,113,227,0.44335938,0.0044052863
136,94,230,0.44921875,0.1826087
100,112,212,0.4140625,-0.056603774
69,144,213,0.41601562,-0.35211268
117,115,232,0.453125,0.0086206897
157,85,242,0.47265625,0.29752066
115,122,237,0.46289062,-0.029535865
159,70,229,0.44726562,0.38864629
97,129,226,0.44140625,-0.14159292
145,89,234,0.45703125,0.23931624
82,141,223,0.43554688,-0.26457399
167,79,246,0.48046875,0.35772358
126,103,229,0.44726562,0.10043668
149,73,222,0.43359375,0.34234234
107,115,222,0.43359375,-0.036036036
77,158,235,0.45898438,-0.34468085
101,114,215,0.41992188,-0.060465116
183,56,239,0.46679688,0.53138075
173,68,241,0.47070312,0.43568465
130,102,232,0.453125,0.12068966
117,113,230,0.44921875,0.017391304
118,117,235,0.45898438,0.0042553191
89,148,237,0.46289062,-0.24894515
155,81,236,0.4609375,0.31355932
111,106,217,0.42382812,0.023041475
98,134,232,0.453125,-0.15517241
127,114,241,0.47070312,0.053941909
139,96,235,0.45898438,0.18297872
151,63,214,0.41796875,0.41121495
115,116,231,0.45117188,-0.0043290043
100,112,212,0.4140625,-0.056603774
137,100,237,0.46289062,0.15611814
150,98,248,0.484375,0.20967742
68,158,226,0.44140625,-0.39823009
77,164,241,0.47070312,-0.36099585
96,130,226,0.44140625,-0.15044248
129,112,241,0.47070312,0.070539419
110,125,235,0.45898438,-0.063829787
87,144,231,0.45117188,-0.24675325
133,108,241,0.47070312,0.10373444
114,117,231,0.45117188,-0.012987013
104,134,238,0.46484375,-0.12605042
120,115,235,0.45898438,0.021276596
117,109,226,0.44140625,0.03539823
134,104,238,0.46484375,0.12605042
128,109,237,0.46289062,0.080168776
194,44,238,0.46484375,0.6302521
77,172,249,0.48632812,-0.3815261
114,124,238,0.46484375,-0.042016807
73,157,230,0.44921875,-0.36521739
119,95,214,0.41796875,0.11214953
108,121,229,0.44726562,-0.056768559
135,94,229,0.44726562,0.1790393
130,109,239,0.46679688,0.087866109
99,139,238,0.46484375,-0.16806723
125,104,229,0.44726562,0.091703057
113,120,233,0.45507812,-0.030042918
89,153,242,0.47265625,-0.26446281
102,116,218,0.42578125,-0.064220183
163,67,230,0.44921875,0.4173913
111,124,235,0.45898438,-0.055319149
124,108,232,0.453125,0.068965517
106,126,232,0.453125,-0.086206897
119,123,242,0.47265625,-0.016528926
159,63,222,0.43359375,0.43243243
120,100,220,0.4296875,0.090909091
139,93,232,0.453125,0.19827586
143,83,226,0.44140625,0.26548673
121,89,210,0.41015625,0.15238095
116,129,245,0.47851562,-0.053061224
109,98,207,0.40429688,0.053140097
77,133,210,0.41015625,-0.26666667
118,97,215,0.41992188,0.097674419
114,121,235,0.45898438,-0.029787234
78,148,226,0.44140625,-0.30973451
135,89,224,0.4375,0.20535714
131,102,233,0.45507812,0.12446352
147,93,240,0.46875,0.225
107,136,243,0.47460938,-0.11934156
142,91,233,0.45507812,0.21888412
115,107,222,0.43359375,0.036036036
55,178,233,0.45507812,-0.527897
95,144,239,0.46679688,-0.20502092
79,156,235,0.45898438,-0.32765957
112,127,239,0.46679688,-0.062761506
157,64,221,0.43164062,0.42081448
103,118,221,0.43164062,-0.067873303
129,106,235,0.45898438,0.09787234
138,90,228,0.4453125,0.21052632
108,123,231,0.45117188,-0.064935065
91,145,236,0.4609375,-0.22881356
147,75,222,0.43359375,0.32432432
97,135,232,0.453125,-0.1637931
149,76,225,0.43945312,0.32444444
126,108,234,0.45703125,0.076923077
117,112,229,0.44726562,0.021834061
104,116,220,0.4296875,-0.054545455
89,133,222,0.43359375,-0.1981982
126,94,220,0.4296875,0.14545455
124,100,224,0.4375,0.10714286
125,98,223,0.43554688,0.12107623
83,149,232,0.453125,-0.28448276
105,127,232,0.453125,-0.094827586
72,163,235,0.45898438,-0.38723404
91,129,220,0.4296875,-0.17272727
126,110,236,0.4609375,0.06779661
115,129,244,0.4765625,-0.057377049
113,125,238,0.46484375,-0.050420168
130,102,232,0.453125,0.12068966
97,133,230,0.44921875,-0.15652174
75,142,217,0.42382812,-0.30875576
125,99,224,0.4375,0.11607143
105,120,225,0.43945312,-0.066666667
105,125,230,0.44921875,-0.086956522
97,126,223,0.43554688,-0.13004484
78,157,235,0.45898438,-0.33617021
90,113,203,0.39648438,-0.11330049
138,103,241,0.47070312,0.14522822
94,129,223,0.43554688,-0.15695067
136,97,233,0.45507812,0.16738197
125,108,233,0.45507812,0.072961373
173,62,235,0.45898438,0.47234043
163,88,251,0.49023438,0.29880478
108,131,239,0.46679688,-0.09623431
92,128,220,0.4296875,-0.16363636
123,110,233,0.45507812,0.055793991
123,105,228,0.4453125,0.078947368
140,92,232,0.453125,0.20689655
114,113,227,0.44335938,0.0044052863
71,159,230,0.44921875,-0.3826087
103,126,229,0.44726562,-0.10043668
77,141,218,0.42578125,-0.29357798
111,124,235,0.45898438,-0.055319149
80,147,227,0.44335938,-0.29515419
91,140,231,0.45117188,-0.21212121
108,114,222,0.43359375,-0.027027027
95,125,220,0.4296875,-0.13636364
133,92,225,0.43945312,0.18222222
82,134,216,0.421875,-0.24074074
138,96,234,0.45703125,0.17948718
155,79,234,0.45703125,0.32478632
74,157,231,0.45117188,-0.35930736
102,134,236,0.4609375,-0.13559322
83,157,240,0.46875,-0.30833333
132,95,227,0.44335938,0.16299559
76,149,225,0.43945312,-0.32444444
100,129,229,0.44726562,-0.12663755
130,100,230,0.44921875,0.13043478
91,121,212,0.4140625,-0.14150943
90,147,237,0.46289062,-0.24050633
113,117,230,0.44921875,-0.017391304
102,126,228,0.4453125,-0.10526316
138,89,227,0.44335938,0.21585903
57,177,234,0.45703125,-0.51282051
118,102,220,0.4296875,0.072727273
81,140,221,0.43164062,-0.26696833
133,106,239,0.46679688,0.11297071
119,109,228,0.4453125,0.043859649
123,106,229,0.44726562,0.074235808
85,147,232,0.453125,-0.26724138
108,122,230,0.44921875,-0.060869565
153,83,236,0.4609375,0.29661017
93,126,219,0.42773438,-0.15068493
125,103,228,0.4453125,0.096491228
82,142,224,0.4375,-0.26785714
105,124,229,0.44726562,-0.082969432
111,108,219,0.42773438,0.01369863
105,119,224,0.4375,-0.0625
101,124,225,0.43945312,-0.10222222
120,102,222,0.43359375,0.081081081
107,118,225,0.43945312,-0.048888889
72,137,209,0.40820312,-0.31100478
135,90,225,0.43945312,0.2
169,67,236,0.4609375,0.43220339
114,114,228,0.4453125,0
112,112,224,0.4375,0
111,129,240,0.46875,-0.075
95,137,232,0.453125,-0.18103448
136,90,226,0.44140625,0.20353982
138,89,227,0.44335938,0.21585903
95,126,221,0.43164062,-0.14027149
101,134,235,0.45898438,-0.14042553
117,109,226,0.44140625,0.03539823
123,115,238,0.46484375,0.033613445
94,145,239,0.46679688,-0.21338912
82,156,238,0.46484375,-0.31092437
83,147,230,0.44921875,-0.27826087
144,78,222,0.43359375,0.2972973
97,122,219,0.42773438,-0.11415525
79,150,229,0.44726562,-0.31004367
142,70,212,0.4140625,0.33962264
140,88,228,0.4453125,0.22807018
94,128,222,0.43359375,-0.15315315
133,95,228,0.4453125,0.16666667
103,131,234,0.45703125,-0.11965812
114,114,228,0.4453125,0
147,82,229,0.44726562,0.28384279
117,99,216,0.421875,0.083333333
102,135,237,0.46289062,-0.13924051
154,68,222,0.43359375,0.38738739
91,143,234,0.45703125,-0.22222222
165,79,244,0.4765625,0.35245902
81,151,232,0.453125,-0.30172414
106,126,232,0.453125,-0.086206897
119,101,220,0.4296875,0.081818182
137,99,236,0.4609375,0.16101695
148,94,242,0.47265625,0.2231405
121,105,226,0.44140625,0.07079646
114,124,238,0.46484375,-0.042016807
104,129,233,0.45507812,-0.10729614
137,90,227,0.44335938,0.20704846
84,140,224,0.4375,-0.25
76,148,224,0.4375,-0.32142857
106,132,238,0.46484375,-0.1092437
116,122,238,0.46484375,-0.025210084
89,137,226,0.44140625,-0.21238938
90,137,227,0.44335938,-0.20704846
86,130,216,0.421875,-0.2037037
109,125,234,0.45703125,-0.068376068
82,156,238,0.46484375,-0.31092437
133,100,233,0.45507812,0.1416309
109,128,237,0.46289062,-0.080168776
87,135,222,0.43359375,-0.21621622
97,132,229,0.44726562,-0.15283843
100,119,219,0.42773438,-0.086757991
88,148,236,0.4609375,-0.25423729
130,109,239,0.46679688,0.087866109
107,125,232,0.453125,-0.077586207
102,125,227,0.44335938,-0.10132159
119,104,223,0.43554688,0.067264574
142,89,231,0.45117188,0.22943723
120,107,227,0.44335938,0.057268722
156,67,223,0.43554688,0.39910314
79,159,238,0.46484375,-0.33613445
93,139,232,0.453125,-0.19827586
66,158,224,0.4375,-0.41071429
130,92,222,0.43359375,0.17117117
151,75,226,0.44140625,0.33628319
75,146,221,0.43164062,-0.32126697
100,123,223,0.43554688,-0.10313901
102,133,235,0.45898438,-0.13191489
94,135,229,0.44726562,-0.1790393
100,130,230,0.44921875,-0.13043478
104,125,229,0.44726562,-0.091703057
138,110,248,0.484375,0.11290323
143,87,230,0.44921875,0.24347826
129,98,227,0.44335938,0.13656388
144,101,245,0.47851562,0.1755102
99,125,224,0.4375,-0.11607143
105,124,229,0.44726562,-0.082969432
137,89,226,0.44140625,0.21238938
107,112,219,0.42773438,-0.02283105
142,105,247,0.48242188,0.14979757
138,87,225,0.43945312,0.22666667
138,87,225,0.43945312,0.22666667
134,104,238,0.46484375,0.12605042
130,108,238,0.46484375,0.092436975
159,71,230,0.44921875,0.3826087
131,111,242,0.47265625,0.082644628
114,101,215,0.41992188,0.060465116
181,57,238,0.46484375,0.5210084
92,136,228,0.4453125,-0.19298246
127,98,225,0.43945312,0.12888889
142,92,234,0.45703125,0.21367521
146,86,232,0.453125,0.25862069
145,63,208,0.40625,0.39423077
123,88,211,0.41210938,0.16587678
100,129,229,0.44726562,-0.12663755
112,114,226,0.44140625,-0.0088495575
91,138,229,0.44726562,-0.20524017
94,131,225,0.43945312,-0.16444444
89,135,224,0.4375,-0.20535714
109,124,233,0.45507812,-0.064377682
121,104,225,0.43945312,0.075555556
131,100,231,0.45117188,0.13419913
136,91,227,0.44335938,0.19823789
122,99,221,0.43164062,0.1040724
61,158,219,0.42773438,-0.44292237
150,72,222,0.43359375,0.35135135
110,120,230,0.44921875,-0.043478261
79,144,223,0.43554688,-0.29147982
111,129,240,0.46875,-0.075
134,98,232,0.453125,0.15517241
130,93,223,0.43554688,0.16591928
137,90,227,0.44335938,0.20704846
149,84,233,0.45507812,0.27896996
140,103,243,0.47460938,0.15226337
93,155,248,0.484375,-0.25
102,110,212,0.4140625,-0.037735849
104,110,214,0.41796875,-0.028037383
148,87,235,0.45898438,0.25957447
87,134,221,0.43164062,-0.21266968
86,137,223,0.43554688,-0.22869955
95,120,215,0.41992188,-0.11627907
106,122,228,0.4453125,-0.070175439
92,134,226,0.44140625,-0.18584071
120,93,213,0.41601562,0.12676056
109,122,231,0.45117188,-0.056277056
130,105,235,0.45898438,0.10638298
117,107,224,0.4375,0.044642857
145,58,203,0.39648438,0.42857143
57,173,230,0.44921875,-0.50434783
71,149,220,0.4296875,-0.35454545
148,79,227,0.44335938,0.30396476
139,84,223,0.43554688,0.24663677
129,97,226,0.44140625,0.14159292
101,139,240,0.46875,-0.15833333
47,179,226,0.44140625,-0.5840708
163,74,237,0.46289062,0.37552743
172,67,239,0.46679688,0.43933054
109,113,222,0.43359375,-0.018018018
119,114,233,0.45507812,0.021459227
137,98,235,0.45898438,0.16595745
130,121,251,0.49023438,0.035856574
85,142,227,0.44335938,-0.25110132
122,117,239,0.46679688,0.020920502
124,113,237,0.46289062,0.046413502
137,99,236,0.4609375,0.16101695
103,128,231,0.45117188,-0.10822511
108,102,210,0.41015625,0.028571429
102,137,239,0.46679688,-0.14644351
104,117,221,0.43164062,-0.058823529
83,148,231,0.45117188,-0.28138528
158,76,234,0.45703125,0.35042735
131,102,233,0.45507812,0.12446352
133,93,226,0.44140625,0.17699115
137,89,226,0.44140625,0.21238938
147,84,231,0.45117188,0.27272727
140,95,235,0.45898438,0.19148936
132,102,234,0.45703125,0.12820513
135,94,229,0.44726562,0.1790393
62,175,237,0.46289062,-0.47679325
114,103,217,0.42382812,0.050691244
134,91,225,0.43945312,0.19111111
139,92,231,0.45117188,0.2034632
117,121,238,0.46484375,-0.016806723
117,104,221,0.43164062,0.058823529
111,125,236,0.4609375,-0.059322034
86,153,239,0.46679688,-0.28033473
131,83,214,0.41796875,0.22429907
146,80,226,0.44140625,0.2920354
118,102,220,0.4296875,0.072727273
75,153,228,0.4453125,-0.34210526
86,138,224,0.4375,-0.23214286
113,109,222,0.43359375,0.018018018
109,121,230,0.44921875,-0.052173913
112,114,226,0.44140625,-0.0088495575
111,131,242,0.47265625,-0.082644628
97,129,226,0.44140625,-0.14159292
138,88,226,0.44140625,0.22123894
104,132,236,0.4609375,-0.11864407
127,109,236,0.4609375,0.076271186
149,93,242,0.47265625,0.23140496
100,121,221,0.43164062,-0.095022624
126,99,225,0.43945312,0.12
128,104,232,0.453125,0.10344828
99,118,217,0.42382812,-0.087557604
117,107,224,0.4375,0.044642857
131,96,227,0.44335938,0.15418502
149,91,240,0.46875,0.24166667
130,93,223,0.43554688,0.16591928
124,119,243,0.47460938,0.020576132
143,80,223,0.43554688,0.28251121
120,117,237,0.46289062,0.012658228
91,135,226,0.44140625,-0.19469027
104,123,227,0.44335938,-0.083700441
147,64,211,0.41210938,0.39336493
115,111,226,0.44140625,0.017699115
98,121,219,0.42773438,-0.10502283
145,82,227,0.44335938,0.27753304
109,128,237,0.46289062,-0.080168776
100,123,223,0.43554688,-0.10313901
102,123,225,0.43945312,-0.093333333
131,113,244,0.4765625,0.073770492
119,117,236,0.4609375,0.0084745763
121,112,233,0.45507812,0.038626609
133,85,218,0.42578125,0.22018349
101,139,240,0.46875,-0.15833333
161,79,240,0.46875,0.34166667
135,88,223,0.43554688,0.21076233
84,147,231,0.45117188,-0.27272727
113,120,233,0.45507812,-0.030042918
89,129,218,0.42578125,-0.18348624
86,134,220,0.4296875,-0.21818182
111,111,222,0.43359375,0
90,144,234,0.45703125,-0.23076923
174,47,221,0.43164062,0.57466063
83,145,228,0.4453125,-0.27192982
125,101,226,0.44140625,0.10619469
104,127,231,0.45117188,-0.0995671
120,106,226,0.44140625,0.061946903
101,118,219,0.42773438,-0.077625571
59,178,237,0.46289062,-0.5021097
112,113,225,0.43945312,-0.0044444444
159,75,234,0.45703125,0.35897436
114,111,225,0.43945312,0.013333333
97,141,238,0.46484375,-0.18487395
102,119,221,0.43164062,-0.076923077
116,102,218,0.42578125,0.064220183
115,119,234,0.45703125,-0.017094017
105,132,237,0.46289062,-0.11392405
114,133,247,0.48242188,-0.076923077
80,153,233,0.45507812,-0.31330472
138,95,233,0.45507812,0.18454936
138,94,232,0.453125,0.18965517
101,125,226,0.44140625,-0.10619469
177,59,236,0.4609375,0.5
120,109,229,0.44726562,0.048034934
127,106,233,0.45507812,0.090128755
102,121,223,0.43554688,-0.085201794
150,96,246,0.48046875,0.2195122
127,109,236,0.4609375,0.076271186
114,114,228,0.4453125,0
84,130,214,0.41796875,-0.21495327
67,177,244,0.4765625,-0.45081967
88,153,241,0.47070312,-0.26970954
119,105,224,0.4375,0.0625
81,155,236,0.4609375,-0.31355932
166,80,246,0.48046875,0.3495935
119,109,228,0.4453125,0.043859649
116,130,246,0.48046875,-0.056910569
122,94,216,0.421875,0.12962963
155,78,233,0.45507812,0.3304721
125,107,232,0.453125,0.077586207
96,135,231,0.45117188,-0.16883117
106,107,213,0.41601562,-0.0046948357
133,84,217,0.42382812,0.22580645
146,71,217,0.42382812,0.34562212
61,173,234,0.45703125,-0.47863248
146,77,223,0.43554688,0.30941704
109,131,240,0.46875,-0.091666667
127,98,225,0.43945312,0.12888889
109,119,228,0.4453125,-0.043859649
131,93,224,0.4375,0.16964286
156,82,238,0.46484375,0.31092437
149,78,227,0.44335938,0.31277533
148,96,244,0.4765625,0.21311475
115,100,215,0.41992188,0.069767442
81,145,226,0.44140625,-0.28318584
84,142,226,0.44140625,-0.25663717
130,99,229,0.44726562,0.13537118
87,147,234,0.45703125,-0.25641026
140,94,234,0.45703125,0.1965812
131,80,211,0.41210938,0.24170616
112,115,227,0.44335938,-0.013215859
135,102,237,0.46289062,0.13924051
123,96,219,0.42773438,0.12328767
99,125,224,0.4375,-0.11607143
79,147,226,0.44140625,-0.30088496
84,139,223,0.43554688,-0.24663677
134,111,245,0.47851562,0.093877551
118,106,224,0.4375,0.053571429
106,111,217,0.42382812,-0.023041475
106,120,226,0.44140625,-0.061946903
130,119,249,0.48632812,0.044176707
102,138,240,0.46875,-0.15
168,67,235,0.45898438,0.42978723
107,126,233,0.45507812,-0.081545064
120,100,220,0.4296875,0.090909091
167,93,260,0.5078125,0.28461538
100,134,234,0.45703125,-0.14529915
66,170,236,0.4609375,-0.44067797
83,134,217,0.42382812,-0.23502304
85,142,227,0.44335938,-0.25110132
103,119,222,0.43359375,-0.072072072
150,82,232,0.453125,0.29310345
130,108,238,0.46484375,0.092436975
71,162,233,0.45507812,-0.39055794
119,114,233,0.45507812,0.021459227
72,138,210,0.41015625,-0.31428571
119,115,234,0.45703125,0.017094017
137,95,232,0.453125,0.18103448
142,100,242,0.47265625,0.17355372
103,106,209,0.40820312,-0.014354067
145,85,230,0.44921875,0.26086957
145,89,234,0.45703125,0.23931624
89,141,230,0.44921875,-0.22608696
114,114,228,0.4453125,0
103,139,242,0.47265625,-0.14876033
96,127,223,0.43554688,-0.13901345
176,42,218,0.42578125,0.6146789
91,139,230,0.44921875,-0.20869565
113,118,231,0.45117188,-0.021645022
128,101,229,0.44726562,0.11790393
89,133,222,0.43359375,-0.1981982
134,99,233,0.45507812,0.15021459
126,120,246,0.48046875,0.024390244
128,110,238,0.46484375,0.075630252
84,157,241,0.47070312,-0.30290456
139,91,230,0.44921875,0.20869565
125,101,226,0.44140625,0.10619469
159,86,245,0.47851562,0.29795918
176,59,235,0.45898438,0.49787234
118,110,228,0.4453125,0.035087719
166,56,222,0.43359375,0.4954955
123,107,230,0.44921875,0.069565217
122,101,223,0.43554688,0.094170404
126,93,219,0.42773438,0.15068493
103,135,238,0.46484375,-0.13445378
119,114,233,0.45507812,0.021459227
107,117,224,0.4375,-0.044642857
201,38,239,0.46679688,0.68200837
115,112,227,0.44335938,0.013215859
87,142,229,0.44726562,-0.24017467
109,125,234,0.45703125,-0.068376068
106,123,229,0.44726562,-0.074235808
83,147,230,0.44921875,-0.27826087
97,135,232,0.453125,-0.1637931
98,124,222,0.43359375,-0.11711712
104,111,215,0.41992188,-0.03255814
69,143,212,0.4140625,-0.3490566
136,88,224,0.4375,0.21428571
126,99,225,0.43945312,0.12
116,119,235,0.45898438,-0.012765957
135,95,230,0.44921875,0.17391304
154,88,242,0.47265625,0.27272727
125,103,228,0.4453125,0.096491228
124,107,231,0.45117188,0.073593074
135,98,233,0.45507812,0.15879828
116,123,239,0.46679688,-0.029288703
140,108,248,0.484375,0.12903226
137,103,240,0.46875,0.14166667
89,134,223,0.43554688,-0.20179372
135,95,230,0.44921875,0.17391304
141,83,224,0.4375,0.25892857
131,89,220,0.4296875,0.19090909
107,113,220,0.4296875,-0.027272727
156,79,235,0.45898438,0.32765957
110,114,224,0.4375,-0.017857143
148,73,221,0.43164062,0.33936652
97,126,223,0.43554688,-0.13004484
166,75,241,0.47070312,0.37759336
105,132,237,0.46289062,-0.11392405
90,140,230,0.44921875,-0.2173913
159,75,234,0.45703125,0.35897436
136,83,219,0.42773438,0.24200913
87,145,232,0.453125,-0.25
72,164,236,0.4609375,-0.38983051
112,126,238,0.46484375,-0.058823529
118,122,240,0.46875,-0.016666667
65,156,221,0.43164062,-0.41176471
136,97,233,0.45507812,0.16738197
99,117,216,0.421875,-0.083333333
107,114,221,0.43164062,-0.031674208
133,103,236,0.4609375,0.12711864
124,113,237,0.46289062,0.046413502
63,161,224,0.4375,-0.4375
73,143,216,0.421875,-0.32407407
81,144,225,0.43945312,-0.28
115,107,222,0.43359375,0.036036036
132,93,225,0.43945312,0.17333333
127,102,229,0.44726562,0.10917031
133,101,234,0.45703125,0.13675214
136,84,220,0.4296875,0.23636364
138,97,235,0.45898438,0.17446809
87,135,222,0.43359375,-0.21621622
123,112,235,0.45898438,0.046808511
104,134,238,0.46484375,-0.12605042
165,65,230,0.44921875,0.43478261
153,79,232,0.453125,0.31896552
89,137,226,0.44140625,-0.21238938
92,141,233,0.45507812,-0.21030043
82,139,221,0.43164062,-0.25791855
139,94,233,0.45507812,0.19313305
64,163,227,0.44335938,-0.43612335
130,96,226,0.44140625,0.15044248
147,82,229,0.44726562,0.28384279
71,161,232,0.453125,-0.38793103
74,145,219,0.42773438,-0.32420091
117,127,244,0.4765625,-0.040983607
93,143,236,0.4609375,-0.21186441
103,121,224,0.4375,-0.080357143
113,127,240,0.46875,-0.058333333
104,136,240,0.46875,-0.13333333
160,53,213,0.41601562,0.50234742
121,115,236,0.4609375,0.025423729
97,118,215,0.41992188,-0.097674419
109,106,215,0.41992188,0.013953488
147,78,225,0.43945312,0.30666667
131,85,216,0.421875,0.21296296
121,115,236,0.4609375,0.025423729
110,114,224,0.4375,-0.017857143
126,107,233,0.45507812,0.081545064
95,130,225,0.43945312,-0.15555556
106,122,228,0.4453125,-0.070175439
108,108,216,0.421875,0
129,100,229,0.44726562,0.12663755
126,89,215,0.41992188,0.17209302
124,105,229,0.44726562,0.082969432
103,130,233,0.45507812,-0.11587983
121,112,233,0.45507812,0.038626609
71,167,238,0.46484375,-0.40336134
147,86,233,0.45507812,0.26180258
159,68,227,0.44335938,0.40088106
92,118,210,0.41015625,-0.12380952
119,110,229,0.44726562,0.03930131
77,149,226,0.44140625,-0.31858407
107,119,226,0.44140625,-0.053097345
128,104,232,0.453125,0.10344828
103,121,224,0.4375,-0.080357143
115,110,225,0.43945312,0.022222222
149,71,220,0.4296875,0.35454545
65,161,226,0.44140625,-0.42477876
102,128,230,0.44921875,-0.11304348
125,106,231,0.45117188,0.082251082
103,127,230,0.44921875,-0.10434783
76,155,231,0.45117188,-0.34199134
157,80,237,0.46289062,0.32489451
76,149,225,0.43945312,-0.32444444
151,74,225,0.43945312,0.34222222
116,110,226,0.44140625,0.026548673
121,111,232,0.453125,0.043103448
119,105,224,0.4375,0.0625
114,113,227,0.44335938,0.0044052863
139,87,226,0.44140625,0.2300885
89,142,231,0.45117188,-0.22943723
109,124,233,0.45507812,-0.064377682
61,186,247,0.48242188,-0.50607287
89,128,217,0.42382812,-0.1797235
166,73,239,0.46679688,0.38912134
79,150,229,0.44726562,-0.31004367
101,121,222,0.43359375,-0.09009009
103,114,217,0.42382812,-0.050691244
108,130,238,0.46484375,-0.092436975
137,97,234,0.45703125,0.17094017
103,124,227,0.44335938,-0.092511013
122,107,229,0.44726562,0.065502183
118,104,222,0.43359375,0.063063063
66,180,246,0.48046875,-0.46341463
134,113,247,0.48242188,0.085020243
91,118,209,0.40820312,-0.1291866
93,143,236,0.4609375,-0.21186441
91,122,213,0.41601562,-0.14553991
62,149,211,0.41210938,-0.41232227
146,101,247,0.48242188,0.18218623
136,108,244,0.4765625,0.1147541
125,113,238,0.46484375,0.050420168
155,95,250,0.48828125,0.24
104,131,235,0.45898438,-0.11489362
108,129,237,0.46289062,-0.088607595
158,66,224,0.4375,0.41071429
120,104,224,0.4375,0.071428571
129,102,231,0.45117188,0.11688312
127,107,234,0.45703125,0.085470085
93,126,219,0.42773438,-0.15068493
103,129,232,0.453125,-0.11206897
141,94,235,0.45898438,0.2
133,103,236,0.4609375,0.12711864
142,84,226,0.44140625,0.25663717
103,134,237,0.46289062,-0.13080169
155,81,236,0.4609375,0.31355932
128,93,221,0.43164062,0.15837104
100,112,212,0.4140625,-0.056603774
134,98,232,0.453125,0.15517241
145,74,219,0.42773438,0.32420091
130,97,227,0.44335938,0.14537445
148,72,220,0.4296875,0.34545455
140,94,234,0.45703125,0.1965812
116,106,222,0.43359375,0.045045045
116,107,223,0.43554688,0.040358744
120,126,246,0.48046875,-0.024390244
114,127,241,0.47070312,-0.053941909
93,136,229,0.44726562,-0.18777293
109,117,226,0.44140625,-0.03539823
132,91,223,0.43554688,0.1838565
109,115,224,0.4375,-0.026785714
124,118,242,0.47265625,0.024793388
131,91,222,0.43359375,0.18018018
99,129,228,0.4453125,-0.13157895
122,98,220,0.4296875,0.10909091
123,117,240,0.46875,0.025
117,131,248,0.484375,-0.056451613
102,119,221,0.43164062,-0.076923077
162,61,223,0.43554688,0.4529148
97,134,231,0.45117188,-0.16017316
114,98,212,0.4140625,0.075471698
84,145,229,0.44726562,-0.26637555
157,71,228,0.4453125,0.37719298
111,124,235,0.45898438,-0.055319149
90,130,220,0.4296875,-0.18181818
106,118,224,0.4375,-0.053571429
120,126,246,0.48046875,-0.024390244
146,92,238,0.46484375,0.22689076
164,64,228,0.4453125,0.43859649
150,81,231,0.45117188,0.2987013
99,118,217,0.42382812,-0.087557604
126,95,221,0.43164062,0.14027149
151,77,228,0.4453125,0.3245614
91,134,225,0.43945312,-0.19111111
128,104,232,0.453125,0.10344828
85,142,227,0.44335938,-0.25110132
119,113,232,0.453125,0.025862069
112,110,222,0.43359375,0.009009009
94,129,223,0.43554688,-0.15695067
97,117,214,0.41796875,-0.093457944
98,126,224,0.4375,-0.125
108,119,227,0.44335938,-0.04845815
164,74,238,0.46484375,0.37815126
150,90,240,0.46875,0.25
95,129,224,0.4375,-0.15178571
133,100,233,0.45507812,0.1416309
76,159,235,0.45898438,-0.35319149
80,163,243,0.47460938,-0.34156379
108,124,232,0.453125,-0.068965517
105,130,235,0.45898438,-0.10638298
118,106,224,0.4375,0.053571429
148,85,233,0.45507812,0.27038627
118,107,225,0.43945312,0.048888889
116,121,237,0.46289062,-0.021097046
141,89,230,0.44921875,0.22608696
130,107,237,0.46289062,0.097046414
114,113,227,0.44335938,0.0044052863
65,152,217,0.42382812,-0.40092166
77,156,233,0.45507812,-0.33905579
127,90,217,0.42382812,0.17050691
115,109,224,0.4375,0.026785714
151,104,255,0.49804688,0.18431373
178,65,243,0.47460938,0.46502058
62,155,217,0.42382812,-0.42857143
127,92,219,0.42773438,0.15981735
94,125,219,0.42773438,-0.14155251
144,94,238,0.46484375,0.21008403
130,103,233,0.45507812,0.11587983
104,130,234,0.45703125,-0.11111111
123,100,223,0.43554688,0.10313901
83,125,208,0.40625,-0.20192308
125,100,225,0.43945312,0.11111111
119,112,231,0.45117188,0.03030303
172,59,231,0.45117188,0.48917749
183,51,234,0.45703125,0.56410256
87,145,232,0.453125,-0.25
88,147,235,0.45898438,-0.25106383
99,117,216,0.421875,-0.083333333
160,64,224,0.4375,0.42857143
123,102,225,0.43945312,0.093333333
110,125,235,0.45898438,-0.063829787
129,95,224,0.4375,0.15178571
102,133,235,0.45898438,-0.13191489
117,114,231,0.45117188,0.012987013
75,147,222,0.43359375,-0.32432432
98,139,237,0.46289062,-0.17299578
139,98,237,0.46289062,0.17299578
141,87,228,0.4453125,0.23684211
120,109,229,0.44726562,0.048034934
89,126,215,0.41992188,-0.17209302
100,144,244,0.4765625,-0.18032787
108,121,229,0.44726562,-0.056768559
148,88,236,0.4609375,0.25423729
121,114,235,0.45898438,0.029787234
139,94,233,0.45507812,0.19313305
162,64,226,0.44140625,0.43362832
111,122,233,0.45507812,-0.0472103
101,127,228,0.4453125,-0.11403509
135,106,241,0.47070312,0.12033195
152,72,224,0.4375,0.35714286
34,196,230,0.44921875,-0.70434783
195,47,242,0.47265625,0.61157025
167,67,234,0.45703125,0.42735043
111,113,224,0.4375,-0.0089285714
95,134,229,0.44726562,-0.17030568
164,58,222,0.43359375,0.47747748
128,108,236,0.4609375,0.084745763
123,112,235,0.45898438,0.046808511
129,105,234,0.45703125,0.1025641
90,158,248,0.484375,-0.27419355
90,150,240,0.46875,-0.25
114,123,237,0.46289062,-0.037974684
126,106,232,0.453125,0.086206897
114,114,228,0.4453125,0
191,50,241,0.47070312,0.58506224
110,118,228,0.4453125,-0.035087719
146,83,229,0.44726562,0.27510917
99,138,237,0.46289062,-0.16455696
139,106,245,0.47851562,0.13469388
92,122,214,0.41796875,-0.14018692
127,106,233,0.45507812,0.090128755
118,98,216,0.421875,0.092592593
146,83,229,0.44726562,0.27510917
99,112,211,0.41210938,-0.061611374
122,119,241,0.47070312,0.012448133
71,164,235,0.45898438,-0.39574468
129,97,226,0.44140625,0.14159292
144,84,228,0.4453125,0.26315789
85,133,218,0.42578125,-0.22018349
100,132,232,0.453125,-0.13793103
116,105,221,0.43164062,0.049773756
87,130,217,0.42382812,-0.19815668
96,122,218,0.42578125,-0.11926606
97,137,234,0.45703125,-0.17094017
133,79,212,0.4140625,0.25471698
153,73,226,0.44140625,0.3539823
72,143,215,0.41992188,-0.33023256
81,145,226,0.44140625,-0.28318584
143,79,222,0.43359375,0.28828829
124,113,237,0.46289062,0.046413502
148,78,226,0.44140625,0.30973451
178,50,228,0.4453125,0.56140351
172,63,235,0.45898438,0.46382979
117,110,227,0.44335938,0.030837004
107,139,246,0.48046875,-0.1300813
120,112,232,0.453125,0.034482759
120,99,219,0.42773438,0.095890411
110,120,230,0.44921875,-0.043478261
135,105,240,0.46875,0.125
114,110,224,0.4375,0.017857143
99,135,234,0.45703125,-0.15384615
112,104,216,0.421875,0.037037037
76,148,224,0.4375,-0.32142857
146,88,234,0.45703125,0.24786325
155,77,232,0.453125,0.3362069
98,139,237,0.46289062,-0.17299578
148,82,230,0.44921875,0.28695652
111,111,222,0.43359375,0
77,150,227,0.44335938,-0.3215859
82,161,243,0.47460938,-0.32510288
96,144,240,0.46875,-0.2
135,95,230,0.44921875,0.17391304
121,120,241,0.47070312,0.0041493776
95,146,241,0.47070312,-0.21161826
91,141,232,0.453125,-0.21551724
128,87,215,0.41992188,0.19069767
136,67,203,0.39648438,0.33990148
109,107,216,0.421875,0.0092592593
145,96,241,0.47070312,0.2033195
174,59,233,0.45507812,0.49356223
57,168,225,0.43945312,-0.49333333
107,122,229,0.44726562,-0.065502183
78,133,211,0.41210938,-0.26066351
148,79,227,0.44335938,0.30396476
100,134,234,0.45703125,-0.14529915
94,113,207,0.40429688,-0.09178744
34,188,222,0.43359375,-0.69369369
143,88,231,0.45117188,0.23809524
114,114,228,0.4453125,0
89,140,229,0.44726562,-0.22270742
162,80,242,0.47265625,0.33884298
156,78,234,0.45703125,0.33333333
85,157,242,0.47265625,-0.29752066
157,83,240,0.46875,0.30833333
132,100,232,0.453125,0.13793103
119,112,231,0.45117188,0.03030303
133,95,228,0.4453125,0.16666667
126,103,229,0.44726562,0.10043668
113,132,245,0.47851562,-0.07755102
74,150,224,0.4375,-0.33928571
129,101,230,0.44921875,0.12173913
69,160,229,0.44726562,-0.39737991
99,133,232,0.453125,-0.14655172
64,175,239,0.46679688,-0.46443515
125,92,217,0.42382812,0.15207373
146,82,228,0.4453125,0.28070175
114,107,221,0.43164062,0.031674208
163,64,227,0.44335938,0.43612335
100,118,218,0.42578125,-0.082568807
117,128,245,0.47851562,-0.044897959
137,88,225,0.43945312,0.21777778
105,118,223,0.43554688,-0.058295964
159,76,235,0.45898438,0.35319149
131,96,227,0.44335938,0.15418502
63,175,238,0.46484375,-0.47058824
98,124,222,0.43359375,-0.11711712
130,107,237,0.46289062,0.097046414
127,100,227,0.44335938,0.11894273
105,122,227,0.44335938,-0.074889868
80,137,217,0.42382812,-0.26267281
90,149,239,0.46679688,-0.24686192
159,87,246,0.48046875,0.29268293
63,161,224,0.4375,-0.4375
81,144,225,0.43945312,-0.28
145,99,244,0.4765625,0.18852459
121,92,213,0.41601562,0.13615023
136,104,240,0.46875,0.13333333
166,71,237,0.46289062,0.40084388
127,101,228,0.4453125,0.11403509
80,152,232,0.453125,-0.31034483
111,109,220,0.4296875,0.0090909091
178,51,229,0.44726562,0.55458515
121,104,225,0.43945312,0.075555556
83,146,229,0.44726562,-0.27510917
140,96,236,0.4609375,0.18644068
84,156,240,0.46875,-0.3
143,85,228,0.4453125,0.25438596
116,112,228,0.4453125,0.01754386
71,168,239,0.46679688,-0.40585774
107,108,215,0.41992188,-0.0046511628
100,118,218,0.42578125,-0.082568807
135,88,223,0.43554688,0.21076233
118,114,232,0.453125,0.017241379
151,77,228,0.4453125,0.3245614
60,177,237,0.46289062,-0.49367089
108,112,220,0.4296875,-0.018181818
133,86,219,0.42773438,0.21461187
132,101,233,0.45507812,0.13304721
119,111,230,0.44921875,0.034782609
120,108,228,0.4453125,0.052631579
159,70,229,0.44726562,0.38864629
127,109,236,0.4609375,0.076271186
107,130,237,0.46289062,-0.097046414
142,87,229,0.44726562,0.24017467
117,108,225,0.43945312,0.04
101,120,221,0.43164062,-0.085972851
115,124,239,0.46679688,-0.037656904
93,121,214,0.41796875,-0.13084112
81,146,227,0.44335938,-0.28634361
136,104,240,0.46875,0.13333333
142,95,237,0.46289062,0.19831224
85,144,229,0.44726562,-0.25764192
104,115,219,0.42773438,-0.050228311
81,143,224,0.4375,-0.27678571
167,71,238,0.46484375,0.40336134
111,125,236,0.4609375,-0.059322034
143,84,227,0.44335938,0.25991189
119,121,240,0.46875,-0.0083333333
133,94,227,0.44335938,0.17180617
133,97,230,0.44921875,0.15652174
107,138,245,0.47851562,-0.12653061
97,140,237,0.46289062,-0.1814346
75,157,232,0.453125,-0.35344828
143,98,241,0.47070312,0.18672199
128,97,225,0.43945312,0.13777778
124,105,229,0.44726562,0.082969432
144,83,227,0.44335938,0.26872247
113,126,239,0.46679688,-0.054393305
103,122,225,0.43945312,-0.084444444
144,84,228,0.4453125,0.26315789
119,105,224,0.4375,0.0625
134,94,228,0.4453125,0.1754386
104,145,249,0.48632812,-0.16465863
91,150,241,0.47070312,-0.24481328
167,68,235,0.45898438,0.4212766
107,122,229,0.44726562,-0.065502183
121,115,236,0.4609375,0.025423729
116,113,229,0.44726562,0.013100437
114,103,217,0.42382812,0.050691244
120,101,221,0.43164062,0.085972851
144,86,230,0.44921875,0.25217391
79,137,216,0.421875,-0.26851852
122,111,233,0.45507812,0.0472103
97,142,239,0.46679688,-0.18828452
147,84,231,0.45117188,0.27272727
76,150,226,0.44140625,-0.32743363
47,182,229,0.44726562,-0.58951965
106,125,231,0.45117188,-0.082251082
131,89,220,0.4296875,0.19090909
102,130,232,0.453125,-0.12068966
73,151,224,0.4375,-0.34821429
86,148,234,0.45703125,-0.26495726
149,98,247,0.48242188,0.20647773
104,120,224,0.4375,-0.071428571
94,150,244,0.4765625,-0.2295082
150,94,244,0.4765625,0.2295082
106,127,233,0.45507812,-0.090128755
118,103,221,0.43164062,0.067873303
123,108,231,0.45117188,0.064935065
122,118,240,0.46875,0.016666667
147,81,228,0.4453125,0.28947368
115,122,237,0.46289062,-0.029535865
139,92,231,0.45117188,0.2034632
146,73,219,0.42773438,0.33333333
83,145,228,0.4453125,-0.27192982
103,112,215,0.41992188,-0.041860465
114,119,233,0.45507812,-0.021459227
140,84,224,0.4375,0.25
52,190,242,0.47265625,-0.57024793
114,105,219,0.42773438,0.04109589
117,109,226,0.44140625,0.03539823
148,90,238,0.46484375,0.24369748
100,135,235,0.45898438,-0.14893617
114,122,236,0.4609375,-0.033898305
161,69,230,0.44921875,0.4
82,149,231,0.45117188,-0.29004329
112,114,226,0.44140625,-0.0088495575
99,138,237,0.46289062,-0.16455696
168,65,233,0.45507812,0.44206009
136,98,234,0.45703125,0.16239316
85,144,229,0.44726562,-0.25764192
78,162,240,0.46875,-0.35
79,145,224,0.4375,-0.29464286
81,147,228,0.4453125,-0.28947368
85,131,216,0.421875,-0.21296296
100,108,208,0.40625,-0.038461538
105,123,228,0.4453125,-0.078947368
136,78,214,0.41796875,0.27102804
109,115,224,0.4375,-0.026785714
113,125,238,0.46484375,-0.050420168
131,81,212,0.4140625,0.23584906
88,140,228,0.4453125,-0.22807018
104,128,232,0.453125,-0.10344828
118,110,228,0.4453125,0.035087719
148,79,227,0.44335938,0.30396476
110,125,235,0.45898438,-0.063829787
162,77,239,0.46679688,0.35564854
116,118,234,0.45703125,-0.0085470085
94,131,225,0.43945312,-0.16444444
81,152,233,0.45507812,-0.30472103
155,68,223,0.43554688,0.39013453
90,141,231,0.45117188,-0.22077922
114,126,240,0.46875,-0.05
137,91,228,0.4453125,0.20175439
144,101,245,0.47851562,0.1755102
125,108,233,0.45507812,0.072961373
113,92,205,0.40039062,0.10243902
90,141,231,0.45117188,-0.22077922
136,98,234,0.45703125,0.16239316
79,157,236,0.4609375,-0.33050847
99,118,217,0.42382812,-0.087557604
133,105,238,0.46484375,0.11764706
111,115,226,0.44140625,-0.017699115
71,136,207,0.40429688,-0.31400966
117,124,241,0.47070312,-0.029045643
118,115,233,0.45507812,0.012875536
108,121,229,0.44726562,-0.056768559
143,96,239,0.46679688,0.19665272
70,150,220,0.4296875,-0.36363636
148,92,240,0.46875,0.23333333
178,71,249,0.48632812,0.42971888
65,156,221,0.43164062,-0.41176471
100,118,218,0.42578125,-0.082568807
69,160,229,0.44726562,-0.39737991
106,99,205,0.40039062,0.034146341
93,123,216,0.421875,-0.13888889
85,142,227,0.44335938,-0.25110132
100,124,224,0.4375,-0.10714286
90,135,225,0.43945312,-0.2
109,137,246,0.48046875,-0.11382114
84,150,234,0.45703125,-0.28205128
106,119,225,0.43945312,-0.057777778
99,145,244,0.4765625,-0.18852459
123,126,249,0.48632812,-0.012048193
147,82,229,0.44726562,0.28384279
111,108,219,0.42773438,0.01369863
123,103,226,0.44140625,0.088495575
144,92,236,0.4609375,0.22033898
133,115,248,0.484375,0.072580645
78,156,234,0.45703125,-0.33333333
114,103,217,0.42382812,0.050691244
76,148,224,0.4375,-0.32142857
48,176,224,0.4375,-0.57142857
93,132,225,0.43945312,-0.17333333
110,111,221,0.43164062,-0.0045248869
134,95,229,0.44726562,0.17030568
157,79,236,0.4609375,0.33050847
97,131,228,0.4453125,-0.14912281
127,99,226,0.44140625,0.12389381
71,170,241,0.47070312,-0.41078838
114,125,239,0.46679688,-0.046025105
112,127,239,0.46679688,-0.062761506
117,106,223,0.43554688,0.049327354
144,88,232,0.453125,0.24137931
113,132,245,0.47851562,-0.07755102
123,106,229,0.44726562,0.074235808
139,94,233,0.45507812,0.19313305
125,107,232,0.453125,0.077586207
75,152,227,0.44335938,-0.33920705
123,108,231,0.45117188,0.064935065
117,129,246,0.48046875,-0.048780488
71,164,235,0.45898438,-0.39574468
124,110,234,0.45703125,0.05982906
149,83,232,0.453125,0.28448276
112,135,247,0.48242188,-0.093117409
105,122,227,0.44335938,-0.074889868
88,138,226,0.44140625,-0.22123894
99,130,229,0.44726562,-0.13537118
98,115,213,0.41601562,-0.079812207
137,97,234,0.45703125,0.17094017
151,88,239,0.46679688,0.26359833
129,107,236,0.4609375,0.093220339
110,122,232,0.453125,-0.051724138
133,92,225,0.43945312,0.18222222
105,111,216,0.421875,-0.027777778
147,84,231,0.45117188,0.27272727
123,106,229,0.44726562,0.074235808
76,148,224,0.4375,-0.32142857
85,160,245,0.47851562,-0.30612245
117,113,230,0.44921875,0.017391304
79,149,228,0.4453125,-0.30701754
111,117,228,0.4453125,-0.026315789
152,88,240,0.46875,0.26666667
80,154,234,0.45703125,-0.31623932
85,141,226,0.44140625,-0.24778761
114,106,220,0.4296875,0.036363636
179,55,234,0.45703125,0.52991453
118,102,220,0.4296875,0.072727273
100,121,221,0.43164062,-0.095022624
129,95,224,0.4375,0.15178571
162,60,222,0.43359375,0.45945946
131,119,250,0.48828125,0.048
192,46,238,0.46484375,0.61344538
111,109,220,0.4296875,0.0090909091
140,89,229,0.44726562,0.22270742
46,180,226,0.44140625,-0.59292035
79,143,222,0.43359375,-0.28828829
140,87,227,0.44335938,0.23348018
113,118,231,0.45117188,-0.021645022
115,102,217,0.42382812,0.059907834
105,120,225,0.43945312,-0.066666667
105,125,230,0.44921875,-0.086956522
109,117,226,0.44140625,-0.03539823
99,129,228,0.4453125,-0.13157895
143,71,214,0.41796875,0.3364486
131,86,217,0.42382812,0.20737327
74,155,229,0.44726562,-0.35371179
124,92,216,0.421875,0.14814815
92,132,224,0.4375,-0.17857143
171,59,230,0.44921875,0.48695652
147,74,221,0.43164062,0.33031674
110,131,241,0.47070312,-0.087136929
127,108,235,0.45898438,0.080851064
119,122,241,0.47070312,-0.012448133
136,80,216,0.421875,0.25925926
110,125,235,0.45898438,-0.063829787
124,87,211,0.41210938,0.17535545
106,132,238,0.46484375,-0.1092437
79,133,212,0.4140625,-0.25471698
95,135,230,0.44921875,-0.17391304
169,85,254,0.49609375,0.33070866
101,124,225,0.43945312,-0.10222222
138,101,239,0.46679688,0.15481172
88,134,222,0.43359375,-0.20720721
98,141,239,0.46679688,-0.17991632
121,107,228,0.4453125,0.061403509
126,105,231,0.45117188,0.090909091
149,85,234,0.45703125,0.27350427
111,105,216,0.421875,0.027777778
125,99,224,0.4375,0.11607143
151,82,233,0.45507812,0.29613734
96,128,224,0.4375,-0.14285714
109,115,224,0.4375,-0.026785714
71,153,224,0.4375,-0.36607143
118,121,239,0.46679688,-0.012552301
116,114,230,0.44921875,0.0086956522
88,124,212,0.4140625,-0.16981132
112,124,236,0.4609375,-0.050847458
107,129,236,0.4609375,-0.093220339
74,164,238,0.46484375,-0.37815126
164,60,224,0.4375,0.46428571
125,119,244,0.4765625,0.024590164
108,122,230,0.44921875,-0.060869565
50,186,236,0.4609375,-0.57627119
121,101,222,0.43359375,0.09009009
90,162,252,0.4921875,-0.28571429
87,149,236,0.4609375,-0.26271186
87,147,234,0.45703125,-0.25641026
79,152,231,0.45117188,-0.31601732
137,97,234,0.45703125,0.17094017
123,114,237,0.46289062,0.037974684
87,130,217,0.42382812,-0.19815668
100,123,223,0.43554688,-0.10313901
115,120,235,0.45898438,-0.021276596
134,90,224,0.4375,0.19642857
148,92,240,0.46875,0.23333333
158,56,214,0.41796875,0.47663551
147,73,220,0.4296875,0.33636364
117,116,233,0.45507812,0.0042918455
97,136,233,0.45507812,-0.16738197
151,72,223,0.43554688,0.35426009
99,131,230,0.44921875,-0.13913043
136,93,229,0.44726562,0.18777293
51,177,228,0.4453125,-0.55263158
123,100,223,0.43554688,0.10313901
133,93,226,0.44140625,0.17699115
91,142,233,0.45507812,-0.21888412
142,99,241,0.47070312,0.17842324
84,139,223,0.43554688,-0.24663677
90,140,230,0.44921875,-0.2173913
126,94,220,0.4296875,0.14545455
123,114,237,0.46289062,0.037974684
144,72,216,0.421875,0.33333333
79,160,239,0.46679688,-0.33891213
93,126,219,0.42773438,-0.15068493
117,103,220,0.4296875,0.063636364
122,116,238,0.46484375,0.025210084
106,128,234,0.45703125,-0.094017094
88,120,208,0.40625,-0.15384615
96,125,221,0.43164062,-0.13122172
94,125,219,0.42773438,-0.14155251
147,85,232,0.453125,0.26724138
171,70,241,0.47070312,0.41908714
106,113,219,0.42773438,-0.03196347
95,124,219,0.42773438,-0.13242009
125,104,229,0.44726562,0.091703057
82,146,228,0.4453125,-0.28070175
114,119,233,0.45507812,-0.021459227
157,69,226,0.44140625,0.38938053
113,117,230,0.44921875,-0.017391304
95,136,231,0.45117188,-0.17748918
64,150,214,0.41796875,-0.40186916
131,98,229,0.44726562,0.1441048
108,113,221,0.43164062,-0.022624434
75,160,235,0.45898438,-0.36170213
100,137,237,0.46289062,-0.15611814
103,123,226,0.44140625,-0.088495575
100,123,223,0.43554688,-0.10313901
117,102,219,0.42773438,0.068493151
150,92,242,0.47265625,0.23966942
91,132,223,0.43554688,-0.1838565
72,164,236,0.4609375,-0.38983051
60,169,229,0.44726562,-0.47598253
96,132,228,0.4453125,-0.15789474
88,148,236,0.4609375,-0.25423729
123,108,231,0.45117188,0.064935065
121,105,226,0.44140625,0.07079646
105,125,230,0.44921875,-0.086956522
135,101,236,0.4609375,0.1440678
96,138,234,0.45703125,-0.17948718
121,109,230,0.44921875,0.052173913
155,86,241,0.47070312,0.28630705
125,110,235,0.45898438,0.063829787
96,127,223,0.43554688,-0.13901345
81,144,225,0.43945312,-0.28
141,94,235,0.45898438,0.2
162,68,230,0.44921875,0.40869565
174,66,240,0.46875,0.45
123,116,239,0.46679688,0.029288703
100,142,242,0.47265625,-0.17355372
146,71,217,0.42382812,0.34562212
89,134,223,0.43554688,-0.20179372
71,145,216,0.421875,-0.34259259
109,116,225,0.43945312,-0.031111111
81,158,239,0.46679688,-0.32217573
83,146,229,0.44726562,-0.27510917
159,80,239,0.46679688,0.33054393
190,45,235,0.45898438,0.61702128
113,113,226,0.44140625,0
132,96,228,0.4453125,0.15789474
77,154,231,0.45117188,-0.33333333
82,174,256,0.5,-0.359375
95,146,241,0.47070312,-0.21161826
128,111,239,0.46679688,0.071129707
81,143,224,0.4375,-0.27678571
120,116,236,0.4609375,0.016949153
116,110,226,0.44140625,0.026548673
161,66,227,0.44335938,0.4185022
121,121,242,0.47265625,0
117,109,226,0.44140625,0.03539823
109,132,241,0.47070312,-0.095435685
141,91,232,0.453125,0.21551724
134,74,208,0.40625,0.28846154
58,170,228,0.4453125,-0.49122807
108,128,236,0.4609375,-0.084745763
91,140,231,0.45117188,-0.21212121
123,113,236,0.4609375,0.042372881
77,158,235,0.45898438,-0.34468085
107,129,236,0.4609375,-0.093220339
94,129,223,0.43554688,-0.15695067
105,119,224,0.4375,-0.0625
160,74,234,0.45703125,0.36752137
100,139,239,0.46679688,-0.16317992
91,123,214,0.41796875,-0.14953271
89,142,231,0.45117188,-0.22943723
136,92,228,0.4453125,0.19298246
131,107,238,0.46484375,0.10084034
143,78,221,0.43164062,0.29411765
122,108,230,0.44921875,0.060869565
126,101,227,0.44335938,0.11013216
95,148,243,0.47460938,-0.218107
144,100,244,0.4765625,0.18032787
143,84,227,0.44335938,0.25991189
134,88,222,0.43359375,0.20720721
191,59,250,0.48828125,0.528
135,105,240,0.46875,0.125
156,80,236,0.4609375,0.3220339
148,85,233,0.45507812,0.27038627
115,121,236,0.4609375,-0.025423729
116,106,222,0.43359375,0.045045045
186,50,236,0.4609375,0.57627119
93,143,236,0.4609375,-0.21186441
120,112,232,0.453125,0.034482759
118,119,237,0.46289062,-0.0042194093
141,99,240,0.46875,0.175
112,98,210,0.41015625,0.066666667
128,103,231,0.45117188,0.10822511
103,118,221,0.43164062,-0.067873303
148,81,229,0.44726562,0.29257642
95,123,218,0.42578125,-0.12844037
88,147,235,0.45898438,-0.25106383
121,111,232,0.453125,0.043103448
55,169,224,0.4375,-0.50892857
163,65,228,0.4453125,0.42982456
63,172,235,0.45898438,-0.46382979
149,80,229,0.44726562,0.30131004
142,93,235,0.45898438,0.20851064
114,123,237,0.46289062,-0.037974684
117,115,232,0.453125,0.0086206897
100,129,229,0.44726562,-0.12663755
143,100,243,0.47460938,0.17695473
108,125,233,0.45507812,-0.072961373
121,104,225,0.43945312,0.075555556
139,89,228,0.4453125,0.21929825
118,109,227,0.44335938,0.039647577
133,83,216,0.421875,0.23148148
141,84,225,0.43945312,0.25333333
132,91,223,0.43554688,0.1838565
129,96,225,0.43945312,0.14666667
82,152,234,0.45703125,-0.2991453
64,166,230,0.44921875,-0.44347826
69,150,219,0.42773438,-0.36986301
103,122,225,0.43945312,-0.084444444
134,80,214,0.41796875,0.25233645
125,113,238,0.46484375,0.050420168
145,75,220,0.4296875,0.31818182
92,136,228,0.4453125,-0.19298246
109,123,232,0.453125,-0.060344828
118,119,237,0.46289062,-0.0042194093
79,145,224,0.4375,-0.29464286
95,132,227,0.44335938,-0.16299559
145,77,222,0.43359375,0.30630631
110,116,226,0.44140625,-0.026548673
102,135,237,0.46289062,-0.13924051
131,101,232,0.453125,0.12931034
131,95,226,0.44140625,0.15929204
79,137,216,0.421875,-0.26851852
125,96,221,0.43164062,0.13122172
101,132,233,0.45507812,-0.13304721
75,163,238,0.46484375,-0.3697479
88,127,215,0.41992188,-0.18139535
84,146,230,0.44921875,-0.26956522
86,138,224,0.4375,-0.23214286
155,83,238,0.46484375,0.30252101
145,74,219,0.42773438,0.32420091
135,91,226,0.44140625,0.19469027
149,91,240,0.46875,0.24166667
105,111,216,0.421875,-0.027777778
129,105,234,0.45703125,0.1025641
123,105,228,0.4453125,0.078947368
144,99,243,0.47460938,0.18518519
129,105,234,0.45703125,0.1025641
153,80,233,0.45507812,0.31330472
84,148,232,0.453125,-0.27586207
114,123,237,0.46289062,-0.037974684
100,126,226,0.44140625,-0.11504425
105,118,223,0.43554688,-0.058295964
171,75,246,0.48046875,0.3902439
115,101,216,0.421875,0.064814815
138,94,232,0.453125,0.18965517
170,70,240,0.46875,0.41666667
125,106,231,0.45117188,0.082251082
125,100,225,0.43945312,0.11111111
98,134,232,0.453125,-0.15517241
104,131,235,0.45898438,-0.11489362
153,68,221,0.43164062,0.38461538
128,99,227,0.44335938,0.1277533
112,125,237,0.46289062,-0.054852321
133,90,223,0.43554688,0.19282511
129,95,224,0.4375,0.15178571
126,110,236,0.4609375,0.06779661
136,85,221,0.43164062,0.23076923
152,97,249,0.48632812,0.22088353
81,154,235,0.45898438,-0.3106383
99,141,240,0.46875,-0.175
140,94,234,0.45703125,0.1965812
115,116,231,0.45117188,-0.0043290043
110,116,226,0.44140625,-0.026548673
135,109,244,0.4765625,0.10655738
109,114,223,0.43554688,-0.022421525
124,94,218,0.42578125,0.13761468
102,127,229,0.44726562,-0.10917031
118,111,229,0.44726562,0.030567686
123,98,221,0.43164062,0.11312217
106,123,229,0.44726562,-0.074235808
118,107,225,0.43945312,0.048888889
105,121,226,0.44140625,-0.07079646
133,85,218,0.42578125,0.22018349
145,85,230,0.44921875,0.26086957
135,98,233,0.45507812,0.15879828
86,135,221,0.43164062,-0.22171946
97,147,244,0.4765625,-0.20491803
93,141,234,0.45703125,-0.20512821
148,89,237,0.46289062,0.24894515
92,145,237,0.46289062,-0.22362869
119,126,245,0.47851562,-0.028571429
126,107,233,0.45507812,0.081545064
123,97,220,0.4296875,0.11818182
122,117,239,0.46679688,0.020920502
138,105,243,0.47460938,0.13580247
74,151,225,0.43945312,-0.34222222
169,66,235,0.45898438,0.43829787
156,69,225,0.43945312,0.38666667
139,85,224,0.4375,0.24107143
73,149,222,0.43359375,-0.34234234
79,144,223,0.43554688,-0.29147982
91,141,232,0.453125,-0.21551724
119,108,227,0.44335938,0.04845815
73,142,215,0.41992188,-0.32093023
163,80,243,0.47460938,0.34156379
129,94,223,0.43554688,0.15695067
138,94,232,0.453125,0.18965517
138,94,232,0.453125,0.18965517
145,73,218,0.42578125,0.33027523
134,98,232,0.453125,0.15517241
115,108,223,0.43554688,0.031390135
113,120,233,0.45507812,-0.030042918
158,76,234,0.45703125,0.35042735
80,150,230,0.44921875,-0.30434783
94,141,235,0.45898438,-0.2
79,157,236,0.4609375,-0.33050847
137,103,240,0.46875,0.14166667
93,132,225,0.43945312,-0.17333333
173,59,232,0.453125,0.49137931
116,102,218,0.42578125,0.064220183
129,94,223,0.43554688,0.15695067
49,191,240,0.46875,-0.59166667
101,141,242,0.47265625,-0.16528926
108,120,228,0.4453125,-0.052631579
132,89,221,0.43164062,0.19457014
94,137,231,0.45117188,-0.18614719
119,89,208,0.40625,0.14423077
87,145,232,0.453125,-0.25
178,67,245,0.47851562,0.45306122
115,111,226,0.44140625,0.017699115
89,148,237,0.46289062,-0.24894515
126,101,227,0.44335938,0.11013216
115,118,233,0.45507812,-0.012875536
99,118,217,0.42382812,-0.087557604
115,115,230,0.44921875,0
96,134,230,0.44921875,-0.16521739
101,135,236,0.4609375,-0.1440678
117,114,231,0.45117188,0.012987013
107,126,233,0.45507812,-0.081545064
106,126,232,0.453125,-0.086206897
128,100,228,0.4453125,0.12280702
116,108,224,0.4375,0.035714286
118,106,224,0.4375,0.053571429
109,119,228,0.4453125,-0.043859649
116,120,236,0.4609375,-0.016949153
60,170,230,0.44921875,-0.47826087
153,77,230,0.44921875,0.33043478
85,145,230,0.44921875,-0.26086957
116,109,225,0.43945312,0.031111111
84,141,225,0.43945312,-0.25333333
121,109,230,0.44921875,0.052173913
119,103,222,0.43359375,0.072072072
108,117,225,0.43945312,-0.04
83,154,237,0.46289062,-0.29957806
100,130,230,0.44921875,-0.13043478
136,110,246,0.48046875,0.10569106
120,91,211,0.41210938,0.13744076
84,145,229,0.44726562,-0.26637555
68,156,224,0.4375,-0.39285714
135,99,234,0.45703125,0.15384615
134,97,231,0.45117188,0.16017316
139,82,221,0.43164062,0.25791855
142,99,241,0.47070312,0.17842324
159,69,228,0.4453125,0.39473684
140,93,233,0.45507812,0.20171674
103,114,217,0.42382812,-0.050691244
81,150,231,0.45117188,-0.2987013
114,128,242,0.47265625,-0.05785124
68,158,226,0.44140625,-0.39823009
119,119,238,0.46484375,0
85,152,237,0.46289062,-0.28270042
96,114,210,0.41015625,-0.085714286
98,122,220,0.4296875,-0.10909091
95,132,227,0.44335938,-0.16299559
107,124,231,0.45117188,-0.073593074
174,56,230,0.44921875,0.51304348
167,71,238,0.46484375,0.40336134
118,110,228,0.4453125,0.035087719
103,121,224,0.4375,-0.080357143
102,131,233,0.45507812,-0.12446352
128,97,225,0.43945312,0.13777778
129,100,229,0.44726562,0.12663755
98,116,214,0.41796875,-0.08411215
144,95,239,0.46679688,0.20502092
74,164,238,0.46484375,-0.37815126
130,91,221,0.43164062,0.17647059
85,147,232,0.453125,-0.26724138
79,141,220,0.4296875,-0.28181818
67,166,233,0.45507812,-0.4248927
114,103,217,0.42382812,0.050691244
91,145,236,0.4609375,-0.22881356
85,150,235,0.45898438,-0.27659574
109,126,235,0.45898438,-0.072340426
102,116,218,0.42578125,-0.064220183
93,141,234,0.45703125,-0.20512821
106,128,234,0.45703125,-0.094017094
132,103,235,0.45898438,0.12340426
85,142,227,0.44335938,-0.25110132
101,122,223,0.43554688,-0.094170404
133,107,240,0.46875,0.10833333
150,79,229,0.44726562,0.31004367
123,117,240,0.46875,0.025
151,78,229,0.44726562,0.31877729
83,146,229,0.44726562,-0.27510917
59,175,234,0.45703125,-0.4957265
116,110,226,0.44140625,0.026548673
76,138,214,0.41796875,-0.28971963
54,167,221,0.43164062,-0.51131222
63,176,239,0.46679688,-0.47280335
120,109,229,0.44726562,0.048034934
77,157,234,0.45703125,-0.34188034
158,75,233,0.45507812,0.35622318
72,164,236,0.4609375,-0.38983051
60,172,232,0.453125,-0.48275862
67,156,223,0.43554688,-0.39910314
145,86,231,0.45117188,0.25541126
110,127,237,0.46289062,-0.071729958
170,64,234,0.45703125,0.45299145
100,132,232,0.453125,-0.13793103
117,131,248,0.484375,-0.056451613
98,119,217,0.42382812,-0.096774194
128,96,224,0.4375,0.14285714
124,106,230,0.44921875,0.07826087
110,111,221,0.43164062,-0.0045248869
116,110,226,0.44140625,0.026548673
144,85,229,0.44726562,0.25764192
87,146,233,0.45507812,-0.25321888
96,134,230,0.44921875,-0.16521739
94,128,222,0.43359375,-0.15315315
132,91,223,0.43554688,0.1838565
81,145,226,0.44140625,-0.28318584
159,80,239,0.46679688,0.33054393
137,82,219,0.42773438,0.25114155
119,101,220,0.4296875,0.081818182
129,110,239,0.46679688,0.079497908
119,102,221,0.43164062,0.076923077
120,117,237,0.46289062,0.012658228
112,122,234,0.45703125,-0.042735043
120,112,232,0.453125,0.034482759
134,96,230,0.44921875,0.16521739
162,78,240,0.46875,0.35
111,111,222,0.43359375,0
137,92,229,0.44726562,0.19650655
111,112,223,0.43554688,-0.0044843049
103,125,228,0.4453125,-0.096491228
164,61,225,0.43945312,0.45777778
86,157,243,0.47460938,-0.29218107
135,82,217,0.42382812,0.24423963
151,90,241,0.47070312,0.25311203
102,114,216,0.421875,-0.055555556
108,124,232,0.453125,-0.068965517
86,133,219,0.42773438,-0.21461187
85,144,229,0.44726562,-0.25764192
58,181,239,0.46679688,-0.51464435
69,152,221,0.43164062,-0.37556561
109,128,237,0.46289062,-0.080168776
125,99,224,0.4375,0.11607143
170,64,234,0.45703125,0.45299145
109,116,225,0.43945312,-0.031111111
103,138,241,0.47070312,-0.14522822
79,161,240,0.46875,-0.34166667
108,123,231,0.45117188,-0.064935065
100,131,231,0.45117188,-0.13419913
105,118,223,0.43554688,-0.058295964
156,72,228,0.4453125,0.36842105
121,103,224,0.4375,0.080357143
95,131,226,0.44140625,-0.15929204
111,122,233,0.45507812,-0.0472103
114,135,249,0.48632812,-0.084337349
94,125,219,0.42773438,-0.14155251
118,99,217,0.42382812,0.087557604
102,130,232,0.453125,-0.12068966
129,109,238,0.46484375,0.084033613
116,108,224,0.4375,0.035714286
136,92,228,0.4453125,0.19298246
91,144,235,0.45898438,-0.22553191
99,128,227,0.44335938,-0.1277533
139,105,244,0.4765625,0.13934426
91,146,237,0.46289062,-0.23206751
87,136,223,0.43554688,-0.21973094
91,133,224,0.4375,-0.1875
91,136,227,0.44335938,-0.19823789
112,101,213,0.41601562,0.051643192
152,63,215,0.41992188,0.41395349
149,87,236,0.4609375,0.26271186
83,148,231,0.45117188,-0.28138528
124,94,218,0.42578125,0.13761468
147,86,233,0.45507812,0.26180258
155,74,229,0.44726562,0.35371179
106,113,219,0.42773438,-0.03196347
128,91,219,0.42773438,0.16894977
92,125,217,0.42382812,-0.15207373
155,82,237,0.46289062,0.30801688
76,150,226,0.44140625,-0.32743363
122,100,222,0.43359375,0.099099099
131,97,228,0.4453125,0.14912281
129,95,224,0.4375,0.15178571
103,142,245,0.47851562,-0.15918367
112,117,229,0.44726562,-0.021834061
123,108,231,0.45117188,0.064935065
114,117,231,0.45117188,-0.012987013
81,147,228,0.4453125,-0.28947368
127,100,227,0.44335938,0.11894273
120,109,229,0.44726562,0.048034934
135,100,235,0.45898438,0.14893617
108,124,232,0.453125,-0.068965517
125,115,240,0.46875,0.041666667
116,109,225,0.43945312,0.031111111
92,141,233,0.45507812,-0.21030043
84,138,222,0.43359375,-0.24324324
49,163,212,0.4140625,-0.53773585
130,101,231,0.45117188,0.12554113
133,88,221,0.43164062,0.20361991
98,134,232,0.453125,-0.15517241
162,76,238,0.46484375,0.36134454
152,81,233,0.45507812,0.30472103
80,151,231,0.45117188,-0.30735931
105,121,226,0.44140625,-0.07079646
133,97,230,0.44921875,0.15652174
136,86,222,0.43359375,0.22522523
83,134,217,0.42382812,-0.23502304
156,80,236,0.4609375,0.3220339
115,107,222,0.43359375,0.036036036
121,99,220,0.4296875,0.1
121,101,222,0.43359375,0.09009009
103,118,221,0.43164062,-0.067873303
109,107,216,0.421875,0.0092592593
127,107,234,0.45703125,0.085470085
68,145,213,0.41601562,-0.36150235
91,128,219,0.42773438,-0.16894977
94,132,226,0.44140625,-0.16814159
103,119,222,0.43359375,-0.072072072
129,96,225,0.43945312,0.14666667
115,118,233,0.45507812,-0.012875536
103,125,228,0.4453125,-0.096491228
110,118,228,0.4453125,-0.035087719
139,93,232,0.453125,0.19827586
125,97,222,0.43359375,0.12612613
137,86,223,0.43554688,0.22869955
82,148,230,0.44921875,-0.28695652
121,84,205,0.40039062,0.1804878
146,95,241,0.47070312,0.21161826
133,100,233,0.45507812,0.1416309
91,150,241,0.47070312,-0.24481328
98,135,233,0.45507812,-0.15879828
130,94,224,0.4375,0.16071429
133,95,228,0.4453125,0.16666667
83,167,250,0.48828125,-0.336
118,120,238,0.46484375,-0.0084033613
62,155,217,0.42382812,-0.42857143
142,85,227,0.44335938,0.25110132
81,140,221,0.43164062,-0.26696833
117,104,221,0.43164062,0.058823529
87,142,229,0.44726562,-0.24017467
144,102,246,0.48046875,0.17073171
112,122,234,0.45703125,-0.042735043
99,118,217,0.42382812,-0.087557604
98,136,234,0.45703125,-0.16239316
167,75,242,0.47265625,0.38016529
110,117,227,0.44335938,-0.030837004
124,102,226,0.44140625,0.097345133
114,122,236,0.4609375,-0.033898305
97,136,233,0.45507812,-0.16738197
81,150,231,0.45117188,-0.2987013
74,155,229,0.44726562,-0.35371179
85,122,207,0.40429688,-0.17874396
177,65,242,0.47265625,0.46280992
88,150,238,0.46484375,-0.2605042
114,116,230,0.44921875,-0.0086956522
152,77,229,0.44726562,0.32751092
90,153,243,0.47460938,-0.25925926
94,129,223,0.43554688,-0.15695067
129,106,235,0.45898438,0.09787234
123,103,226,0.44140625,0.088495575
87,153,240,0.46875,-0.275
110,124,234,0.45703125,-0.05982906
103,122,225,0.43945312,-0.084444444
151,83,234,0.45703125,0.29059829
107,131,238,0.46484375,-0.10084034
91,149,240,0.46875,-0.24166667
142,97,239,0.46679688,0.18828452
140,86,226,0.44140625,0.23893805
124,110,234,0.45703125,0.05982906
132,93,225,0.43945312,0.17333333
115,118,233,0.45507812,-0.012875536
120,108,228,0.4453125,0.052631579
88,144,232,0.453125,-0.24137931
89,128,217,0.42382812,-0.1797235
147,82,229,0.44726562,0.28384279
119,126,245,0.47851562,-0.028571429
84,150,234,0.45703125,-0.28205128
115,125,240,0.46875,-0.041666667
118,119,237,0.46289062,-0.0042194093
100,134,234,0.45703125,-0.14529915
65,173,238,0.46484375,-0.45378151
129,107,236,0.4609375,0.093220339
79,162,241,0.47070312,-0.34439834
130,111,241,0.47070312,0.078838174
155,70,225,0.43945312,0.37777778
97,134,231,0.45117188,-0.16017316
130,102,232,0.453125,0.12068966
98,127,225,0.43945312,-0.12888889
159,73,232,0.453125,0.37068966
167,86,253,0.49414062,0.3201581
114,131,245,0.47851562,-0.069387755
105,116,221,0.43164062,-0.049773756
65,174,239,0.46679688,-0.45606695
94,143,237,0.46289062,-0.20675105
116,102,218,0.42578125,0.064220183
114,116,230,0.44921875,-0.0086956522
110,126,236,0.4609375,-0.06779661
141,90,231,0.45117188,0.22077922
142,86,228,0.4453125,0.24561404
136,96,232,0.453125,0.17241379
113,105,218,0.42578125,0.036697248
101,107,208,0.40625,-0.028846154
195,50,245,0.47851562,0.59183673
62,160,222,0.43359375,-0.44144144
62,155,217,0.42382812,-0.42857143
54,184,238,0.46484375,-0.54621849
122,101,223,0.43554688,0.094170404
131,91,222,0.43359375,0.18018018
110,119,229,0.44726562,-0.03930131
96,122,218,0.42578125,-0.11926606
114,129,243,0.47460938,-0.061728395
113,121,234,0.45703125,-0.034188034
65,162,227,0.44335938,-0.42731278
91,141,232,0.453125,-0.21551724
107,127,234,0.45703125,-0.085470085
131,103,234,0.45703125,0.11965812
78,161,239,0.46679688,-0.34728033
140,86,226,0.44140625,0.23893805
142,90,232,0.453125,0.22413793
114,109,223,0.43554688,0.022421525
90,151,241,0.47070312,-0.25311203
94,134,228,0.4453125,-0.1754386
78,146,224,0.4375,-0.30357143
110,124,234,0.45703125,-0.05982906
62,164,226,0.44140625,-0.45132743
168,75,243,0.47460938,0.38271605
54,182,236,0.4609375,-0.54237288
120,111,231,0.45117188,0.038961039
95,125,220,0.4296875,-0.13636364
111,132,243,0.47460938,-0.086419753
152,94,246,0.48046875,0.23577236
102,119,221,0.43164062,-0.076923077
186,44,230,0.44921875,0.6173913
153,82,235,0.45898438,0.30212766
94,150,244,0.4765625,-0.2295082
109,118,227,0.44335938,-0.039647577
143,87,230,0.44921875,0.24347826
101,133,234,0.45703125,-0.13675214
166,70,236,0.4609375,0.40677966
62,163,225,0.43945312,-0.44888889
131,101,232,0.453125,0.12931034
106,140,246,0.48046875,-0.13821138
142,83,225,0.43945312,0.26222222
67,159,226,0.44140625,-0.40707965
62,161,223,0.43554688,-0.44394619
117,104,221,0.43164062,0.058823529
173,45,218,0.42578125,0.58715596
143,91,234,0.45703125,0.22222222
170,51,221,0.43164062,0.53846154
105,140,245,0.47851562,-0.14285714
100,134,234,0.45703125,-0.14529915
141,89,230,0.44921875,0.22608696
120,100,220,0.4296875,0.090909091
111,112,223,0.43554688,-0.0044843049
117,106,223,0.43554688,0.049327354
128,103,231,0.45117188,0.10822511
76,150,226,0.44140625,-0.32743363
166,60,226,0.44140625,0.46902655
139,85,224,0.4375,0.24107143
75,151,226,0.44140625,-0.33628319
129,101,230,0.44921875,0.12173913
85,131,216,0.421875,-0.21296296
135,101,236,0.4609375,0.1440678
100,127,227,0.44335938,-0.11894273
126,95,221,0.43164062,0.14027149
126,90,216,0.421875,0.16666667
94,128,222,0.43359375,-0.15315315
80,150,230,0.44921875,-0.30434783
112,120,232,0.453125,-0.034482759
145,73,218,0.42578125,0.33027523
156,88,244,0.4765625,0.27868852
126,114,240,0.46875,0.05
166,69,235,0.45898438,0.41276596
118,115,233,0.45507812,0.012875536
137,84,221,0.43164062,0.239819
105,134,239,0.46679688,-0.12133891
152,92,244,0.4765625,0.24590164
103,132,235,0.45898438,-0.12340426
115,119,234,0.45703125,-0.017094017
142,83,225,0.43945312,0.26222222
111,124,235,0.45898438,-0.055319149
85,144,229,0.44726562,-0.25764192
131,101,232,0.453125,0.12931034
156,89,245,0.47851562,0.27346939
126,91,217,0.42382812,0.16129032
109,114,223,0.43554688,-0.022421525
89,140,229,0.44726562,-0.22270742
162,72,234,0.45703125,0.38461538
51,175,226,0.44140625,-0.54867257
116,108,224,0.4375,0.035714286
93,141,234,0.45703125,-0.20512821
136,102,238,0.46484375,0.14285714
132,94,226,0.44140625,0.16814159
147,88,235,0.45898438,0.25106383
190,50,240,0.46875,0.58333333
109,125,234,0.45703125,-0.068376068
57,164,221,0.43164062,-0.4841629
136,98,234,0.45703125,0.16239316
162,63,225,0.43945312,0.44
118,115,233,0.45507812,0.012875536
82,146,228,0.4453125,-0.28070175
142,82,224,0.4375,0.26785714
92,133,225,0.43945312,-0.18222222
186,60,246,0.48046875,0.51219512
151,78,229,0.44726562,0.31877729
134,91,225,0.43945312,0.19111111
90,142,232,0.453125,-0.22413793
118,95,213,0.41601562,0.10798122
143,78,221,0.43164062,0.29411765
113,105,218,0.42578125,0.036697248
55,157,212,0.4140625,-0.48113208
121,104,225,0.43945312,0.075555556
66,156,222,0.43359375,-0.40540541
129,112,241,0.47070312,0.070539419
146,95,241,0.47070312,0.21161826
158,77,235,0.45898438,0.34468085
156,71,227,0.44335938,0.37444934
121,102,223,0.43554688,0.085201794
147,78,225,0.43945312,0.30666667
80,151,231,0.45117188,-0.30735931
178,61,239,0.46679688,0.48953975
128,98,226,0.44140625,0.13274336
111,125,236,0.4609375,-0.059322034
50,168,218,0.42578125,-0.5412844
95,130,225,0.43945312,-0.15555556
130,89,219,0.42773438,0.18721461
89,146,235,0.45898438,-0.24255319
86,133,219,0.42773438,-0.21461187
88,152,240,0.46875,-0.26666667
75,157,232,0.453125,-0.35344828
90,139,229,0.44726562,-0.2139738
97,134,231,0.45117188,-0.16017316
79,150,229,0.44726562,-0.31004367
73,161,234,0.45703125,-0.37606838
140,110,250,0.48828125,0.12
73,161,234,0.45703125,-0.37606838
166,76,242,0.47265625,0.37190083
50,179,229,0.44726562,-0.56331878
137,96,233,0.45507812,0.17596567
141,82,223,0.43554688,0.26457399
122,103,225,0.43945312,0.084444444
99,125,224,0.4375,-0.11607143
137,100,237,0.46289062,0.15611814
123,108,231,0.45117188,0.064935065
126,100,226,0.44140625,0.11504425
86,126,212,0.4140625,-0.18867925
82,131,213,0.41601562,-0.23004695
131,110,241,0.47070312,0.087136929
99,142,241,0.47070312,-0.17842324
121,109,230,0.44921875,0.052173913
48,167,215,0.41992188,-0.55348837
132,105,237,0.46289062,0.11392405
100,131,231,0.45117188,-0.13419913
109,121,230,0.44921875,-0.052173913
70,154,224,0.4375,-0.375
158,67,225,0.43945312,0.40444444
87,135,222,0.43359375,-0.21621622
137,86,223,0.43554688,0.22869955
134,78,212,0.4140625,0.26415094
156,73,229,0.44726562,0.36244541
137,84,221,0.43164062,0.239819
131,104,235,0.45898438,0.11489362
128,83,211,0.41210938,0.21327014
133,86,219,0.42773438,0.21461187
69,164,233,0.45507812,-0.40772532
126,108,234,0.45703125,0.076923077
114,113,227,0.44335938,0.0044052863
157,67,224,0.4375,0.40178571
92,128,220,0.4296875,-0.16363636
131,105,236,0.4609375,0.11016949
87,128,215,0.41992188,-0.19069767
84,139,223,0.43554688,-0.24663677
116,115,231,0.45117188,0.0043290043
155,77,232,0.453125,0.3362069
124,107,231,0.45117188,0.073593074
126,107,233,0.45507812,0.081545064
124,89,213,0.41601562,0.16431925
160,74,234,0.45703125,0.36752137
112,122,234,0.45703125,-0.042735043
113,104,217,0.42382812,0.041474654
142,85,227,0.44335938,0.25110132
130,106,236,0.4609375,0.10169492
80,159,239,0.46679688,-0.33054393
142,83,225,0.43945312,0.26222222
162,81,243,0.47460938,0.33333333
110,130,240,0.46875,-0.083333333
172,63,235,0.45898438,0.46382979
151,74,225,0.43945312,0.34222222
152,80,232,0.453125,0.31034483
96,123,219,0.42773438,-0.12328767
148,79,227,0.44335938,0.30396476
125,103,228,0.4453125,0.096491228
83,145,228,0.4453125,-0.27192982
122,96,218,0.42578125,0.11926606
89,148,237,0.46289062,-0.24894515
91,142,233,0.45507812,-0.21888412
105,120,225,0.43945312,-0.066666667
69,143,212,0.4140625,-0.3490566
118,121,239,0.46679688,-0.012552301
133,99,232,0.453125,0.14655172
141,108,249,0.48632812,0.13253012
165,57,222,0.43359375,0.48648649
153,73,226,0.44140625,0.3539823
133,88,221,0.43164062,0.20361991
121,115,236,0.4609375,0.025423729
109,123,232,0.453125,-0.060344828
118,107,225,0.43945312,0.048888889
127,102,229,0.44726562,0.10917031
95,134,229,0.44726562,-0.17030568
85,143,228,0.4453125,-0.25438596
69,154,223,0.43554688,-0.38116592
115,106,221,0.43164062,0.040723982
86,151,237,0.46289062,-0.2742616
70,138,208,0.40625,-0.32692308
100,130,230,0.44921875,-0.13043478
114,104,218,0.42578125,0.04587156
122,113,235,0.45898438,0.038297872
146,92,238,0.46484375,0.22689076
139,98,237,0.46289062,0.17299578
164,64,228,0.4453125,0.43859649
165,66,231,0.45117188,0.42857143
167,61,228,0.4453125,0.46491228
173,62,235,0.45898438,0.47234043
124,102,226,0.44140625,0.097345133
72,151,223,0.43554688,-0.35426009
161,60,221,0.43164062,0.45701357
140,88,228,0.4453125,0.22807018
121,106,227,0.44335938,0.066079295
89,112,201,0.39257812,-0.11442786
67,176,243,0.47460938,-0.44855967
72,157,229,0.44726562,-0.37117904
123,105,228,0.4453125,0.078947368
87,148,235,0.45898438,-0.25957447
111,120,231,0.45117188,-0.038961039
107,96,203,0.39648438,0.054187192
150,80,230,0.44921875,0.30434783
142,100,242,0.47265625,0.17355372
84,144,228,0.4453125,-0.26315789
101,116,217,0.42382812,-0.069124424
141,90,231,0.45117188,0.22077922
86,151,237,0.46289062,-0.2742616
121,89,210,0.41015625,0.15238095
98,117,215,0.41992188,-0.088372093
136,100,236,0.4609375,0.15254237
125,104,229,0.44726562,0.091703057
155,78,233,0.45507812,0.3304721
125,110,235,0.45898438,0.063829787
86,128,214,0.41796875,-0.19626168
145,71,216,0.421875,0.34259259
117,137,254,0.49609375,-0.078740157
97,124,221,0.43164062,-0.12217195
98,121,219,0.42773438,-0.10502283
96,135,231,0.45117188,-0.16883117
88,156,244,0.4765625,-0.27868852
144,98,242,0.47265625,0.19008264
145,77,222,0.43359375,0.30630631
118,115,233,0.45507812,0.012875536
109,125,234,0.45703125,-0.068376068
117,102,219,0.42773438,0.068493151
125,90,215,0.41992188,0.1627907
61,149,210,0.41015625,-0.41904762
142,92,234,0.45703125,0.21367521
131,106,237,0.46289062,0.10548523
86,138,224,0.4375,-0.23214286
105,131,236,0.4609375,-0.11016949
106,130,236,0.4609375,-0.10169492
126,112,238,0.46484375,0.058823529
137,87,224,0.4375,0.22321429
127,107,234,0.45703125,0.085470085
106,122,228,0.4453125,-0.070175439
102,131,233,0.45507812,-0.12446352
157,98,255,0.49804688,0.23137255
111,107,218,0.42578125,0.018348624
90,133,223,0.43554688,-0.19282511
133,88,221,0.43164062,0.20361991
163,57,220,0.4296875,0.48181818
121,105,226,0.44140625,0.07079646
108,125,233,0.45507812,-0.072961373
118,99,217,0.42382812,0.087557604
169,58,227,0.44335938,0.48898678
117,115,232,0.453125,0.0086206897
89,130,219,0.42773438,-0.18721461
86,149,235,0.45898438,-0.26808511
99,136,235,0.45898438,-0.15744681
80,158,238,0.46484375,-0.32773109
117,115,232,0.453125,0.0086206897
100,127,227,0.44335938,-0.11894273
108,116,224,0.4375,-0.035714286
99,127,226,0.44140625,-0.12389381
160,87,247,0.48242188,0.29554656
78,151,229,0.44726562,-0.31877729
137,97,234,0.45703125,0.17094017
91,145,236,0.4609375,-0.22881356
133,117,250,0.48828125,0.064
75,141,216,0.421875,-0.30555556
125,101,226,0.44140625,0.10619469
72,157,229,0.44726562,-0.37117904
147,86,233,0.45507812,0.26180258
172,54,226,0.44140625,0.52212389
105,133,238,0.46484375,-0.11764706
108,118,226,0.44140625,-0.044247788
153,90,243,0.47460938,0.25925926
102,132,234,0.45703125,-0.12820513
126,106,232,0.453125,0.086206897
118,115,233,0.45507812,0.012875536
128,121,249,0.48632812,0.02811245
74,163,237,0.46289062,-0.37552743
114,100,214,0.41796875,0.065420561
179,53,232,0.453125,0.54310345
145,102,247,0.48242188,0.17408907
150,95,245,0.47851562,0.2244898
100,129,229,0.44726562,-0.12663755
134,96,230,0.44921875,0.16521739
82,155,237,0.46289062,-0.30801688
132,104,236,0.4609375,0.11864407
116,111,227,0.44335938,0.022026432
110,123,233,0.45507812,-0.055793991
67,161,228,0.4453125,-0.4122807
141,98,239,0.46679688,0.17991632
142,85,227,0.44335938,0.25110132
62,181,243,0.47460938,-0.48971193
106,116,222,0.43359375,-0.045045045
125,108,233,0.45507812,0.072961373
110,126,236,0.4609375,-0.06779661
113,117,230,0.44921875,-0.017391304
107,116,223,0.43554688,-0.040358744
109,132,241,0.47070312,-0.095435685
123,109,232,0.453125,0.060344828
125,98,223,0.43554688,0.12107623
125,114,239,0.46679688,0.046025105
101,135,236,0.4609375,-0.1440678
95,153,248,0.484375,-0.23387097
147,83,230,0.44921875,0.27826087
123,102,225,0.43945312,0.093333333
143,87,230,0.44921875,0.24347826
135,89,224,0.4375,0.20535714
169,66,235,0.45898438,0.43829787
162,83,245,0.47851562,0.32244898
121,115,236,0.4609375,0.025423729
132,99,231,0.45117188,0.14285714
110,128,238,0.46484375,-0.075630252
80,157,237,0.46289062,-0.32489451
128,107,235,0.45898438,0.089361702
111,119,230,0.44921875,-0.034782609
91,127,218,0.42578125,-0.16513761
118,122,240,0.46875,-0.016666667
127,117,244,0.4765625,0.040983607
118,111,229,0.44726562,0.030567686
111,122,233,0.45507812,-0.0472103
115,111,226,0.44140625,0.017699115
97,125,222,0.43359375,-0.12612613
119,117,236,0.4609375,0.0084745763
73,158,231,0.45117188,-0.36796537
113,126,239,0.46679688,-0.054393305
140,102,242,0.47265625,0.15702479
162,66,228,0.4453125,0.42105263
121,94,215,0.41992188,0.1255814
126,109,235,0.45898438,0.072340426
117,112,229,0.44726562,0.021834061
150,88,238,0.46484375,0.2605042
158,80,238,0.46484375,0.32773109
146,77,223,0.43554688,0.30941704
161,69,230,0.44921875,0.4
91,134,225,0.43945312,-0.19111111
122,105,227,0.44335938,0.074889868
93,128,221,0.43164062,-0.15837104
98,131,229,0.44726562,-0.1441048
117,106,223,0.43554688,0.049327354
148,81,229,0.44726562,0.29257642
165,70,235,0.45898438,0.40425532
131,91,222,0.43359375,0.18018018
147,85,232,0.453125,0.26724138
147,74,221,0.43164062,0.33031674
101,122,223,0.43554688,-0.094170404
136,81,217,0.42382812,0.25345622
119,93,212,0.4140625,0.12264151
77,168,245,0.47851562,-0.37142857
57,170,227,0.44335938,-0.49779736
98,146,244,0.4765625,-0.19672131
144,64,208,0.40625,0.38461538
147,74,221,0.43164062,0.33031674
102,122,224,0.4375,-0.089285714
135,98,233,0.45507812,0.15879828
98,139,237,0.46289062,-0.17299578
101,131,232,0.453125,-0.12931034
135,97,232,0.453125,0.1637931
172,72,244,0.4765625,0.40983607
129,104,233,0.45507812,0.10729614
166,53,219,0.42773438,0.51598174
134,94,228,0.4453125,0.1754386
107,124,231,0.45117188,-0.073593074
152,78,230,0.44921875,0.32173913
127,111,238,0.46484375,0.067226891
118,107,225,0.43945312,0.048888889
143,84,227,0.44335938,0.25991189
107,122,229,0.44726562,-0.065502183
147,88,235,0.45898438,0.25106383
120,122,242,0.47265625,-0.0082644628
141,103,244,0.4765625,0.1557377
118,99,217,0.42382812,0.087557604
140,74,214,0.41796875,0.30841121
96,108,204,0.3984375,-0.058823529
107,122,229,0.44726562,-0.065502183
92,126,218,0.42578125,-0.1559633
71,168,239,0.46679688,-0.40585774
174,63,237,0.46289062,0.46835443
86,145,231,0.45117188,-0.25541126
150,80,230,0.44921875,0.30434783
122,129,251,0.49023438,-0.027888446
106,115,221,0.43164062,-0.040723982
113,121,234,0.45703125,-0.034188034
104,134,238,0.46484375,-0.12605042
111,123,234,0.45703125,-0.051282051
115,111,226,0.44140625,0.017699115
81,150,231,0.45117188,-0.2987013
196,38,234,0.45703125,0.67521368
127,102,229,0.44726562,0.10917031
115,107,222,0.43359375,0.036036036
154,80,234,0.45703125,0.31623932
165,78,243,0.47460938,0.35802469
90,136,226,0.44140625,-0.20353982
95,129,224,0.4375,-0.15178571
140,86,226,0.44140625,0.23893805
119,112,231,0.45117188,0.03030303
125,115,240,0.46875,0.041666667
94,118,212,0.4140625,-0.11320755
153,85,238,0.46484375,0.28571429
92,163,255,0.49804688,-0.27843137
102,118,220,0.4296875,-0.072727273
103,115,218,0.42578125,-0.055045872
133,104,237,0.46289062,0.12236287
81,143,224,0.4375,-0.27678571
128,84,212,0.4140625,0.20754717
112,115,227,0.44335938,-0.013215859
113,102,215,0.41992188,0.051162791
117,125,242,0.47265625,-0.033057851
100,141,241,0.47070312,-0.17012448
98,124,222,0.43359375,-0.11711712
122,103,225,0.43945312,0.084444444
150,75,225,0.43945312,0.33333333
96,129,225,0.43945312,-0.14666667
108,111,219,0.42773438,-0.01369863
113,109,222,0.43359375,0.018018018
100,123,223,0.43554688,-0.10313901
131,102,233,0.45507812,0.12446352
126,106,232,0.453125,0.086206897
120,108,228,0.4453125,0.052631579
94,135,229,0.44726562,-0.1790393
104,120,224,0.4375,-0.071428571
105,117,222,0.43359375,-0.054054054
130,91,221,0.43164062,0.17647059
143,86,229,0.44726562,0.2489083
94,118,212,0.4140625,-0.11320755
92,138,230,0.44921875,-0.2
63,156,219,0.42773438,-0.42465753
145,76,221,0.43164062,0.31221719
114,115,229,0.44726562,-0.0043668122
128,96,224,0.4375,0.14285714
184,48,232,0.453125,0.5862069
112,119,231,0.45117188,-0.03030303
80,135,215,0.41992188,-0.25581395
96,118,214,0.41796875,-0.10280374
104,124,228,0.4453125,-0.087719298
134,110,244,0.4765625,0.098360656
106,115,221,0.43164062,-0.040723982
135,90,225,0.43945312,0.2
92,131,223,0.43554688,-0.17488789
74,156,230,0.44921875,-0.35652174
67,177,244,0.4765625,-0.45081967
132,96,228,0.4453125,0.15789474
114,118,232,0.453125,-0.017241379
133,82,215,0.41992188,0.2372093
97,132,229,0.44726562,-0.15283843
107,131,238,0.46484375,-0.10084034
75,156,231,0.45117188,-0.35064935
142,93,235,0.45898438,0.20851064
53,193,246,0.48046875,-0.56910569
121,92,213,0.41601562,0.13615023
153,84,237,0.46289062,0.29113924
88,136,224,0.4375,-0.21428571
107,125,232,0.453125,-0.077586207
97,145,242,0.47265625,-0.19834711
108,135,243,0.47460938,-0.11111111
108,125,233,0.45507812,-0.072961373
139,85,224,0.4375,0.24107143
41,187,228,0.4453125,-0.64035088
103,120,223,0.43554688,-0.076233184
138,92,230,0.44921875,0.2
111,131,242,0.47265625,-0.082644628
134,95,229,0.44726562,0.17030568
132,89,221,0.43164062,0.19457014
76,160,236,0.4609375,-0.3559322
140,91,231,0.45117188,0.21212121
163,77,240,0.46875,0.35833333
115,105,220,0.4296875,0.045454545
139,103,242,0.47265625,0.14876033
199,36,235,0.45898438,0.69361702
144,88,232,0.453125,0.24137931
141,74,215,0.41992188,0.31162791
149,97,246,0.48046875,0.21138211
114,110,224,0.4375,0.017857143
120,108,228,0.4453125,0.052631579
62,160,222,0.43359375,-0.44144144
74,157,231,0.45117188,-0.35930736
113,108,221,0.43164062,0.022624434
106,130,236,0.4609375,-0.10169492
105,128,233,0.45507812,-0.098712446
133,103,236,0.4609375,0.12711864
140,97,237,0.46289062,0.1814346
145,87,232,0.453125,0.25
106,118,224,0.4375,-0.053571429
125,124,249,0.48632812,0.0040160643
74,160,234,0.45703125,-0.36752137
96,131,227,0.44335938,-0.15418502
99,125,224,0.4375,-0.11607143
113,107,220,0.4296875,0.027272727
83,165,248,0.484375,-0.33064516
67,150,217,0.42382812,-0.38248848
107,123,230,0.44921875,-0.069565217
104,116,220,0.4296875,-0.054545455
59,173,232,0.453125,-0.49137931
110,124,234,0.45703125,-0.05982906
156,76,232,0.453125,0.34482759
123,104,227,0.44335938,0.083700441
141,92,233,0.45507812,0.21030043
110,109,219,0.42773438,0.00456621
156,93,249,0.48632812,0.25301205
115,100,215,0.41992188,0.069767442
88,125,213,0.41601562,-0.17370892
156,65,221,0.43164062,0.41176471
103,114,217,0.42382812,-0.050691244
124,105,229,0.44726562,0.082969432
104,128,232,0.453125,-0.10344828
159,78,237,0.46289062,0.34177215
123,110,233,0.45507812,0.055793991
136,100,236,0.4609375,0.15254237
126,100,226,0.44140625,0.11504425
78,157,235,0.45898438,-0.33617021
137,97,234,0.45703125,0.17094017
118,124,242,0.47265625,-0.024793388
78,151,229,0.44726562,-0.31877729
107,113,220,0.4296875,-0.027272727
99,119,218,0.42578125,-0.091743119
65,161,226,0.44140625,-0.42477876
85,147,232,0.453125,-0.26724138
103,123,226,0.44140625,-0.088495575
109,119,228,0.4453125,-0.043859649
144,87,231,0.45117188,0.24675325
109,124,233,0.45507812,-0.064377682
117,117,234,0.45703125,0
100,140,240,0.46875,-0.16666667
117,104,221,0.43164062,0.058823529
113,110,223,0.43554688,0.013452915
142,85,227,0.44335938,0.25110132
131,94,225,0.43945312,0.16444444
111,131,242,0.47265625,-0.082644628
127,115,242,0.47265625,0.049586777
122,102,224,0.4375,0.089285714
159,87,246,0.48046875,0.29268293
158,78,236,0.4609375,0.33898305
84,135,219,0.42773438,-0.23287671
100,137,237,0.46289062,-0.15611814
146,92,238,0.46484375,0.22689076
144,80,224,0.4375,0.28571429
140,83,223,0.43554688,0.25560538
114,120,234,0.45703125,-0.025641026
107,112,219,0.42773438,-0.02283105
59,161,220,0.4296875,-0.46363636
97,130,227,0.44335938,-0.14537445
141,89,230,0.44921875,0.22608696
117,108,225,0.43945312,0.04
151,73,224,0.4375,0.34821429
128,83,211,0.41210938,0.21327014
134,94,228,0.4453125,0.1754386
109,113,222,0.43359375,-0.018018018
71,164,235,0.45898438,-0.39574468
114,128,242,0.47265625,-0.05785124
102,121,223,0.43554688,-0.085201794
121,88,209,0.40820312,0.15789474
104,130,234,0.45703125,-0.11111111
83,153,236,0.4609375,-0.29661017
121,105,226,0.44140625,0.07079646
145,86,231,0.45117188,0.25541126
76,148,224,0.4375,-0.32142857
80,148,228,0.4453125,-0.29824561
147,72,219,0.42773438,0.34246575
107,143,250,0.48828125,-0.144
135,93,228,0.4453125,0.18421053
87,148,235,0.45898438,-0.25957447
111,120,231,0.45117188,-0.038961039
64,170,234,0.45703125,-0.45299145
108,121,229,0.44726562,-0.056768559
94,128,222,0.43359375,-0.15315315
144,80,224,0.4375,0.28571429
141,88,229,0.44726562,0.23144105
67,155,222,0.43359375,-0.3963964
91,140,231,0.45117188,-0.21212121
100,128,228,0.4453125,-0.12280702
140,91,231,0.45117188,0.21212121
64,166,230,0.44921875,-0.44347826
70,171,241,0.47070312,-0.41908714
131,111,242,0.47265625,0.082644628
154,80,234,0.45703125,0.31623932
86,139,225,0.43945312,-0.23555556
121,108,229,0.44726562,0.056768559
108,101,209,0.40820312,0.033492823
144,95,239,0.46679688,0.20502092
91,120,211,0.41210938,-0.13744076
141,75,216,0.421875,0.30555556
119,109,228,0.4453125,0.043859649
129,103,232,0.453125,0.11206897
101,130,231,0.45117188,-0.12554113
88,130,218,0.42578125,-0.19266055
97,134,231,0.45117188,-0.16017316
101,141,242,0.47265625,-0.16528926
131,91,222,0.43359375,0.18018018
134,104,238,0.46484375,0.12605042
168,70,238,0.46484375,0.41176471
125,109,234,0.45703125,0.068376068
96,135,231,0.45117188,-0.16883117
133,93,226,0.44140625,0.17699115
139,95,234,0.45703125,0.18803419
104,124,228,0.4453125,-0.087719298
128,107,235,0.45898438,0.089361702
113,115,228,0.4453125,-0.0087719298
133,111,244,0.4765625,0.090163934
130,109,239,0.46679688,0.087866109
60,168,228,0.4453125,-0.47368421
64,164,228,0.4453125,-0.43859649
150,71,221,0.43164062,0.35746606
109,127,236,0.4609375,-0.076271186
118,122,240,0.46875,-0.016666667
106,118,224,0.4375,-0.053571429
125,103,228,0.4453125,0.096491228
115,109,224,0.4375,0.026785714
118,117,235,0.45898438,0.0042553191
84,135,219,0.42773438,-0.23287671
162,77,239,0.46679688,0.35564854
144,100,244,0.4765625,0.18032787
77,150,227,0.44335938,-0.3215859
62,168,230,0.44921875,-0.46086957
91,140,231,0.45117188,-0.21212121
155,92,247,0.48242188,0.25506073
93,147,240,0.46875,-0.225
94,129,223,0.43554688,-0.15695067
125,109,234,0.45703125,0.068376068
111,126,237,0.46289062,-0.063291139
51,181,232,0.453125,-0.56034483
97,134,231,0.45117188,-0.16017316
153,84,237,0.46289062,0.29113924
174,54,228,0.4453125,0.52631579
102,125,227,0.44335938,-0.10132159
87,138,225,0.43945312,-0.22666667
124,109,233,0.45507812,0.064377682
179,41,220,0.4296875,0.62727273
99,133,232,0.453125,-0.14655172
175,71,246,0.48046875,0.42276423
97,114,211,0.41210938,-0.08056872
77,158,235,0.45898438,-0.34468085
85,142,227,0.44335938,-0.25110132
116,102,218,0.42578125,0.064220183
102,130,232,0.453125,-0.12068966
107,111,218,0.42578125,-0.018348624
153,64,217,0.42382812,0.41013825
100,126,226,0.44140625,-0.11504425
89,146,235,0.45898438,-0.24255319
153,85,238,0.46484375,0.28571429
76,154,230,0.44921875,-0.33913043
122,115,237,0.46289062,0.029535865
121,103,224,0.4375,0.080357143
137,81,218,0.42578125,0.25688073
53,165,218,0.42578125,-0.51376147
158,83,241,0.47070312,0.31120332
152,96,248,0.484375,0.22580645
103,136,239,0.46679688,-0.13807531
57,178,235,0.45898438,-0.51489362
72,147,219,0.42773438,-0.34246575
89,132,221,0.43164062,-0.19457014
105,124,229,0.44726562,-0.082969432
110,121,231,0.45117188,-0.047619048
115,109,224,0.4375,0.026785714
108,118,226,0.44140625,-0.044247788
73,163,236,0.4609375,-0.38135593
125,108,233,0.45507812,0.072961373
114,123,237,0.46289062,-0.037974684
84,130,214,0.41796875,-0.21495327
118,108,226,0.44140625,0.044247788
112,123,235,0.45898438,-0.046808511
122,112,234,0.45703125,0.042735043
101,123,224,0.4375,-0.098214286
151,76,227,0.44335938,0.33039648
80,153,233,0.45507812,-0.31330472
94,148,242,0.47265625,-0.2231405
140,90,230,0.44921875,0.2173913
117,106,223,0.43554688,0.049327354
119,104,223,0.43554688,0.067264574
125,105,230,0.44921875,0.086956522
85,142,227,0.44335938,-0.25110132
133,90,223,0.43554688,0.19282511
117,96,213,0.41601562,0.098591549
90,149,239,0.46679688,-0.24686192
136,89,225,0.43945312,0.20888889
131,102,233,0.45507812,0.12446352
101,119,220,0.4296875,-0.081818182
137,97,234,0.45703125,0.17094017
100,133,233,0.45507812,-0.1416309
100,124,224,0.4375,-0.10714286
108,128,236,0.4609375,-0.084745763
141,85,226,0.44140625,0.24778761
95,150,245,0.47851562,-0.2244898
126,102,228,0.4453125,0.10526316
60,154,214,0.41796875,-0.43925234
153,81,234,0.45703125,0.30769231
159,70,229,0.44726562,0.38864629
113,124,237,0.46289062,-0.046413502
144,84,228,0.4453125,0.26315789
99,128,227,0.44335938,-0.1277533
152,88,240,0.46875,0.26666667
125,101,226,0.44140625,0.10619469
93,131,224,0.4375,-0.16964286
94,135,229,0.44726562,-0.1790393
147,87,234,0.45703125,0.25641026
90,147,237,0.46289062,-0.24050633
129,95,224,0.4375,0.15178571
138,72,210,0.41015625,0.31428571
114,115,229,0.44726562,-0.0043668122
132,96,228,0.4453125,0.15789474
104,130,234,0.45703125,-0.11111111
148,82,230,0.44921875,0.28695652
151,77,228,0.4453125,0.3245614
144,99,243,0.47460938,0.18518519
106,120,226,0.44140625,-0.061946903
163,56,219,0.42773438,0.48858447
144,97,241,0.47070312,0.19502075
121,114,235,0.45898438,0.029787234
121,111,232,0.453125,0.043103448
190,44,234,0.45703125,0.62393162
57,177,234,0.45703125,-0.51282051
125,95,220,0.4296875,0.13636364
153,74,227,0.44335938,0.34801762
161,73,234,0.45703125,0.37606838
102,134,236,0.4609375,-0.13559322
138,89,227,0.44335938,0.21585903
118,103,221,0.43164062,0.067873303
89,125,214,0.41796875,-0.1682243
119,113,232,0.453125,0.025862069
115,136,251,0.49023438,-0.083665339
121,111,232,0.453125,0.043103448
97,142,239,0.46679688,-0.18828452
44,198,242,0.47265625,-0.63636364
97,127,224,0.4375,-0.13392857
153,66,219,0.42773438,0.39726027
59,158,217,0.42382812,-0.4562212
129,102,231,0.45117188,0.11688312
107,117,224,0.4375,-0.044642857
104,141,245,0.47851562,-0.15102041
66,172,238,0.46484375,-0.44537815
129,87,216,0.421875,0.19444444
118,109,227,0.44335938,0.039647577
121,95,216,0.421875,0.12037037
117,108,225,0.43945312,0.04
98,132,230,0.44921875,-0.14782609
139,100,239,0.46679688,0.16317992
59,173,232,0.453125,-0.49137931
80,152,232,0.453125,-0.31034483
78,158,236,0.4609375,-0.33898305
112,114,226,0.44140625,-0.0088495575
74,161,235,0.45898438,-0.37021277
104,131,235,0.45898438,-0.11489362
138,78,216,0.421875,0.27777778
115,109,224,0.4375,0.026785714
211,34,245,0.47851562,0.72244898
129,101,230,0.44921875,0.12173913
106,120,226,0.44140625,-0.061946903
101,124,225,0.43945312,-0.10222222
64,161,225,0.43945312,-0.43111111
120,98,218,0.42578125,0.10091743
72,158,230,0.44921875,-0.37391304
143,93,236,0.4609375,0.21186441
69,172,241,0.47070312,-0.42738589
104,137,241,0.47070312,-0.13692946
98,130,228,0.4453125,-0.14035088
118,111,229,0.44726562,0.030567686
146,98,244,0.4765625,0.19672131
161,65,226,0.44140625,0.42477876
116,116,232,0.453125,0
73,161,234,0.45703125,-0.37606838
153,83,236,0.4609375,0.29661017
145,89,234,0.45703125,0.23931624
131,105,236,0.4609375,0.11016949
77,153,230,0.44921875,-0.33043478
111,123,234,0.45703125,-0.051282051
101,140,241,0.47070312,-0.16182573
129,95,224,0.4375,0.15178571
73,158,231,0.45117188,-0.36796537
160,74,234,0.45703125,0.36752137
91,140,231,0.45117188,-0.21212121
143,79,222,0.43359375,0.28828829
159,79,238,0.46484375,0.33613445
138,95,233,0.45507812,0.18454936
184,57,241,0.47070312,0.52697095
99,127,226,0.44140625,-0.12389381
83,136,219,0.42773438,-0.24200913
95,127,222,0.43359375,-0.14414414
72,170,242,0.47265625,-0.40495868
132,106,238,0.46484375,0.1092437
87,133,220,0.4296875,-0.20909091
109,114,223,0.43554688,-0.022421525
122,114,236,0.4609375,0.033898305
59,158,217,0.42382812,-0.4562212
103,128,231,0.45117188,-0.10822511
149,69,218,0.42578125,0.36697248
124,124,248,0.484375,0
114,117,231,0.45117188,-0.012987013
114,105,219,0.42773438,0.04109589
102,117,219,0.42773438,-0.068493151
131,97,228,0.4453125,0.14912281
97,140,237,0.46289062,-0.1814346
94,129,223,0.43554688,-0.15695067
86,147,233,0.45507812,-0.26180258
140,84,224,0.4375,0.25
107,110,217,0.42382812,-0.013824885
94,147,241,0.47070312,-0.21991701
93,149,242,0.47265625,-0.23140496
93,123,216,0.421875,-0.13888889
119,108,227,0.44335938,0.04845815
97,132,229,0.44726562,-0.15283843
85,120,205,0.40039062,-0.17073171
121,122,243,0.47460938,-0.0041152263
129,112,241,0.47070312,0.070539419
124,122,246,0.48046875,0.0081300813
150,91,241,0.47070312,0.24481328
78,154,232,0.453125,-0.32758621
131,87,218,0.42578125,0.20183486
126,90,216,0.421875,0.16666667
99,138,237,0.46289062,-0.16455696
76,151,227,0.44335938,-0.33039648
105,121,226,0.44140625,-0.07079646
144,82,226,0.44140625,0.27433628
94,126,220,0.4296875,-0.14545455
160,89,249,0.48632812,0.28514056
153,82,235,0.45898438,0.30212766
98,143,241,0.47070312,-0.18672199
142,93,235,0.45898438,0.20851064
88,138,226,0.44140625,-0.22123894
125,109,234,0.45703125,0.068376068
159,89,248,0.484375,0.28225806
124,90,214,0.41796875,0.1588785
134,99,233,0.45507812,0.15021459
106,138,244,0.4765625,-0.13114754
153,81,234,0.45703125,0.30769231
99,127,226,0.44140625,-0.12389381
117,113,230,0.44921875,0.017391304
119,96,215,0.41992188,0.10697674
106,123,229,0.44726562,-0.074235808
97,144,241,0.47070312,-0.19502075
129,88,217,0.42382812,0.18894009
106,120,226,0.44140625,-0.061946903
126,100,226,0.44140625,0.11504425
132,106,238,0.46484375,0.1092437
134,79,213,0.41601562,0.25821596
118,127,245,0.47851562,-0.036734694
91,132,223,0.43554688,-0.1838565
144,82,226,0.44140625,0.27433628
139,82,221,0.43164062,0.25791855
73,164,237,0.46289062,-0.38396624
156,91,247,0.48242188,0.26315789
165,72,237,0.46289062,0.39240506
154,78,232,0.453125,0.32758621
126,100,226,0.44140625,0.11504425
46,187,233,0.45507812,-0.60515021
110,118,228,0.4453125,-0.035087719
133,102,235,0.45898438,0.13191489
106,120,226,0.44140625,-0.061946903
95,138,233,0.45507812,-0.18454936
138,90,228,0.4453125,0.21052632
75,166,241,0.47070312,-0.37759336
149,80,229,0.44726562,0.30131004
115,113,228,0.4453125,0.0087719298
118,129,247,0.48242188,-0.044534413
123,103,226,0.44140625,0.088495575
103,115,218,0.42578125,-0.055045872
71,152,223,0.43554688,-0.3632287
140,97,237,0.46289062,0.1814346
192,45,237,0.46289062,0.62025316
139,83,222,0.43359375,0.25225225
102,114,216,0.421875,-0.055555556
149,79,228,0.4453125,0.30701754
78,142,220,0.4296875,-0.29090909
107,134,241,0.47070312,-0.1120332
159,68,227,0.44335938,0.40088106
141,95,236,0.4609375,0.19491525
118,101,219,0.42773438,0.077625571
86,133,219,0.42773438,-0.21461187
99,130,229,0.44726562,-0.13537118
63,182,245,0.47851562,-0.48571429
135,94,229,0.44726562,0.1790393
156,85,241,0.47070312,0.29460581
152,71,223,0.43554688,0.3632287
137,102,239,0.46679688,0.14644351
133,98,231,0.45117188,0.15151515
101,108,209,0.40820312,-0.033492823
81,147,228,0.4453125,-0.28947368
69,154,223,0.43554688,-0.38116592
86,133,219,0.42773438,-0.21461187
94,126,220,0.4296875,-0.14545455
131,93,224,0.4375,0.16964286
105,131,236,0.4609375,-0.11016949
143,84,227,0.44335938,0.25991189
113,105,218,0.42578125,0.036697248
97,131,228,0.4453125,-0.14912281
110,133,243,0.47460938,-0.094650206
118,106,224,0.4375,0.053571429
98,139,237,0.46289062,-0.17299578
65,166,231,0.45117188,-0.43722944
145,98,243,0.47460938,0.19341564
112,109,221,0.43164062,0.013574661
95,135,230,0.44921875,-0.17391304
102,131,233,0.45507812,-0.12446352
125,99,224,0.4375,0.11607143
144,89,233,0.45507812,0.2360515
88,131,219,0.42773438,-0.19634703
87,151,238,0.46484375,-0.26890756
51,183,234,0.45703125,-0.56410256
134,110,244,0.4765625,0.098360656
140,97,237,0.46289062,0.1814346
58,176,234,0.45703125,-0.5042735
102,126,228,0.4453125,-0.10526316
101,132,233,0.45507812,-0.13304721
99,124,223,0.43554688,-0.11210762
127,91,218,0.42578125,0.16513761
163,68,231,0.45117188,0.41125541
113,112,225,0.43945312,0.0044444444
115,101,216,0.421875,0.064814815
110,132,242,0.47265625,-0.090909091
122,115,237,0.46289062,0.029535865
115,113,228,0.4453125,0.0087719298
133,90,223,0.43554688,0.19282511
144,92,236,0.4609375,0.22033898
126,106,232,0.453125,0.086206897
132,85,217,0.42382812,0.21658986
112,109,221,0.43164062,0.013574661
92,143,235,0.45898438,-0.21702128
76,158,234,0.45703125,-0.35042735
143,88,231,0.45117188,0.23809524
104,134,238,0.46484375,-0.12605042
122,113,235,0.45898438,0.038297872
146,79,225,0.43945312,0.29777778
124,111,235,0.45898438,0.055319149
178,50,228,0.4453125,0.56140351
95,129,224,0.4375,-0.15178571
131,91,222,0.43359375,0.18018018
123,96,219,0.42773438,0.12328767
99,122,221,0.43164062,-0.1040724
93,128,221,0.43164062,-0.15837104
65,165,230,0.44921875,-0.43478261
64,163,227,0.44335938,-0.43612335
47,174,221,0.43164062,-0.57466063
100,136,236,0.4609375,-0.15254237
93,134,227,0.44335938,-0.18061674
97,138,235,0.45898438,-0.17446809
145,83,228,0.4453125,0.27192982
174,82,256,0.5,0.359375
101,123,224,0.4375,-0.098214286
122,112,234,0.45703125,0.042735043
198,42,240,0.46875,0.65
62,166,228,0.4453125,-0.45614035
109,118,227,0.44335938,-0.039647577
116,125,241,0.47070312,-0.037344398
167,52,219,0.42773438,0.52511416
136,95,231,0.45117188,0.17748918
142,80,222,0.43359375,0.27927928
100,129,229,0.44726562,-0.12663755
82,148,230,0.44921875,-0.28695652
72,151,223,0.43554688,-0.35426009
93,125,218,0.42578125,-0.14678899
93,130,223,0.43554688,-0.16591928
108,107,215,0.41992188,0.0046511628
116,116,232,0.453125,0
173,52,225,0.43945312,0.53777778
89,132,221,0.43164062,-0.19457014
180,53,233,0.45507812,0.54506438
108,89,197,0.38476562,0.096446701
110,118,228,0.4453125,-0.035087719
95,126,221,0.43164062,-0.14027149
132,95,227,0.44335938,0.16299559
92,128,220,0.4296875,-0.16363636
130,104,234,0.45703125,0.11111111
121,103,224,0.4375,0.080357143
92,127,219,0.42773438,-0.15981735
87,140,227,0.44335938,-0.23348018
74,135,209,0.40820312,-0.29186603
92,132,224,0.4375,-0.17857143
125,102,227,0.44335938,0.10132159
102,117,219,0.42773438,-0.068493151
121,120,241,0.47070312,0.0041493776
121,116,237,0.46289062,0.021097046
150,80,230,0.44921875,0.30434783
76,134,210,0.41015625,-0.27619048
118,110,228,0.4453125,0.035087719
148,92,240,0.46875,0.23333333
84,140,224,0.4375,-0.25
155,76,231,0.45117188,0.34199134
86,143,229,0.44726562,-0.2489083
143,80,223,0.43554688,0.28251121
123,97,220,0.4296875,0.11818182
142,81,223,0.43554688,0.2735426
137,97,234,0.45703125,0.17094017
119,109,228,0.4453125,0.043859649
90,124,214,0.41796875,-0.1588785
105,135,240,0.46875,-0.125
141,105,246,0.48046875,0.14634146
117,122,239,0.46679688,-0.020920502
138,88,226,0.44140625,0.22123894
142,97,239,0.46679688,0.18828452
139,103,242,0.47265625,0.14876033
111,129,240,0.46875,-0.075
141,80,221,0.43164062,0.2760181
107,131,238,0.46484375,-0.10084034
108,114,222,0.43359375,-0.027027027
109,117,226,0.44140625,-0.03539823
123,104,227,0.44335938,0.083700441
114,129,243,0.47460938,-0.061728395
118,127,245,0.47851562,-0.036734694
85,127,212,0.4140625,-0.19811321
111,113,224,0.4375,-0.0089285714
129,95,224,0.4375,0.15178571
56,168,224,0.4375,-0.5
92,133,225,0.43945312,-0.18222222
111,117,228,0.4453125,-0.026315789
129,105,234,0.45703125,0.1025641
101,124,225,0.43945312,-0.10222222
104,129,233,0.45507812,-0.10729614
143,74,217,0.42382812,0.31797235
97,137,234,0.45703125,-0.17094017
60,164,224,0.4375,-0.46428571
126,105,231,0.45117188,0.090909091
121,101,222,0.43359375,0.09009009
88,150,238,0.46484375,-0.2605042
144,79,223,0.43554688,0.29147982
95,143,238,0.46484375,-0.20168067
101,131,232,0.453125,-0.12931034
111,111,222,0.43359375,0
108,106,214,0.41796875,0.0093457944
78,146,224,0.4375,-0.30357143
95,142,237,0.46289062,-0.19831224
120,101,221,0.43164062,0.085972851
153,75,228,0.4453125,0.34210526
100,131,231,0.45117188,-0.13419913
127,108,235,0.45898438,0.080851064
132,107,239,0.46679688,0.10460251
104,138,242,0.47265625,-0.14049587
140,89,229,0.44726562,0.22270742
134,110,244,0.4765625,0.098360656
156,77,233,0.45507812,0.33905579
93,124,217,0.42382812,-0.14285714
105,114,219,0.42773438,-0.04109589
87,152,239,0.46679688,-0.27196653
120,109,229,0.44726562,0.048034934
136,99,235,0.45898438,0.15744681
173,53,226,0.44140625,0.53097345
139,90,229,0.44726562,0.2139738
90,147,237,0.46289062,-0.24050633
117,101,218,0.42578125,0.073394495
128,99,227,0.44335938,0.1277533
88,136,224,0.4375,-0.21428571
106,109,215,0.41992188,-0.013953488
124,104,228,0.4453125,0.087719298
77,150,227,0.44335938,-0.3215859
150,81,231,0.45117188,0.2987013
103,117,220,0.4296875,-0.063636364
119,119,238,0.46484375,0
115,112,227,0.44335938,0.013215859
110,115,225,0.43945312,-0.022222222
114,105,219,0.42773438,0.04109589
91,135,226,0.44140625,-0.19469027
133,101,234,0.45703125,0.13675214
120,110,230,0.44921875,0.043478261
110,118,228,0.4453125,-0.035087719
147,89,236,0.4609375,0.24576271
139,100,239,0.46679688,0.16317992
142,103,245,0.47851562,0.15918367
130,91,221,0.43164062,0.17647059
125,109,234,0.45703125,0.068376068
124,99,223,0.43554688,0.11210762
143,84,227,0.44335938,0.25991189
122,125,247,0.48242188,-0.012145749
39,207,246,0.48046875,-0.68292683
148,79,227,0.44335938,0.30396476
95,137,232,0.453125,-0.18103448
113,119,232,0.453125,-0.025862069
112,124,236,0.4609375,-0.050847458
96,136,232,0.453125,-0.17241379
86,147,233,0.45507812,-0.26180258
178,59,237,0.46289062,0.5021097
166,82,248,0.484375,0.33870968
99,134,233,0.45507812,-0.15021459
125,114,239,0.46679688,0.046025105
149,92,241,0.47070312,0.23651452
122,117,239,0.46679688,0.020920502
169,58,227,0.44335938,0.48898678
119,99,218,0.42578125,0.091743119
76,155,231,0.45117188,-0.34199134
54,153,207,0.40429688,-0.47826087
111,122,233,0.45507812,-0.0472103
127,101,228,0.4453125,0.11403509
125,115,240,0.46875,0.041666667
88,130,218,0.42578125,-0.19266055
123,116,239,0.46679688,0.029288703
149,85,234,0.45703125,0.27350427
103,126,229,0.44726562,-0.10043668
121,110,231,0.45117188,0.047619048
131,96,227,0.44335938,0.15418502
65,166,231,0.45117188,-0.43722944
93,132,225,0.43945312,-0.17333333
92,136,228,0.4453125,-0.19298246
86,151,237,0.46289062,-0.2742616
90,141,231,0.45117188,-0.22077922
167,69,236,0.4609375,0.41525424
85,142,227,0.44335938,-0.25110132
103,130,233,0.45507812,-0.11587983
65,158,223,0.43554688,-0.41704036
80,160,240,0.46875,-0.33333333
105,126,231,0.45117188,-0.090909091
50,199,249,0.48632812,-0.59839357
156,70,226,0.44140625,0.38053097
89,135,224,0.4375,-0.20535714
155,73,228,0.4453125,0.35964912
101,123,224,0.4375,-0.098214286
113,120,233,0.45507812,-0.030042918
111,126,237,0.46289062,-0.063291139
127,108,235,0.45898438,0.080851064
88,140,228,0.4453125,-0.22807018
155,85,240,0.46875,0.29166667
73,174,247,0.48242188,-0.40890688
116,108,224,0.4375,0.035714286
78,137,215,0.41992188,-0.2744186
97,133,230,0.44921875,-0.15652174
88,145,233,0.45507812,-0.24463519
115,108,223,0.43554688,0.031390135
145,70,215,0.41992188,0.34883721
97,133,230,0.44921875,-0.15652174
133,102,235,0.45898438,0.13191489
142,99,241,0.47070312,0.17842324
97,115,212,0.4140625,-0.08490566
103,122,225,0.43945312,-0.084444444
136,104,240,0.46875,0.13333333
88,140,228,0.4453125,-0.22807018
96,141,237,0.46289062,-0.18987342
87,140,227,0.44335938,-0.23348018
110,121,231,0.45117188,-0.047619048
60,170,230,0.44921875,-0.47826087
125,104,229,0.44726562,0.091703057
95,146,241,0.47070312,-0.21161826
57,160,217,0.42382812,-0.47465438
121,107,228,0.4453125,0.061403509
189,59,248,0.484375,0.52419355
63,157,220,0.4296875,-0.42727273
110,110,220,0.4296875,0
88,138,226,0.44140625,-0.22123894
145,81,226,0.44140625,0.28318584
103,130,233,0.45507812,-0.11587983
141,104,245,0.47851562,0.15102041
103,123,226,0.44140625,-0.088495575
105,117,222,0.43359375,-0.054054054
139,83,222,0.43359375,0.25225225
92,135,227,0.44335938,-0.18942731
76,150,226,0.44140625,-0.32743363
139,97,236,0.4609375,0.1779661
74,142,216,0.421875,-0.31481481
177,67,244,0.4765625,0.45081967
131,103,234,0.45703125,0.11965812
118,117,235,0.45898438,0.0042553191
99,132,231,0.45117188,-0.14285714
118,114,232,0.453125,0.017241379
149,78,227,0.44335938,0.31277533
107,125,232,0.453125,-0.077586207
124,109,233,0.45507812,0.064377682
124,109,233,0.45507812,0.064377682
88,146,234,0.45703125,-0.24786325
81,139,220,0.4296875,-0.26363636
96,137,233,0.45507812,-0.17596567
124,113,237,0.46289062,0.046413502
162,67,229,0.44726562,0.41484716
100,127,227,0.44335938,-0.11894273
97,118,215,0.41992188,-0.097674419
102,118,220,0.4296875,-0.072727273
84,141,225,0.43945312,-0.25333333
99,128,227,0.44335938,-0.1277533
148,81,229,0.44726562,0.29257642
151,74,225,0.43945312,0.34222222
60,178,238,0.46484375,-0.49579832
106,115,221,0.43164062,-0.040723982
123,110,233,0.45507812,0.055793991
105,117,222,0.43359375,-0.054054054
157,75,232,0.453125,0.35344828
63,157,220,0.4296875,-0.42727273
110,117,227,0.44335938,-0.030837004
106,122,228,0.4453125,-0.070175439
110,108,218,0.42578125,0.0091743119
147,91,238,0.46484375,0.23529412
103,143,246,0.48046875,-0.16260163
103,138,241,0.47070312,-0.14522822
91,125,216,0.421875,-0.15740741
111,110,221,0.43164062,0.0045248869
80,149,229,0.44726562,-0.30131004
108,112,220,0.4296875,-0.018181818
125,100,225,0.43945312,0.11111111
106,126,232,0.453125,-0.086206897
91,118,209,0.40820312,-0.1291866
164,72,236,0.4609375,0.38983051
107,105,212,0.4140625,0.0094339623
139,90,229,0.44726562,0.2139738
122,102,224,0.4375,0.089285714
89,141,230,0.44921875,-0.22608696
181,55,236,0.4609375,0.53389831
139,91,230,0.44921875,0.20869565
52,181,233,0.45507812,-0.55364807
99,138,237,0.46289062,-0.16455696
153,70,223,0.43554688,0.37219731
126,97,223,0.43554688,0.13004484
111,104,215,0.41992188,0.03255814
156,64,220,0.4296875,0.41818182
127,112,239,0.46679688,0.062761506
96,134,230,0.44921875,-0.16521739
150,78,228,0.4453125,0.31578947
136,99,235,0.45898438,0.15744681
85,141,226,0.44140625,-0.24778761
96,128,224,0.4375,-0.14285714
81,133,214,0.41796875,-0.24299065
97,126,223,0.43554688,-0.13004484
139,83,222,0.43359375,0.25225225
78,145,223,0.43554688,-0.30044843
140,107,247,0.48242188,0.13360324
117,110,227,0.44335938,0.030837004
64,175,239,0.46679688,-0.46443515
119,113,232,0.453125,0.025862069
91,143,234,0.45703125,-0.22222222
121,118,239,0.46679688,0.012552301
112,108,220,0.4296875,0.018181818
77,159,236,0.4609375,-0.34745763
92,128,220,0.4296875,-0.16363636
126,98,224,0.4375,0.125
103,123,226,0.44140625,-0.088495575
133,92,225,0.43945312,0.18222222
96,138,234,0.45703125,-0.17948718
110,124,234,0.45703125,-0.05982906
93,121,214,0.41796875,-0.13084112
91,144,235,0.45898438,-0.22553191
157,73,230,0.44921875,0.36521739
116,113,229,0.44726562,0.013100437
115,112,227,0.44335938,0.013215859
106,128,234,0.45703125,-0.094017094
110,119,229,0.44726562,-0.03930131
93,134,227,0.44335938,-0.18061674
116,114,230,0.44921875,0.0086956522
110,117,227,0.44335938,-0.030837004
93,122,215,0.41992188,-0.13488372
92,136,228,0.4453125,-0.19298246
121,121,242,0.47265625,0
133,91,224,0.4375,0.1875
102,124,226,0.44140625,-0.097345133
76,145,221,0.43164062,-0.31221719
159,82,241,0.47070312,0.31950207
147,73,220,0.4296875,0.33636364
99,132,231,0.45117188,-0.14285714
78,149,227,0.44335938,-0.31277533
161,66,227,0.44335938,0.4185022
83,143,226,0.44140625,-0.26548673
81,146,227,0.44335938,-0.28634361
117,127,244,0.4765625,-0.040983607
92,141,233,0.45507812,-0.21030043
157,59,216,0.421875,0.4537037
131,99,230,0.44921875,0.13913043
125,106,231,0.45117188,0.082251082
126,111,237,0.46289062,0.063291139
100,137,237,0.46289062,-0.15611814
121,112,233,0.45507812,0.038626609
111,105,216,0.421875,0.027777778
84,126,210,0.41015625,-0.2
112,119,231,0.45117188,-0.03030303
121,101,222,0.43359375,0.09009009
105,121,226,0.44140625,-0.07079646
105,123,228,0.4453125,-0.078947368
67,169,236,0.4609375,-0.43220339
159,69,228,0.4453125,0.39473684
77,160,237,0.46289062,-0.35021097
96,132,228,0.4453125,-0.15789474
75,143,218,0.42578125,-0.31192661
78,141,219,0.42773438,-0.28767123
124,106,230,0.44921875,0.07826087
103,128,231,0.45117188,-0.10822511
117,118,235,0.45898438,-0.0042553191
115,119,234,0.45703125,-0.017094017
126,92,218,0.42578125,0.1559633
91,140,231,0.45117188,-0.21212121
108,113,221,0.43164062,-0.022624434
91,124,215,0.41992188,-0.15348837
86,136,222,0.43359375,-0.22522523
116,121,237,0.46289062,-0.021097046
133,98,231,0.45117188,0.15151515
157,68,225,0.43945312,0.39555556
122,100,222,0.43359375,0.099099099
94,118,212,0.4140625,-0.11320755
118,104,222,0.43359375,0.063063063
67,153,220,0.4296875,-0.39090909
160,88,248,0.484375,0.29032258
181,52,233,0.45507812,0.55364807
137,89,226,0.44140625,0.21238938
114,114,228,0.4453125,0
82,152,234,0.45703125,-0.2991453
129,104,233,0.45507812,0.10729614
107,125,232,0.453125,-0.077586207
127,106,233,0.45507812,0.090128755
101,113,214,0.41796875,-0.056074766
105,130,235,0.45898438,-0.10638298
169,73,242,0.47265625,0.39669421
137,99,236,0.4609375,0.16101695
118,102,220,0.4296875,0.072727273
111,125,236,0.4609375,-0.059322034
107,100,207,0.40429688,0.033816425
91,138,229,0.44726562,-0.20524017
143,84,227,0.44335938,0.25991189
94,138,232,0.453125,-0.18965517
137,95,232,0.453125,0.18103448
77,155,232,0.453125,-0.3362069
145,100,245,0.47851562,0.18367347
106,121,227,0.44335938,-0.066079295
117,97,214,0.41796875,0.093457944
112,126,238,0.46484375,-0.058823529
160,70,230,0.44921875,0.39130435
124,113,237,0.46289062,0.046413502
96,140,236,0.4609375,-0.18644068
119,116,235,0.45898438,0.012765957
148,72,220,0.4296875,0.34545455
105,126,231,0.45117188,-0.090909091
153,77,230,0.44921875,0.33043478
83,136,219,0.42773438,-0.24200913
61,174,235,0.45898438,-0.48085106
87,139,226,0.44140625,-0.2300885
144,86,230,0.44921875,0.25217391
89,141,230,0.44921875,-0.22608696
118,127,245,0.47851562,-0.036734694
138,96,234,0.45703125,0.17948718
78,148,226,0.44140625,-0.30973451
109,110,219,0.42773438,-0.00456621
127,104,231,0.45117188,0.0995671
105,132,237,0.46289062,-0.11392405
149,81,230,0.44921875,0.29565217
117,93,210,0.41015625,0.11428571
122,105,227,0.44335938,0.074889868
110,128,238,0.46484375,-0.075630252
116,123,239,0.46679688,-0.029288703
81,155,236,0.4609375,-0.31355932
73,175,248,0.484375,-0.41129032
171,68,239,0.46679688,0.43096234
161,69,230,0.44921875,0.4
110,127,237,0.46289062,-0.071729958
115,109,224,0.4375,0.026785714
118,120,238,0.46484375,-0.0084033613
127,116,243,0.47460938,0.04526749
152,86,238,0.46484375,0.27731092
52,178,230,0.44921875,-0.54782609
90,139,229,0.44726562,-0.2139738
107,125,232,0.453125,-0.077586207
138,102,240,0.46875,0.15
151,87,238,0.46484375,0.26890756
74,153,227,0.44335938,-0.34801762
98,141,239,0.46679688,-0.17991632
97,121,218,0.42578125,-0.11009174
126,115,241,0.47070312,0.045643154
98,146,244,0.4765625,-0.19672131
107,127,234,0.45703125,-0.085470085
111,128,239,0.46679688,-0.071129707
134,100,234,0.45703125,0.14529915
153,88,241,0.47070312,0.26970954
85,146,231,0.45117188,-0.26406926
129,94,223,0.43554688,0.15695067
113,124,237,0.46289062,-0.046413502
139,101,240,0.46875,0.15833333
135,91,226,0.44140625,0.19469027
132,93,225,0.43945312,0.17333333
128,102,230,0.44921875,0.11304348
70,161,231,0.45117188,-0.39393939
100,129,229,0.44726562,-0.12663755
95,145,240,0.46875,-0.20833333
65,175,240,0.46875,-0.45833333
107,106,213,0.41601562,0.0046948357
107,118,225,0.43945312,-0.048888889
119,111,230,0.44921875,0.034782609
151,81,232,0.453125,0.30172414
67,167,234,0.45703125,-0.42735043
160,91,251,0.49023438,0.2749004
132,91,223,0.43554688,0.1838565
60,182,242,0.47265625,-0.50413223
99,132,231,0.45117188,-0.14285714
57,171,228,0.4453125,-0.5
113,104,217,0.42382812,0.041474654
144,78,222,0.43359375,0.2972973
144,92,236,0.4609375,0.22033898
135,96,231,0.45117188,0.16883117
123,111,234,0.45703125,0.051282051
111,126,237,0.46289062,-0.063291139
153,88,241,0.47070312,0.26970954
89,123,212,0.4140625,-0.16037736
179,46,225,0.43945312,0.59111111
118,122,240,0.46875,-0.016666667
130,102,232,0.453125,0.12068966
129,109,238,0.46484375,0.084033613
128,96,224,0.4375,0.14285714
137,84,221,0.43164062,0.239819
123,108,231,0.45117188,0.064935065
118,107,225,0.43945312,0.048888889
84,143,227,0.44335938,-0.25991189
77,145,222,0.43359375,-0.30630631
74,153,227,0.44335938,-0.34801762
104,122,226,0.44140625,-0.079646018
84,139,223,0.43554688,-0.24663677
142,82,224,0.4375,0.26785714
118,109,227,0.44335938,0.039647577
156,82,238,0.46484375,0.31092437
138,99,237,0.46289062,0.16455696
132,102,234,0.45703125,0.12820513
92,122,214,0.41796875,-0.14018692
132,91,223,0.43554688,0.1838565
130,86,216,0.421875,0.2037037
113,110,223,0.43554688,0.013452915
84,133,217,0.42382812,-0.22580645
105,117,222,0.43359375,-0.054054054
134,83,217,0.42382812,0.23502304
90,136,226,0.44140625,-0.20353982
81,144,225,0.43945312,-0.28
141,89,230,0.44921875,0.22608696
150,79,229,0.44726562,0.31004367
120,100,220,0.4296875,0.090909091
133,91,224,0.4375,0.1875
80,155,235,0.45898438,-0.31914894
102,127,229,0.44726562,-0.10917031
100,135,235,0.45898438,-0.14893617
131,98,229,0.44726562,0.1441048
100,138,238,0.46484375,-0.15966387
80,138,218,0.42578125,-0.26605505
150,85,235,0.45898438,0.27659574
114,108,222,0.43359375,0.027027027
126,101,227,0.44335938,0.11013216
90,128,218,0.42578125,-0.17431193
138,88,226,0.44140625,0.22123894
78,137,215,0.41992188,-0.2744186
112,117,229,0.44726562,-0.021834061
93,144,237,0.46289062,-0.21518987
92,135,227,0.44335938,-0.18942731
93,140,233,0.45507812,-0.20171674
153,63,216,0.421875,0.41666667
162,73,235,0.45898438,0.3787234
146,76,222,0.43359375,0.31531532
92,122,214,0.41796875,-0.14018692
141,83,224,0.4375,0.25892857
98,112,210,0.41015625,-0.066666667
137,94,231,0.45117188,0.18614719
166,70,236,0.4609375,0.40677966
111,127,238,0.46484375,-0.067226891
133,105,238,0.46484375,0.11764706
125,124,249,0.48632812,0.0040160643
95,132,227,0.44335938,-0.16299559
104,126,230,0.44921875,-0.095652174
121,118,239,0.46679688,0.012552301
98,139,237,0.46289062,-0.17299578
123,104,227,0.44335938,0.083700441
116,113,229,0.44726562,0.013100437
93,154,247,0.48242188,-0.24696356
88,131,219,0.42773438,-0.19634703
124,124,248,0.484375,0
109,110,219,0.42773438,-0.00456621
92,140,232,0.453125,-0.20689655
97,124,221,0.43164062,-0.12217195
107,117,224,0.4375,-0.044642857
125,95,220,0.4296875,0.13636364
115,111,226,0.44140625,0.017699115
96,138,234,0.45703125,-0.17948718
126,105,231,0.45117188,0.090909091
116,106,222,0.43359375,0.045045045
86,149,235,0.45898438,-0.26808511
128,102,230,0.44921875,0.11304348
115,116,231,0.45117188,-0.0043290043
113,127,240,0.46875,-0.058333333
80,157,237,0.46289062,-0.32489451
100,119,219,0.42773438,-0.086757991
101,135,236,0.4609375,-0.1440678
146,83,229,0.44726562,0.27510917
133,83,216,0.421875,0.23148148
79,160,239,0.46679688,-0.33891213
129,105,234,0.45703125,0.1025641
114,113,227,0.44335938,0.0044052863
131,91,222,0.43359375,0.18018018
108,107,215,0.41992188,0.0046511628
92,134,226,0.44140625,-0.18584071
126,95,221,0.43164062,0.14027149
149,78,227,0.44335938,0.31277533
118,115,233,0.45507812,0.012875536
146,90,236,0.4609375,0.23728814
145,82,227,0.44335938,0.27753304
127,88,215,0.41992188,0.18139535
183,46,229,0.44726562,0.59825328
101,133,234,0.45703125,-0.13675214
107,122,229,0.44726562,-0.065502183
127,105,232,0.453125,0.094827586
117,109,226,0.44140625,0.03539823
138,82,220,0.4296875,0.25454545
112,115,227,0.44335938,-0.013215859
121,106,227,0.44335938,0.066079295
81,144,225,0.43945312,-0.28
146,85,231,0.45117188,0.26406926
92,132,224,0.4375,-0.17857143
120,118,238,0.46484375,0.0084033613
81,150,231,0.45117188,-0.2987013
141,86,227,0.44335938,0.24229075
102,128,230,0.44921875,-0.11304348
139,89,228,0.4453125,0.21929825
133,97,230,0.44921875,0.15652174
124,111,235,0.45898438,0.055319149
79,135,214,0.41796875,-0.26168224
107,121,228,0.4453125,-0.061403509
130,94,224,0.4375,0.16071429
150,89,239,0.46679688,0.25523013
157,75,232,0.453125,0.35344828
115,133,248,0.484375,-0.072580645
115,101,216,0.421875,0.064814815
109,121,230,0.44921875,-0.052173913
123,105,228,0.4453125,0.078947368
141,103,244,0.4765625,0.1557377
96,121,217,0.42382812,-0.11520737
91,139,230,0.44921875,-0.20869565
94,127,221,0.43164062,-0.14932127
88,129,217,0.42382812,-0.18894009
101,129,230,0.44921875,-0.12173913
94,138,232,0.453125,-0.18965517
138,90,228,0.4453125,0.21052632
119,115,234,0.45703125,0.017094017
101,138,239,0.46679688,-0.15481172
142,100,242,0.47265625,0.17355372
74,160,234,0.45703125,-0.36752137
133,102,235,0.45898438,0.13191489
101,120,221,0.43164062,-0.085972851
103,115,218,0.42578125,-0.055045872
162,96,258,0.50390625,0.25581395
143,97,240,0.46875,0.19166667
122,113,235,0.45898438,0.038297872
131,92,223,0.43554688,0.17488789
94,148,242,0.47265625,-0.2231405
123,108,231,0.45117188,0.064935065
154,91,245,0.47851562,0.25714286
104,126,230,0.44921875,-0.095652174
166,58,224,0.4375,0.48214286
103,136,239,0.46679688,-0.13807531
147,77,224,0.4375,0.3125
119,105,224,0.4375,0.0625
169,59,228,0.4453125,0.48245614
72,152,224,0.4375,-0.35714286
77,158,235,0.45898438,-0.34468085
115,106,221,0.43164062,0.040723982
95,118,213,0.41601562,-0.10798122
125,105,230,0.44921875,0.086956522
102,148,250,0.48828125,-0.184
85,140,225,0.43945312,-0.24444444
97,126,223,0.43554688,-0.13004484
127,98,225,0.43945312,0.12888889
153,76,229,0.44726562,0.33624454
97,131,228,0.4453125,-0.14912281
84,135,219,0.42773438,-0.23287671
113,123,236,0.4609375,-0.042372881
138,90,228,0.4453125,0.21052632
65,176,241,0.47070312,-0.46058091
128,108,236,0.4609375,0.084745763
94,139,233,0.45507812,-0.19313305
84,143,227,0.44335938,-0.25991189
126,101,227,0.44335938,0.11013216
126,100,226,0.44140625,0.11504425
120,111,231,0.45117188,0.038961039
101,134,235,0.45898438,-0.14042553
128,93,221,0.43164062,0.15837104
55,173,228,0.4453125,-0.51754386
139,90,229,0.44726562,0.2139738
128,107,235,0.45898438,0.089361702
90,145,235,0.45898438,-0.23404255
92,128,220,0.4296875,-0.16363636
179,58,237,0.46289062,0.51054852
110,108,218,0.42578125,0.0091743119
139,88,227,0.44335938,0.2246696
116,113,229,0.44726562,0.013100437
98,138,236,0.4609375,-0.16949153
101,132,233,0.45507812,-0.13304721
65,155,220,0.4296875,-0.40909091
147,95,242,0.47265625,0.21487603
95,129,224,0.4375,-0.15178571
83,140,223,0.43554688,-0.25560538
132,94,226,0.44140625,0.16814159
106,123,229,0.44726562,-0.074235808
134,95,229,0.44726562,0.17030568
81,141,222,0.43359375,-0.27027027
147,85,232,0.453125,0.26724138
113,125,238,0.46484375,-0.050420168
127,103,230,0.44921875,0.10434783
66,166,232,0.453125,-0.43103448
99,120,219,0.42773438,-0.095890411
138,89,227,0.44335938,0.21585903
81,127,208,0.40625,-0.22115385
122,107,229,0.44726562,0.065502183
142,92,234,0.45703125,0.21367521
105,111,216,0.421875,-0.027777778
84,136,220,0.4296875,-0.23636364
127,103,230,0.44921875,0.10434783
152,70,222,0.43359375,0.36936937
80,151,231,0.45117188,-0.30735931
168,67,235,0.45898438,0.42978723
125,101,226,0.44140625,0.10619469
56,185,241,0.47070312,-0.53526971
109,117,226,0.44140625,-0.03539823
117,104,221,0.43164062,0.058823529
155,69,224,0.4375,0.38392857
101,117,218,0.42578125,-0.073394495
118,121,239,0.46679688,-0.012552301
145,88,233,0.45507812,0.24463519
120,111,231,0.45117188,0.038961039
119,103,222,0.43359375,0.072072072
142,106,248,0.484375,0.14516129
137,90,227,0.44335938,0.20704846
136,85,221,0.43164062,0.23076923
111,117,228,0.4453125,-0.026315789
146,86,232,0.453125,0.25862069
93,132,225,0.43945312,-0.17333333
191,41,232,0.453125,0.64655172
72,139,211,0.41210938,-0.31753555
126,113,239,0.46679688,0.054393305
125,109,234,0.45703125,0.068376068
98,122,220,0.4296875,-0.10909091
75,144,219,0.42773438,-0.31506849
102,136,238,0.46484375,-0.14285714
110,130,240,0.46875,-0.083333333
126,108,234,0.45703125,0.076923077
127,117,244,0.4765625,0.040983607
130,85,215,0.41992188,0.20930233
79,140,219,0.42773438,-0.27853881
71,169,240,0.46875,-0.40833333
150,90,240,0.46875,0.25
116,104,220,0.4296875,0.054545455
102,123,225,0.43945312,-0.093333333
127,91,218,0.42578125,0.16513761
153,76,229,0.44726562,0.33624454
88,137,225,0.43945312,-0.21777778
109,121,230,0.44921875,-0.052173913
142,97,239,0.46679688,0.18828452
97,138,235,0.45898438,-0.17446809
163,66,229,0.44726562,0.42358079
135,96,231,0.45117188,0.16883117
98,124,222,0.43359375,-0.11711712
113,115,228,0.4453125,-0.0087719298
70,145,215,0.41992188,-0.34883721
88,148,236,0.4609375,-0.25423729
115,132,247,0.48242188,-0.068825911
132,80,212,0.4140625,0.24528302
67,178,245,0.47851562,-0.45306122
168,61,229,0.44726562,0.46724891
95,118,213,0.41601562,-0.10798122
140,81,221,0.43164062,0.26696833
144,85,229,0.44726562,0.25764192
131,89,220,0.4296875,0.19090909
158,74,232,0.453125,0.36206897
90,133,223,0.43554688,-0.19282511
68,158,226,0.44140625,-0.39823009
144,87,231,0.45117188,0.24675325
112,115,227,0.44335938,-0.013215859
93,143,236,0.4609375,-0.21186441
155,75,230,0.44921875,0.34782609
128,111,239,0.46679688,0.071129707
122,119,241,0.47070312,0.012448133
120,99,219,0.42773438,0.095890411
146,84,230,0.44921875,0.26956522
124,106,230,0.44921875,0.07826087
134,95,229,0.44726562,0.17030568
91,135,226,0.44140625,-0.19469027
92,141,233,0.45507812,-0.21030043
123,107,230,0.44921875,0.069565217
89,131,220,0.4296875,-0.19090909
63,170,233,0.45507812,-0.45922747
89,125,214,0.41796875,-0.1682243
131,89,220,0.4296875,0.19090909
101,130,231,0.45117188,-0.12554113
151,90,241,0.47070312,0.25311203
75,160,235,0.45898438,-0.36170213
99,122,221,0.43164062,-0.1040724
157,59,216,0.421875,0.4537037
84,149,233,0.45507812,-0.27896996
170,67,237,0.46289062,0.43459916
106,104,210,0.41015625,0.0095238095
88,154,242,0.47265625,-0.27272727
99,121,220,0.4296875,-0.1
124,101,225,0.43945312,0.10222222
80,146,226,0.44140625,-0.2920354
179,68,247,0.48242188,0.44939271
138,107,245,0.47851562,0.12653061
146,85,231,0.45117188,0.26406926
178,58,236,0.4609375,0.50847458
86,130,216,0.421875,-0.2037037
137,97,234,0.45703125,0.17094017
138,100,238,0.46484375,0.15966387
100,122,222,0.43359375,-0.099099099
142,95,237,0.46289062,0.19831224
74,158,232,0.453125,-0.36206897
97,135,232,0.453125,-0.1637931
133,106,239,0.46679688,0.11297071
120,120,240,0.46875,0
140,91,231,0.45117188,0.21212121
139,86,225,0.43945312,0.23555556
121,115,236,0.4609375,0.025423729
134,106,240,0.46875,0.11666667
97,117,214,0.41796875,-0.093457944
99,136,235,0.45898438,-0.15744681
105,126,231,0.45117188,-0.090909091
77,150,227,0.44335938,-0.3215859
101,138,239,0.46679688,-0.15481172
139,100,239,0.46679688,0.16317992
151,83,234,0.45703125,0.29059829
141,91,232,0.453125,0.21551724
83,137,220,0.4296875,-0.24545455
80,150,230,0.44921875,-0.30434783
124,107,231,0.45117188,0.073593074
91,133,224,0.4375,-0.1875
98,126,224,0.4375,-0.125
125,97,222,0.43359375,0.12612613
115,112,227,0.44335938,0.013215859
93,138,231,0.45117188,-0.19480519
129,115,244,0.4765625,0.057377049
117,107,224,0.4375,0.044642857
116,134,250,0.48828125,-0.072
95,126,221,0.43164062,-0.14027149
148,94,242,0.47265625,0.2231405
80,144,224,0.4375,-0.28571429
134,82,216,0.421875,0.24074074
153,80,233,0.45507812,0.31330472
122,92,214,0.41796875,0.14018692
104,125,229,0.44726562,-0.091703057
154,83,237,0.46289062,0.29957806
138,88,226,0.44140625,0.22123894
167,54,221,0.43164062,0.51131222
128,87,215,0.41992188,0.19069767
148,78,226,0.44140625,0.30973451
92,137,229,0.44726562,-0.19650655
130,102,232,0.453125,0.12068966
90,153,243,0.47460938,-0.25925926
96,120,216,0.421875,-0.11111111
108,112,220,0.4296875,-0.018181818
124,118,242,0.47265625,0.024793388
126,102,228,0.4453125,0.10526316
127,91,218,0.42578125,0.16513761
129,110,239,0.46679688,0.079497908
183,50,233,0.45507812,0.57081545
117,117,234,0.45703125,0
171,69,240,0.46875,0.425
141,88,229,0.44726562,0.23144105
129,106,235,0.45898438,0.09787234
68,167,235,0.45898438,-0.4212766
96,123,219,0.42773438,-0.12328767
103,132,235,0.45898438,-0.12340426
66,160,226,0.44140625,-0.4159292
107,127,234,0.45703125,-0.085470085
86,145,231,0.45117188,-0.25541126
53,163,216,0.421875,-0.50925926
159,61,220,0.4296875,0.44545455
133,84,217,0.42382812,0.22580645
88,144,232,0.453125,-0.24137931
78,129,207,0.40429688,-0.24637681
97,133,230,0.44921875,-0.15652174
100,138,238,0.46484375,-0.15966387
134,92,226,0.44140625,0.18584071
141,81,222,0.43359375,0.27027027
183,55,238,0.46484375,0.53781513
138,104,242,0.47265625,0.14049587
76,158,234,0.45703125,-0.35042735
107,133,240,0.46875,-0.10833333
138,115,253,0.49414062,0.090909091
90,141,231,0.45117188,-0.22077922
100,135,235,0.45898438,-0.14893617
112,113,225,0.43945312,-0.0044444444
115,121,236,0.4609375,-0.025423729
93,140,233,0.45507812,-0.20171674
110,119,229,0.44726562,-0.03930131
122,101,223,0.43554688,0.094170404
111,122,233,0.45507812,-0.0472103
118,117,235,0.45898438,0.0042553191
129,98,227,0.44335938,0.13656388
108,118,226,0.44140625,-0.044247788
135,90,225,0.43945312,0.2
106,112,218,0.42578125,-0.027522936
91,150,241,0.47070312,-0.24481328
97,136,233,0.45507812,-0.16738197
117,119,236,0.4609375,-0.0084745763
126,100,226,0.44140625,0.11504425
129,111,240,0.46875,0.075
85,142,227,0.44335938,-0.25110132
147,76,223,0.43554688,0.31838565
85,136,221,0.43164062,-0.23076923
141,91,232,0.453125,0.21551724
68,179,247,0.48242188,-0.44939271
87,151,238,0.46484375,-0.26890756
149,88,237,0.46289062,0.25738397
125,99,224,0.4375,0.11607143
64,170,234,0.45703125,-0.45299145
145,100,245,0.47851562,0.18367347
112,105,217,0.42382812,0.032258065
102,139,241,0.47070312,-0.15352697
47,175,222,0.43359375,-0.57657658
134,81,215,0.41992188,0.24651163
113,116,229,0.44726562,-0.013100437
100,126,226,0.44140625,-0.11504425
165,81,246,0.48046875,0.34146341
148,99,247,0.48242188,0.19838057
157,80,237,0.46289062,0.32489451
146,90,236,0.4609375,0.23728814
133,97,230,0.44921875,0.15652174
168,60,228,0.4453125,0.47368421
133,92,225,0.43945312,0.18222222
98,137,235,0.45898438,-0.16595745
132,93,225,0.43945312,0.17333333
126,96,222,0.43359375,0.13513514
117,112,229,0.44726562,0.021834061
106,127,233,0.45507812,-0.090128755
144,91,235,0.45898438,0.22553191
105,112,217,0.42382812,-0.032258065
70,167,237,0.46289062,-0.4092827
124,118,242,0.47265625,0.024793388
112,113,225,0.43945312,-0.0044444444
125,109,234,0.45703125,0.068376068
102,131,233,0.45507812,-0.12446352
84,152,236,0.4609375,-0.28813559
118,116,234,0.45703125,0.0085470085
140,83,223,0.43554688,0.25560538
115,101,216,0.421875,0.064814815
83,158,241,0.47070312,-0.31120332
122,102,224,0.4375,0.089285714
138,97,235,0.45898438,0.17446809
118,120,238,0.46484375,-0.0084033613
130,108,238,0.46484375,0.092436975
158,62,220,0.4296875,0.43636364
91,148,239,0.46679688,-0.23849372
151,80,231,0.45117188,0.30735931
95,134,229,0.44726562,-0.17030568
125,96,221,0.43164062,0.13122172
124,87,211,0.41210938,0.17535545
83,134,217,0.42382812,-0.23502304
160,79,239,0.46679688,0.33891213
86,131,217,0.42382812,-0.20737327
138,105,243,0.47460938,0.13580247
120,119,239,0.46679688,0.0041841004
118,109,227,0.44335938,0.039647577
75,159,234,0.45703125,-0.35897436
110,123,233,0.45507812,-0.055793991
122,108,230,0.44921875,0.060869565
95,126,221,0.43164062,-0.14027149
129,108,237,0.46289062,0.088607595
102,113,215,0.41992188,-0.051162791
141,102,243,0.47460938,0.16049383
96,123,219,0.42773438,-0.12328767
147,80,227,0.44335938,0.29515419
105,121,226,0.44140625,-0.07079646
119,117,236,0.4609375,0.0084745763
121,113,234,0.45703125,0.034188034
95,122,217,0.42382812,-0.12442396
123,102,225,0.43945312,0.093333333
113,111,224,0.4375,0.0089285714
92,135,227,0.44335938,-0.18942731
123,96,219,0.42773438,0.12328767
96,126,222,0.43359375,-0.13513514
122,102,224,0.4375,0.089285714
116,114,230,0.44921875,0.0086956522
92,130,222,0.43359375,-0.17117117
79,145,224,0.4375,-0.29464286
116,100,216,0.421875,0.074074074
115,125,240,0.46875,-0.041666667
140,99,239,0.46679688,0.17154812
108,119,227,0.44335938,-0.04845815
112,102,214,0.41796875,0.046728972
98,114,212,0.4140625,-0.075471698
168,53,221,0.43164062,0.52036199
173,71,244,0.4765625,0.41803279
125,112,237,0.46289062,0.054852321
106,122,228,0.4453125,-0.070175439
137,90,227,0.44335938,0.20704846
152,75,227,0.44335938,0.33920705
134,84,218,0.42578125,0.2293578
147,77,224,0.4375,0.3125
100,131,231,0.45117188,-0.13419913
145,95,240,0.46875,0.20833333
91,151,242,0.47265625,-0.24793388
52,177,229,0.44726562,-0.54585153
144,72,216,0.421875,0.33333333
158,70,228,0.4453125,0.38596491
123,119,242,0.47265625,0.016528926
107,119,226,0.44140625,-0.053097345
110,118,228,0.4453125,-0.035087719
164,70,234,0.45703125,0.4017094
138,90,228,0.4453125,0.21052632
133,98,231,0.45117188,0.15151515
117,94,211,0.41210938,0.10900474
129,96,225,0.43945312,0.14666667
79,152,231,0.45117188,-0.31601732
132,102,234,0.45703125,0.12820513
104,119,223,0.43554688,-0.067264574
94,141,235,0.45898438,-0.2
106,138,244,0.4765625,-0.13114754
113,113,226,0.44140625,0
121,128,249,0.48632812,-0.02811245
74,153,227,0.44335938,-0.34801762
70,154,224,0.4375,-0.375
165,68,233,0.45507812,0.41630901
83,156,239,0.46679688,-0.30543933
98,134,232,0.453125,-0.15517241
144,86,230,0.44921875,0.25217391
96,147,243,0.47460938,-0.20987654
89,143,232,0.453125,-0.23275862
163,71,234,0.45703125,0.39316239
121,112,233,0.45507812,0.038626609
152,76,228,0.4453125,0.33333333
107,131,238,0.46484375,-0.10084034
105,124,229,0.44726562,-0.082969432
94,132,226,0.44140625,-0.16814159
117,116,233,0.45507812,0.0042918455
104,132,236,0.4609375,-0.11864407
89,139,228,0.4453125,-0.21929825
98,135,233,0.45507812,-0.15879828
124,105,229,0.44726562,0.082969432
112,129,241,0.47070312,-0.070539419
137,96,233,0.45507812,0.17596567
183,71,254,0.49609375,0.44094488
77,167,244,0.4765625,-0.36885246
144,85,229,0.44726562,0.25764192
81,152,233,0.45507812,-0.30472103
116,111,227,0.44335938,0.022026432
128,89,217,0.42382812,0.1797235
114,110,224,0.4375,0.017857143
124,98,222,0.43359375,0.11711712
85,132,217,0.42382812,-0.21658986
131,99,230,0.44921875,0.13913043
120,104,224,0.4375,0.071428571
138,76,214,0.41796875,0.28971963
121,107,228,0.4453125,0.061403509
156,82,238,0.46484375,0.31092437
91,139,230,0.44921875,-0.20869565
76,163,239,0.46679688,-0.36401674
94,143,237,0.46289062,-0.20675105
118,96,214,0.41796875,0.10280374
148,96,244,0.4765625,0.21311475
163,67,230,0.44921875,0.4173913
88,149,237,0.46289062,-0.25738397
75,156,231,0.45117188,-0.35064935
57,160,217,0.42382812,-0.47465438
126,94,220,0.4296875,0.14545455
126,92,218,0.42578125,0.1559633
108,125,233,0.45507812,-0.072961373
140,81,221,0.43164062,0.26696833
119,100,219,0.42773438,0.086757991
122,104,226,0.44140625,0.079646018
103,122,225,0.43945312,-0.084444444
151,74,225,0.43945312,0.34222222
130,103,233,0.45507812,0.11587983
160,74,234,0.45703125,0.36752137
167,68,235,0.45898438,0.4212766
92,154,246,0.48046875,-0.25203252
133,93,226,0.44140625,0.17699115
93,132,225,0.43945312,-0.17333333
119,119,238,0.46484375,0
75,147,222,0.43359375,-0.32432432
82,135,217,0.42382812,-0.24423963
133,101,234,0.45703125,0.13675214
83,134,217,0.42382812,-0.23502304
106,132,238,0.46484375,-0.1092437
139,91,230,0.44921875,0.20869565
128,96,224,0.4375,0.14285714
118,116,234,0.45703125,0.0085470085
149,78,227,0.44335938,0.31277533
72,150,222,0.43359375,-0.35135135
138,95,233,0.45507812,0.18454936
116,104,220,0.4296875,0.054545455
119,107,226,0.44140625,0.053097345
103,140,243,0.47460938,-0.15226337
108,124,232,0.453125,-0.068965517
84,143,227,0.44335938,-0.25991189
92,144,236,0.4609375,-0.22033898
118,123,241,0.47070312,-0.020746888
102,129,231,0.45117188,-0.11688312
63,169,232,0.453125,-0.45689655
77,177,254,0.49609375,-0.39370079
109,125,234,0.45703125,-0.068376068
121,105,226,0.44140625,0.07079646
118,107,225,0.43945312,0.048888889
108,116,224,0.4375,-0.035714286
96,127,223,0.43554688,-0.13901345
110,126,236,0.4609375,-0.06779661
103,124,227,0.44335938,-0.092511013
122,105,227,0.44335938,0.074889868
60,168,228,0.4453125,-0.47368421
129,89,218,0.42578125,0.18348624
110,132,242,0.47265625,-0.090909091
118,115,233,0.45507812,0.012875536
105,124,229,0.44726562,-0.082969432
174,73,247,0.48242188,0.40890688
141,101,242,0.47265625,0.16528926
157,73,230,0.44921875,0.36521739
131,103,234,0.45703125,0.11965812
93,142,235,0.45898438,-0.20851064
150,80,230,0.44921875,0.30434783
103,120,223,0.43554688,-0.076233184
85,141,226,0.44140625,-0.24778761
115,116,231,0.45117188,-0.0043290043
122,93,215,0.41992188,0.13488372
76,152,228,0.4453125,-0.33333333
139,83,222,0.43359375,0.25225225
98,129,227,0.44335938,-0.13656388
127,97,224,0.4375,0.13392857
116,101,217,0.42382812,0.069124424
116,115,231,0.45117188,0.0043290043
147,66,213,0.41601562,0.38028169
117,96,213,0.41601562,0.098591549
148,85,233,0.45507812,0.27038627
72,172,244,0.4765625,-0.40983607
89,158,247,0.48242188,-0.27935223
155,86,241,0.47070312,0.28630705
153,85,238,0.46484375,0.28571429
164,60,224,0.4375,0.46428571
116,126,242,0.47265625,-0.041322314
146,79,225,0.43945312,0.29777778
150,86,236,0.4609375,0.27118644
104,121,225,0.43945312,-0.075555556
99,120,219,0.42773438,-0.095890411
131,96,227,0.44335938,0.15418502
102,117,219,0.42773438,-0.068493151
94,139,233,0.45507812,-0.19313305
115,124,239,0.46679688,-0.037656904
130,89,219,0.42773438,0.18721461
79,149,228,0.4453125,-0.30701754
139,89,228,0.4453125,0.21929825
70,155,225,0.43945312,-0.37777778
114,136,250,0.48828125,-0.088
119,110,229,0.44726562,0.03930131
88,134,222,0.43359375,-0.20720721
104,112,216,0.421875,-0.037037037
134,102,236,0.4609375,0.13559322
141,92,233,0.45507812,0.21030043
126,113,239,0.46679688,0.054393305
106,114,220,0.4296875,-0.036363636
47,193,240,0.46875,-0.60833333
125,107,232,0.453125,0.077586207
109,111,220,0.4296875,-0.0090909091
97,124,221,0.43164062,-0.12217195
67,169,236,0.4609375,-0.43220339
71,159,230,0.44921875,-0.3826087
93,132,225,0.43945312,-0.17333333
129,101,230,0.44921875,0.12173913
144,91,235,0.45898438,0.22553191
83,142,225,0.43945312,-0.26222222
86,153,239,0.46679688,-0.28033473
129,101,230,0.44921875,0.12173913
126,106,232,0.453125,0.086206897
160,62,222,0.43359375,0.44144144
131,95,226,0.44140625,0.15929204
165,72,237,0.46289062,0.39240506
151,72,223,0.43554688,0.35426009
58,168,226,0.44140625,-0.48672566
106,116,222,0.43359375,-0.045045045
98,132,230,0.44921875,-0.14782609
128,87,215,0.41992188,0.19069767
118,88,206,0.40234375,0.14563107
75,150,225,0.43945312,-0.33333333
123,97,220,0.4296875,0.11818182
102,140,242,0.47265625,-0.15702479
112,105,217,0.42382812,0.032258065
142,92,234,0.45703125,0.21367521
149,85,234,0.45703125,0.27350427
130,107,237,0.46289062,0.097046414
92,136,228,0.4453125,-0.19298246
97,144,241,0.47070312,-0.19502075
146,84,230,0.44921875,0.26956522
84,136,220,0.4296875,-0.23636364
129,100,229,0.44726562,0.12663755
140,93,233,0.45507812,0.20171674
115,120,235,0.45898438,-0.021276596
116,115,231,0.45117188,0.0043290043
141,97,238,0.46484375,0.18487395
127,106,233,0.45507812,0.090128755
111,115,226,0.44140625,-0.017699115
138,91,229,0.44726562,0.20524017
70,152,222,0.43359375,-0.36936937
119,122,241,0.47070312,-0.012448133
116,106,222,0.43359375,0.045045045
107,127,234,0.45703125,-0.085470085
90,119,209,0.40820312,-0.13875598
98,122,220,0.4296875,-0.10909091
97,130,227,0.44335938,-0.14537445
129,85,214,0.41796875,0.20560748
96,129,225,0.43945312,-0.14666667
146,65,211,0.41210938,0.38388626
128,100,228,0.4453125,0.12280702
64,148,212,0.4140625,-0.39622642
130,97,227,0.44335938,0.14537445
163,82,245,0.47851562,0.33061224
161,72,233,0.45507812,0.38197425
73,148,221,0.43164062,-0.33936652
85,144,229,0.44726562,-0.25764192
112,127,239,0.46679688,-0.062761506
119,118,237,0.46289062,0.0042194093
88,131,219,0.42773438,-0.19634703
115,117,232,0.453125,-0.0086206897
119,97,216,0.421875,0.10185185
102,133,235,0.45898438,-0.13191489
65,154,219,0.42773438,-0.40639269
135,85,220,0.4296875,0.22727273
141,88,229,0.44726562,0.23144105
130,90,220,0.4296875,0.18181818
156,71,227,0.44335938,0.37444934
91,145,236,0.4609375,-0.22881356
85,144,229,0.44726562,-0.25764192
105,112,217,0.42382812,-0.032258065
104,110,214,0.41796875,-0.028037383
119,132,251,0.49023438,-0.051792829
95,131,226,0.44140625,-0.15929204
66,163,229,0.44726562,-0.42358079
122,106,228,0.4453125,0.070175439
121,102,223,0.43554688,0.085201794
95,153,248,0.484375,-0.23387097
87,145,232,0.453125,-0.25
158,60,218,0.42578125,0.44954128
117,106,223,0.43554688,0.049327354
133,91,224,0.4375,0.1875
57,179,236,0.4609375,-0.51694915
71,171,242,0.47265625,-0.41322314
116,110,226,0.44140625,0.026548673
83,141,224,0.4375,-0.25892857
83,127,210,0.41015625,-0.20952381
130,122,252,0.4921875,0.031746032
63,167,230,0.44921875,-0.45217391
136,104,240,0.46875,0.13333333
111,125,236,0.4609375,-0.059322034
44,186,230,0.44921875,-0.6173913
93,137,230,0.44921875,-0.19130435
108,117,225,0.43945312,-0.04
85,150,235,0.45898438,-0.27659574
64,154,218,0.42578125,-0.41284404
84,145,229,0.44726562,-0.26637555
102,127,229,0.44726562,-0.10917031
88,134,222,0.43359375,-0.20720721
118,103,221,0.43164062,0.067873303
136,86,222,0.43359375,0.22522523
90,149,239,0.46679688,-0.24686192
120,118,238,0.46484375,0.0084033613
104,121,225,0.43945312,-0.075555556
71,178,249,0.48632812,-0.42971888
98,130,228,0.4453125,-0.14035088
114,103,217,0.42382812,0.050691244
128,110,238,0.46484375,0.075630252
150,74,224,0.4375,0.33928571
101,130,231,0.45117188,-0.12554113
110,127,237,0.46289062,-0.071729958
151,83,234,0.45703125,0.29059829
81,158,239,0.46679688,-0.32217573
124,114,238,0.46484375,0.042016807
122,114,236,0.4609375,0.033898305
139,91,230,0.44921875,0.20869565
67,158,225,0.43945312,-0.40444444
120,112,232,0.453125,0.034482759
108,125,233,0.45507812,-0.072961373
93,147,240,0.46875,-0.225
101,128,229,0.44726562,-0.11790393
111,115,226,0.44140625,-0.017699115
105,121,226,0.44140625,-0.07079646
146,84,230,0.44921875,0.26956522
101,124,225,0.43945312,-0.10222222
78,142,220,0.4296875,-0.29090909
94,146,240,0.46875,-0.21666667
142,92,234,0.45703125,0.21367521
116,108,224,0.4375,0.035714286
153,79,232,0.453125,0.31896552
126,89,215,0.41992188,0.17209302
136,110,246,0.48046875,0.10569106
148,76,224,0.4375,0.32142857
151,85,236,0.4609375,0.27966102
138,92,230,0.44921875,0.2
128,92,220,0.4296875,0.16363636
149,76,225,0.43945312,0.32444444
89,138,227,0.44335938,-0.21585903
70,159,229,0.44726562,-0.38864629
108,126,234,0.45703125,-0.076923077
139,79,218,0.42578125,0.27522936
96,111,207,0.40429688,-0.072463768
115,115,230,0.44921875,0
76,149,225,0.43945312,-0.32444444
88,135,223,0.43554688,-0.21076233
109,128,237,0.46289062,-0.080168776
154,56,210,0.41015625,0.46666667
115,124,239,0.46679688,-0.037656904
117,119,236,0.4609375,-0.0084745763
129,113,242,0.47265625,0.066115702
128,104,232,0.453125,0.10344828
123,91,214,0.41796875,0.14953271
83,158,241,0.47070312,-0.31120332
47,179,226,0.44140625,-0.5840708
125,106,231,0.45117188,0.082251082
160,80,240,0.46875,0.33333333
130,98,228,0.4453125,0.14035088
104,130,234,0.45703125,-0.11111111
79,148,227,0.44335938,-0.30396476
88,132,220,0.4296875,-0.2
81,140,221,0.43164062,-0.26696833
124,117,241,0.47070312,0.029045643
151,80,231,0.45117188,0.30735931
72,166,238,0.46484375,-0.39495798
120,114,234,0.45703125,0.025641026
139,95,234,0.45703125,0.18803419
108,123,231,0.45117188,-0.064935065
83,136,219,0.42773438,-0.24200913
109,120,229,0.44726562,-0.048034934
140,78,218,0.42578125,0.28440367
107,100,207,0.40429688,0.033816425
113,100,213,0.41601562,0.061032864
88,147,235,0.45898438,-0.25106383
68,167,235,0.45898438,-0.4212766
102,139,241,0.47070312,-0.15352697
148,89,237,0.46289062,0.24894515
117,114,231,0.45117188,0.012987013
127,104,231,0.45117188,0.0995671
157,67,224,0.4375,0.40178571
81,144,225,0.43945312,-0.28
110,113,223,0.43554688,-0.013452915
113,117,230,0.44921875,-0.017391304
125,107,232,0.453125,0.077586207
88,138,226,0.44140625,-0.22123894
136,88,224,0.4375,0.21428571
111,121,232,0.453125,-0.043103448
70,163,233,0.45507812,-0.39914163
128,97,225,0.43945312,0.13777778
106,137,243,0.47460938,-0.12757202
133,98,231,0.45117188,0.15151515
94,133,227,0.44335938,-0.17180617
46,177,223,0.43554688,-0.58744395
68,170,238,0.46484375,-0.42857143
115,120,235,0.45898438,-0.021276596
143,80,223,0.43554688,0.28251121
83,154,237,0.46289062,-0.29957806
75,163,238,0.46484375,-0.3697479
106,111,217,0.42382812,-0.023041475
108,117,225,0.43945312,-0.04
73,158,231,0.45117188,-0.36796537
141,93,234,0.45703125,0.20512821
85,131,216,0.421875,-0.21296296
104,115,219,0.42773438,-0.050228311
103,140,243,0.47460938,-0.15226337
114,124,238,0.46484375,-0.042016807
116,106,222,0.43359375,0.045045045
136,84,220,0.4296875,0.23636364
131,98,229,0.44726562,0.1441048
149,85,234,0.45703125,0.27350427
84,155,239,0.46679688,-0.29707113
69,159,228,0.4453125,-0.39473684
173,59,232,0.453125,0.49137931
150,73,223,0.43554688,0.34529148
105,129,234,0.45703125,-0.1025641
110,123,233,0.45507812,-0.055793991
114,125,239,0.46679688,-0.046025105
146,81,227,0.44335938,0.28634361
133,97,230,0.44921875,0.15652174
101,119,220,0.4296875,-0.081818182
103,136,239,0.46679688,-0.13807531
107,124,231,0.45117188,-0.073593074
95,118,213,0.41601562,-0.10798122
112,123,235,0.45898438,-0.046808511
55,172,227,0.44335938,-0.5154185
150,73,223,0.43554688,0.34529148
123,106,229,0.44726562,0.074235808
94,131,225,0.43945312,-0.16444444
100,118,218,0.42578125,-0.082568807
126,104,230,0.44921875,0.095652174
111,122,233,0.45507812,-0.0472103
144,71,215,0.41992188,0.33953488
104,124,228,0.4453125,-0.087719298
127,98,225,0.43945312,0.12888889
82,152,234,0.45703125,-0.2991453
98,139,237,0.46289062,-0.17299578
117,124,241,0.47070312,-0.029045643
115,123,238,0.46484375,-0.033613445
106,100,206,0.40234375,0.029126214
110,106,216,0.421875,0.018518519
122,118,240,0.46875,0.016666667
99,128,227,0.44335938,-0.1277533
101,126,227,0.44335938,-0.11013216
101,137,238,0.46484375,-0.1512605
154,74,228,0.4453125,0.35087719
101,132,233,0.45507812,-0.13304721
161,78,239,0.46679688,0.34728033
99,130,229,0.44726562,-0.13537118
74,166,240,0.46875,-0.38333333
94,139,233,0.45507812,-0.19313305
85,135,220,0.4296875,-0.22727273
77,140,217,0.42382812,-0.29032258
129,95,224,0.4375,0.15178571
96,116,212,0.4140625,-0.094339623
117,103,220,0.4296875,0.063636364
113,101,214,0.41796875,0.056074766
135,104,239,0.46679688,0.12970711
109,125,234,0.45703125,-0.068376068
102,119,221,0.43164062,-0.076923077
139,90,229,0.44726562,0.2139738
119,128,247,0.48242188,-0.036437247
107,118,225,0.43945312,-0.048888889
142,92,234,0.45703125,0.21367521
99,121,220,0.4296875,-0.1
88,155,243,0.47460938,-0.27572016
114,117,231,0.45117188,-0.012987013
125,99,224,0.4375,0.11607143
108,113,221,0.43164062,-0.022624434
87,157,244,0.4765625,-0.28688525
146,80,226,0.44140625,0.2920354
89,139,228,0.4453125,-0.21929825
145,93,238,0.46484375,0.21848739
195,51,246,0.48046875,0.58536585
117,122,239,0.46679688,-0.020920502
162,73,235,0.45898438,0.3787234
95,142,237,0.46289062,-0.19831224
135,94,229,0.44726562,0.1790393
97,145,242,0.47265625,-0.19834711
94,128,222,0.43359375,-0.15315315
140,84,224,0.4375,0.25
132,93,225,0.43945312,0.17333333
92,141,233,0.45507812,-0.21030043
133,106,239,0.46679688,0.11297071
93,130,223,0.43554688,-0.16591928
137,90,227,0.44335938,0.20704846
126,102,228,0.4453125,0.10526316
120,105,225,0.43945312,0.066666667
130,90,220,0.4296875,0.18181818
136,90,226,0.44140625,0.20353982
81,153,234,0.45703125,-0.30769231
112,113,225,0.43945312,-0.0044444444
103,140,243,0.47460938,-0.15226337
128,112,240,0.46875,0.066666667
131,94,225,0.43945312,0.16444444
87,147,234,0.45703125,-0.25641026
162,75,237,0.46289062,0.36708861
103,109,212,0.4140625,-0.028301887
120,105,225,0.43945312,0.066666667
114,113,227,0.44335938,0.0044052863
104,137,241,0.47070312,-0.13692946
135,92,227,0.44335938,0.18942731
122,114,236,0.4609375,0.033898305
141,97,238,0.46484375,0.18487395
77,166,243,0.47460938,-0.36625514
75,148,223,0.43554688,-0.32735426
112,117,229,0.44726562,-0.021834061
193,37,230,0.44921875,0.67826087
108,134,242,0.47265625,-0.10743802
114,121,235,0.45898438,-0.029787234
91,140,231,0.45117188,-0.21212121
114,119,233,0.45507812,-0.021459227
100,135,235,0.45898438,-0.14893617
163,72,235,0.45898438,0.38723404
77,146,223,0.43554688,-0.30941704
142,84,226,0.44140625,0.25663717
105,109,214,0.41796875,-0.018691589
105,124,229,0.44726562,-0.082969432
127,85,212,0.4140625,0.19811321
105,127,232,0.453125,-0.094827586
87,159,246,0.48046875,-0.29268293
112,105,217,0.42382812,0.032258065
130,104,234,0.45703125,0.11111111
96,130,226,0.44140625,-0.15044248
148,76,224,0.4375,0.32142857
141,88,229,0.44726562,0.23144105
103,113,216,0.421875,-0.046296296
111,120,231,0.45117188,-0.038961039
128,103,231,0.45117188,0.10822511
165,56,221,0.43164062,0.49321267
123,113,236,0.4609375,0.042372881
139,91,230,0.44921875,0.20869565
102,116,218,0.42578125,-0.064220183
100,118,218,0.42578125,-0.082568807
144,79,223,0.43554688,0.29147982
145,86,231,0.45117188,0.25541126
148,88,236,0.4609375,0.25423729
125,110,235,0.45898438,0.063829787
92,124,216,0.421875,-0.14814815
88,141,229,0.44726562,-0.23144105
113,114,227,0.44335938,-0.0044052863
93,129,222,0.43359375,-0.16216216
100,133,233,0.45507812,-0.1416309
149,79,228,0.4453125,0.30701754
99,130,229,0.44726562,-0.13537118
135,91,226,0.44140625,0.19469027
93,139,232,0.453125,-0.19827586
121,112,233,0.45507812,0.038626609
125,97,222,0.43359375,0.12612613
110,139,249,0.48632812,-0.11646586
100,126,226,0.44140625,-0.11504425
127,103,230,0.44921875,0.10434783
90,135,225,0.43945312,-0.2
132,85,217,0.42382812,0.21658986
108,125,233,0.45507812,-0.072961373
111,129,240,0.46875,-0.075
130,99,229,0.44726562,0.13537118
160,72,232,0.453125,0.37931034
136,91,227,0.44335938,0.19823789
158,73,231,0.45117188,0.36796537
178,53,231,0.45117188,0.54112554
97,128,225,0.43945312,-0.13777778
105,145,250,0.48828125,-0.16
119,102,221,0.43164062,0.076923077
87,144,231,0.45117188,-0.24675325
185,46,231,0.45117188,0.6017316
95,129,224,0.4375,-0.15178571
66,163,229,0.44726562,-0.42358079
186,56,242,0.47265625,0.53719008
24,213,237,0.46289062,-0.79746835
147,100,247,0.48242188,0.1902834
136,89,225,0.43945312,0.20888889
151,88,239,0.46679688,0.26359833
133,89,222,0.43359375,0.1981982
107,110,217,0.42382812,-0.013824885
105,128,233,0.45507812,-0.098712446
114,112,226,0.44140625,0.0088495575
134,89,223,0.43554688,0.20179372
143,79,222,0.43359375,0.28828829
66,174,240,0.46875,-0.45
112,131,243,0.47460938,-0.0781893
115,121,236,0.4609375,-0.025423729
157,72,229,0.44726562,0.37117904
133,83,216,0.421875,0.23148148
121,116,237,0.46289062,0.021097046
98,113,211,0.41210938,-0.071090047
119,112,231,0.45117188,0.03030303
146,91,237,0.46289062,0.23206751
74,157,231,0.45117188,-0.35930736
109,115,224,0.4375,-0.026785714
124,103,227,0.44335938,0.092511013
126,102,228,0.4453125,0.10526316
135,111,246,0.48046875,0.097560976
111,123,234,0.45703125,-0.051282051
119,120,239,0.46679688,-0.0041841004
111,114,225,0.43945312,-0.013333333
113,103,216,0.421875,0.046296296
133,97,230,0.44921875,0.15652174
127,105,232,0.453125,0.094827586
150,88,238,0.46484375,0.2605042
95,149,244,0.4765625,-0.22131148
48,196,244,0.4765625,-0.60655738
95,133,228,0.4453125,-0.16666667
92,130,222,0.43359375,-0.17117117
136,82,218,0.42578125,0.24770642
91,136,227,0.44335938,-0.19823789
166,62,228,0.4453125,0.45614035
122,115,237,0.46289062,0.029535865
131,107,238,0.46484375,0.10084034
130,84,214,0.41796875,0.21495327
109,121,230,0.44921875,-0.052173913
104,131,235,0.45898438,-0.11489362
148,82,230,0.44921875,0.28695652
99,121,220,0.4296875,-0.1
131,90,221,0.43164062,0.18552036
123,111,234,0.45703125,0.051282051
140,88,228,0.4453125,0.22807018
106,143,249,0.48632812,-0.14859438
105,119,224,0.4375,-0.0625
128,104,232,0.453125,0.10344828
77,151,228,0.4453125,-0.3245614
111,123,234,0.45703125,-0.051282051
143,81,224,0.4375,0.27678571
128,106,234,0.45703125,0.094017094
119,109,228,0.4453125,0.043859649
147,86,233,0.45507812,0.26180258
133,104,237,0.46289062,0.12236287
103,123,226,0.44140625,-0.088495575
120,92,212,0.4140625,0.13207547
117,121,238,0.46484375,-0.016806723
122,103,225,0.43945312,0.084444444
165,59,224,0.4375,0.47321429
83,152,235,0.45898438,-0.29361702
88,138,226,0.44140625,-0.22123894
106,111,217,0.42382812,-0.023041475
74,153,227,0.44335938,-0.34801762
132,101,233,0.45507812,0.13304721
103,123,226,0.44140625,-0.088495575
118,114,232,0.453125,0.017241379
140,109,249,0.48632812,0.12449799
105,142,247,0.48242188,-0.14979757
94,131,225,0.43945312,-0.16444444
168,60,228,0.4453125,0.47368421
100,122,222,0.43359375,-0.099099099
86,155,241,0.47070312,-0.28630705
99,127,226,0.44140625,-0.12389381
110,113,223,0.43554688,-0.013452915
37,205,242,0.47265625,-0.69421488
143,97,240,0.46875,0.19166667
137,89,226,0.44140625,0.21238938
85,147,232,0.453125,-0.26724138
56,161,217,0.42382812,-0.48387097
114,106,220,0.4296875,0.036363636
101,122,223,0.43554688,-0.094170404
121,105,226,0.44140625,0.07079646
110,125,235,0.45898438,-0.063829787
176,62,238,0.46484375,0.4789916
106,112,218,0.42578125,-0.027522936
144,94,238,0.46484375,0.21008403
142,88,230,0.44921875,0.23478261
122,93,215,0.41992188,0.13488372
138,82,220,0.4296875,0.25454545
117,125,242,0.47265625,-0.033057851
88,139,227,0.44335938,-0.2246696
130,122,252,0.4921875,0.031746032
92,134,226,0.44140625,-0.18584071
91,126,217,0.42382812,-0.16129032
128,94,222,0.43359375,0.15315315
97,135,232,0.453125,-0.1637931
134,91,225,0.43945312,0.19111111
120,107,227,0.44335938,0.057268722
68,160,228,0.4453125,-0.40350877
126,115,241,0.47070312,0.045643154
150,85,235,0.45898438,0.27659574
143,90,233,0.45507812,0.22746781
92,141,233,0.45507812,-0.21030043
132,105,237,0.46289062,0.11392405
57,185,242,0.47265625,-0.52892562
120,103,223,0.43554688,0.076233184
87,147,234,0.45703125,-0.25641026
77,158,235,0.45898438,-0.34468085
84,154,238,0.46484375,-0.29411765
133,100,233,0.45507812,0.1416309
117,122,239,0.46679688,-0.020920502
113,101,214,0.41796875,0.056074766
165,64,229,0.44726562,0.44104803
113,105,218,0.42578125,0.036697248
109,128,237,0.46289062,-0.080168776
158,74,232,0.453125,0.36206897
88,138,226,0.44140625,-0.22123894
133,88,221,0.43164062,0.20361991
121,109,230,0.44921875,0.052173913
172,63,235,0.45898438,0.46382979
66,179,245,0.47851562,-0.46122449
145,80,225,0.43945312,0.28888889
136,91,227,0.44335938,0.19823789
107,123,230,0.44921875,-0.069565217
123,99,222,0.43359375,0.10810811
133,96,229,0.44726562,0.16157205
132,94,226,0.44140625,0.16814159
50,191,241,0.47070312,-0.58506224
107,123,230,0.44921875,-0.069565217
137,95,232,0.453125,0.18103448
113,100,213,0.41601562,0.061032864
107,111,218,0.42578125,-0.018348624
143,81,224,0.4375,0.27678571
147,71,218,0.42578125,0.34862385
100,132,232,0.453125,-0.13793103
93,139,232,0.453125,-0.19827586
137,102,239,0.46679688,0.14644351
130,89,219,0.42773438,0.18721461
73,171,244,0.4765625,-0.40163934
91,145,236,0.4609375,-0.22881356
108,105,213,0.41601562,0.014084507
154,83,237,0.46289062,0.29957806
91,141,232,0.453125,-0.21551724
97,126,223,0.43554688,-0.13004484
143,91,234,0.45703125,0.22222222
107,112,219,0.42773438,-0.02283105
81,138,219,0.42773438,-0.26027397
129,100,229,0.44726562,0.12663755
115,102,217,0.42382812,0.059907834
162,74,236,0.4609375,0.37288136
72,146,218,0.42578125,-0.33944954
132,101,233,0.45507812,0.13304721
78,139,217,0.42382812,-0.28110599
124,106,230,0.44921875,0.07826087
51,177,228,0.4453125,-0.55263158
131,111,242,0.47265625,0.082644628
149,99,248,0.484375,0.2016129
123,104,227,0.44335938,0.083700441
111,127,238,0.46484375,-0.067226891
95,136,231,0.45117188,-0.17748918
100,130,230,0.44921875,-0.13043478
112,120,232,0.453125,-0.034482759
102,119,221,0.43164062,-0.076923077
71,163,234,0.45703125,-0.39316239
115,117,232,0.453125,-0.0086206897
71,155,226,0.44140625,-0.37168142
71,156,227,0.44335938,-0.37444934
115,119,234,0.45703125,-0.017094017
160,85,245,0.47851562,0.30612245
101,113,214,0.41796875,-0.056074766
58,169,227,0.44335938,-0.48898678
113,122,235,0.45898438,-0.038297872
102,122,224,0.4375,-0.089285714
158,74,232,0.453125,0.36206897
106,117,223,0.43554688,-0.049327354
123,87,210,0.41015625,0.17142857
98,136,234,0.45703125,-0.16239316
165,53,218,0.42578125,0.51376147
140,109,249,0.48632812,0.12449799
84,136,220,0.4296875,-0.23636364
117,112,229,0.44726562,0.021834061
110,123,233,0.45507812,-0.055793991
121,105,226,0.44140625,0.07079646
100,137,237,0.46289062,-0.15611814
71,163,234,0.45703125,-0.39316239
176,78,254,0.49609375,0.38582677
83,136,219,0.42773438,-0.24200913
87,144,231,0.45117188,-0.24675325
83,155,238,0.46484375,-0.30252101
111,114,225,0.43945312,-0.013333333
114,131,245,0.47851562,-0.069387755
77,153,230,0.44921875,-0.33043478
159,61,220,0.4296875,0.44545455
121,113,234,0.45703125,0.034188034
141,104,245,0.47851562,0.15102041
86,152,238,0.46484375,-0.27731092
108,126,234,0.45703125,-0.076923077
127,106,233,0.45507812,0.090128755
110,123,233,0.45507812,-0.055793991
77,144,221,0.43164062,-0.30316742
96,128,224,0.4375,-0.14285714
100,121,221,0.43164062,-0.095022624
147,84,231,0.45117188,0.27272727
114,119,233,0.45507812,-0.021459227
65,165,230,0.44921875,-0.43478261
128,99,227,0.44335938,0.1277533
90,145,235,0.45898438,-0.23404255
150,77,227,0.44335938,0.3215859
93,123,216,0.421875,-0.13888889
137,94,231,0.45117188,0.18614719
161,77,238,0.46484375,0.35294118
122,106,228,0.4453125,0.070175439
127,101,228,0.4453125,0.11403509
101,136,237,0.46289062,-0.14767932
98,132,230,0.44921875,-0.14782609
146,94,240,0.46875,0.21666667
115,112,227,0.44335938,0.013215859
152,69,221,0.43164062,0.37556561
122,111,233,0.45507812,0.0472103
175,75,250,0.48828125,0.4
142,88,230,0.44921875,0.23478261
137,101,238,0.46484375,0.1512605
161,67,228,0.4453125,0.4122807
143,85,228,0.4453125,0.25438596
115,115,230,0.44921875,0
110,129,239,0.46679688,-0.079497908
183,48,231,0.45117188,0.58441558
102,132,234,0.45703125,-0.12820513
132,95,227,0.44335938,0.16299559
130,105,235,0.45898438,0.10638298
119,103,222,0.43359375,0.072072072
115,115,230,0.44921875,0
105,102,207,0.40429688,0.014492754
74,158,232,0.453125,-0.36206897
104,133,237,0.46289062,-0.12236287
88,134,222,0.43359375,-0.20720721
124,100,224,0.4375,0.10714286
132,101,233,0.45507812,0.13304721
135,109,244,0.4765625,0.10655738
70,147,217,0.42382812,-0.35483871
113,128,241,0.47070312,-0.062240664
119,90,209,0.40820312,0.13875598
116,108,224,0.4375,0.035714286
102,113,215,0.41992188,-0.051162791
88,142,230,0.44921875,-0.23478261
84,156,240,0.46875,-0.3
98,132,230,0.44921875,-0.14782609
81,137,218,0.42578125,-0.25688073
153,79,232,0.453125,0.31896552
91,141,232,0.453125,-0.21551724
104,115,219,0.42773438,-0.050228311
98,135,233,0.45507812,-0.15879828
144,96,240,0.46875,0.2
124,112,236,0.4609375,0.050847458
121,114,235,0.45898438,0.029787234
110,115,225,0.43945312,-0.022222222
128,106,234,0.45703125,0.094017094
111,140,251,0.49023438,-0.11553785
118,92,210,0.41015625,0.12380952
116,133,249,0.48632812,-0.068273092
110,117,227,0.44335938,-0.030837004
149,80,229,0.44726562,0.30131004
119,92,211,0.41210938,0.12796209
69,155,224,0.4375,-0.38392857
115,114,229,0.44726562,0.0043668122
136,99,235,0.45898438,0.15744681
143,82,225,0.43945312,0.27111111
117,104,221,0.43164062,0.058823529
153,68,221,0.43164062,0.38461538
141,87,228,0.4453125,0.23684211
62,173,235,0.45898438,-0.47234043
147,101,248,0.484375,0.18548387
137,103,240,0.46875,0.14166667
95,135,230,0.44921875,-0.17391304
128,97,225,0.43945312,0.13777778
126,109,235,0.45898438,0.072340426
131,101,232,0.453125,0.12931034
93,144,237,0.46289062,-0.21518987
133,104,237,0.46289062,0.12236287
178,50,228,0.4453125,0.56140351
125,84,209,0.40820312,0.19617225
106,114,220,0.4296875,-0.036363636
91,132,223,0.43554688,-0.1838565
77,165,242,0.47265625,-0.36363636
97,121,218,0.42578125,-0.11009174
88,137,225,0.43945312,-0.21777778
136,95,231,0.45117188,0.17748918
68,154,222,0.43359375,-0.38738739
83,150,233,0.45507812,-0.28755365
114,128,242,0.47265625,-0.05785124
127,94,221,0.43164062,0.14932127
109,117,226,0.44140625,-0.03539823
113,127,240,0.46875,-0.058333333
122,95,217,0.42382812,0.12442396
97,134,231,0.45117188,-0.16017316
123,105,228,0.4453125,0.078947368
106,121,227,0.44335938,-0.066079295
140,95,235,0.45898438,0.19148936
131,108,239,0.46679688,0.09623431
120,93,213,0.41601562,0.12676056
136,93,229,0.44726562,0.18777293
170,64,234,0.45703125,0.45299145
67,162,229,0.44726562,-0.41484716
99,124,223,0.43554688,-0.11210762
119,105,224,0.4375,0.0625
119,112,231,0.45117188,0.03030303
51,160,211,0.41210938,-0.51658768
137,88,225,0.43945312,0.21777778
74,149,223,0.43554688,-0.33632287
160,80,240,0.46875,0.33333333
138,89,227,0.44335938,0.21585903
133,101,234,0.45703125,0.13675214
94,121,215,0.41992188,-0.1255814
123,105,228,0.4453125,0.078947368
108,119,227,0.44335938,-0.04845815
125,109,234,0.45703125,0.068376068
198,45,243,0.47460938,0.62962963
115,122,237,0.46289062,-0.029535865
96,128,224,0.4375,-0.14285714
125,98,223,0.43554688,0.12107623
103,112,215,0.41992188,-0.041860465
82,140,222,0.43359375,-0.26126126
90,130,220,0.4296875,-0.18181818
109,122,231,0.45117188,-0.056277056
71,152,223,0.43554688,-0.3632287
140,95,235,0.45898438,0.19148936
138,95,233,0.45507812,0.18454936
128,93,221,0.43164062,0.15837104
156,77,233,0.45507812,0.33905579
154,78,232,0.453125,0.32758621
91,145,236,0.4609375,-0.22881356
84,154,238,0.46484375,-0.29411765
121,116,237,0.46289062,0.021097046
92,138,230,0.44921875,-0.2
99,111,210,0.41015625,-0.057142857
97,119,216,0.421875,-0.10185185
60,153,213,0.41601562,-0.43661972
143,93,236,0.4609375,0.21186441
97,123,220,0.4296875,-0.11818182
177,65,242,0.47265625,0.46280992
112,113,225,0.43945312,-0.0044444444
111,120,231,0.45117188,-0.038961039
113,136,249,0.48632812,-0.092369478
134,107,241,0.47070312,0.1120332
146,90,236,0.4609375,0.23728814
117,112,229,0.44726562,0.021834061
85,140,225,0.43945312,-0.24444444
77,145,222,0.43359375,-0.30630631
139,92,231,0.45117188,0.2034632
174,58,232,0.453125,0.5
95,126,221,0.43164062,-0.14027149
105,133,238,0.46484375,-0.11764706
123,99,222,0.43359375,0.10810811
126,98,224,0.4375,0.125
120,114,234,0.45703125,0.025641026
119,120,239,0.46679688,-0.0041841004
94,138,232,0.453125,-0.18965517
113,120,233,0.45507812,-0.030042918
148,83,231,0.45117188,0.28138528
111,117,228,0.4453125,-0.026315789
181,55,236,0.4609375,0.53389831
119,125,244,0.4765625,-0.024590164
107,116,223,0.43554688,-0.040358744
94,148,242,0.47265625,-0.2231405
110,116,226,0.44140625,-0.026548673
103,138,241,0.47070312,-0.14522822
106,115,221,0.43164062,-0.040723982
136,109,245,0.47851562,0.11020408
120,110,230,0.44921875,0.043478261
114,114,228,0.4453125,0
102,116,218,0.42578125,-0.064220183
167,64,231,0.45117188,0.44588745
157,73,230,0.44921875,0.36521739
108,119,227,0.44335938,-0.04845815
154,75,229,0.44726562,0.34497817
98,142,240,0.46875,-0.18333333
67,163,230,0.44921875,-0.4173913
91,135,226,0.44140625,-0.19469027
90,158,248,0.484375,-0.27419355
148,69,217,0.42382812,0.3640553
76,173,249,0.48632812,-0.38955823
68,158,226,0.44140625,-0.39823009
131,109,240,0.46875,0.091666667
83,154,237,0.46289062,-0.29957806
160,86,246,0.48046875,0.30081301
85,136,221,0.43164062,-0.23076923
107,119,226,0.44140625,-0.053097345
135,88,223,0.43554688,0.21076233
91,153,244,0.4765625,-0.25409836
109,127,236,0.4609375,-0.076271186
106,112,218,0.42578125,-0.027522936
69,160,229,0.44726562,-0.39737991
144,94,238,0.46484375,0.21008403
107,138,245,0.47851562,-0.12653061
74,147,221,0.43164062,-0.33031674
100,151,251,0.49023438,-0.20318725
38,192,230,0.44921875,-0.66956522
81,143,224,0.4375,-0.27678571
62,159,221,0.43164062,-0.43891403
184,55,239,0.46679688,0.53974895
118,117,235,0.45898438,0.0042553191
98,141,239,0.46679688,-0.17991632
66,170,236,0.4609375,-0.44067797
110,115,225,0.43945312,-0.022222222
70,169,239,0.46679688,-0.41422594
120,112,232,0.453125,0.034482759
91,137,228,0.4453125,-0.20175439
88,141,229,0.44726562,-0.23144105
108,119,227,0.44335938,-0.04845815
114,106,220,0.4296875,0.036363636
93,139,232,0.453125,-0.19827586
111,109,220,0.4296875,0.0090909091
140,103,243,0.47460938,0.15226337
154,85,239,0.46679688,0.28870293
74,174,248,0.484375,-0.40322581
171,70,241,0.47070312,0.41908714
105,126,231,0.45117188,-0.090909091
121,101,222,0.43359375,0.09009009
101,133,234,0.45703125,-0.13675214
107,126,233,0.45507812,-0.081545064
94,138,232,0.453125,-0.18965517
125,91,216,0.421875,0.15740741
150,95,245,0.47851562,0.2244898
58,173,231,0.45117188,-0.4978355
88,150,238,0.46484375,-0.2605042
108,113,221,0.43164062,-0.022624434
90,126,216,0.421875,-0.16666667
139,102,241,0.47070312,0.15352697
142,111,253,0.49414062,0.12252964
166,60,226,0.44140625,0.46902655
138,80,218,0.42578125,0.26605505
67,166,233,0.45507812,-0.4248927
127,102,229,0.44726562,0.10917031
104,120,224,0.4375,-0.071428571
122,114,236,0.4609375,0.033898305
146,89,235,0.45898438,0.24255319
125,98,223,0.43554688,0.12107623
106,111,217,0.42382812,-0.023041475
85,143,228,0.4453125,-0.25438596
158,56,214,0.41796875,0.47663551
129,113,242,0.47265625,0.066115702
92,131,223,0.43554688,-0.17488789
115,108,223,0.43554688,0.031390135
147,87,234,0.45703125,0.25641026
164,71,235,0.45898438,0.39574468
98,151,249,0.48632812,-0.21285141
179,50,229,0.44726562,0.56331878
134,96,230,0.44921875,0.16521739
76,152,228,0.4453125,-0.33333333
111,122,233,0.45507812,-0.0472103
62,169,231,0.45117188,-0.46320346
33,196,229,0.44726562,-0.71179039
101,130,231,0.45117188,-0.12554113
148,82,230,0.44921875,0.28695652
122,101,223,0.43554688,0.094170404
143,73,216,0.421875,0.32407407
120,111,231,0.45117188,0.038961039
143,78,221,0.43164062,0.29411765
88,133,221,0.43164062,-0.20361991
103,118,221,0.43164062,-0.067873303
84,138,222,0.43359375,-0.24324324
138,93,231,0.45117188,0.19480519
129,102,231,0.45117188,0.11688312
102,130,232,0.453125,-0.12068966
99,133,232,0.453125,-0.14655172
149,90,239,0.46679688,0.24686192
41,181,222,0.43359375,-0.63063063
107,134,241,0.47070312,-0.1120332
117,114,231,0.45117188,0.012987013
102,134,236,0.4609375,-0.13559322
155,76,231,0.45117188,0.34199134
103,123,226,0.44140625,-0.088495575
69,162,231,0.45117188,-0.4025974
123,112,235,0.45898438,0.046808511
102,112,214,0.41796875,-0.046728972
148,75,223,0.43554688,0.32735426
70,162,232,0.453125,-0.39655172
110,128,238,0.46484375,-0.075630252
58,185,243,0.47460938,-0.52263374
22,213,235,0.45898438,-0.81276596
54,174,228,0.4453125,-0.52631579
66,179,245,0.47851562,-0.46122449
93,138,231,0.45117188,-0.19480519
94,130,224,0.4375,-0.16071429
92,134,226,0.44140625,-0.18584071
97,130,227,0.44335938,-0.14537445
84,149,233,0.45507812,-0.27896996
108,114,222,0.43359375,-0.027027027
78,149,227,0.44335938,-0.31277533
111,118,229,0.44726562,-0.030567686
146,86,232,0.453125,0.25862069
102,127,229,0.44726562,-0.10917031
93,154,247,0.48242188,-0.24696356
94,125,219,0.42773438,-0.14155251
84,137,221,0.43164062,-0.239819
52,178,230,0.44921875,-0.54782609
116,105,221,0.43164062,0.049773756
81,145,226,0.44140625,-0.28318584
164,62,226,0.44140625,0.45132743
128,108,236,0.4609375,0.084745763
133,97,230,0.44921875,0.15652174
131,86,217,0.42382812,0.20737327
93,125,218,0.42578125,-0.14678899
107,127,234,0.45703125,-0.085470085
153,85,238,0.46484375,0.28571429
80,142,222,0.43359375,-0.27927928
127,99,226,0.44140625,0.12389381
94,143,237,0.46289062,-0.20675105
146,76,222,0.43359375,0.31531532
115,109,224,0.4375,0.026785714
122,110,232,0.453125,0.051724138
143,90,233,0.45507812,0.22746781
141,89,230,0.44921875,0.22608696
127,105,232,0.453125,0.094827586
87,141,228,0.4453125,-0.23684211
98,130,228,0.4453125,-0.14035088
182,63,245,0.47851562,0.48571429
79,157,236,0.4609375,-0.33050847
121,102,223,0.43554688,0.085201794
97,134,231,0.45117188,-0.16017316
135,98,233,0.45507812,0.15879828
148,83,231,0.45117188,0.28138528
122,100,222,0.43359375,0.099099099
116,120,236,0.4609375,-0.016949153
121,111,232,0.453125,0.043103448
140,102,242,0.47265625,0.15702479
103,126,229,0.44726562,-0.10043668
141,80,221,0.43164062,0.2760181
164,72,236,0.4609375,0.38983051
112,135,247,0.48242188,-0.093117409
86,130,216,0.421875,-0.2037037
116,103,219,0.42773438,0.059360731
99,138,237,0.46289062,-0.16455696
128,104,232,0.453125,0.10344828
50,185,235,0.45898438,-0.57446809
166,70,236,0.4609375,0.40677966
49,194,243,0.47460938,-0.59670782
131,90,221,0.43164062,0.18552036
76,167,243,0.47460938,-0.3744856
97,132,229,0.44726562,-0.15283843
153,67,220,0.4296875,0.39090909
125,115,240,0.46875,0.041666667
141,77,218,0.42578125,0.29357798
155,76,231,0.45117188,0.34199134
122,119,241,0.47070312,0.012448133
129,103,232,0.453125,0.11206897
161,75,236,0.4609375,0.36440678
138,93,231,0.45117188,0.19480519
102,133,235,0.45898438,-0.13191489
92,138,230,0.44921875,-0.2
132,104,236,0.4609375,0.11864407
106,117,223,0.43554688,-0.049327354
100,136,236,0.4609375,-0.15254237
126,89,215,0.41992188,0.17209302
95,136,231,0.45117188,-0.17748918
126,121,247,0.48242188,0.020242915
117,105,222,0.43359375,0.054054054
81,131,212,0.4140625,-0.23584906
109,116,225,0.43945312,-0.031111111
82,146,228,0.4453125,-0.28070175
61,178,239,0.46679688,-0.48953975
126,91,217,0.42382812,0.16129032
131,106,237,0.46289062,0.10548523
112,105,217,0.42382812,0.032258065
93,139,232,0.453125,-0.19827586
144,93,237,0.46289062,0.21518987
141,103,244,0.4765625,0.1557377
133,107,240,0.46875,0.10833333
87,134,221,0.43164062,-0.21266968
124,104,228,0.4453125,0.087719298
133,133,266,0.51953125,0
141,84,225,0.43945312,0.25333333
127,102,229,0.44726562,0.10917031
127,99,226,0.44140625,0.12389381
148,76,224,0.4375,0.32142857
60,173,233,0.45507812,-0.48497854
90,149,239,0.46679688,-0.24686192
151,67,218,0.42578125,0.3853211
145,81,226,0.44140625,0.28318584
137,86,223,0.43554688,0.22869955
124,103,227,0.44335938,0.092511013
112,116,228,0.4453125,-0.01754386
114,118,232,0.453125,-0.017241379
61,150,211,0.41210938,-0.42180095
77,151,228,0.4453125,-0.3245614
114,110,224,0.4375,0.017857143
109,138,247,0.48242188,-0.11740891
98,125,223,0.43554688,-0.12107623
148,97,245,0.47851562,0.20816327
104,111,215,0.41992188,-0.03255814
99,126,225,0.43945312,-0.12
91,126,217,0.42382812,-0.16129032
140,81,221,0.43164062,0.26696833
164,77,241,0.47070312,0.36099585
156,79,235,0.45898438,0.32765957
121,112,233,0.45507812,0.038626609
113,121,234,0.45703125,-0.034188034
90,128,218,0.42578125,-0.17431193
139,72,211,0.41210938,0.31753555
118,108,226,0.44140625,0.044247788
91,148,239,0.46679688,-0.23849372
129,114,243,0.47460938,0.061728395
66,151,217,0.42382812,-0.39170507
162,73,235,0.45898438,0.3787234
122,111,233,0.45507812,0.0472103
55,180,235,0.45898438,-0.53191489
89,140,229,0.44726562,-0.22270742
159,76,235,0.45898438,0.35319149
92,144,236,0.4609375,-0.22033898
136,95,231,0.45117188,0.17748918
165,67,232,0.453125,0.42241379
99,120,219,0.42773438,-0.095890411
118,114,232,0.453125,0.017241379
79,166,245,0.47851562,-0.35510204
115,104,219,0.42773438,0.050228311
150,75,225,0.43945312,0.33333333
124,95,219,0.42773438,0.13242009
170,60,230,0.44921875,0.47826087
142,84,226,0.44140625,0.25663717
147,90,237,0.46289062,0.24050633
105,130,235,0.45898438,-0.10638298
122,100,222,0.43359375,0.099099099
130,101,231,0.45117188,0.12554113
110,104,214,0.41796875,0.028037383
104,125,229,0.44726562,-0.091703057
142,92,234,0.45703125,0.21367521
113,121,234,0.45703125,-0.034188034
95,128,223,0.43554688,-0.14798206
53,158,211,0.41210938,-0.49763033
105,116,221,0.43164062,-0.049773756
113,109,222,0.43359375,0.018018018
99,118,217,0.42382812,-0.087557604
87,144,231,0.45117188,-0.24675325
154,63,217,0.42382812,0.41935484
99,129,228,0.4453125,-0.13157895
130,110,240,0.46875,0.083333333
172,59,231,0.45117188,0.48917749
105,132,237,0.46289062,-0.11392405
128,100,228,0.4453125,0.12280702
116,106,222,0.43359375,0.045045045
136,99,235,0.45898438,0.15744681
104,116,220,0.4296875,-0.054545455
72,162,234,0.45703125,-0.38461538
150,86,236,0.4609375,0.27118644
137,107,244,0.4765625,0.12295082
95,119,214,0.41796875,-0.11214953
98,125,223,0.43554688,-0.12107623
103,114,217,0.42382812,-0.050691244
123,96,219,0.42773438,0.12328767
129,95,224,0.4375,0.15178571
125,116,241,0.47070312,0.037344398
91,152,243,0.47460938,-0.25102881
103,138,241,0.47070312,-0.14522822
127,114,241,0.47070312,0.053941909
141,83,224,0.4375,0.25892857
117,109,226,0.44140625,0.03539823
77,142,219,0.42773438,-0.29680365
80,144,224,0.4375,-0.28571429
102,134,236,0.4609375,-0.13559322
102,116,218,0.42578125,-0.064220183
144,95,239,0.46679688,0.20502092
87,137,224,0.4375,-0.22321429
137,108,245,0.47851562,0.11836735
105,136,241,0.47070312,-0.12863071
109,120,229,0.44726562,-0.048034934
123,106,229,0.44726562,0.074235808
89,144,233,0.45507812,-0.2360515
69,159,228,0.4453125,-0.39473684
72,149,221,0.43164062,-0.34841629
100,142,242,0.47265625,-0.17355372
98,122,220,0.4296875,-0.10909091
137,93,230,0.44921875,0.19130435
154,82,236,0.4609375,0.30508475
163,74,237,0.46289062,0.37552743
140,113,253,0.49414062,0.10671937
135,88,223,0.43554688,0.21076233
152,81,233,0.45507812,0.30472103
156,68,224,0.4375,0.39285714
81,152,233,0.45507812,-0.30472103
74,148,222,0.43359375,-0.33333333
130,101,231,0.45117188,0.12554113
132,100,232,0.453125,0.13793103
147,91,238,0.46484375,0.23529412
134,104,238,0.46484375,0.12605042
72,156,228,0.4453125,-0.36842105
120,106,226,0.44140625,0.061946903
125,104,229,0.44726562,0.091703057
144,81,225,0.43945312,0.28
143,84,227,0.44335938,0.25991189
113,102,215,0.41992188,0.051162791
126,122,248,0.484375,0.016129032
148,82,230,0.44921875,0.28695652
117,108,225,0.43945312,0.04
89,138,227,0.44335938,-0.21585903
147,90,237,0.46289062,0.24050633
135,85,220,0.4296875,0.22727273
144,68,212,0.4140625,0.35849057
178,60,238,0.46484375,0.49579832
129,95,224,0.4375,0.15178571
125,110,235,0.45898438,0.063829787
85,141,226,0.44140625,-0.24778761
128,95,223,0.43554688,0.14798206
58,196,254,0.49609375,-0.54330709
69,161,230,0.44921875,-0.4
88,142,230,0.44921875,-0.23478261
132,86,218,0.42578125,0.21100917
166,73,239,0.46679688,0.38912134
156,82,238,0.46484375,0.31092437
99,127,226,0.44140625,-0.12389381
99,130,229,0.44726562,-0.13537118
120,109,229,0.44726562,0.048034934
110,113,223,0.43554688,-0.013452915
59,173,232,0.453125,-0.49137931
84,133,217,0.42382812,-0.22580645
158,70,228,0.4453125,0.38596491
117,107,224,0.4375,0.044642857
78,162,240,0.46875,-0.35
95,150,245,0.47851562,-0.2244898
139,83,222,0.43359375,0.25225225
90,151,241,0.47070312,-0.25311203
135,99,234,0.45703125,0.15384615
75,169,244,0.4765625,-0.3852459
108,111,219,0.42773438,-0.01369863
128,93,221,0.43164062,0.15837104
103,118,221,0.43164062,-0.067873303
122,113,235,0.45898438,0.038297872
92,139,231,0.45117188,-0.2034632
119,116,235,0.45898438,0.012765957
188,51,239,0.46679688,0.57322176
81,162,243,0.47460938,-0.33333333
99,122,221,0.43164062,-0.1040724
103,121,224,0.4375,-0.080357143
80,154,234,0.45703125,-0.31623932
126,107,233,0.45507812,0.081545064
136,83,219,0.42773438,0.24200913
114,117,231,0.45117188,-0.012987013
66,155,221,0.43164062,-0.40271493
136,80,216,0.421875,0.25925926
107,131,238,0.46484375,-0.10084034
131,88,219,0.42773438,0.19634703
96,146,242,0.47265625,-0.20661157
116,112,228,0.4453125,0.01754386
97,131,228,0.4453125,-0.14912281
119,106,225,0.43945312,0.057777778
114,125,239,0.46679688,-0.046025105
92,128,220,0.4296875,-0.16363636
80,159,239,0.46679688,-0.33054393
129,94,223,0.43554688,0.15695067
130,89,219,0.42773438,0.18721461
152,85,237,0.46289062,0.28270042
76,159,235,0.45898438,-0.35319149
105,123,228,0.4453125,-0.078947368
92,128,220,0.4296875,-0.16363636
115,112,227,0.44335938,0.013215859
110,122,232,0.453125,-0.051724138
92,147,239,0.46679688,-0.23012552
91,136,227,0.44335938,-0.19823789
143,74,217,0.42382812,0.31797235
150,95,245,0.47851562,0.2244898
126,98,224,0.4375,0.125
123,114,237,0.46289062,0.037974684
131,105,236,0.4609375,0.11016949
137,94,231,0.45117188,0.18614719
141,85,226,0.44140625,0.24778761
128,93,221,0.43164062,0.15837104
108,112,220,0.4296875,-0.018181818
143,78,221,0.43164062,0.29411765
102,126,228,0.4453125,-0.10526316
113,117,230,0.44921875,-0.017391304
108,115,223,0.43554688,-0.031390135
77,171,248,0.484375,-0.37903226
87,149,236,0.4609375,-0.26271186
148,77,225,0.43945312,0.31555556
81,153,234,0.45703125,-0.30769231
111,115,226,0.44140625,-0.017699115
117,115,232,0.453125,0.0086206897
107,119,226,0.44140625,-0.053097345
97,142,239,0.46679688,-0.18828452
154,73,227,0.44335938,0.35682819
116,121,237,0.46289062,-0.021097046
96,132,228,0.4453125,-0.15789474
139,92,231,0.45117188,0.2034632
54,179,233,0.45507812,-0.53648069
97,130,227,0.44335938,-0.14537445
118,108,226,0.44140625,0.044247788
140,92,232,0.453125,0.20689655
123,118,241,0.47070312,0.020746888
80,147,227,0.44335938,-0.29515419
137,107,244,0.4765625,0.12295082
116,114,230,0.44921875,0.0086956522
111,114,225,0.43945312,-0.013333333
74,162,236,0.4609375,-0.37288136
136,82,218,0.42578125,0.24770642
144,83,227,0.44335938,0.26872247
136,107,243,0.47460938,0.11934156
154,86,240,0.46875,0.28333333
100,128,228,0.4453125,-0.12280702
83,153,236,0.4609375,-0.29661017
139,88,227,0.44335938,0.2246696
113,107,220,0.4296875,0.027272727
89,127,216,0.421875,-0.17592593
118,115,233,0.45507812,0.012875536
113,111,224,0.4375,0.0089285714
98,141,239,0.46679688,-0.17991632
108,123,231,0.45117188,-0.064935065
136,98,234,0.45703125,0.16239316
106,123,229,0.44726562,-0.074235808
126,118,244,0.4765625,0.032786885
127,110,237,0.46289062,0.071729958
113,109,222,0.43359375,0.018018018
142,84,226,0.44140625,0.25663717
138,106,244,0.4765625,0.13114754
124,106,230,0.44921875,0.07826087
119,107,226,0.44140625,0.053097345
132,112,244,0.4765625,0.081967213
178,52,230,0.44921875,0.54782609
78,169,247,0.48242188,-0.36842105
99,133,232,0.453125,-0.14655172
125,103,228,0.4453125,0.096491228
120,105,225,0.43945312,0.066666667
166,72,238,0.46484375,0.39495798
145,73,218,0.42578125,0.33027523
116,116,232,0.453125,0
120,99,219,0.42773438,0.095890411
81,130,211,0.41210938,-0.23222749
89,132,221,0.43164062,-0.19457014
109,116,225,0.43945312,-0.031111111
75,154,229,0.44726562,-0.34497817
94,137,231,0.45117188,-0.18614719
128,118,246,0.48046875,0.040650407
152,64,216,0.421875,0.40740741
146,87,233,0.45507812,0.25321888
81,156,237,0.46289062,-0.3164557
76,158,234,0.45703125,-0.35042735
126,97,223,0.43554688,0.13004484
110,122,232,0.453125,-0.051724138
84,138,222,0.43359375,-0.24324324
119,109,228,0.4453125,0.043859649
112,120,232,0.453125,-0.034482759
97,141,238,0.46484375,-0.18487395
77,179,256,0.5,-0.3984375
90,129,219,0.42773438,-0.17808219
144,82,226,0.44140625,0.27433628
76,149,225,0.43945312,-0.32444444
122,98,220,0.4296875,0.10909091
137,78,215,0.41992188,0.2744186
69,170,239,0.46679688,-0.42259414
117,105,222,0.43359375,0.054054054
80,141,221,0.43164062,-0.2760181
65,169,234,0.45703125,-0.44444444
100,136,236,0.4609375,-0.15254237
92,131,223,0.43554688,-0.17488789
80,155,235,0.45898438,-0.31914894
89,145,234,0.45703125,-0.23931624
129,98,227,0.44335938,0.13656388
113,124,237,0.46289062,-0.046413502
149,89,238,0.46484375,0.25210084
98,139,237,0.46289062,-0.17299578
74,160,234,0.45703125,-0.36752137
114,105,219,0.42773438,0.04109589
97,145,242,0.47265625,-0.19834711
148,86,234,0.45703125,0.26495726
119,107,226,0.44140625,0.053097345
117,126,243,0.47460938,-0.037037037
139,102,241,0.47070312,0.15352697
131,94,225,0.43945312,0.16444444
87,141,228,0.4453125,-0.23684211
143,77,220,0.4296875,0.3
119,119,238,0.46484375,0
123,110,233,0.45507812,0.055793991
90,131,221,0.43164062,-0.18552036
100,152,252,0.4921875,-0.20634921
90,128,218,0.42578125,-0.17431193
124,120,244,0.4765625,0.016393443
103,131,234,0.45703125,-0.11965812
133,101,234,0.45703125,0.13675214
144,91,235,0.45898438,0.22553191
82,151,233,0.45507812,-0.29613734
122,97,219,0.42773438,0.11415525
152,81,233,0.45507812,0.30472103
123,94,217,0.42382812,0.13364055
154,63,217,0.42382812,0.41935484
158,93,251,0.49023438,0.25896414
97,129,226,0.44140625,-0.14159292
150,84,234,0.45703125,0.28205128
100,137,237,0.46289062,-0.15611814
70,168,238,0.46484375,-0.41176471
121,97,218,0.42578125,0.11009174
110,108,218,0.42578125,0.0091743119
107,118,225,0.43945312,-0.048888889
156,72,228,0.4453125,0.36842105
109,133,242,0.47265625,-0.099173554
140,89,229,0.44726562,0.22270742
125,108,233,0.45507812,0.072961373
130,101,231,0.45117188,0.12554113
113,103,216,0.421875,0.046296296
109,116,225,0.43945312,-0.031111111
139,86,225,0.43945312,0.23555556
170,54,224,0.4375,0.51785714
78,148,226,0.44140625,-0.30973451
143,82,225,0.43945312,0.27111111
90,130,220,0.4296875,-0.18181818
100,131,231,0.45117188,-0.13419913
140,102,242,0.47265625,0.15702479
138,102,240,0.46875,0.15
130,106,236,0.4609375,0.10169492
79,151,230,0.44921875,-0.31304348
127,91,218,0.42578125,0.16513761
136,84,220,0.4296875,0.23636364
152,72,224,0.4375,0.35714286
159,74,233,0.45507812,0.36480687
136,101,237,0.46289062,0.14767932
131,95,226,0.44140625,0.15929204
123,108,231,0.45117188,0.064935065
112,109,221,0.43164062,0.013574661
85,140,225,0.43945312,-0.24444444
162,64,226,0.44140625,0.43362832
97,141,238,0.46484375,-0.18487395
132,104,236,0.4609375,0.11864407
121,123,244,0.4765625,-0.0081967213
97,126,223,0.43554688,-0.13004484
126,103,229,0.44726562,0.10043668
94,122,216,0.421875,-0.12962963
170,64,234,0.45703125,0.45299145
132,106,238,0.46484375,0.1092437
81,143,224,0.4375,-0.27678571
122,112,234,0.45703125,0.042735043
145,93,238,0.46484375,0.21848739
166,71,237,0.46289062,0.40084388
130,106,236,0.4609375,0.10169492
96,137,233,0.45507812,-0.17596567
141,97,238,0.46484375,0.18487395
78,147,225,0.43945312,-0.30666667
119,112,231,0.45117188,0.03030303
140,91,231,0.45117188,0.21212121
73,154,227,0.44335938,-0.35682819
97,124,221,0.43164062,-0.12217195
84,132,216,0.421875,-0.22222222
148,92,240,0.46875,0.23333333
71,166,237,0.46289062,-0.40084388
46,173,219,0.42773438,-0.57990868
104,112,216,0.421875,-0.037037037
104,125,229,0.44726562,-0.091703057
143,73,216,0.421875,0.32407407
132,109,241,0.47070312,0.095435685
118,111,229,0.44726562,0.030567686
157,86,243,0.47460938,0.29218107
116,114,230,0.44921875,0.0086956522
105,115,220,0.4296875,-0.045454545
125,98,223,0.43554688,0.12107623
178,47,225,0.43945312,0.58222222
126,103,229,0.44726562,0.10043668
152,90,242,0.47265625,0.25619835
83,151,234,0.45703125,-0.29059829
100,126,226,0.44140625,-0.11504425
141,81,222,0.43359375,0.27027027
105,127,232,0.453125,-0.094827586
84,150,234,0.45703125,-0.28205128
117,114,231,0.45117188,0.012987013
145,91,236,0.4609375,0.22881356
85,130,215,0.41992188,-0.20930233
137,96,233,0.45507812,0.17596567
116,119,235,0.45898438,-0.012765957
103,128,231,0.45117188,-0.10822511
100,127,227,0.44335938,-0.11894273
149,83,232,0.453125,0.28448276
92,131,223,0.43554688,-0.17488789
117,116,233,0.45507812,0.0042918455
90,146,236,0.4609375,-0.23728814
166,77,243,0.47460938,0.36625514
151,91,242,0.47265625,0.24793388
83,143,226,0.44140625,-0.26548673
111,102,213,0.41601562,0.042253521
92,119,211,0.41210938,-0.12796209
84,157,241,0.47070312,-0.30290456
102,130,232,0.453125,-0.12068966
98,132,230,0.44921875,-0.14782609
113,120,233,0.45507812,-0.030042918
107,130,237,0.46289062,-0.097046414
161,81,242,0.47265625,0.33057851
98,121,219,0.42773438,-0.10502283
76,146,222,0.43359375,-0.31531532
84,135,219,0.42773438,-0.23287671
84,142,226,0.44140625,-0.25663717
116,112,228,0.4453125,0.01754386
142,99,241,0.47070312,0.17842324
141,90,231,0.45117188,0.22077922
116,112,228,0.4453125,0.01754386
119,110,229,0.44726562,0.03930131
109,116,225,0.43945312,-0.031111111
112,116,228,0.4453125,-0.01754386
115,109,224,0.4375,0.026785714
89,134,223,0.43554688,-0.20179372
156,71,227,0.44335938,0.37444934
96,138,234,0.45703125,-0.17948718
82,152,234,0.45703125,-0.2991453
90,133,223,0.43554688,-0.19282511
114,102,216,0.421875,0.055555556
157,70,227,0.44335938,0.38325991
111,123,234,0.45703125,-0.051282051
119,93,212,0.4140625,0.12264151
85,156,241,0.47070312,-0.29460581
100,141,241,0.47070312,-0.17012448
124,100,224,0.4375,0.10714286
128,109,237,0.46289062,0.080168776
79,148,227,0.44335938,-0.30396476
125,118,243,0.47460938,0.028806584
110,116,226,0.44140625,-0.026548673
104,128,232,0.453125,-0.10344828
167,82,249,0.48632812,0.34136546
76,155,231,0.45117188,-0.34199134
99,128,227,0.44335938,-0.1277533
60,170,230,0.44921875,-0.47826087
53,180,233,0.45507812,-0.54506438
108,119,227,0.44335938,-0.04845815
102,125,227,0.44335938,-0.10132159
113,127,240,0.46875,-0.058333333
67,167,234,0.45703125,-0.42735043
139,85,224,0.4375,0.24107143
119,119,238,0.46484375,0
118,109,227,0.44335938,0.039647577
129,112,241,0.47070312,0.070539419
167,55,222,0.43359375,0.5045045
153,78,231,0.45117188,0.32467532
109,127,236,0.4609375,-0.076271186
101,126,227,0.44335938,-0.11013216
137,98,235,0.45898438,0.16595745
121,97,218,0.42578125,0.11009174
166,58,224,0.4375,0.48214286
146,94,240,0.46875,0.21666667
128,108,236,0.4609375,0.084745763
110,136,246,0.48046875,-0.10569106
120,103,223,0.43554688,0.076233184
101,128,229,0.44726562,-0.11790393
135,96,231,0.45117188,0.16883117
111,123,234,0.45703125,-0.051282051
93,123,216,0.421875,-0.13888889
122,107,229,0.44726562,0.065502183
93,130,223,0.43554688,-0.16591928
91,142,233,0.45507812,-0.21888412
107,112,219,0.42773438,-0.02283105
119,112,231,0.45117188,0.03030303
164,66,230,0.44921875,0.42608696
101,124,225,0.43945312,-0.10222222
92,150,242,0.47265625,-0.23966942
124,109,233,0.45507812,0.064377682
165,79,244,0.4765625,0.35245902
80,137,217,0.42382812,-0.26267281
129,100,229,0.44726562,0.12663755
119,119,238,0.46484375,0
117,124,241,0.47070312,-0.029045643
71,169,240,0.46875,-0.40833333
137,106,243,0.47460938,0.12757202
127,104,231,0.45117188,0.0995671
106,111,217,0.42382812,-0.023041475
126,95,221,0.43164062,0.14027149
118,99,217,0.42382812,0.087557604
155,81,236,0.4609375,0.31355932
124,115,239,0.46679688,0.037656904
143,82,225,0.43945312,0.27111111
112,125,237,0.46289062,-0.054852321
168,67,235,0.45898438,0.42978723
103,118,221,0.43164062,-0.067873303
73,149,222,0.43359375,-0.34234234
95,133,228,0.4453125,-0.16666667
150,84,234,0.45703125,0.28205128
78,162,240,0.46875,-0.35
133,109,242,0.47265625,0.099173554
95,128,223,0.43554688,-0.14798206
109,125,234,0.45703125,-0.068376068
115,117,232,0.453125,-0.0086206897
192,34,226,0.44140625,0.69911504
108,102,210,0.41015625,0.028571429
94,131,225,0.43945312,-0.16444444
116,104,220,0.4296875,0.054545455
132,99,231,0.45117188,0.14285714
124,100,224,0.4375,0.10714286
90,143,233,0.45507812,-0.22746781
88,148,236,0.4609375,-0.25423729
127,102,229,0.44726562,0.10917031
140,106,246,0.48046875,0.13821138
107,119,226,0.44140625,-0.053097345
135,90,225,0.43945312,0.2
112,117,229,0.44726562,-0.021834061
101,126,227,0.44335938,-0.11013216
54,188,242,0.47265625,-0.55371901
87,129,216,0.421875,-0.19444444
57,168,225,0.43945312,-0.49333333
147,77,224,0.4375,0.3125
125,97,222,0.43359375,0.12612613
110,105,215,0.41992188,0.023255814
100,137,237,0.46289062,-0.15611814
79,153,232,0.453125,-0.31896552
132,116,248,0.484375,0.064516129
129,111,240,0.46875,0.075
103,125,228,0.4453125,-0.096491228
138,93,231,0.45117188,0.19480519
112,113,225,0.43945312,-0.0044444444
164,69,233,0.45507812,0.40772532
99,128,227,0.44335938,-0.1277533
105,111,216,0.421875,-0.027777778
140,85,225,0.43945312,0.24444444
136,97,233,0.45507812,0.16738197
128,98,226,0.44140625,0.13274336
145,93,238,0.46484375,0.21848739
136,95,231,0.45117188,0.17748918
126,100,226,0.44140625,0.11504425
132,108,240,0.46875,0.1
116,109,225,0.43945312,0.031111111
69,165,234,0.45703125,-0.41025641
123,117,240,0.46875,0.025
116,127,243,0.47460938,-0.04526749
87,149,236,0.4609375,-0.26271186
108,122,230,0.44921875,-0.060869565
121,121,242,0.47265625,0
94,134,228,0.4453125,-0.1754386
115,105,220,0.4296875,0.045454545
128,103,231,0.45117188,0.10822511
122,112,234,0.45703125,0.042735043
89,143,232,0.453125,-0.23275862
158,65,223,0.43554688,0.41704036
99,122,221,0.43164062,-0.1040724
100,117,217,0.42382812,-0.078341014
146,76,222,0.43359375,0.31531532
88,140,228,0.4453125,-0.22807018
159,67,226,0.44140625,0.40707965
138,89,227,0.44335938,0.21585903
102,135,237,0.46289062,-0.13924051
132,106,238,0.46484375,0.1092437
58,174,232,0.453125,-0.5
130,109,239,0.46679688,0.087866109
156,70,226,0.44140625,0.38053097
126,104,230,0.44921875,0.095652174
99,136,235,0.45898438,-0.15744681
91,151,242,0.47265625,-0.24793388
116,114,230,0.44921875,0.0086956522
151,62,213,0.41601562,0.41784038
109,130,239,0.46679688,-0.087866109
137,99,236,0.4609375,0.16101695
153,61,214,0.41796875,0.42990654
120,94,214,0.41796875,0.12149533
92,133,225,0.43945312,-0.18222222
141,78,219,0.42773438,0.28767123
111,118,229,0.44726562,-0.030567686
81,148,229,0.44726562,-0.29257642
113,109,222,0.43359375,0.018018018
131,93,224,0.4375,0.16964286
138,86,224,0.4375,0.23214286
126,102,228,0.4453125,0.10526316
97,120,217,0.42382812,-0.10599078
83,157,240,0.46875,-0.30833333
169,80,249,0.48632812,0.35742972
95,131,226,0.44140625,-0.15929204
119,118,237,0.46289062,0.0042194093
115,112,227,0.44335938,0.013215859
105,126,231,0.45117188,-0.090909091
161,57,218,0.42578125,0.47706422
102,126,228,0.4453125,-0.10526316
53,177,230,0.44921875,-0.53913043
179,56,235,0.45898438,0.52340426
128,97,225,0.43945312,0.13777778
139,116,255,0.49804688,0.090196078
92,145,237,0.46289062,-0.22362869
92,136,228,0.4453125,-0.19298246
147,91,238,0.46484375,0.23529412
41,180,221,0.43164062,-0.62895928
118,101,219,0.42773438,0.077625571
95,145,240,0.46875,-0.20833333
72,152,224,0.4375,-0.35714286
108,143,251,0.49023438,-0.13944223
130,101,231,0.45117188,0.12554113
121,107,228,0.4453125,0.061403509
118,106,224,0.4375,0.053571429
135,101,236,0.4609375,0.1440678
94,128,222,0.43359375,-0.15315315
137,94,231,0.45117188,0.18614719
123,113,236,0.4609375,0.042372881
87,130,217,0.42382812,-0.19815668
139,92,231,0.45117188,0.2034632
98,137,235,0.45898438,-0.16595745
142,92,234,0.45703125,0.21367521
176,55,231,0.45117188,0.52380952
102,127,229,0.44726562,-0.10917031
128,90,218,0.42578125,0.17431193
95,132,227,0.44335938,-0.16299559
148,78,226,0.44140625,0.30973451
82,146,228,0.4453125,-0.28070175
104,143,247,0.48242188,-0.15789474
112,105,217,0.42382812,0.032258065
149,84,233,0.45507812,0.27896996
120,100,220,0.4296875,0.090909091
111,112,223,0.43554688,-0.0044843049
81,150,231,0.45117188,-0.2987013
113,121,234,0.45703125,-0.034188034
126,107,233,0.45507812,0.081545064
123,116,239,0.46679688,0.029288703
115,114,229,0.44726562,0.0043668122
176,57,233,0.45507812,0.51072961
136,91,227,0.44335938,0.19823789
95,128,223,0.43554688,-0.14798206
114,127,241,0.47070312,-0.053941909
97,131,228,0.4453125,-0.14912281
110,114,224,0.4375,-0.017857143
97,118,215,0.41992188,-0.097674419
144,94,238,0.46484375,0.21008403
75,147,222,0.43359375,-0.32432432
113,117,230,0.44921875,-0.017391304
83,139,222,0.43359375,-0.25225225
62,167,229,0.44726562,-0.45851528
119,118,237,0.46289062,0.0042194093
106,127,233,0.45507812,-0.090128755
159,71,230,0.44921875,0.3826087
116,118,234,0.45703125,-0.0085470085
81,145,226,0.44140625,-0.28318584
46,177,223,0.43554688,-0.58744395
94,113,207,0.40429688,-0.09178744
141,91,232,0.453125,0.21551724
158,84,242,0.47265625,0.30578512
129,103,232,0.453125,0.11206897
155,75,230,0.44921875,0.34782609
124,112,236,0.4609375,0.050847458
84,143,227,0.44335938,-0.25991189
93,138,231,0.45117188,-0.19480519
99,106,205,0.40039062,-0.034146341
118,108,226,0.44140625,0.044247788
105,124,229,0.44726562,-0.082969432
118,125,243,0.47460938,-0.028806584
121,111,232,0.453125,0.043103448
90,135,225,0.43945312,-0.2
96,121,217,0.42382812,-0.11520737
122,104,226,0.44140625,0.079646018
93,153,246,0.48046875,-0.24390244
65,173,238,0.46484375,-0.45378151
103,121,224,0.4375,-0.080357143
123,97,220,0.4296875,0.11818182
77,160,237,0.46289062,-0.35021097
116,119,235,0.45898438,-0.012765957
77,151,228,0.4453125,-0.3245614
145,80,225,0.43945312,0.28888889
167,76,243,0.47460938,0.3744856
98,118,216,0.421875,-0.092592593
133,86,219,0.42773438,0.21461187
67,158,225,0.43945312,-0.40444444
176,55,231,0.45117188,0.52380952
162,85,247,0.48242188,0.31174089
161,79,240,0.46875,0.34166667
196,42,238,0.46484375,0.64705882
80,145,225,0.43945312,-0.28888889
97,139,236,0.4609375,-0.1779661
173,73,246,0.48046875,0.40650407
112,103,215,0.41992188,0.041860465
94,156,250,0.48828125,-0.248
155,74,229,0.44726562,0.35371179
72,147,219,0.42773438,-0.34246575
103,126,229,0.44726562,-0.10043668
137,90,227,0.44335938,0.20704846
105,123,228,0.4453125,-0.078947368
70,150,220,0.4296875,-0.36363636
85,135,220,0.4296875,-0.22727273
129,104,233,0.45507812,0.10729614
179,68,247,0.48242188,0.44939271
87,127,214,0.41796875,-0.18691589
76,150,226,0.44140625,-0.32743363
102,139,241,0.47070312,-0.15352697
105,126,231,0.45117188,-0.090909091
160,82,242,0.47265625,0.32231405
144,82,226,0.44140625,0.27433628
130,108,238,0.46484375,0.092436975
78,137,215,0.41992188,-0.2744186
112,118,230,0.44921875,-0.026086957
155,77,232,0.453125,0.3362069
80,152,232,0.453125,-0.31034483
155,71,226,0.44140625,0.37168142
139,107,246,0.48046875,0.1300813
101,126,227,0.44335938,-0.11013216
141,78,219,0.42773438,0.28767123
148,73,221,0.43164062,0.33936652
99,123,222,0.43359375,-0.10810811
107,123,230,0.44921875,-0.069565217
143,76,219,0.42773438,0.30593607
91,129,220,0.4296875,-0.17272727
109,126,235,0.45898438,-0.072340426
123,109,232,0.453125,0.060344828
104,119,223,0.43554688,-0.067264574
147,79,226,0.44140625,0.30088496
106,136,242,0.47265625,-0.12396694
80,142,222,0.43359375,-0.27927928
119,121,240,0.46875,-0.0083333333
97,129,226,0.44140625,-0.14159292
96,138,234,0.45703125,-0.17948718
98,128,226,0.44140625,-0.13274336
176,57,233,0.45507812,0.51072961
105,135,240,0.46875,-0.125
117,108,225,0.43945312,0.04
126,91,217,0.42382812,0.16129032
112,121,233,0.45507812,-0.038626609
166,55,221,0.43164062,0.50226244
82,140,222,0.43359375,-0.26126126
117,112,229,0.44726562,0.021834061
99,121,220,0.4296875,-0.1
135,109,244,0.4765625,0.10655738
129,95,224,0.4375,0.15178571
158,65,223,0.43554688,0.41704036
118,96,214,0.41796875,0.10280374
73,158,231,0.45117188,-0.36796537
112,120,232,0.453125,-0.034482759
64,165,229,0.44726562,-0.44104803
80,141,221,0.43164062,-0.2760181
105,123,228,0.4453125,-0.078947368
133,110,243,0.47460938,0.094650206
123,89,212,0.4140625,0.16037736
105,125,230,0.44921875,-0.086956522
74,151,225,0.43945312,-0.34222222
78,157,235,0.45898438,-0.33617021
68,164,232,0.453125,-0.4137931
136,93,229,0.44726562,0.18777293
114,116,230,0.44921875,-0.0086956522
190,56,246,0.48046875,0.54471545
123,120,243,0.47460938,0.012345679
102,125,227,0.44335938,-0.10132159
105,127,232,0.453125,-0.094827586
134,104,238,0.46484375,0.12605042
112,117,229,0.44726562,-0.021834061
101,130,231,0.45117188,-0.12554113
94,135,229,0.44726562,-0.1790393
121,114,235,0.45898438,0.029787234
149,80,229,0.44726562,0.30131004
141,88,229,0.44726562,0.23144105
123,105,228,0.4453125,0.078947368
158,76,234,0.45703125,0.35042735
125,95,220,0.4296875,0.13636364
135,84,219,0.42773438,0.23287671
181,58,239,0.46679688,0.51464435
74,156,230,0.44921875,-0.35652174
103,117,220,0.4296875,-0.063636364
96,120,216,0.421875,-0.11111111
135,96,231,0.45117188,0.16883117
120,123,243,0.47460938,-0.012345679
127,108,235,0.45898438,0.080851064
148,85,233,0.45507812,0.27038627
104,132,236,0.4609375,-0.11864407
134,90,224,0.4375,0.19642857
81,141,222,0.43359375,-0.27027027
68,151,219,0.42773438,-0.37899543
109,114,223,0.43554688,-0.022421525
139,91,230,0.44921875,0.20869565
111,119,230,0.44921875,-0.034782609
159,71,230,0.44921875,0.3826087
91,144,235,0.45898438,-0.22553191
126,98,224,0.4375,0.125
128,107,235,0.45898438,0.089361702
146,89,235,0.45898438,0.24255319
147,79,226,0.44140625,0.30088496
92,136,228,0.4453125,-0.19298246
130,97,227,0.44335938,0.14537445
103,114,217,0.42382812,-0.050691244
77,172,249,0.48632812,-0.3815261
110,122,232,0.453125,-0.051724138
125,101,226,0.44140625,0.10619469
155,60,215,0.41992188,0.44186047
55,196,251,0.49023438,-0.56175299
132,88,220,0.4296875,0.2
152,83,235,0.45898438,0.29361702
102,124,226,0.44140625,-0.097345133
100,131,231,0.45117188,-0.13419913
98,134,232,0.453125,-0.15517241
75,168,243,0.47460938,-0.38271605
85,149,234,0.45703125,-0.27350427
125,111,236,0.4609375,0.059322034
77,135,212,0.4140625,-0.27358491
170,61,231,0.45117188,0.47186147
113,127,240,0.46875,-0.058333333
84,137,221,0.43164062,-0.239819
139,98,237,0.46289062,0.17299578
124,115,239,0.46679688,0.037656904
145,87,232,0.453125,0.25
121,117,238,0.46484375,0.016806723
116,113,229,0.44726562,0.013100437
148,94,242,0.47265625,0.2231405
140,92,232,0.453125,0.20689655
147,84,231,0.45117188,0.27272727
114,115,229,0.44726562,-0.0043668122
153,82,235,0.45898438,0.30212766
102,126,228,0.4453125,-0.10526316
161,74,235,0.45898438,0.37021277
106,141,247,0.48242188,-0.1417004
43,199,242,0.47265625,-0.6446281
125,101,226,0.44140625,0.10619469
120,118,238,0.46484375,0.0084033613
109,130,239,0.46679688,-0.087866109
79,148,227,0.44335938,-0.30396476
91,136,227,0.44335938,-0.19823789
128,110,238,0.46484375,0.075630252
145,89,234,0.45703125,0.23931624
129,95,224,0.4375,0.15178571
98,155,253,0.49414062,-0.22529644
88,128,216,0.421875,-0.18518519
123,98,221,0.43164062,0.11312217
123,117,240,0.46875,0.025
73,160,233,0.45507812,-0.37339056
65,180,245,0.47851562,-0.46938776
103,123,226,0.44140625,-0.088495575
95,128,223,0.43554688,-0.14798206
101,131,232,0.453125,-0.12931034
141,86,227,0.44335938,0.24229075
129,100,229,0.44726562,0.12663755
96,140,236,0.4609375,-0.18644068
159,63,222,0.43359375,0.43243243
100,138,238,0.46484375,-0.15966387
107,124,231,0.45117188,-0.073593074
116,113,229,0.44726562,0.013100437
146,83,229,0.44726562,0.27510917
113,114,227,0.44335938,-0.0044052863
86,162,248,0.484375,-0.30645161
113,125,238,0.46484375,-0.050420168
145,91,236,0.4609375,0.22881356
73,150,223,0.43554688,-0.34529148
69,151,220,0.4296875,-0.37272727
104,115,219,0.42773438,-0.050228311
140,110,250,0.48828125,0.12
123,107,230,0.44921875,0.069565217
91,146,237,0.46289062,-0.23206751
154,64,218,0.42578125,0.41284404
109,114,223,0.43554688,-0.022421525
133,104,237,0.46289062,0.12236287
107,125,232,0.453125,-0.077586207
118,115,233,0.45507812,0.012875536
135,104,239,0.46679688,0.12970711
145,93,238,0.46484375,0.21848739
117,105,222,0.43359375,0.054054054
130,86,216,0.421875,0.2037037
127,105,232,0.453125,0.094827586
130,97,227,0.44335938,0.14537445
54,169,223,0.43554688,-0.51569507
68,157,225,0.43945312,-0.39555556
121,119,240,0.46875,0.0083333333
102,126,228,0.4453125,-0.10526316
139,97,236,0.4609375,0.1779661
69,152,221,0.43164062,-0.37556561
115,109,224,0.4375,0.026785714
136,99,235,0.45898438,0.15744681
107,123,230,0.44921875,-0.069565217
117,103,220,0.4296875,0.063636364
122,104,226,0.44140625,0.079646018
164,57,221,0.43164062,0.4841629
76,153,229,0.44726562,-0.33624454
116,109,225,0.43945312,0.031111111
85,144,229,0.44726562,-0.25764192
148,85,233,0.45507812,0.27038627
72,142,214,0.41796875,-0.3271028
119,102,221,0.43164062,0.076923077
150,69,219,0.42773438,0.36986301
113,111,224,0.4375,0.0089285714
126,94,220,0.4296875,0.14545455
73,164,237,0.46289062,-0.38396624
127,100,227,0.44335938,0.11894273
187,48,235,0.45898438,0.59148936
140,89,229,0.44726562,0.22270742
88,150,238,0.46484375,-0.2605042
127,93,220,0.4296875,0.15454545
141,90,231,0.45117188,0.22077922
104,138,242,0.47265625,-0.14049587
141,89,230,0.44921875,0.22608696
143,97,240,0.46875,0.19166667
115,105,220,0.4296875,0.045454545
89,135,224,0.4375,-0.20535714
132,95,227,0.44335938,0.16299559
121,108,229,0.44726562,0.056768559
94,127,221,0.43164062,-0.14932127
79,147,226,0.44140625,-0.30088496
144,82,226,0.44140625,0.27433628
118,103,221,0.43164062,0.067873303
171,57,228,0.4453125,0.5
99,133,232,0.453125,-0.14655172
100,142,242,0.47265625,-0.17355372
123,112,235,0.45898438,0.046808511
88,140,228,0.4453125,-0.22807018
152,70,222,0.43359375,0.36936937
84,143,227,0.44335938,-0.25991189
132,95,227,0.44335938,0.16299559
95,134,229,0.44726562,-0.17030568
111,131,242,0.47265625,-0.082644628
93,143,236,0.4609375,-0.21186441
111,112,223,0.43554688,-0.0044843049
69,160,229,0.44726562,-0.39737991
124,92,216,0.421875,0.14814815
125,122,247,0.48242188,0.012145749
122,105,227,0.44335938,0.074889868
100,124,224,0.4375,-0.10714286
141,97,238,0.46484375,0.18487395
100,109,209,0.40820312,-0.043062201
170,69,239,0.46679688,0.42259414
90,139,229,0.44726562,-0.2139738
110,113,223,0.43554688,-0.013452915
121,114,235,0.45898438,0.029787234
130,110,240,0.46875,0.083333333
151,82,233,0.45507812,0.29613734
69,150,219,0.42773438,-0.36986301
99,121,220,0.4296875,-0.1
158,87,245,0.47851562,0.28979592
97,142,239,0.46679688,-0.18828452
80,141,221,0.43164062,-0.2760181
72,154,226,0.44140625,-0.36283186
117,103,220,0.4296875,0.063636364
95,131,226,0.44140625,-0.15929204
65,161,226,0.44140625,-0.42477876
148,78,226,0.44140625,0.30973451
88,138,226,0.44140625,-0.22123894
149,90,239,0.46679688,0.24686192
108,113,221,0.43164062,-0.022624434
117,109,226,0.44140625,0.03539823
151,90,241,0.47070312,0.25311203
128,107,235,0.45898438,0.089361702
83,150,233,0.45507812,-0.28755365
95,142,237,0.46289062,-0.19831224
75,154,229,0.44726562,-0.34497817
112,106,218,0.42578125,0.027522936
158,74,232,0.453125,0.36206897
122,114,236,0.4609375,0.033898305
128,109,237,0.46289062,0.080168776
99,132,231,0.45117188,-0.14285714
123,127,250,0.48828125,-0.016
58,179,237,0.46289062,-0.51054852
111,112,223,0.43554688,-0.0044843049
74,170,244,0.4765625,-0.39344262
108,133,241,0.47070312,-0.10373444
148,86,234,0.45703125,0.26495726
79,164,243,0.47460938,-0.34979424
169,67,236,0.4609375,0.43220339
119,105,224,0.4375,0.0625
51,179,230,0.44921875,-0.55652174
115,108,223,0.43554688,0.031390135
122,110,232,0.453125,0.051724138
95,128,223,0.43554688,-0.14798206
105,121,226,0.44140625,-0.07079646
89,133,222,0.43359375,-0.1981982
135,96,231,0.45117188,0.16883117
159,73,232,0.453125,0.37068966
108,107,215,0.41992188,0.0046511628
106,130,236,0.4609375,-0.10169492
68,157,225,0.43945312,-0.39555556
92,118,210,0.41015625,-0.12380952
95,142,237,0.46289062,-0.19831224
87,141,228,0.4453125,-0.23684211
130,110,240,0.46875,0.083333333
144,90,234,0.45703125,0.23076923
122,116,238,0.46484375,0.025210084
108,124,232,0.453125,-0.068965517
69,168,237,0.46289062,-0.41772152
146,72,218,0.42578125,0.33944954
160,78,238,0.46484375,0.34453782
123,95,218,0.42578125,0.12844037
138,93,231,0.45117188,0.19480519
103,130,233,0.45507812,-0.11587983
148,86,234,0.45703125,0.26495726
109,120,229,0.44726562,-0.048034934
131,108,239,0.46679688,0.09623431
76,151,227,0.44335938,-0.33039648
92,129,221,0.43164062,-0.16742081
92,135,227,0.44335938,-0.18942731
115,126,241,0.47070312,-0.045643154
139,92,231,0.45117188,0.2034632
51,169,220,0.4296875,-0.53636364
68,169,237,0.46289062,-0.42616034
133,81,214,0.41796875,0.24299065
78,142,220,0.4296875,-0.29090909
149,87,236,0.4609375,0.26271186
116,120,236,0.4609375,-0.016949153
133,100,233,0.45507812,0.1416309
116,97,213,0.41601562,0.089201878
118,103,221,0.43164062,0.067873303
169,70,239,0.46679688,0.41422594
89,152,241,0.47070312,-0.26141079
149,94,243,0.47460938,0.22633745
138,92,230,0.44921875,0.2
127,114,241,0.47070312,0.053941909
99,127,226,0.44140625,-0.12389381
139,106,245,0.47851562,0.13469388
92,141,233,0.45507812,-0.21030043
84,154,238,0.46484375,-0.29411765
146,85,231,0.45117188,0.26406926
140,88,228,0.4453125,0.22807018
180,61,241,0.47070312,0.49377593
129,96,225,0.43945312,0.14666667
131,90,221,0.43164062,0.18552036
108,126,234,0.45703125,-0.076923077
169,58,227,0.44335938,0.48898678
87,145,232,0.453125,-0.25
112,114,226,0.44140625,-0.0088495575
104,126,230,0.44921875,-0.095652174
154,90,244,0.4765625,0.26229508
127,100,227,0.44335938,0.11894273
87,135,222,0.43359375,-0.21621622
123,105,228,0.4453125,0.078947368
125,102,227,0.44335938,0.10132159
112,102,214,0.41796875,0.046728972
98,125,223,0.43554688,-0.12107623
103,125,228,0.4453125,-0.096491228
145,90,235,0.45898438,0.23404255
89,146,235,0.45898438,-0.24255319
175,64,239,0.46679688,0.46443515
153,76,229,0.44726562,0.33624454
79,141,220,0.4296875,-0.28181818
92,124,216,0.421875,-0.14814815
104,127,231,0.45117188,-0.0995671
51,194,245,0.47851562,-0.58367347
90,125,215,0.41992188,-0.1627907
71,166,237,0.46289062,-0.40084388
83,138,221,0.43164062,-0.24886878
113,122,235,0.45898438,-0.038297872
92,134,226,0.44140625,-0.18584071
108,123,231,0.45117188,-0.064935065
115,114,229,0.44726562,0.0043668122
124,91,215,0.41992188,0.15348837
62,164,226,0.44140625,-0.45132743
145,75,220,0.4296875,0.31818182
71,152,223,0.43554688,-0.3632287
100,125,225,0.43945312,-0.11111111
116,111,227,0.44335938,0.022026432
98,133,231,0.45117188,-0.15151515
115,101,216,0.421875,0.064814815
138,99,237,0.46289062,0.16455696
122,98,220,0.4296875,0.10909091
144,86,230,0.44921875,0.25217391
141,86,227,0.44335938,0.24229075
111,132,243,0.47460938,-0.086419753
76,151,227,0.44335938,-0.33039648
108,117,225,0.43945312,-0.04
98,133,231,0.45117188,-0.15151515
148,76,224,0.4375,0.32142857
151,79,230,0.44921875,0.31304348
110,121,231,0.45117188,-0.047619048
147,93,240,0.46875,0.225
107,117,224,0.4375,-0.044642857
149,89,238,0.46484375,0.25210084
151,74,225,0.43945312,0.34222222
155,78,233,0.45507812,0.3304721
143,92,235,0.45898438,0.21702128
54,174,228,0.4453125,-0.52631579
125,95,220,0.4296875,0.13636364
100,130,230,0.44921875,-0.13043478
141,89,230,0.44921875,0.22608696
125,103,228,0.4453125,0.096491228
128,111,239,0.46679688,0.071129707
118,115,233,0.45507812,0.012875536
157,66,223,0.43554688,0.40807175
109,117,226,0.44140625,-0.03539823
133,95,228,0.4453125,0.16666667
107,122,229,0.44726562,-0.065502183
113,127,240,0.46875,-0.058333333
104,113,217,0.42382812,-0.041474654
72,153,225,0.43945312,-0.36
159,63,222,0.43359375,0.43243243
129,110,239,0.46679688,0.079497908
111,115,226,0.44140625,-0.017699115
133,88,221,0.43164062,0.20361991
115,117,232,0.453125,-0.0086206897
128,108,236,0.4609375,0.084745763
148,89,237,0.46289062,0.24894515
62,167,229,0.44726562,-0.45851528
127,114,241,0.47070312,0.053941909
87,149,236,0.4609375,-0.26271186
104,125,229,0.44726562,-0.091703057
84,145,229,0.44726562,-0.26637555
112,116,228,0.4453125,-0.01754386
107,111,218,0.42578125,-0.018348624
146,79,225,0.43945312,0.29777778
125,109,234,0.45703125,0.068376068
84,162,246,0.48046875,-0.31707317
95,122,217,0.42382812,-0.12442396
152,84,236,0.4609375,0.28813559
95,125,220,0.4296875,-0.13636364
110,106,216,0.421875,0.018518519
111,139,250,0.48828125,-0.112
68,161,229,0.44726562,-0.40611354
100,126,226,0.44140625,-0.11504425
69,164,233,0.45507812,-0.40772532
112,109,221,0.43164062,0.013574661
151,87,238,0.46484375,0.26890756
116,96,212,0.4140625,0.094339623
110,122,232,0.453125,-0.051724138
110,114,224,0.4375,-0.017857143
121,99,220,0.4296875,0.1
94,146,240,0.46875,-0.21666667
139,91,230,0.44921875,0.20869565
94,139,233,0.45507812,-0.19313305
87,134,221,0.43164062,-0.21266968
138,99,237,0.46289062,0.16455696
108,130,238,0.46484375,-0.092436975
139,97,236,0.4609375,0.1779661
127,102,229,0.44726562,0.10917031
121,107,228,0.4453125,0.061403509
130,104,234,0.45703125,0.11111111
145,90,235,0.45898438,0.23404255
133,98,231,0.45117188,0.15151515
159,74,233,0.45507812,0.36480687
87,141,228,0.4453125,-0.23684211
70,156,226,0.44140625,-0.38053097
102,112,214,0.41796875,-0.046728972
134,109,243,0.47460938,0.10288066
152,92,244,0.4765625,0.24590164
139,95,234,0.45703125,0.18803419
133,97,230,0.44921875,0.15652174
184,54,238,0.46484375,0.54621849
99,135,234,0.45703125,-0.15384615
124,108,232,0.453125,0.068965517
136,101,237,0.46289062,0.14767932
144,81,225,0.43945312,0.28
170,60,230,0.44921875,0.47826087
102,118,220,0.4296875,-0.072727273
41,196,237,0.46289062,-0.65400844
120,110,230,0.44921875,0.043478261
127,95,222,0.43359375,0.14414414
98,126,224,0.4375,-0.125
66,168,234,0.45703125,-0.43589744
172,78,250,0.48828125,0.376
97,132,229,0.44726562,-0.15283843
111,134,245,0.47851562,-0.093877551
134,92,226,0.44140625,0.18584071
143,89,232,0.453125,0.23275862
116,116,232,0.453125,0
149,77,226,0.44140625,0.31858407
106,134,240,0.46875,-0.11666667
87,156,243,0.47460938,-0.28395062
114,116,230,0.44921875,-0.0086956522
79,163,242,0.47265625,-0.34710744
107,120,227,0.44335938,-0.057268722
113,119,232,0.453125,-0.025862069
117,115,232,0.453125,0.0086206897
94,133,227,0.44335938,-0.17180617
57,166,223,0.43554688,-0.48878924
117,108,225,0.43945312,0.04
95,137,232,0.453125,-0.18103448
108,114,222,0.43359375,-0.027027027
72,156,228,0.4453125,-0.36842105
118,109,227,0.44335938,0.039647577
139,85,224,0.4375,0.24107143
161,64,225,0.43945312,0.43111111
104,125,229,0.44726562,-0.091703057
110,109,219,0.42773438,0.00456621
160,72,232,0.453125,0.37931034
194,40,234,0.45703125,0.65811966
122,105,227,0.44335938,0.074889868
102,119,221,0.43164062,-0.076923077
90,139,229,0.44726562,-0.2139738
126,92,218,0.42578125,0.1559633
111,115,226,0.44140625,-0.017699115
103,115,218,0.42578125,-0.055045872
173,57,230,0.44921875,0.50434783
124,105,229,0.44726562,0.082969432
152,74,226,0.44140625,0.34513274
38,187,225,0.43945312,-0.66222222
130,91,221,0.43164062,0.17647059
111,111,222,0.43359375,0
81,141,222,0.43359375,-0.27027027
115,102,217,0.42382812,0.059907834
160,65,225,0.43945312,0.42222222
99,137,236,0.4609375,-0.16101695
103,123,226,0.44140625,-0.088495575
169,90,259,0.50585938,0.30501931
130,98,228,0.4453125,0.14035088
120,105,225,0.43945312,0.066666667
118,107,225,0.43945312,0.048888889
104,131,235,0.45898438,-0.11489362
73,173,246,0.48046875,-0.40650407
94,139,233,0.45507812,-0.19313305
140,75,215,0.41992188,0.30232558
109,130,239,0.46679688,-0.087866109
118,115,233,0.45507812,0.012875536
91,134,225,0.43945312,-0.19111111
96,127,223,0.43554688,-0.13901345
125,100,225,0.43945312,0.11111111
135,94,229,0.44726562,0.1790393
131,115,246,0.48046875,0.06504065
120,102,222,0.43359375,0.081081081
103,122,225,0.43945312,-0.084444444
156,85,241,0.47070312,0.29460581
107,134,241,0.47070312,-0.1120332
134,106,240,0.46875,0.11666667
148,93,241,0.47070312,0.22821577
100,132,232,0.453125,-0.13793103
123,106,229,0.44726562,0.074235808
124,90,214,0.41796875,0.1588785
136,102,238,0.46484375,0.14285714
126,92,218,0.42578125,0.1559633
109,122,231,0.45117188,-0.056277056
108,123,231,0.45117188,-0.064935065
90,132,222,0.43359375,-0.18918919
136,105,241,0.47070312,0.12863071
110,105,215,0.41992188,0.023255814
88,150,238,0.46484375,-0.2605042
94,130,224,0.4375,-0.16071429
90,148,238,0.46484375,-0.24369748
156,65,221,0.43164062,0.41176471
118,116,234,0.45703125,0.0085470085
147,94,241,0.47070312,0.21991701
157,73,230,0.44921875,0.36521739
106,118,224,0.4375,-0.053571429
94,137,231,0.45117188,-0.18614719
102,133,235,0.45898438,-0.13191489
74,143,217,0.42382812,-0.31797235
126,111,237,0.46289062,0.063291139
98,127,225,0.43945312,-0.12888889
94,141,235,0.45898438,-0.2
133,88,221,0.43164062,0.20361991
117,110,227,0.44335938,0.030837004
125,111,236,0.4609375,0.059322034
88,126,214,0.41796875,-0.17757009
129,108,237,0.46289062,0.088607595
99,128,227,0.44335938,-0.1277533
158,71,229,0.44726562,0.37991266
130,107,237,0.46289062,0.097046414
88,143,231,0.45117188,-0.23809524
152,90,242,0.47265625,0.25619835
90,139,229,0.44726562,-0.2139738
133,93,226,0.44140625,0.17699115
89,139,228,0.4453125,-0.21929825
160,72,232,0.453125,0.37931034
109,126,235,0.45898438,-0.072340426
125,102,227,0.44335938,0.10132159
112,102,214,0.41796875,0.046728972
99,123,222,0.43359375,-0.10810811
201,40,241,0.47070312,0.66804979
171,63,234,0.45703125,0.46153846
75,150,225,0.43945312,-0.33333333
120,113,233,0.45507812,0.030042918
158,80,238,0.46484375,0.32773109
163,69,232,0.453125,0.40517241
143,90,233,0.45507812,0.22746781
77,152,229,0.44726562,-0.32751092
96,138,234,0.45703125,-0.17948718
132,98,230,0.44921875,0.14782609
66,157,223,0.43554688,-0.40807175
122,109,231,0.45117188,0.056277056
84,146,230,0.44921875,-0.26956522
58,167,225,0.43945312,-0.48444444
138,91,229,0.44726562,0.20524017
98,137,235,0.45898438,-0.16595745
116,116,232,0.453125,0
92,147,239,0.46679688,-0.23012552
116,106,222,0.43359375,0.045045045
86,149,235,0.45898438,-0.26808511
152,61,213,0.41601562,0.42723005
160,80,240,0.46875,0.33333333
128,97,225,0.43945312,0.13777778
93,129,222,0.43359375,-0.16216216
62,175,237,0.46289062,-0.47679325
152,76,228,0.4453125,0.33333333
97,124,221,0.43164062,-0.12217195
104,108,212,0.4140625,-0.018867925
114,110,224,0.4375,0.017857143
159,80,239,0.46679688,0.33054393
116,107,223,0.43554688,0.040358744
134,85,219,0.42773438,0.22374429
93,130,223,0.43554688,-0.16591928
88,138,226,0.44140625,-0.22123894
120,105,225,0.43945312,0.066666667
96,131,227,0.44335938,-0.15418502
156,81,237,0.46289062,0.3164557
142,90,232,0.453125,0.22413793
146,83,229,0.44726562,0.27510917
116,113,229,0.44726562,0.013100437
88,137,225,0.43945312,-0.21777778
160,77,237,0.46289062,0.35021097
107,113,220,0.4296875,-0.027272727
78,138,216,0.421875,-0.27777778
91,136,227,0.44335938,-0.19823789
123,106,229,0.44726562,0.074235808
93,143,236,0.4609375,-0.21186441
149,72,221,0.43164062,0.34841629
125,98,223,0.43554688,0.12107623
140,104,244,0.4765625,0.14754098
73,154,227,0.44335938,-0.35682819
86,144,230,0.44921875,-0.25217391
58,170,228,0.4453125,-0.49122807
74,142,216,0.421875,-0.31481481
123,91,214,0.41796875,0.14953271
125,105,230,0.44921875,0.086956522
74,157,231,0.45117188,-0.35930736
158,61,219,0.42773438,0.44292237
145,98,243,0.47460938,0.19341564
109,122,231,0.45117188,-0.056277056
118,115,233,0.45507812,0.012875536
116,115,231,0.45117188,0.0043290043
118,107,225,0.43945312,0.048888889
110,127,237,0.46289062,-0.071729958
175,60,235,0.45898438,0.4893617
136,101,237,0.46289062,0.14767932
120,99,219,0.42773438,0.095890411
104,136,240,0.46875,-0.13333333
125,117,242,0.47265625,0.033057851
109,112,221,0.43164062,-0.013574661
134,107,241,0.47070312,0.1120332
145,80,225,0.43945312,0.28888889
150,95,245,0.47851562,0.2244898
87,141,228,0.4453125,-0.23684211
83,160,243,0.47460938,-0.31687243
86,138,224,0.4375,-0.23214286
131,93,224,0.4375,0.16964286
130,98,228,0.4453125,0.14035088
129,120,249,0.48632812,0.036144578
93,132,225,0.43945312,-0.17333333
88,149,237,0.46289062,-0.25738397
101,128,229,0.44726562,-0.11790393
129,106,235,0.45898438,0.09787234
103,116,219,0.42773438,-0.059360731
145,84,229,0.44726562,0.26637555
152,79,231,0.45117188,0.31601732
133,93,226,0.44140625,0.17699115
140,92,232,0.453125,0.20689655
129,100,229,0.44726562,0.12663755
125,106,231,0.45117188,0.082251082
146,84,230,0.44921875,0.26956522
136,85,221,0.43164062,0.23076923
145,77,222,0.43359375,0.30630631
130,113,243,0.47460938,0.069958848
88,149,237,0.46289062,-0.25738397
108,127,235,0.45898438,-0.080851064
68,160,228,0.4453125,-0.40350877
89,137,226,0.44140625,-0.21238938
104,123,227,0.44335938,-0.083700441
114,127,241,0.47070312,-0.053941909
108,114,222,0.43359375,-0.027027027
106,120,226,0.44140625,-0.061946903
168,50,218,0.42578125,0.5412844
154,88,242,0.47265625,0.27272727
157,90,247,0.48242188,0.27125506
72,162,234,0.45703125,-0.38461538
108,121,229,0.44726562,-0.056768559
134,104,238,0.46484375,0.12605042
96,145,241,0.47070312,-0.2033195
151,103,254,0.49609375,0.18897638
125,100,225,0.43945312,0.11111111
154,81,235,0.45898438,0.3106383
93,131,224,0.4375,-0.16964286
159,79,238,0.46484375,0.33613445
105,110,215,0.41992188,-0.023255814
113,111,224,0.4375,0.0089285714
130,117,247,0.48242188,0.052631579
95,128,223,0.43554688,-0.14798206
158,64,222,0.43359375,0.42342342
113,124,237,0.46289062,-0.046413502
99,131,230,0.44921875,-0.13913043
123,113,236,0.4609375,0.042372881
126,96,222,0.43359375,0.13513514
148,95,243,0.47460938,0.218107
97,140,237,0.46289062,-0.1814346
90,146,236,0.4609375,-0.23728814
103,112,215,0.41992188,-0.041860465
139,77,216,0.421875,0.28703704
135,99,234,0.45703125,0.15384615
97,116,213,0.41601562,-0.089201878
95,143,238,0.46484375,-0.20168067
117,122,239,0.46679688,-0.020920502
127,90,217,0.42382812,0.17050691
99,124,223,0.43554688,-0.11210762
136,91,227,0.44335938,0.19823789
99,132,231,0.45117188,-0.14285714
167,65,232,0.453125,0.43965517
101,116,217,0.42382812,-0.069124424
125,96,221,0.43164062,0.13122172
109,117,226,0.44140625,-0.03539823
124,112,236,0.4609375,0.050847458
120,112,232,0.453125,0.034482759
127,94,221,0.43164062,0.14932127
126,107,233,0.45507812,0.081545064
154,94,248,0.484375,0.24193548
112,117,229,0.44726562,-0.021834061
66,146,212,0.4140625,-0.37735849
66,172,238,0.46484375,-0.44537815
97,141,238,0.46484375,-0.18487395
201,47,248,0.484375,0.62096774
99,134,233,0.45507812,-0.15021459
126,112,238,0.46484375,0.058823529
81,158,239,0.46679688,-0.32217573
117,99,216,0.421875,0.083333333
121,93,214,0.41796875,0.13084112
127,95,222,0.43359375,0.14414414
141,92,233,0.45507812,0.21030043
122,97,219,0.42773438,0.11415525
185,38,223,0.43554688,0.65919283
154,70,224,0.4375,0.375
143,87,230,0.44921875,0.24347826
121,109,230,0.44921875,0.052173913
142,95,237,0.46289062,0.19831224
70,175,245,0.47851562,-0.42857143
154,75,229,0.44726562,0.34497817
129,105,234,0.45703125,0.1025641
97,139,236,0.4609375,-0.1779661
114,118,232,0.453125,-0.017241379
101,125,226,0.44140625,-0.10619469
91,149,240,0.46875,-0.24166667
131,87,218,0.42578125,0.20183486
115,118,233,0.45507812,-0.012875536
150,79,229,0.44726562,0.31004367
148,88,236,0.4609375,0.25423729
127,96,223,0.43554688,0.13901345
134,95,229,0.44726562,0.17030568
99,121,220,0.4296875,-0.1
154,91,245,0.47851562,0.25714286
106,114,220,0.4296875,-0.036363636
196,54,250,0.48828125,0.568
157,72,229,0.44726562,0.37117904
103,125,228,0.4453125,-0.096491228
130,109,239,0.46679688,0.087866109
97,117,214,0.41796875,-0.093457944
166,78,244,0.4765625,0.36065574
122,111,233,0.45507812,0.0472103
98,140,238,0.46484375,-0.17647059
54,175,229,0.44726562,-0.52838428
108,122,230,0.44921875,-0.060869565
138,94,232,0.453125,0.18965517
125,94,219,0.42773438,0.14155251
125,111,236,0.4609375,0.059322034
116,133,249,0.48632812,-0.068273092
72,167,239,0.46679688,-0.39748954
123,97,220,0.4296875,0.11818182
121,109,230,0.44921875,0.052173913
167,66,233,0.45507812,0.43347639
120,114,234,0.45703125,0.025641026
126,116,242,0.47265625,0.041322314
131,97,228,0.4453125,0.14912281
94,125,219,0.42773438,-0.14155251
123,99,222,0.43359375,0.10810811
125,100,225,0.43945312,0.11111111
149,86,235,0.45898438,0.26808511
121,111,232,0.453125,0.043103448
77,145,222,0.43359375,-0.30630631
124,110,234,0.45703125,0.05982906
135,79,214,0.41796875,0.26168224
76,163,239,0.46679688,-0.36401674
76,139,215,0.41992188,-0.29302326
122,102,224,0.4375,0.089285714
105,130,235,0.45898438,-0.10638298
75,151,226,0.44140625,-0.33628319
59,155,214,0.41796875,-0.44859813
134,90,224,0.4375,0.19642857
111,111,222,0.43359375,0
100,126,226,0.44140625,-0.11504425
123,97,220,0.4296875,0.11818182
73,156,229,0.44726562,-0.36244541
76,138,214,0.41796875,-0.28971963
89,133,222,0.43359375,-0.1981982
136,94,230,0.44921875,0.1826087
103,122,225,0.43945312,-0.084444444
104,141,245,0.47851562,-0.15102041
147,104,251,0.49023438,0.17131474
66,168,234,0.45703125,-0.43589744
129,103,232,0.453125,0.11206897
110,129,239,0.46679688,-0.079497908
100,113,213,0.41601562,-0.061032864
66,168,234,0.45703125,-0.43589744
76,154,230,0.44921875,-0.33913043
135,100,235,0.45898438,0.14893617
67,141,208,0.40625,-0.35576923
91,139,230,0.44921875,-0.20869565
135,98,233,0.45507812,0.15879828
115,123,238,0.46484375,-0.033613445
73,161,234,0.45703125,-0.37606838
115,116,231,0.45117188,-0.0043290043
96,140,236,0.4609375,-0.18644068
138,97,235,0.45898438,0.17446809
90,130,220,0.4296875,-0.18181818
167,76,243,0.47460938,0.3744856
44,188,232,0.453125,-0.62068966
131,106,237,0.46289062,0.10548523
64,167,231,0.45117188,-0.44588745
125,112,237,0.46289062,0.054852321
113,117,230,0.44921875,-0.017391304
94,130,224,0.4375,-0.16071429
132,91,223,0.43554688,0.1838565
138,94,232,0.453125,0.18965517
155,74,229,0.44726562,0.35371179
101,131,232,0.453125,-0.12931034
160,88,248,0.484375,0.29032258
139,93,232,0.453125,0.19827586
102,108,210,0.41015625,-0.028571429
91,138,229,0.44726562,-0.20524017
85,133,218,0.42578125,-0.22018349
114,104,218,0.42578125,0.04587156
109,128,237,0.46289062,-0.080168776
88,142,230,0.44921875,-0.23478261
148,88,236,0.4609375,0.25423729
144,77,221,0.43164062,0.30316742
84,166,250,0.48828125,-0.328
131,97,228,0.4453125,0.14912281
130,102,232,0.453125,0.12068966
128,116,244,0.4765625,0.049180328
138,85,223,0.43554688,0.23766816
122,99,221,0.43164062,0.1040724
128,110,238,0.46484375,0.075630252
54,172,226,0.44140625,-0.52212389
98,132,230,0.44921875,-0.14782609
70,178,248,0.484375,-0.43548387
140,87,227,0.44335938,0.23348018
125,108,233,0.45507812,0.072961373
67,170,237,0.46289062,-0.43459916
79,143,222,0.43359375,-0.28828829
107,124,231,0.45117188,-0.073593074
120,116,236,0.4609375,0.016949153
124,102,226,0.44140625,0.097345133
143,100,243,0.47460938,0.17695473
132,96,228,0.4453125,0.15789474
110,139,249,0.48632812,-0.11646586
111,118,229,0.44726562,-0.030567686
128,112,240,0.46875,0.066666667
121,100,221,0.43164062,0.095022624
83,138,221,0.43164062,-0.24886878
114,108,222,0.43359375,0.027027027
103,133,236,0.4609375,-0.12711864
140,85,225,0.43945312,0.24444444
82,143,225,0.43945312,-0.27111111
83,129,212,0.4140625,-0.21698113
100,130,230,0.44921875,-0.13043478
107,120,227,0.44335938,-0.057268722
158,70,228,0.4453125,0.38596491
125,83,208,0.40625,0.20192308
158,65,223,0.43554688,0.41704036
114,126,240,0.46875,-0.05
112,122,234,0.45703125,-0.042735043
134,100,234,0.45703125,0.14529915
87,128,215,0.41992188,-0.19069767
134,92,226,0.44140625,0.18584071
82,142,224,0.4375,-0.26785714
117,100,217,0.42382812,0.078341014
128,85,213,0.41601562,0.20187793
132,95,227,0.44335938,0.16299559
119,110,229,0.44726562,0.03930131
127,100,227,0.44335938,0.11894273
120,115,235,0.45898438,0.021276596
153,86,239,0.46679688,0.28033473
95,135,230,0.44921875,-0.17391304
116,113,229,0.44726562,0.013100437
91,146,237,0.46289062,-0.23206751
101,139,240,0.46875,-0.15833333
61,167,228,0.4453125,-0.46491228
115,106,221,0.43164062,0.040723982
83,147,230,0.44921875,-0.27826087
77,152,229,0.44726562,-0.32751092
121,107,228,0.4453125,0.061403509
83,144,227,0.44335938,-0.26872247
138,83,221,0.43164062,0.24886878
104,120,224,0.4375,-0.071428571
110,113,223,0.43554688,-0.013452915
123,108,231,0.45117188,0.064935065
116,115,231,0.45117188,0.0043290043
125,114,239,0.46679688,0.046025105
123,102,225,0.43945312,0.093333333
151,64,215,0.41992188,0.40465116
109,122,231,0.45117188,-0.056277056
130,109,239,0.46679688,0.087866109
38,196,234,0.45703125,-0.67521368
115,117,232,0.453125,-0.0086206897
162,71,233,0.45507812,0.39055794
110,125,235,0.45898438,-0.063829787
111,116,227,0.44335938,-0.022026432
95,128,223,0.43554688,-0.14798206
146,92,238,0.46484375,0.22689076
159,71,230,0.44921875,0.3826087
109,107,216,0.421875,0.0092592593
112,112,224,0.4375,0
166,68,234,0.45703125,0.41880342
143,87,230,0.44921875,0.24347826
98,132,230,0.44921875,-0.14782609
105,119,224,0.4375,-0.0625
131,91,222,0.43359375,0.18018018
111,119,230,0.44921875,-0.034782609
70,144,214,0.41796875,-0.34579439
98,125,223,0.43554688,-0.12107623
162,64,226,0.44140625,0.43362832
85,144,229,0.44726562,-0.25764192
92,116,208,0.40625,-0.11538462
137,100,237,0.46289062,0.15611814
101,136,237,0.46289062,-0.14767932
79,160,239,0.46679688,-0.33891213
158,52,210,0.41015625,0.5047619
71,153,224,0.4375,-0.36607143
136,98,234,0.45703125,0.16239316
90,135,225,0.43945312,-0.2
121,113,234,0.45703125,0.034188034
100,128,228,0.4453125,-0.12280702
145,85,230,0.44921875,0.26086957
60,168,228,0.4453125,-0.47368421
153,79,232,0.453125,0.31896552
151,79,230,0.44921875,0.31304348
191,36,227,0.44335938,0.68281938
167,68,235,0.45898438,0.4212766
184,60,244,0.4765625,0.50819672
98,143,241,0.47070312,-0.18672199
77,146,223,0.43554688,-0.30941704
129,101,230,0.44921875,0.12173913
85,149,234,0.45703125,-0.27350427
97,138,235,0.45898438,-0.17446809
99,141,240,0.46875,-0.175
138,92,230,0.44921875,0.2
108,113,221,0.43164062,-0.022624434
143,85,228,0.4453125,0.25438596
141,75,216,0.421875,0.30555556
139,88,227,0.44335938,0.2246696
98,124,222,0.43359375,-0.11711712
94,145,239,0.46679688,-0.21338912
115,118,233,0.45507812,-0.012875536
131,112,243,0.47460938,0.0781893
126,100,226,0.44140625,0.11504425
61,179,240,0.46875,-0.49166667
62,170,232,0.453125,-0.46551724
130,117,247,0.48242188,0.052631579
131,104,235,0.45898438,0.11489362
104,125,229,0.44726562,-0.091703057
169,54,223,0.43554688,0.51569507
135,111,246,0.48046875,0.097560976
94,143,237,0.46289062,-0.20675105
128,99,227,0.44335938,0.1277533
102,127,229,0.44726562,-0.10917031
150,75,225,0.43945312,0.33333333
79,126,205,0.40039062,-0.22926829
101,142,243,0.47460938,-0.16872428
114,118,232,0.453125,-0.017241379
150,72,222,0.43359375,0.35135135
113,109,222,0.43359375,0.018018018
85,142,227,0.44335938,-0.25110132
132,107,239,0.46679688,0.10460251
90,119,209,0.40820312,-0.13875598
91,133,224,0.4375,-0.1875
79,159,238,0.46484375,-0.33613445
125,115,240,0.46875,0.041666667
102,125,227,0.44335938,-0.10132159
51,178,229,0.44726562,-0.55458515
115,112,227,0.44335938,0.013215859
103,124,227,0.44335938,-0.092511013
148,89,237,0.46289062,0.24894515
142,96,238,0.46484375,0.19327731
150,81,231,0.45117188,0.2987013
97,129,226,0.44140625,-0.14159292
75,150,225,0.43945312,-0.33333333
106,122,228,0.4453125,-0.070175439
137,96,233,0.45507812,0.17596567
124,108,232,0.453125,0.068965517
125,97,222,0.43359375,0.12612613
119,109,228,0.4453125,0.043859649
121,109,230,0.44921875,0.052173913
128,112,240,0.46875,0.066666667
68,157,225,0.43945312,-0.39555556
122,128,250,0.48828125,-0.024
146,81,227,0.44335938,0.28634361
132,86,218,0.42578125,0.21100917
191,36,227,0.44335938,0.68281938
95,135,230,0.44921875,-0.17391304
146,92,238,0.46484375,0.22689076
87,143,230,0.44921875,-0.24347826
153,67,220,0.4296875,0.39090909
103,123,226,0.44140625,-0.088495575
134,96,230,0.44921875,0.16521739
97,128,225,0.43945312,-0.13777778
112,124,236,0.4609375,-0.050847458
137,101,238,0.46484375,0.1512605
107,131,238,0.46484375,-0.10084034
92,142,234,0.45703125,-0.21367521
98,138,236,0.4609375,-0.16949153
140,86,226,0.44140625,0.23893805
89,145,234,0.45703125,-0.23931624
100,124,224,0.4375,-0.10714286
78,148,226,0.44140625,-0.30973451
156,67,223,0.43554688,0.39910314
100,135,235,0.45898438,-0.14893617
140,89,229,0.44726562,0.22270742
105,124,229,0.44726562,-0.082969432
123,90,213,0.41601562,0.15492958
119,98,217,0.42382812,0.096774194
133,99,232,0.453125,0.14655172
151,85,236,0.4609375,0.27966102
116,118,234,0.45703125,-0.0085470085
111,113,224,0.4375,-0.0089285714
118,136,254,0.49609375,-0.070866142
116,119,235,0.45898438,-0.012765957
118,126,244,0.4765625,-0.032786885
54,174,228,0.4453125,-0.52631579
103,126,229,0.44726562,-0.10043668
59,173,232,0.453125,-0.49137931
74,162,236,0.4609375,-0.37288136
133,92,225,0.43945312,0.18222222
144,89,233,0.45507812,0.2360515
125,109,234,0.45703125,0.068376068
115,116,231,0.45117188,-0.0043290043
149,75,224,0.4375,0.33035714
139,100,239,0.46679688,0.16317992
121,109,230,0.44921875,0.052173913
108,119,227,0.44335938,-0.04845815
154,83,237,0.46289062,0.29957806
118,102,220,0.4296875,0.072727273
118,108,226,0.44140625,0.044247788
102,123,225,0.43945312,-0.093333333
93,141,234,0.45703125,-0.20512821
97,137,234,0.45703125,-0.17094017
121,118,239,0.46679688,0.012552301
108,125,233,0.45507812,-0.072961373
153,80,233,0.45507812,0.31330472
94,131,225,0.43945312,-0.16444444
84,142,226,0.44140625,-0.25663717
122,103,225,0.43945312,0.084444444
115,102,217,0.42382812,0.059907834
92,134,226,0.44140625,-0.18584071
119,115,234,0.45703125,0.017094017
114,123,237,0.46289062,-0.037974684
91,130,221,0.43164062,-0.17647059
64,166,230,0.44921875,-0.44347826
138,95,233,0.45507812,0.18454936
122,82,204,0.3984375,0.19607843
177,55,232,0.453125,0.52586207
186,40,226,0.44140625,0.6460177
82,152,234,0.45703125,-0.2991453
90,142,232,0.453125,-0.22413793
172,69,241,0.47070312,0.42738589
86,147,233,0.45507812,-0.26180258
98,133,231,0.45117188,-0.15151515
75,159,234,0.45703125,-0.35897436
88,147,235,0.45898438,-0.25106383
109,123,232,0.453125,-0.060344828
75,161,236,0.4609375,-0.36440678
138,95,233,0.45507812,0.18454936
64,176,240,0.46875,-0.46666667
89,128,217,0.42382812,-0.1797235
117,119,236,0.4609375,-0.0084745763
163,75,238,0.46484375,0.3697479
164,71,235,0.45898438,0.39574468
90,143,233,0.45507812,-0.22746781
122,105,227,0.44335938,0.074889868
101,134,235,0.45898438,-0.14042553
142,69,211,0.41210938,0.34597156
70,163,233,0.45507812,-0.39914163
120,106,226,0.44140625,0.061946903
114,118,232,0.453125,-0.017241379
138,89,227,0.44335938,0.21585903
130,95,225,0.43945312,0.15555556
92,134,226,0.44140625,-0.18584071
58,170,228,0.4453125,-0.49122807
82,148,230,0.44921875,-0.28695652
80,160,240,0.46875,-0.33333333
186,51,237,0.46289062,0.56962025
95,111,206,0.40234375,-0.077669903
146,82,228,0.4453125,0.28070175
88,143,231,0.45117188,-0.23809524
96,144,240,0.46875,-0.2
131,117,248,0.484375,0.056451613
146,96,242,0.47265625,0.20661157
136,84,220,0.4296875,0.23636364
125,115,240,0.46875,0.041666667
139,94,233,0.45507812,0.19313305
121,113,234,0.45703125,0.034188034
149,87,236,0.4609375,0.26271186
117,116,233,0.45507812,0.0042918455
140,87,227,0.44335938,0.23348018
137,98,235,0.45898438,0.16595745
106,117,223,0.43554688,-0.049327354
102,124,226,0.44140625,-0.097345133
91,128,219,0.42773438,-0.16894977
123,104,227,0.44335938,0.083700441
128,95,223,0.43554688,0.14798206
92,139,231,0.45117188,-0.2034632
72,148,220,0.4296875,-0.34545455
88,158,246,0.48046875,-0.28455285
153,83,236,0.4609375,0.29661017
144,92,236,0.4609375,0.22033898
100,124,224,0.4375,-0.10714286
157,76,233,0.45507812,0.34763948
106,130,236,0.4609375,-0.10169492
137,99,236,0.4609375,0.16101695
148,85,233,0.45507812,0.27038627
105,115,220,0.4296875,-0.045454545
76,146,222,0.43359375,-0.31531532
87,149,236,0.4609375,-0.26271186
118,116,234,0.45703125,0.0085470085
108,129,237,0.46289062,-0.088607595
70,165,235,0.45898438,-0.40425532
105,111,216,0.421875,-0.027777778
126,101,227,0.44335938,0.11013216
98,146,244,0.4765625,-0.19672131
114,108,222,0.43359375,0.027027027
101,141,242,0.47265625,-0.16528926
125,107,232,0.453125,0.077586207
139,88,227,0.44335938,0.2246696
122,98,220,0.4296875,0.10909091
109,144,253,0.49414062,-0.13833992
121,116,237,0.46289062,0.021097046
134,90,224,0.4375,0.19642857
79,145,224,0.4375,-0.29464286
79,140,219,0.42773438,-0.27853881
87,131,218,0.42578125,-0.20183486
123,105,228,0.4453125,0.078947368
102,130,232,0.453125,-0.12068966
82,153,235,0.45898438,-0.30212766
125,117,242,0.47265625,0.033057851
115,117,232,0.453125,-0.0086206897
151,84,235,0.45898438,0.28510638
115,108,223,0.43554688,0.031390135
121,90,211,0.41210938,0.14691943
116,111,227,0.44335938,0.022026432
95,132,227,0.44335938,-0.16299559
117,98,215,0.41992188,0.088372093
117,116,233,0.45507812,0.0042918455
124,103,227,0.44335938,0.092511013
126,95,221,0.43164062,0.14027149
84,147,231,0.45117188,-0.27272727
115,114,229,0.44726562,0.0043668122
147,88,235,0.45898438,0.25106383
97,133,230,0.44921875,-0.15652174
130,95,225,0.43945312,0.15555556
91,130,221,0.43164062,-0.17647059
140,89,229,0.44726562,0.22270742
103,127,230,0.44921875,-0.10434783
123,107,230,0.44921875,0.069565217
126,108,234,0.45703125,0.076923077
124,115,239,0.46679688,0.037656904
149,92,241,0.47070312,0.23651452
131,112,243,0.47460938,0.0781893
88,154,242,0.47265625,-0.27272727
120,114,234,0.45703125,0.025641026
106,113,219,0.42773438,-0.03196347
143,103,246,0.48046875,0.16260163
184,56,240,0.46875,0.53333333
114,107,221,0.43164062,0.031674208
156,74,230,0.44921875,0.35652174
87,148,235,0.45898438,-0.25957447
132,106,238,0.46484375,0.1092437
118,121,239,0.46679688,-0.012552301
116,123,239,0.46679688,-0.029288703
100,126,226,0.44140625,-0.11504425
149,75,224,0.4375,0.33035714
105,133,238,0.46484375,-0.11764706
111,113,224,0.4375,-0.0089285714
137,95,232,0.453125,0.18103448
63,166,229,0.44726562,-0.44978166
118,104,222,0.43359375,0.063063063
89,139,228,0.4453125,-0.21929825
112,111,223,0.43554688,0.0044843049
127,106,233,0.45507812,0.090128755
121,125,246,0.48046875,-0.016260163
94,138,232,0.453125,-0.18965517
153,62,215,0.41992188,0.42325581
145,92,237,0.46289062,0.22362869
109,116,225,0.43945312,-0.031111111
128,120,248,0.484375,0.032258065
98,131,229,0.44726562,-0.1441048
125,90,215,0.41992188,0.1627907
126,114,240,0.46875,0.05
169,66,235,0.45898438,0.43829787
75,146,221,0.43164062,-0.32126697
129,108,237,0.46289062,0.088607595
79,168,247,0.48242188,-0.36032389
113,119,232,0.453125,-0.025862069
106,121,227,0.44335938,-0.066079295
138,91,229,0.44726562,0.20524017
115,113,228,0.4453125,0.0087719298
91,141,232,0.453125,-0.21551724
123,112,235,0.45898438,0.046808511
158,65,223,0.43554688,0.41704036
145,86,231,0.45117188,0.25541126
57,178,235,0.45898438,-0.51489362
145,76,221,0.43164062,0.31221719
79,167,246,0.48046875,-0.35772358
78,164,242,0.47265625,-0.3553719
94,129,223,0.43554688,-0.15695067
116,112,228,0.4453125,0.01754386
138,86,224,0.4375,0.23214286
89,152,241,0.47070312,-0.26141079
107,127,234,0.45703125,-0.085470085
116,98,214,0.41796875,0.08411215
116,114,230,0.44921875,0.0086956522
141,97,238,0.46484375,0.18487395
111,125,236,0.4609375,-0.059322034
116,112,228,0.4453125,0.01754386
125,106,231,0.45117188,0.082251082
154,88,242,0.47265625,0.27272727
131,105,236,0.4609375,0.11016949
87,127,214,0.41796875,-0.18691589
102,122,224,0.4375,-0.089285714
147,88,235,0.45898438,0.25106383
113,116,229,0.44726562,-0.013100437
96,127,223,0.43554688,-0.13901345
83,160,243,0.47460938,-0.31687243
126,96,222,0.43359375,0.13513514
164,62,226,0.44140625,0.45132743
116,139,255,0.49804688,-0.090196078
123,109,232,0.453125,0.060344828
145,81,226,0.44140625,0.28318584
79,146,225,0.43945312,-0.29777778
119,117,236,0.4609375,0.0084745763
155,78,233,0.45507812,0.3304721
147,82,229,0.44726562,0.28384279
97,140,237,0.46289062,-0.1814346
186,52,238,0.46484375,0.56302521
113,124,237,0.46289062,-0.046413502
108,126,234,0.45703125,-0.076923077
125,107,232,0.453125,0.077586207
134,104,238,0.46484375,0.12605042
115,110,225,0.43945312,0.022222222
104,123,227,0.44335938,-0.083700441
59,173,232,0.453125,-0.49137931
92,139,231,0.45117188,-0.2034632
169,54,223,0.43554688,0.51569507
92,140,232,0.453125,-0.20689655
196,37,233,0.45507812,0.68240343
119,98,217,0.42382812,0.096774194
139,92,231,0.45117188,0.2034632
102,124,226,0.44140625,-0.097345133
99,125,224,0.4375,-0.11607143
131,97,228,0.4453125,0.14912281
116,127,243,0.47460938,-0.04526749
161,80,241,0.47070312,0.33609959
78,155,233,0.45507812,-0.3304721
105,116,221,0.43164062,-0.049773756
104,102,206,0.40234375,0.0097087379
65,158,223,0.43554688,-0.41704036
146,94,240,0.46875,0.21666667
131,108,239,0.46679688,0.09623431
175,66,241,0.47070312,0.45228216
130,83,213,0.41601562,0.22065728
73,170,243,0.47460938,-0.39917695
96,134,230,0.44921875,-0.16521739
131,98,229,0.44726562,0.1441048
96,117,213,0.41601562,-0.098591549
179,65,244,0.4765625,0.46721311
97,130,227,0.44335938,-0.14537445
149,93,242,0.47265625,0.23140496
147,84,231,0.45117188,0.27272727
73,165,238,0.46484375,-0.38655462
83,143,226,0.44140625,-0.26548673
119,106,225,0.43945312,0.057777778
185,54,239,0.46679688,0.54811715
176,59,235,0.45898438,0.49787234
99,134,233,0.45507812,-0.15021459
102,132,234,0.45703125,-0.12820513
148,77,225,0.43945312,0.31555556
129,96,225,0.43945312,0.14666667
125,96,221,0.43164062,0.13122172
113,137,250,0.48828125,-0.096
133,107,240,0.46875,0.10833333
137,98,235,0.45898438,0.16595745
162,65,227,0.44335938,0.42731278
67,139,206,0.40234375,-0.34951456
152,73,225,0.43945312,0.35111111
77,148,225,0.43945312,-0.31555556
139,102,241,0.47070312,0.15352697
157,66,223,0.43554688,0.40807175
103,120,223,0.43554688,-0.076233184
89,126,215,0.41992188,-0.17209302
129,91,220,0.4296875,0.17272727
91,135,226,0.44140625,-0.19469027
104,121,225,0.43945312,-0.075555556
121,108,229,0.44726562,0.056768559
103,124,227,0.44335938,-0.092511013
126,115,241,0.47070312,0.045643154
90,144,234,0.45703125,-0.23076923
136,80,216,0.421875,0.25925926
113,106,219,0.42773438,0.03196347
104,126,230,0.44921875,-0.095652174
126,114,240,0.46875,0.05
177,47,224,0.4375,0.58035714
79,142,221,0.43164062,-0.28506787
77,143,220,0.4296875,-0.3
129,87,216,0.421875,0.19444444
105,126,231,0.45117188,-0.090909091
102,116,218,0.42578125,-0.064220183
158,72,230,0.44921875,0.37391304
79,143,222,0.43359375,-0.28828829
107,121,228,0.4453125,-0.061403509
131,106,237,0.46289062,0.10548523
112,120,232,0.453125,-0.034482759
121,119,240,0.46875,0.0083333333
172,61,233,0.45507812,0.47639485
130,105,235,0.45898438,0.10638298
178,57,235,0.45898438,0.51489362
148,75,223,0.43554688,0.32735426
126,100,226,0.44140625,0.11504425
127,95,222,0.43359375,0.14414414
76,148,224,0.4375,-0.32142857
122,114,236,0.4609375,0.033898305
111,116,227,0.44335938,-0.022026432
140,84,224,0.4375,0.25
105,121,226,0.44140625,-0.07079646
149,74,223,0.43554688,0.33632287
124,97,221,0.43164062,0.12217195
127,89,216,0.421875,0.17592593
127,102,229,0.44726562,0.10917031
106,117,223,0.43554688,-0.049327354
114,123,237,0.46289062,-0.037974684
100,124,224,0.4375,-0.10714286
109,113,222,0.43359375,-0.018018018
105,112,217,0.42382812,-0.032258065
87,156,243,0.47460938,-0.28395062
138,81,219,0.42773438,0.26027397
58,170,228,0.4453125,-0.49122807
102,130,232,0.453125,-0.12068966
123,105,228,0.4453125,0.078947368
165,73,238,0.46484375,0.38655462
88,141,229,0.44726562,-0.23144105
108,109,217,0.42382812,-0.0046082949
97,148,245,0.47851562,-0.20816327
117,136,253,0.49414062,-0.075098814
77,152,229,0.44726562,-0.32751092
150,91,241,0.47070312,0.24481328
91,144,235,0.45898438,-0.22553191
88,147,235,0.45898438,-0.25106383
183,60,243,0.47460938,0.50617284
70,143,213,0.41601562,-0.342723
116,117,233,0.45507812,-0.0042918455
112,127,239,0.46679688,-0.062761506
72,145,217,0.42382812,-0.33640553
107,116,223,0.43554688,-0.040358744
114,112,226,0.44140625,0.0088495575
140,83,223,0.43554688,0.25560538
55,162,217,0.42382812,-0.49308756
108,114,222,0.43359375,-0.027027027
147,78,225,0.43945312,0.30666667
143,88,231,0.45117188,0.23809524
88,141,229,0.44726562,-0.23144105
110,110,220,0.4296875,0
88,146,234,0.45703125,-0.24786325
101,135,236,0.4609375,-0.1440678
170,74,244,0.4765625,0.39344262
78,155,233,0.45507812,-0.3304721
113,119,232,0.453125,-0.025862069
91,139,230,0.44921875,-0.20869565
136,96,232,0.453125,0.17241379
125,95,220,0.4296875,0.13636364
152,70,222,0.43359375,0.36936937
65,142,207,0.40429688,-0.37198068
132,75,207,0.40429688,0.27536232
73,152,225,0.43945312,-0.35111111
89,143,232,0.453125,-0.23275862
70,162,232,0.453125,-0.39655172
153,84,237,0.46289062,0.29113924
124,101,225,0.43945312,0.10222222
77,166,243,0.47460938,-0.36625514
143,86,229,0.44726562,0.2489083
134,91,225,0.43945312,0.19111111
112,118,230,0.44921875,-0.026086957
97,122,219,0.42773438,-0.11415525
127,108,235,0.45898438,0.080851064
148,94,242,0.47265625,0.2231405
113,118,231,0.45117188,-0.021645022
137,103,240,0.46875,0.14166667
162,78,240,0.46875,0.35
126,118,244,0.4765625,0.032786885
118,97,215,0.41992188,0.097674419
115,134,249,0.48632812,-0.076305221
107,125,232,0.453125,-0.077586207
128,88,216,0.421875,0.18518519
86,123,209,0.40820312,-0.17703349
170,80,250,0.48828125,0.36
137,102,239,0.46679688,0.14644351
79,151,230,0.44921875,-0.31304348
91,131,222,0.43359375,-0.18018018
138,93,231,0.45117188,0.19480519
75,168,243,0.47460938,-0.38271605
120,109,229,0.44726562,0.048034934
62,156,218,0.42578125,-0.43119266
117,107,224,0.4375,0.044642857
94,127,221,0.43164062,-0.14932127
59,179,238,0.46484375,-0.50420168
135,101,236,0.4609375,0.1440678
123,97,220,0.4296875,0.11818182
55,171,226,0.44140625,-0.51327434
125,94,219,0.42773438,0.14155251
138,87,225,0.43945312,0.22666667
111,111,222,0.43359375,0
74,160,234,0.45703125,-0.36752137
114,121,235,0.45898438,-0.029787234
124,101,225,0.43945312,0.10222222
120,109,229,0.44726562,0.048034934
55,166,221,0.43164062,-0.50226244
113,96,209,0.40820312,0.081339713
130,114,244,0.4765625,0.06557377
92,131,223,0.43554688,-0.17488789
135,98,233,0.45507812,0.15879828
170,65,235,0.45898438,0.44680851
92,146,238,0.46484375,-0.22689076
99,132,231,0.45117188,-0.14285714
133,106,239,0.46679688,0.11297071
136,101,237,0.46289062,0.14767932
147,75,222,0.43359375,0.32432432
88,137,225,0.43945312,-0.21777778
95,127,222,0.43359375,-0.14414414
143,84,227,0.44335938,0.25991189
88,139,227,0.44335938,-0.2246696
127,113,240,0.46875,0.058333333
55,180,235,0.45898438,-0.53191489
77,152,229,0.44726562,-0.32751092
126,97,223,0.43554688,0.13004484
55,185,240,0.46875,-0.54166667
117,108,225,0.43945312,0.04
115,112,227,0.44335938,0.013215859
144,88,232,0.453125,0.24137931
109,127,236,0.4609375,-0.076271186
104,135,239,0.46679688,-0.12970711
94,149,243,0.47460938,-0.22633745
176,55,231,0.45117188,0.52380952
141,90,231,0.45117188,0.22077922
93,136,229,0.44726562,-0.18777293
121,99,220,0.4296875,0.1
119,119,238,0.46484375,0
87,142,229,0.44726562,-0.24017467
136,91,227,0.44335938,0.19823789
153,77,230,0.44921875,0.33043478
118,110,228,0.4453125,0.035087719
94,150,244,0.4765625,-0.2295082
130,111,241,0.47070312,0.078838174
75,140,215,0.41992188,-0.30232558
103,130,233,0.45507812,-0.11587983
151,92,243,0.47460938,0.24279835
97,128,225,0.43945312,-0.13777778
149,74,223,0.43554688,0.33632287
89,151,240,0.46875,-0.25833333
85,151,236,0.4609375,-0.27966102
74,154,228,0.4453125,-0.35087719
144,80,224,0.4375,0.28571429
119,99,218,0.42578125,0.091743119
114,115,229,0.44726562,-0.0043668122
113,134,247,0.48242188,-0.085020243
100,121,221,0.43164062,-0.095022624
165,66,231,0.45117188,0.42857143
76,165,241,0.47070312,-0.36929461
99,142,241,0.47070312,-0.17842324
105,120,225,0.43945312,-0.066666667
118,112,230,0.44921875,0.026086957
105,121,226,0.44140625,-0.07079646
102,122,224,0.4375,-0.089285714
121,100,221,0.43164062,0.095022624
113,127,240,0.46875,-0.058333333
130,100,230,0.44921875,0.13043478
63,189,252,0.4921875,-0.5
157,58,215,0.41992188,0.46046512
103,138,241,0.47070312,-0.14522822
95,134,229,0.44726562,-0.17030568
112,107,219,0.42773438,0.02283105
128,93,221,0.43164062,0.15837104
143,93,236,0.4609375,0.21186441
48,186,234,0.45703125,-0.58974359
116,94,210,0.41015625,0.1047619
111,121,232,0.453125,-0.043103448
141,85,226,0.44140625,0.24778761
70,164,234,0.45703125,-0.4017094
106,131,237,0.46289062,-0.10548523
113,112,225,0.43945312,0.0044444444
107,119,226,0.44140625,-0.053097345
107,102,209,0.40820312,0.023923445
126,104,230,0.44921875,0.095652174
106,128,234,0.45703125,-0.094017094
102,116,218,0.42578125,-0.064220183
125,94,219,0.42773438,0.14155251
109,114,223,0.43554688,-0.022421525
86,128,214,0.41796875,-0.19626168
114,120,234,0.45703125,-0.025641026
124,117,241,0.47070312,0.029045643
89,140,229,0.44726562,-0.22270742
80,151,231,0.45117188,-0.30735931
121,106,227,0.44335938,0.066079295
102,133,235,0.45898438,-0.13191489
145,100,245,0.47851562,0.18367347
120,110,230,0.44921875,0.043478261
123,106,229,0.44726562,0.074235808
121,102,223,0.43554688,0.085201794
114,126,240,0.46875,-0.05
151,69,220,0.4296875,0.37272727
136,82,218,0.42578125,0.24770642
116,112,228,0.4453125,0.01754386
80,153,233,0.45507812,-0.31330472
134,86,220,0.4296875,0.21818182
147,81,228,0.4453125,0.28947368
130,86,216,0.421875,0.2037037
126,102,228,0.4453125,0.10526316
130,100,230,0.44921875,0.13043478
146,85,231,0.45117188,0.26406926
118,104,222,0.43359375,0.063063063
147,99,246,0.48046875,0.19512195
89,151,240,0.46875,-0.25833333
114,112,226,0.44140625,0.0088495575
144,93,237,0.46289062,0.21518987
52,160,212,0.4140625,-0.50943396
106,123,229,0.44726562,-0.074235808
144,97,241,0.47070312,0.19502075
122,117,239,0.46679688,0.020920502
109,115,224,0.4375,-0.026785714
72,155,227,0.44335938,-0.36563877
133,101,234,0.45703125,0.13675214
96,118,214,0.41796875,-0.10280374
126,98,224,0.4375,0.125
169,70,239,0.46679688,0.41422594
117,119,236,0.4609375,-0.0084745763
105,124,229,0.44726562,-0.082969432
157,75,232,0.453125,0.35344828
109,106,215,0.41992188,0.013953488
117,122,239,0.46679688,-0.020920502
121,101,222,0.43359375,0.09009009
166,75,241,0.47070312,0.37759336
93,120,213,0.41601562,-0.12676056
98,128,226,0.44140625,-0.13274336
91,142,233,0.45507812,-0.21888412
137,95,232,0.453125,0.18103448
87,147,234,0.45703125,-0.25641026
99,116,215,0.41992188,-0.079069767
140,107,247,0.48242188,0.13360324
117,122,239,0.46679688,-0.020920502
100,131,231,0.45117188,-0.13419913
77,155,232,0.453125,-0.3362069
106,132,238,0.46484375,-0.1092437
111,120,231,0.45117188,-0.038961039
116,115,231,0.45117188,0.0043290043
140,96,236,0.4609375,0.18644068
139,86,225,0.43945312,0.23555556
152,69,221,0.43164062,0.37556561
94,136,230,0.44921875,-0.1826087
121,86,207,0.40429688,0.16908213
144,94,238,0.46484375,0.21008403
105,128,233,0.45507812,-0.098712446
113,115,228,0.4453125,-0.0087719298
117,130,247,0.48242188,-0.052631579
95,129,224,0.4375,-0.15178571
136,89,225,0.43945312,0.20888889
94,145,239,0.46679688,-0.21338912
77,176,253,0.49414062,-0.39130435
75,143,218,0.42578125,-0.31192661
73,165,238,0.46484375,-0.38655462
122,111,233,0.45507812,0.0472103
117,115,232,0.453125,0.0086206897
132,87,219,0.42773438,0.20547945
140,79,219,0.42773438,0.27853881
116,121,237,0.46289062,-0.021097046
69,150,219,0.42773438,-0.36986301
97,122,219,0.42773438,-0.11415525
115,111,226,0.44140625,0.017699115
66,160,226,0.44140625,-0.4159292
80,149,229,0.44726562,-0.30131004
72,146,218,0.42578125,-0.33944954
118,113,231,0.45117188,0.021645022
105,127,232,0.453125,-0.094827586
125,95,220,0.4296875,0.13636364
150,74,224,0.4375,0.33928571
88,134,222,0.43359375,-0.20720721
123,95,218,0.42578125,0.12844037
138,75,213,0.41601562,0.29577465
120,102,222,0.43359375,0.081081081
72,153,225,0.43945312,-0.36
139,90,229,0.44726562,0.2139738
78,164,242,0.47265625,-0.3553719
116,101,217,0.42382812,0.069124424
77,160,237,0.46289062,-0.35021097
153,75,228,0.4453125,0.34210526
110,116,226,0.44140625,-0.026548673
105,142,247,0.48242188,-0.14979757
135,97,232,0.453125,0.1637931
137,102,239,0.46679688,0.14644351
108,136,244,0.4765625,-0.1147541
107,128,235,0.45898438,-0.089361702
160,51,211,0.41210938,0.51658768
151,78,229,0.44726562,0.31877729
105,118,223,0.43554688,-0.058295964
199,41,240,0.46875,0.65833333
162,71,233,0.45507812,0.39055794
100,125,225,0.43945312,-0.11111111
101,120,221,0.43164062,-0.085972851
144,85,229,0.44726562,0.25764192
117,124,241,0.47070312,-0.029045643
125,104,229,0.44726562,0.091703057
156,69,225,0.43945312,0.38666667
56,169,225,0.43945312,-0.50222222
110,101,211,0.41210938,0.042654028
125,103,228,0.4453125,0.096491228
117,95,212,0.4140625,0.10377358
138,76,214,0.41796875,0.28971963
133,92,225,0.43945312,0.18222222
101,134,235,0.45898438,-0.14042553
121,116,237,0.46289062,0.021097046
118,117,235,0.45898438,0.0042553191
98,117,215,0.41992188,-0.088372093
142,88,230,0.44921875,0.23478261
105,117,222,0.43359375,-0.054054054
116,122,238,0.46484375,-0.025210084
122,111,233,0.45507812,0.0472103
93,136,229,0.44726562,-0.18777293
63,174,237,0.46289062,-0.46835443
99,139,238,0.46484375,-0.16806723
119,98,217,0.42382812,0.096774194
75,154,229,0.44726562,-0.34497817
110,101,211,0.41210938,0.042654028
117,92,209,0.40820312,0.11961722
112,124,236,0.4609375,-0.050847458
78,146,224,0.4375,-0.30357143
90,126,216,0.421875,-0.16666667
159,79,238,0.46484375,0.33613445
134,93,227,0.44335938,0.18061674
105,114,219,0.42773438,-0.04109589
89,139,228,0.4453125,-0.21929825
90,151,241,0.47070312,-0.25311203
133,94,227,0.44335938,0.17180617
96,129,225,0.43945312,-0.14666667
89,144,233,0.45507812,-0.2360515
85,139,224,0.4375,-0.24107143
100,130,230,0.44921875,-0.13043478
68,142,210,0.41015625,-0.35238095
117,105,222,0.43359375,0.054054054
107,134,241,0.47070312,-0.1120332
126,107,233,0.45507812,0.081545064
131,98,229,0.44726562,0.1441048
169,83,252,0.4921875,0.34126984
92,140,232,0.453125,-0.20689655
149,95,244,0.4765625,0.22131148
154,76,230,0.44921875,0.33913043
137,105,242,0.47265625,0.1322314
143,97,240,0.46875,0.19166667
92,134,226,0.44140625,-0.18584071
155,76,231,0.45117188,0.34199134
50,184,234,0.45703125,-0.57264957
157,85,242,0.47265625,0.29752066
141,99,240,0.46875,0.175
110,107,217,0.42382812,0.013824885
117,110,227,0.44335938,0.030837004
150,76,226,0.44140625,0.32743363
131,97,228,0.4453125,0.14912281
128,94,222,0.43359375,0.15315315
104,120,224,0.4375,-0.071428571
104,123,227,0.44335938,-0.083700441
123,107,230,0.44921875,0.069565217
144,85,229,0.44726562,0.25764192
81,145,226,0.44140625,-0.28318584
109,111,220,0.4296875,-0.0090909091
107,105,212,0.4140625,0.0094339623
111,124,235,0.45898438,-0.055319149
67,154,221,0.43164062,-0.39366516
127,100,227,0.44335938,0.11894273
89,127,216,0.421875,-0.17592593
112,122,234,0.45703125,-0.042735043
104,123,227,0.44335938,-0.083700441
151,72,223,0.43554688,0.35426009
80,145,225,0.43945312,-0.28888889
94,148,242,0.47265625,-0.2231405
196,35,231,0.45117188,0.6969697
65,166,231,0.45117188,-0.43722944
130,102,232,0.453125,0.12068966
115,107,222,0.43359375,0.036036036
136,100,236,0.4609375,0.15254237
122,117,239,0.46679688,0.020920502
117,122,239,0.46679688,-0.020920502
158,96,254,0.49609375,0.24409449
76,139,215,0.41992188,-0.29302326
91,146,237,0.46289062,-0.23206751
91,137,228,0.4453125,-0.20175439
113,108,221,0.43164062,0.022624434
103,120,223,0.43554688,-0.076233184
164,76,240,0.46875,0.36666667
129,93,222,0.43359375,0.16216216
103,121,224,0.4375,-0.080357143
105,100,205,0.40039062,0.024390244
115,118,233,0.45507812,-0.012875536
136,89,225,0.43945312,0.20888889
100,118,218,0.42578125,-0.082568807
107,122,229,0.44726562,-0.065502183
134,79,213,0.41601562,0.25821596
113,118,231,0.45117188,-0.021645022
93,137,230,0.44921875,-0.19130435
123,90,213,0.41601562,0.15492958
125,89,214,0.41796875,0.1682243
127,105,232,0.453125,0.094827586
108,120,228,0.4453125,-0.052631579
160,67,227,0.44335938,0.40969163
72,163,235,0.45898438,-0.38723404
90,139,229,0.44726562,-0.2139738
132,92,224,0.4375,0.17857143
103,125,228,0.4453125,-0.096491228
130,105,235,0.45898438,0.10638298
136,110,246,0.48046875,0.10569106
125,94,219,0.42773438,0.14155251
114,106,220,0.4296875,0.036363636
50,190,240,0.46875,-0.58333333
90,149,239,0.46679688,-0.24686192
89,149,238,0.46484375,-0.25210084
102,125,227,0.44335938,-0.10132159
141,96,237,0.46289062,0.18987342
124,103,227,0.44335938,0.092511013
98,133,231,0.45117188,-0.15151515
126,108,234,0.45703125,0.076923077
79,150,229,0.44726562,-0.31004367
73,146,219,0.42773438,-0.33333333
122,117,239,0.46679688,0.020920502
79,156,235,0.45898438,-0.32765957
143,95,238,0.46484375,0.20168067
189,40,229,0.44726562,0.65065502
67,170,237,0.46289062,-0.43459916
119,103,222,0.43359375,0.072072072
108,115,223,0.43554688,-0.031390135
104,123,227,0.44335938,-0.083700441
109,110,219,0.42773438,-0.00456621
134,91,225,0.43945312,0.19111111
128,89,217,0.42382812,0.1797235
130,99,229,0.44726562,0.13537118
143,90,233,0.45507812,0.22746781
123,117,240,0.46875,0.025
117,140,257,0.50195312,-0.089494163
105,116,221,0.43164062,-0.049773756
108,126,234,0.45703125,-0.076923077
89,140,229,0.44726562,-0.22270742
164,75,239,0.46679688,0.37238494
131,103,234,0.45703125,0.11965812
87,130,217,0.42382812,-0.19815668
117,113,230,0.44921875,0.017391304
77,162,239,0.46679688,-0.35564854
119,115,234,0.45703125,0.017094017
143,75,218,0.42578125,0.31192661
108,117,225,0.43945312,-0.04
132,100,232,0.453125,0.13793103
133,93,226,0.44140625,0.17699115
105,115,220,0.4296875,-0.045454545
155,87,242,0.47265625,0.28099174
74,154,228,0.4453125,-0.35087719
131,85,216,0.421875,0.21296296
129,86,215,0.41992188,0.2
99,128,227,0.44335938,-0.1277533
120,110,230,0.44921875,0.043478261
111,119,230,0.44921875,-0.034782609
111,122,233,0.45507812,-0.0472103
135,88,223,0.43554688,0.21076233
115,125,240,0.46875,-0.041666667
135,103,238,0.46484375,0.13445378
108,122,230,0.44921875,-0.060869565
117,114,231,0.45117188,0.012987013
134,102,236,0.4609375,0.13559322
103,117,220,0.4296875,-0.063636364
146,73,219,0.42773438,0.33333333
179,51,230,0.44921875,0.55652174
133,95,228,0.4453125,0.16666667
112,117,229,0.44726562,-0.021834061
111,120,231,0.45117188,-0.038961039
125,109,234,0.45703125,0.068376068
117,92,209,0.40820312,0.11961722
114,112,226,0.44140625,0.0088495575
147,82,229,0.44726562,0.28384279
111,115,226,0.44140625,-0.017699115
79,169,248,0.484375,-0.36290323
79,150,229,0.44726562,-0.31004367
93,136,229,0.44726562,-0.18777293
135,93,228,0.4453125,0.18421053
207,24,231,0.45117188,0.79220779
194,45,239,0.46679688,0.62343096
109,95,204,0.3984375,0.068627451
124,97,221,0.43164062,0.12217195
143,84,227,0.44335938,0.25991189
84,141,225,0.43945312,-0.25333333
67,158,225,0.43945312,-0.40444444
130,112,242,0.47265625,0.074380165
117,118,235,0.45898438,-0.0042553191
58,177,235,0.45898438,-0.50638298
94,138,232,0.453125,-0.18965517
126,109,235,0.45898438,0.072340426
114,108,222,0.43359375,0.027027027
134,107,241,0.47070312,0.1120332
110,128,238,0.46484375,-0.075630252
147,95,242,0.47265625,0.21487603
115,115,230,0.44921875,0
113,107,220,0.4296875,0.027272727
124,94,218,0.42578125,0.13761468
76,153,229,0.44726562,-0.33624454
108,111,219,0.42773438,-0.01369863
115,113,228,0.4453125,0.0087719298
156,79,235,0.45898438,0.32765957
95,117,212,0.4140625,-0.10377358
142,84,226,0.44140625,0.25663717
132,98,230,0.44921875,0.14782609
87,157,244,0.4765625,-0.28688525
111,111,222,0.43359375,0
140,86,226,0.44140625,0.23893805
101,131,232,0.453125,-0.12931034
156,76,232,0.453125,0.34482759
127,121,248,0.484375,0.024193548
132,111,243,0.47460938,0.086419753
119,114,233,0.45507812,0.021459227
102,123,225,0.43945312,-0.093333333
124,92,216,0.421875,0.14814815
152,88,240,0.46875,0.26666667
97,129,226,0.44140625,-0.14159292
75,155,230,0.44921875,-0.34782609
107,109,216,0.421875,-0.0092592593
127,115,242,0.47265625,0.049586777
135,94,229,0.44726562,0.1790393
125,114,239,0.46679688,0.046025105
109,105,214,0.41796875,0.018691589
107,127,234,0.45703125,-0.085470085
157,82,239,0.46679688,0.31380753
118,115,233,0.45507812,0.012875536
132,93,225,0.43945312,0.17333333
137,96,233,0.45507812,0.17596567
148,78,226,0.44140625,0.30973451
152,87,239,0.46679688,0.27196653
147,90,237,0.46289062,0.24050633
101,109,210,0.41015625,-0.038095238
110,127,237,0.46289062,-0.071729958
87,125,212,0.4140625,-0.17924528
149,84,233,0.45507812,0.27896996
79,146,225,0.43945312,-0.29777778
132,102,234,0.45703125,0.12820513
77,151,228,0.4453125,-0.3245614
122,105,227,0.44335938,0.074889868
95,132,227,0.44335938,-0.16299559
156,86,242,0.47265625,0.2892562
103,124,227,0.44335938,-0.092511013
115,122,237,0.46289062,-0.029535865
123,102,225,0.43945312,0.093333333
125,101,226,0.44140625,0.10619469
95,136,231,0.45117188,-0.17748918
102,114,216,0.421875,-0.055555556
119,113,232,0.453125,0.025862069
110,113,223,0.43554688,-0.013452915
116,105,221,0.43164062,0.049773756
150,84,234,0.45703125,0.28205128
96,128,224,0.4375,-0.14285714
121,118,239,0.46679688,0.012552301
89,137,226,0.44140625,-0.21238938
123,111,234,0.45703125,0.051282051
118,108,226,0.44140625,0.044247788
102,121,223,0.43554688,-0.085201794
99,113,212,0.4140625,-0.066037736
114,104,218,0.42578125,0.04587156
64,171,235,0.45898438,-0.45531915
117,112,229,0.44726562,0.021834061
117,116,233,0.45507812,0.0042918455
59,172,231,0.45117188,-0.48917749
149,86,235,0.45898438,0.26808511
94,117,211,0.41210938,-0.10900474
96,129,225,0.43945312,-0.14666667
99,131,230,0.44921875,-0.13913043
100,119,219,0.42773438,-0.086757991
93,143,236,0.4609375,-0.21186441
160,74,234,0.45703125,0.36752137
82,152,234,0.45703125,-0.2991453
94,123,217,0.42382812,-0.13364055
103,114,217,0.42382812,-0.050691244
142,101,243,0.47460938,0.16872428
110,136,246,0.48046875,-0.10569106
112,132,244,0.4765625,-0.081967213
110,118,228,0.4453125,-0.035087719
95,137,232,0.453125,-0.18103448
127,111,238,0.46484375,0.067226891
92,131,223,0.43554688,-0.17488789
133,125,258,0.50390625,0.031007752
164,64,228,0.4453125,0.43859649
160,64,224,0.4375,0.42857143
142,85,227,0.44335938,0.25110132
139,81,220,0.4296875,0.26363636
96,141,237,0.46289062,-0.18987342
121,114,235,0.45898438,0.029787234
106,126,232,0.453125,-0.086206897
131,93,224,0.4375,0.16964286
178,67,245,0.47851562,0.45306122
106,121,227,0.44335938,-0.066079295
117,106,223,0.43554688,0.049327354
101,113,214,0.41796875,-0.056074766
129,110,239,0.46679688,0.079497908
78,153,231,0.45117188,-0.32467532
100,114,214,0.41796875,-0.065420561
138,82,220,0.4296875,0.25454545
99,134,233,0.45507812,-0.15021459
123,90,213,0.41601562,0.15492958
84,151,235,0.45898438,-0.28510638
112,118,230,0.44921875,-0.026086957
92,151,243,0.47460938,-0.24279835
68,152,220,0.4296875,-0.38181818
95,131,226,0.44140625,-0.15929204
93,119,212,0.4140625,-0.12264151
78,142,220,0.4296875,-0.29090909
75,152,227,0.44335938,-0.33920705
101,132,233,0.45507812,-0.13304721
130,97,227,0.44335938,0.14537445
152,85,237,0.46289062,0.28270042
127,104,231,0.45117188,0.0995671
112,107,219,0.42773438,0.02283105
96,136,232,0.453125,-0.17241379
99,141,240,0.46875,-0.175
87,127,214,0.41796875,-0.18691589
144,78,222,0.43359375,0.2972973
104,115,219,0.42773438,-0.050228311
140,90,230,0.44921875,0.2173913
107,124,231,0.45117188,-0.073593074
100,142,242,0.47265625,-0.17355372
90,145,235,0.45898438,-0.23404255
101,126,227,0.44335938,-0.11013216
96,117,213,0.41601562,-0.098591549
113,122,235,0.45898438,-0.038297872
116,103,219,0.42773438,0.059360731
107,112,219,0.42773438,-0.02283105
131,93,224,0.4375,0.16964286
124,114,238,0.46484375,0.042016807
69,162,231,0.45117188,-0.4025974
128,103,231,0.45117188,0.10822511
119,127,246,0.48046875,-0.032520325
119,114,233,0.45507812,0.021459227
168,62,230,0.44921875,0.46086957
93,132,225,0.43945312,-0.17333333
115,103,218,0.42578125,0.055045872
102,135,237,0.46289062,-0.13924051
105,139,244,0.4765625,-0.13934426
114,106,220,0.4296875,0.036363636
87,141,228,0.4453125,-0.23684211
138,98,236,0.4609375,0.16949153
65,163,228,0.4453125,-0.42982456
164,63,227,0.44335938,0.44493392
133,87,220,0.4296875,0.20909091
70,163,233,0.45507812,-0.39914163
106,132,238,0.46484375,-0.1092437
133,87,220,0.4296875,0.20909091
134,104,238,0.46484375,0.12605042
66,159,225,0.43945312,-0.41333333
109,126,235,0.45898438,-0.072340426
105,118,223,0.43554688,-0.058295964
103,123,226,0.44140625,-0.088495575
123,106,229,0.44726562,0.074235808
113,123,236,0.4609375,-0.042372881
91,131,222,0.43359375,-0.18018018
155,92,247,0.48242188,0.25506073
119,103,222,0.43359375,0.072072072
164,62,226,0.44140625,0.45132743
50,192,242,0.47265625,-0.58677686
72,152,224,0.4375,-0.35714286
103,111,214,0.41796875,-0.037383178
124,100,224,0.4375,0.10714286
136,105,241,0.47070312,0.12863071
116,108,224,0.4375,0.035714286
60,169,229,0.44726562,-0.47598253
209,41,250,0.48828125,0.672
125,118,243,0.47460938,0.028806584
115,120,235,0.45898438,-0.021276596
72,137,209,0.40820312,-0.31100478
91,141,232,0.453125,-0.21551724
69,156,225,0.43945312,-0.38666667
108,135,243,0.47460938,-0.11111111
113,117,230,0.44921875,-0.017391304
96,135,231,0.45117188,-0.16883117
81,152,233,0.45507812,-0.30472103
108,113,221,0.43164062,-0.022624434
151,84,235,0.45898438,0.28510638
121,110,231,0.45117188,0.047619048
120,115,235,0.45898438,0.021276596
95,129,224,0.4375,-0.15178571
168,58,226,0.44140625,0.48672566
93,143,236,0.4609375,-0.21186441
128,100,228,0.4453125,0.12280702
141,92,233,0.45507812,0.21030043
134,97,231,0.45117188,0.16017316
85,130,215,0.41992188,-0.20930233
71,163,234,0.45703125,-0.39316239
118,110,228,0.4453125,0.035087719
147,98,245,0.47851562,0.2
73,160,233,0.45507812,-0.37339056
134,112,246,0.48046875,0.089430894
112,109,221,0.43164062,0.013574661
124,104,228,0.4453125,0.087719298
113,104,217,0.42382812,0.041474654
110,115,225,0.43945312,-0.022222222
143,92,235,0.45898438,0.21702128
95,127,222,0.43359375,-0.14414414
131,111,242,0.47265625,0.082644628
120,117,237,0.46289062,0.012658228
100,124,224,0.4375,-0.10714286
87,136,223,0.43554688,-0.21973094
113,127,240,0.46875,-0.058333333
110,107,217,0.42382812,0.013824885
105,114,219,0.42773438,-0.04109589
116,103,219,0.42773438,0.059360731
66,170,236,0.4609375,-0.44067797
147,84,231,0.45117188,0.27272727
132,96,228,0.4453125,0.15789474
167,61,228,0.4453125,0.46491228
108,121,229,0.44726562,-0.056768559
145,99,244,0.4765625,0.18852459
108,119,227,0.44335938,-0.04845815
104,123,227,0.44335938,-0.083700441
95,144,239,0.46679688,-0.20502092
133,102,235,0.45898438,0.13191489
93,130,223,0.43554688,-0.16591928
112,102,214,0.41796875,0.046728972
114,120,234,0.45703125,-0.025641026
143,97,240,0.46875,0.19166667
130,90,220,0.4296875,0.18181818
143,92,235,0.45898438,0.21702128
151,83,234,0.45703125,0.29059829
132,95,227,0.44335938,0.16299559
87,137,224,0.4375,-0.22321429
129,93,222,0.43359375,0.16216216
113,128,241,0.47070312,-0.062240664
87,135,222,0.43359375,-0.21621622
92,135,227,0.44335938,-0.18942731
128,120,248,0.484375,0.032258065
152,86,238,0.46484375,0.27731092
113,120,233,0.45507812,-0.030042918
58,167,225,0.43945312,-0.48444444
78,163,241,0.47070312,-0.3526971
68,163,231,0.45117188,-0.41125541
137,81,218,0.42578125,0.25688073
113,110,223,0.43554688,0.013452915
129,105,234,0.45703125,0.1025641
125,98,223,0.43554688,0.12107623
112,115,227,0.44335938,-0.013215859
164,57,221,0.43164062,0.4841629
