n_hor,n_ver,n_tot,eta,S
135,196,331,0.64648438,-0.18429003
97,234,331,0.64648438,-0.41389728
125,199,324,0.6328125,-0.22839506
149,194,343,0.66992188,-0.13119534
114,212,326,0.63671875,-0.3006135
128,194,322,0.62890625,-0.20496894
175,150,325,0.63476562,0.076923077
133,204,337,0.65820312,-0.21068249
135,184,319,0.62304688,-0.15360502
144,179,323,0.63085938,-0.10835913
154,171,325,0.63476562,-0.052307692
112,210,322,0.62890625,-0.30434783
59,268,327,0.63867188,-0.63914373
81,255,336,0.65625,-0.51785714
104,224,328,0.640625,-0.36585366
74,258,332,0.6484375,-0.55421687
29,300,329,0.64257812,-0.82370821
32,303,335,0.65429688,-0.80895522
75,249,324,0.6328125,-0.53703704
17,332,349,0.68164062,-0.9025788
27,319,346,0.67578125,-0.84393064
25,309,334,0.65234375,-0.8502994
13,331,344,0.671875,-0.9244186
3,336,339,0.66210938,-0.98230088
12,336,348,0.6796875,-0.93103448
2,346,348,0.6796875,-0.98850575
33,299,332,0.6484375,-0.80120482
50,261,311,0.60742188,-0.67845659
37,294,331,0.64648438,-0.77643505
8,314,322,0.62890625,-0.95031056
5,326,331,0.64648438,-0.96978852
6,337,343,0.66992188,-0.96501458
3,321,324,0.6328125,-0.98148148
2,327,329,0.64257812,-0.98784195
0,338,338,0.66015625,-1
0,342,342,0.66796875,-1
2,340,342,0.66796875,-0.98830409
16,325,341,0.66601562,-0.90615836
27,315,342,0.66796875,-0.84210526
0,327,327,0.63867188,-1
10,330,340,0.6640625,-0.94117647
19,315,334,0.65234375,-0.88622754
3,339,342,0.66796875,-0.98245614
5,329,334,0.65234375,-0.97005988
4,338,342,0.66796875,-0.97660819
1,339,340,0.6640625,-0.99411765
8,327,335,0.65429688,-0.95223881
35,297,332,0.6484375,-0.78915663
41,292,333,0.65039062,-0.75375375
31,303,334,0.65234375,-0.81437126
59,273,332,0.6484375,-0.64457831
40,296,336,0.65625,-0.76190476
33,304,337,0.65820312,-0.8041543
23,309,332,0.6484375,-0.86144578
14,319,333,0.65039062,-0.91591592
13,315,328,0.640625,-0.92073171
13,316,329,0.64257812,-0.92097264
16,309,325,0.63476562,-0.90153846
14,319,333,0.65039062,-0.91591592
7,334,341,0.66601562,-0.95894428
15,325,340,0.6640625,-0.91176471
23,310,333,0.65039062,-0.86186186
33,296,329,0.64257812,-0.7993921
36,287,323,0.63085938,-0.77708978
47,289,336,0.65625,-0.7202381
7,336,343,0.66992188,-0.95918367
33,302,335,0.65429688,-0.80298507
48,278,326,0.63671875,-0.70552147
34,305,339,0.66210938,-0.79941003
32,303,335,0.65429688,-0.80895522
34,302,336,0.65625,-0.79761905
27,311,338,0.66015625,-0.84023669
17,313,330,0.64453125,-0.8969697
1,336,337,0.65820312,-0.99406528
17,313,330,0.64453125,-0.8969697
5,329,334,0.65234375,-0.97005988
2,339,341,0.66601562,-0.98826979
7,320,327,0.63867188,-0.95718654
23,309,332,0.6484375,-0.86144578
17,316,333,0.65039062,-0.8978979
2,333,335,0.65429688,-0.9880597
3,334,337,0.65820312,-0.98219585
0,343,343,0.66992188,-1
9,344,353,0.68945312,-0.9490085
5,329,334,0.65234375,-0.97005988
1,345,346,0.67578125,-0.99421965
33,286,319,0.62304688,-0.79310345
10,330,340,0.6640625,-0.94117647
35,306,341,0.66601562,-0.79472141
29,317,346,0.67578125,-0.83236994
28,301,329,0.64257812,-0.82978723
34,296,330,0.64453125,-0.79393939
19,315,334,0.65234375,-0.88622754
23,324,347,0.67773438,-0.86743516
29,296,325,0.63476562,-0.82153846
43,283,326,0.63671875,-0.73619632
20,311,331,0.64648438,-0.87915408
20,312,332,0.6484375,-0.87951807
28,309,337,0.65820312,-0.83382789
31,301,332,0.6484375,-0.81325301
12,327,339,0.66210938,-0.92920354
28,311,339,0.66210938,-0.83480826
16,311,327,0.63867188,-0.90214067
24,295,319,0.62304688,-0.84952978
17,327,344,0.671875,-0.90116279
12,320,332,0.6484375,-0.92771084
2,337,339,0.66210938,-0.98820059
0,334,334,0.65234375,-1
3,340,343,0.66992188,-0.98250729
6,325,331,0.64648438,-0.96374622
18,314,332,0.6484375,-0.89156627
0,341,341,0.66601562,-1
32,312,344,0.671875,-0.81395349
16,320,336,0.65625,-0.9047619
0,339,339,0.66210938,-1
25,310,335,0.65429688,-0.85074627
47,276,323,0.63085938,-0.70897833
64,275,339,0.66210938,-0.62241888
48,277,325,0.63476562,-0.70461538
40,296,336,0.65625,-0.76190476
40,285,325,0.63476562,-0.75384615
48,285,333,0.65039062,-0.71171171
35,284,319,0.62304688,-0.78056426
48,278,326,0.63671875,-0.70552147
78,249,327,0.63867188,-0.52293578
54,277,331,0.64648438,-0.67371601
79,240,319,0.62304688,-0.50470219
91,246,337,0.65820312,-0.45994065
105,212,317,0.61914062,-0.33753943
92,246,338,0.66015625,-0.4556213
106,215,321,0.62695312,-0.33956386
99,223,322,0.62890625,-0.38509317
120,208,328,0.640625,-0.26829268
139,202,341,0.66601562,-0.18475073
132,209,341,0.66601562,-0.22580645
92,230,322,0.62890625,-0.42857143
98,228,326,0.63671875,-0.39877301
56,270,326,0.63671875,-0.65644172
55,275,330,0.64453125,-0.66666667
37,302,339,0.66210938,-0.78171091
11,325,336,0.65625,-0.93452381
17,311,328,0.640625,-0.89634146
10,330,340,0.6640625,-0.94117647
32,295,327,0.63867188,-0.80428135
16,310,326,0.63671875,-0.90184049
12,330,342,0.66796875,-0.92982456
20,317,337,0.65820312,-0.88130564
22,314,336,0.65625,-0.86904762
6,341,347,0.67773438,-0.96541787
15,315,330,0.64453125,-0.90909091
10,323,333,0.65039062,-0.93993994
10,319,329,0.64257812,-0.93920973
4,338,342,0.66796875,-0.97660819
6,321,327,0.63867188,-0.96330275
6,337,343,0.66992188,-0.96501458
8,324,332,0.6484375,-0.95180723
8,331,339,0.66210938,-0.95280236
10,326,336,0.65625,-0.94047619
20,301,321,0.62695312,-0.87538941
45,283,328,0.640625,-0.72560976
12,324,336,0.65625,-0.92857143
6,335,341,0.66601562,-0.96480938
3,336,339,0.66210938,-0.98230088
20,307,327,0.63867188,-0.87767584
67,278,345,0.67382812,-0.6115942
30,298,328,0.640625,-0.81707317
13,320,333,0.65039062,-0.92192192
1,338,339,0.66210938,-0.99410029
4,340,344,0.671875,-0.97674419
17,312,329,0.64257812,-0.89665653
33,299,332,0.6484375,-0.80120482
66,262,328,0.640625,-0.59756098
73,252,325,0.63476562,-0.55076923
89,245,334,0.65234375,-0.46706587
60,272,332,0.6484375,-0.63855422
47,277,324,0.6328125,-0.70987654
58,261,319,0.62304688,-0.63636364
41,284,325,0.63476562,-0.74769231
16,318,334,0.65234375,-0.90419162
15,326,341,0.66601562,-0.91202346
10,319,329,0.64257812,-0.93920973
9,321,330,0.64453125,-0.94545455
20,305,325,0.63476562,-0.87692308
12,323,335,0.65429688,-0.92835821
17,318,335,0.65429688,-0.89850746
13,338,351,0.68554688,-0.92592593
9,332,341,0.66601562,-0.94721408
7,339,346,0.67578125,-0.95953757
32,297,329,0.64257812,-0.80547112
22,306,328,0.640625,-0.86585366
44,285,329,0.64257812,-0.7325228
29,305,334,0.65234375,-0.82634731
40,279,319,0.62304688,-0.7492163
17,313,330,0.64453125,-0.8969697
12,323,335,0.65429688,-0.92835821
23,318,341,0.66601562,-0.86510264
35,302,337,0.65820312,-0.79228487
24,324,348,0.6796875,-0.86206897
6,338,344,0.671875,-0.96511628
2,335,337,0.65820312,-0.98813056
1,357,358,0.69921875,-0.99441341
6,332,338,0.66015625,-0.96449704
5,337,342,0.66796875,-0.97076023
12,307,319,0.62304688,-0.92476489
18,324,342,0.66796875,-0.89473684
18,320,338,0.66015625,-0.89349112
14,311,325,0.63476562,-0.91384615
29,303,332,0.6484375,-0.8253012
15,326,341,0.66601562,-0.91202346
6,332,338,0.66015625,-0.96449704
18,316,334,0.65234375,-0.89221557
11,322,333,0.65039062,-0.93393393
29,294,323,0.63085938,-0.82043344
32,305,337,0.65820312,-0.81008902
44,288,332,0.6484375,-0.73493976
14,316,330,0.64453125,-0.91515152
22,318,340,0.6640625,-0.87058824
45,301,346,0.67578125,-0.73988439
77,243,320,0.625,-0.51875
70,267,337,0.65820312,-0.58456973
67,262,329,0.64257812,-0.59270517
101,231,332,0.6484375,-0.39156627
88,242,330,0.64453125,-0.46666667
103,222,325,0.63476562,-0.36615385
122,216,338,0.66015625,-0.27810651
95,235,330,0.64453125,-0.42424242
104,226,330,0.64453125,-0.36969697
93,233,326,0.63671875,-0.42944785
91,240,331,0.64648438,-0.45015106
52,289,341,0.66601562,-0.69501466
0,346,346,0.67578125,-1
5,342,347,0.67773438,-0.97118156
9,335,344,0.671875,-0.94767442
9,317,326,0.63671875,-0.94478528
10,327,337,0.65820312,-0.94065282
15,323,338,0.66015625,-0.9112426
12,323,335,0.65429688,-0.92835821
9,328,337,0.65820312,-0.94658754
11,319,330,0.64453125,-0.93333333
2,341,343,0.66992188,-0.98833819
13,326,339,0.66210938,-0.92330383
1,358,359,0.70117188,-0.99442897
6,320,326,0.63671875,-0.96319018
7,326,333,0.65039062,-0.95795796
15,320,335,0.65429688,-0.91044776
32,303,335,0.65429688,-0.80895522
40,285,325,0.63476562,-0.75384615
43,291,334,0.65234375,-0.74251497
37,293,330,0.64453125,-0.77575758
55,273,328,0.640625,-0.66463415
81,253,334,0.65234375,-0.51497006
110,213,323,0.63085938,-0.31888545
94,222,316,0.6171875,-0.40506329
102,220,322,0.62890625,-0.36645963
124,209,333,0.65039062,-0.25525526
76,251,327,0.63867188,-0.5351682
68,258,326,0.63671875,-0.58282209
101,236,337,0.65820312,-0.40059347
83,240,323,0.63085938,-0.48606811
90,232,322,0.62890625,-0.44099379
67,263,330,0.64453125,-0.59393939
83,239,322,0.62890625,-0.48447205
102,224,326,0.63671875,-0.37423313
122,196,318,0.62109375,-0.2327044
94,238,332,0.6484375,-0.43373494
52,291,343,0.66992188,-0.696793
66,266,332,0.6484375,-0.60240964
86,241,327,0.63867188,-0.47400612
49,278,327,0.63867188,-0.70030581
58,270,328,0.640625,-0.64634146
25,311,336,0.65625,-0.85119048
13,325,338,0.66015625,-0.92307692
19,314,333,0.65039062,-0.88588589
24,311,335,0.65429688,-0.85671642
9,325,334,0.65234375,-0.94610778
14,326,340,0.6640625,-0.91764706
7,332,339,0.66210938,-0.95870206
15,312,327,0.63867188,-0.90825688
1,347,348,0.6796875,-0.99425287
20,319,339,0.66210938,-0.8820059
7,339,346,0.67578125,-0.95953757
21,307,328,0.640625,-0.87195122
20,325,345,0.67382812,-0.88405797
8,321,329,0.64257812,-0.95136778
0,333,333,0.65039062,-1
14,319,333,0.65039062,-0.91591592
18,298,316,0.6171875,-0.88607595
12,324,336,0.65625,-0.92857143
0,345,345,0.67382812,-1
1,331,332,0.6484375,-0.9939759
0,339,339,0.66210938,-1
12,325,337,0.65820312,-0.92878338
9,337,346,0.67578125,-0.94797688
25,331,356,0.6953125,-0.85955056
16,311,327,0.63867188,-0.90214067
25,304,329,0.64257812,-0.84802432
26,318,344,0.671875,-0.84883721
45,296,341,0.66601562,-0.73607038
10,322,332,0.6484375,-0.93975904
10,330,340,0.6640625,-0.94117647
46,285,331,0.64648438,-0.72205438
28,311,339,0.66210938,-0.83480826
24,303,327,0.63867188,-0.85321101
6,329,335,0.65429688,-0.9641791
4,321,325,0.63476562,-0.97538462
12,325,337,0.65820312,-0.92878338
12,323,335,0.65429688,-0.92835821
13,314,327,0.63867188,-0.9204893
12,328,340,0.6640625,-0.92941176
18,319,337,0.65820312,-0.89317507
13,338,351,0.68554688,-0.92592593
12,330,342,0.66796875,-0.92982456
1,337,338,0.66015625,-0.99408284
36,294,330,0.64453125,-0.78181818
23,305,328,0.640625,-0.8597561
36,289,325,0.63476562,-0.77846154
10,326,336,0.65625,-0.94047619
2,349,351,0.68554688,-0.98860399
1,334,335,0.65429688,-0.99402985
16,317,333,0.65039062,-0.9039039
9,339,348,0.6796875,-0.94827586
7,329,336,0.65625,-0.95833333
1,341,342,0.66796875,-0.99415205
18,313,331,0.64648438,-0.89123867
15,318,333,0.65039062,-0.90990991
1,334,335,0.65429688,-0.99402985
12,322,334,0.65234375,-0.92814371
20,310,330,0.64453125,-0.87878788
16,328,344,0.671875,-0.90697674
31,310,341,0.66601562,-0.81818182
24,313,337,0.65820312,-0.85756677
12,329,341,0.66601562,-0.92961877
0,337,337,0.65820312,-1
7,332,339,0.66210938,-0.95870206
6,325,331,0.64648438,-0.96374622
4,338,342,0.66796875,-0.97660819
6,337,343,0.66992188,-0.96501458
15,320,335,0.65429688,-0.91044776
25,302,327,0.63867188,-0.8470948
28,297,325,0.63476562,-0.82769231
15,332,347,0.67773438,-0.91354467
9,326,335,0.65429688,-0.94626866
7,319,326,0.63671875,-0.95705521
24,321,345,0.67382812,-0.86086957
4,331,335,0.65429688,-0.9761194
1,341,342,0.66796875,-0.99415205
15,312,327,0.63867188,-0.90825688
9,324,333,0.65039062,-0.94594595
24,310,334,0.65234375,-0.85628743
6,334,340,0.6640625,-0.96470588
18,320,338,0.66015625,-0.89349112
11,323,334,0.65234375,-0.93413174
20,318,338,0.66015625,-0.8816568
11,323,334,0.65234375,-0.93413174
25,302,327,0.63867188,-0.8470948
40,278,318,0.62109375,-0.74842767
20,309,329,0.64257812,-0.87841945
36,308,344,0.671875,-0.79069767
24,309,333,0.65039062,-0.85585586
39,289,328,0.640625,-0.76219512
46,286,332,0.6484375,-0.72289157
31,298,329,0.64257812,-0.81155015
16,315,331,0.64648438,-0.90332326
4,336,340,0.6640625,-0.97647059
9,326,335,0.65429688,-0.94626866
14,329,343,0.66992188,-0.91836735
7,330,337,0.65820312,-0.95845697
7,326,333,0.65039062,-0.95795796
12,321,333,0.65039062,-0.92792793
4,333,337,0.65820312,-0.97626113
10,326,336,0.65625,-0.94047619
20,303,323,0.63085938,-0.87616099
22,320,342,0.66796875,-0.87134503
15,315,330,0.64453125,-0.90909091
21,311,332,0.6484375,-0.87349398
7,344,351,0.68554688,-0.96011396
9,322,331,0.64648438,-0.94561934
10,316,326,0.63671875,-0.93865031
9,329,338,0.66015625,-0.94674556
9,324,333,0.65039062,-0.94594595
28,303,331,0.64648438,-0.83081571
49,292,341,0.66601562,-0.71260997
65,260,325,0.63476562,-0.6
79,245,324,0.6328125,-0.51234568
93,240,333,0.65039062,-0.44144144
88,244,332,0.6484375,-0.46987952
110,221,331,0.64648438,-0.33534743
114,212,326,0.63671875,-0.3006135
173,158,331,0.64648438,0.045317221
174,160,334,0.65234375,0.041916168
189,129,318,0.62109375,0.18867925
185,130,315,0.61523438,0.17460317
195,132,327,0.63867188,0.19266055
231,101,332,0.6484375,0.39156627
201,127,328,0.640625,0.22560976
188,134,322,0.62890625,0.16770186
220,109,329,0.64257812,0.33738602
199,126,325,0.63476562,0.22461538
295,35,330,0.64453125,0.78787879
312,25,337,0.65820312,0.85163205
326,9,335,0.65429688,0.94626866
306,20,326,0.63671875,0.87730061
316,21,337,0.65820312,0.87537092
318,6,324,0.6328125,0.96296296
334,2,336,0.65625,0.98809524
311,24,335,0.65429688,0.85671642
288,47,335,0.65429688,0.71940299
315,10,325,0.63476562,0.93846154
311,31,342,0.66796875,0.81871345
302,37,339,0.66210938,0.78171091
330,5,335,0.65429688,0.97014925
321,17,338,0.66015625,0.89940828
320,16,336,0.65625,0.9047619
319,15,334,0.65234375,0.91017964
292,46,338,0.66015625,0.72781065
289,48,337,0.65820312,0.71513353
328,6,334,0.65234375,0.96407186
313,24,337,0.65820312,0.85756677
299,23,322,0.62890625,0.85714286
341,2,343,0.66992188,0.98833819
307,17,324,0.6328125,0.89506173
315,13,328,0.640625,0.92073171
305,26,331,0.64648438,0.8429003
288,32,320,0.625,0.8
309,28,337,0.65820312,0.83382789
302,35,337,0.65820312,0.79228487
321,20,341,0.66601562,0.88269795
320,13,333,0.65039062,0.92192192
293,40,333,0.65039062,0.75975976
312,21,333,0.65039062,0.87387387
302,21,323,0.63085938,0.86996904
318,22,340,0.6640625,0.87058824
307,17,324,0.6328125,0.89506173
321,17,338,0.66015625,0.89940828
346,7,353,0.68945312,0.96033994
326,2,328,0.640625,0.98780488
335,5,340,0.6640625,0.97058824
328,8,336,0.65625,0.95238095
295,30,325,0.63476562,0.81538462
315,20,335,0.65429688,0.88059701
321,7,328,0.640625,0.95731707
335,2,337,0.65820312,0.98813056
336,0,336,0.65625,1
319,18,337,0.65820312,0.89317507
328,7,335,0.65429688,0.95820896
294,35,329,0.64257812,0.78723404
272,57,329,0.64257812,0.65349544
286,46,332,0.6484375,0.72289157
267,59,326,0.63671875,0.63803681
299,32,331,0.64648438,0.80664653
331,15,346,0.67578125,0.9132948
328,12,340,0.6640625,0.92941176
340,1,341,0.66601562,0.9941349
337,8,345,0.67382812,0.95362319
321,18,339,0.66210938,0.89380531
305,38,343,0.66992188,0.77842566
253,75,328,0.640625,0.54268293
237,91,328,0.640625,0.44512195
225,106,331,0.64648438,0.35951662
212,111,323,0.63085938,0.3126935
185,135,320,0.625,0.15625
183,148,331,0.64648438,0.10574018
226,100,326,0.63671875,0.38650307
234,84,318,0.62109375,0.47169811
250,86,336,0.65625,0.48809524
281,58,339,0.66210938,0.65781711
282,65,347,0.67773438,0.62536023
290,47,337,0.65820312,0.72106825
300,28,328,0.640625,0.82926829
336,7,343,0.66992188,0.95918367
332,3,335,0.65429688,0.98208955
331,7,338,0.66015625,0.95857988
326,5,331,0.64648438,0.96978852
313,16,329,0.64257812,0.90273556
333,15,348,0.6796875,0.9137931
309,29,338,0.66015625,0.82840237
326,12,338,0.66015625,0.92899408
319,13,332,0.6484375,0.92168675
313,10,323,0.63085938,0.9380805
314,17,331,0.64648438,0.89728097
332,7,339,0.66210938,0.95870206
313,34,347,0.67773438,0.80403458
308,18,326,0.63671875,0.88957055
295,28,323,0.63085938,0.82662539
282,51,333,0.65039062,0.69369369
262,82,344,0.671875,0.52325581
259,62,321,0.62695312,0.61370717
272,46,318,0.62109375,0.71069182
292,37,329,0.64257812,0.77507599
298,21,319,0.62304688,0.86833856
310,29,339,0.66210938,0.82890855
301,41,342,0.66796875,0.76023392
321,18,339,0.66210938,0.89380531
339,2,341,0.66601562,0.98826979
338,9,347,0.67773438,0.9481268
294,36,330,0.64453125,0.78181818
324,9,333,0.65039062,0.94594595
348,1,349,0.68164062,0.99426934
320,5,325,0.63476562,0.96923077
322,20,342,0.66796875,0.88304094
322,29,351,0.68554688,0.83475783
322,8,330,0.64453125,0.95151515
309,30,339,0.66210938,0.82300885
310,31,341,0.66601562,0.81818182
309,30,339,0.66210938,0.82300885
303,25,328,0.640625,0.84756098
325,10,335,0.65429688,0.94029851
327,3,330,0.64453125,0.98181818
303,26,329,0.64257812,0.84194529
340,1,341,0.66601562,0.9941349
322,17,339,0.66210938,0.89970501
291,35,326,0.63671875,0.78527607
341,5,346,0.67578125,0.97109827
338,1,339,0.66210938,0.99410029
328,9,337,0.65820312,0.94658754
318,7,325,0.63476562,0.95692308
333,5,338,0.66015625,0.9704142
320,7,327,0.63867188,0.95718654
327,9,336,0.65625,0.94642857
330,6,336,0.65625,0.96428571
310,18,328,0.640625,0.8902439
299,29,328,0.640625,0.82317073
302,30,332,0.6484375,0.81927711
311,20,331,0.64648438,0.87915408
347,0,347,0.67773438,1
314,13,327,0.63867188,0.9204893
309,24,333,0.65039062,0.85585586
315,23,338,0.66015625,0.86390533
301,34,335,0.65429688,0.79701493
334,11,345,0.67382812,0.93623188
333,2,335,0.65429688,0.9880597
320,24,344,0.671875,0.86046512
316,23,339,0.66210938,0.86430678
295,39,334,0.65234375,0.76646707
262,67,329,0.64257812,0.59270517
248,83,331,0.64648438,0.49848943
258,78,336,0.65625,0.53571429
263,67,330,0.64453125,0.59393939
269,64,333,0.65039062,0.61561562
280,62,342,0.66796875,0.6374269
292,29,321,0.62695312,0.81931464
303,30,333,0.65039062,0.81981982
294,40,334,0.65234375,0.76047904
293,39,332,0.6484375,0.76506024
317,16,333,0.65039062,0.9039039
287,39,326,0.63671875,0.7607362
327,11,338,0.66015625,0.93491124
322,23,345,0.67382812,0.86666667
331,8,339,0.66210938,0.95280236
344,0,344,0.671875,1
323,4,327,0.63867188,0.97553517
339,12,351,0.68554688,0.93162393
309,35,344,0.671875,0.79651163
323,10,333,0.65039062,0.93993994
327,7,334,0.65234375,0.95808383
319,3,322,0.62890625,0.98136646
312,23,335,0.65429688,0.86268657
313,24,337,0.65820312,0.85756677
325,8,333,0.65039062,0.95195195
305,20,325,0.63476562,0.87692308
321,11,332,0.6484375,0.93373494
303,22,325,0.63476562,0.86461538
327,8,335,0.65429688,0.95223881
273,53,326,0.63671875,0.67484663
291,35,326,0.63671875,0.78527607
291,38,329,0.64257812,0.76899696
303,35,338,0.66015625,0.79289941
316,19,335,0.65429688,0.88656716
324,14,338,0.66015625,0.91715976
298,36,334,0.65234375,0.78443114
274,47,321,0.62695312,0.70716511
307,34,341,0.66601562,0.80058651
327,3,330,0.64453125,0.98181818
317,12,329,0.64257812,0.92705167
327,7,334,0.65234375,0.95808383
327,16,343,0.66992188,0.90670554
301,35,336,0.65625,0.79166667
306,24,330,0.64453125,0.85454545
311,25,336,0.65625,0.85119048
312,16,328,0.640625,0.90243902
343,0,343,0.66992188,1
312,10,322,0.62890625,0.9378882
311,24,335,0.65429688,0.85671642
313,30,343,0.66992188,0.82507289
327,9,336,0.65625,0.94642857
298,28,326,0.63671875,0.82822086
304,22,326,0.63671875,0.86503067
311,20,331,0.64648438,0.87915408
320,11,331,0.64648438,0.93353474
345,2,347,0.67773438,0.98847262
328,19,347,0.67773438,0.89048991
324,14,338,0.66015625,0.91715976
322,11,333,0.65039062,0.93393393
327,5,332,0.6484375,0.96987952
308,32,340,0.6640625,0.81176471
284,37,321,0.62695312,0.7694704
314,18,332,0.6484375,0.89156627
317,21,338,0.66015625,0.87573964
341,2,343,0.66992188,0.98833819
310,10,320,0.625,0.9375
340,10,350,0.68359375,0.94285714
297,29,326,0.63671875,0.82208589
331,9,340,0.6640625,0.94705882
332,11,343,0.66992188,0.93586006
317,5,322,0.62890625,0.9689441
343,2,345,0.67382812,0.9884058
317,12,329,0.64257812,0.92705167
306,18,324,0.6328125,0.88888889
312,24,336,0.65625,0.85714286
340,3,343,0.66992188,0.98250729
341,1,342,0.66796875,0.99415205
320,19,339,0.66210938,0.8879056
325,7,332,0.6484375,0.95783133
336,1,337,0.65820312,0.99406528
317,19,336,0.65625,0.88690476
325,9,334,0.65234375,0.94610778
318,12,330,0.64453125,0.92727273
312,16,328,0.640625,0.90243902
320,11,331,0.64648438,0.93353474
314,20,334,0.65234375,0.88023952
320,26,346,0.67578125,0.84971098
323,8,331,0.64648438,0.95166163
308,11,319,0.62304688,0.93103448
333,9,342,0.66796875,0.94736842
331,9,340,0.6640625,0.94705882
299,30,329,0.64257812,0.81762918
322,27,349,0.68164062,0.84527221
299,28,327,0.63867188,0.82874618
309,11,320,0.625,0.93125
325,13,338,0.66015625,0.92307692
344,6,350,0.68359375,0.96571429
331,3,334,0.65234375,0.98203593
340,2,342,0.66796875,0.98830409
316,17,333,0.65039062,0.8978979
348,3,351,0.68554688,0.98290598
343,2,345,0.67382812,0.9884058
324,6,330,0.64453125,0.96363636
330,1,331,0.64648438,0.9939577
323,13,336,0.65625,0.92261905
328,6,334,0.65234375,0.96407186
341,2,343,0.66992188,0.98833819
291,32,323,0.63085938,0.80185759
330,4,334,0.65234375,0.9760479
334,4,338,0.66015625,0.97633136
340,3,343,0.66992188,0.98250729
329,10,339,0.66210938,0.94100295
326,8,334,0.65234375,0.95209581
336,5,341,0.66601562,0.97067449
309,21,330,0.64453125,0.87272727
309,20,329,0.64257812,0.87841945
333,5,338,0.66015625,0.9704142
330,17,347,0.67773438,0.90201729
304,25,329,0.64257812,0.84802432
337,7,344,0.671875,0.95930233
317,24,341,0.66601562,0.85923754
284,40,324,0.6328125,0.75308642
304,28,332,0.6484375,0.8313253
320,24,344,0.671875,0.86046512
313,24,337,0.65820312,0.85756677
293,43,336,0.65625,0.74404762
301,36,337,0.65820312,0.78635015
270,62,332,0.6484375,0.62650602
277,57,334,0.65234375,0.65868263
262,76,338,0.66015625,0.55029586
219,115,334,0.65234375,0.31137725
222,105,327,0.63867188,0.35779817
237,97,334,0.65234375,0.41916168
246,92,338,0.66015625,0.4556213
261,63,324,0.6328125,0.61111111
224,99,323,0.63085938,0.3869969
252,81,333,0.65039062,0.51351351
255,72,327,0.63867188,0.55963303
212,106,318,0.62109375,0.33333333
219,104,323,0.63085938,0.35603715
254,68,322,0.62890625,0.57763975
281,52,333,0.65039062,0.68768769
301,37,338,0.66015625,0.78106509
267,51,318,0.62109375,0.67924528
322,10,332,0.6484375,0.93975904
308,23,331,0.64648438,0.86102719
300,28,328,0.640625,0.82926829
317,12,329,0.64257812,0.92705167
337,0,337,0.65820312,1
278,48,326,0.63671875,0.70552147
322,7,329,0.64257812,0.95744681
309,15,324,0.6328125,0.90740741
325,3,328,0.640625,0.98170732
320,16,336,0.65625,0.9047619
292,35,327,0.63867188,0.78593272
292,22,314,0.61328125,0.85987261
324,9,333,0.65039062,0.94594595
338,5,343,0.66992188,0.97084548
339,2,341,0.66601562,0.98826979
337,11,348,0.6796875,0.93678161
341,8,349,0.68164062,0.95415473
328,7,335,0.65429688,0.95820896
339,9,348,0.6796875,0.94827586
330,8,338,0.66015625,0.95266272
325,5,330,0.64453125,0.96969697
329,2,331,0.64648438,0.98791541
287,33,320,0.625,0.79375
323,13,336,0.65625,0.92261905
330,16,346,0.67578125,0.90751445
309,26,335,0.65429688,0.84477612
312,30,342,0.66796875,0.8245614
324,13,337,0.65820312,0.92284866
318,9,327,0.63867188,0.94495413
283,42,325,0.63476562,0.74153846
315,3,318,0.62109375,0.98113208
338,6,344,0.671875,0.96511628
318,14,332,0.6484375,0.91566265
321,5,326,0.63671875,0.96932515
333,2,335,0.65429688,0.9880597
325,11,336,0.65625,0.93452381
342,1,343,0.66992188,0.9941691
340,3,343,0.66992188,0.98250729
312,12,324,0.6328125,0.92592593
324,15,339,0.66210938,0.91150442
299,23,322,0.62890625,0.85714286
330,6,336,0.65625,0.96428571
331,0,331,0.64648438,1
335,3,338,0.66015625,0.98224852
328,7,335,0.65429688,0.95820896
316,11,327,0.63867188,0.93272171
343,7,350,0.68359375,0.96
318,22,340,0.6640625,0.87058824
322,13,335,0.65429688,0.92238806
312,18,330,0.64453125,0.89090909
333,5,338,0.66015625,0.9704142
322,20,342,0.66796875,0.88304094
296,31,327,0.63867188,0.81039755
312,25,337,0.65820312,0.85163205
299,40,339,0.66210938,0.7640118
299,38,337,0.65820312,0.77448071
299,33,332,0.6484375,0.80120482
321,17,338,0.66015625,0.89940828
304,26,330,0.64453125,0.84242424
318,29,347,0.67773438,0.83285303
328,15,343,0.66992188,0.91253644
330,5,335,0.65429688,0.97014925
312,25,337,0.65820312,0.85163205
317,17,334,0.65234375,0.89820359
314,14,328,0.640625,0.91463415
296,27,323,0.63085938,0.83281734
315,24,339,0.66210938,0.85840708
346,0,346,0.67578125,1
318,23,341,0.66601562,0.86510264
328,10,338,0.66015625,0.9408284
322,6,328,0.640625,0.96341463
326,9,335,0.65429688,0.94626866
317,20,337,0.65820312,0.88130564
289,26,315,0.61523438,0.83492063
280,52,332,0.6484375,0.68674699
270,68,338,0.66015625,0.59763314
269,49,318,0.62109375,0.6918239
290,37,327,0.63867188,0.77370031
305,23,328,0.640625,0.8597561
306,21,327,0.63867188,0.87155963
320,22,342,0.66796875,0.87134503
330,8,338,0.66015625,0.95266272
298,32,330,0.64453125,0.80606061
336,0,336,0.65625,1
327,8,335,0.65429688,0.95223881
317,18,335,0.65429688,0.89253731
305,27,332,0.6484375,0.8373494
278,51,329,0.64257812,0.6899696
274,51,325,0.63476562,0.68615385
301,35,336,0.65625,0.79166667
282,51,333,0.65039062,0.69369369
264,62,326,0.63671875,0.6196319
277,52,329,0.64257812,0.68389058
289,35,324,0.6328125,0.78395062
283,43,326,0.63671875,0.73619632
261,68,329,0.64257812,0.58662614
283,53,336,0.65625,0.68452381
245,76,321,0.62695312,0.52647975
263,73,336,0.65625,0.56547619
237,80,317,0.61914062,0.49526814
242,92,334,0.65234375,0.4491018
263,64,327,0.63867188,0.60856269
315,37,352,0.6875,0.78977273
328,3,331,0.64648438,0.98187311
318,17,335,0.65429688,0.89850746
332,0,332,0.6484375,1
327,3,330,0.64453125,0.98181818
314,16,330,0.64453125,0.9030303
294,28,322,0.62890625,0.82608696
300,35,335,0.65429688,0.79104478
305,9,314,0.61328125,0.94267516
336,10,346,0.67578125,0.94219653
296,20,316,0.6171875,0.87341772
311,14,325,0.63476562,0.91384615
328,14,342,0.66796875,0.91812865
311,10,321,0.62695312,0.9376947
336,4,340,0.6640625,0.97647059
328,0,328,0.640625,1
316,2,318,0.62109375,0.98742138
300,23,323,0.63085938,0.85758514
321,13,334,0.65234375,0.92215569
334,8,342,0.66796875,0.95321637
311,17,328,0.640625,0.89634146
299,34,333,0.65039062,0.7957958
289,36,325,0.63476562,0.77846154
270,51,321,0.62695312,0.68224299
275,56,331,0.64648438,0.66163142
269,57,326,0.63671875,0.65030675
305,32,337,0.65820312,0.81008902
294,38,332,0.6484375,0.77108434
300,31,331,0.64648438,0.81268882
311,26,337,0.65820312,0.84569733
316,20,336,0.65625,0.88095238
306,23,329,0.64257812,0.86018237
277,46,323,0.63085938,0.71517028
286,40,326,0.63671875,0.75460123
279,48,327,0.63867188,0.70642202
296,40,336,0.65625,0.76190476
273,63,336,0.65625,0.625
254,78,332,0.6484375,0.53012048
266,67,333,0.65039062,0.5975976
305,32,337,0.65820312,0.81008902
316,17,333,0.65039062,0.8978979
314,22,336,0.65625,0.86904762
334,13,347,0.67773438,0.92507205
296,34,330,0.64453125,0.79393939
310,33,343,0.66992188,0.80758017
336,9,345,0.67382812,0.94782609
325,22,347,0.67773438,0.87319885
324,10,334,0.65234375,0.94011976
301,38,339,0.66210938,0.77581121
307,28,335,0.65429688,0.83283582
277,50,327,0.63867188,0.6941896
274,69,343,0.66992188,0.59766764
275,47,322,0.62890625,0.70807453
292,29,321,0.62695312,0.81931464
333,3,336,0.65625,0.98214286
334,0,334,0.65234375,1
321,21,342,0.66796875,0.87719298
310,27,337,0.65820312,0.83976261
308,28,336,0.65625,0.83333333
328,11,339,0.66210938,0.93510324
303,25,328,0.640625,0.84756098
255,68,323,0.63085938,0.57894737
275,64,339,0.66210938,0.62241888
268,59,327,0.63867188,0.63914373
253,82,335,0.65429688,0.51044776
271,59,330,0.64453125,0.64242424
293,45,338,0.66015625,0.73372781
265,64,329,0.64257812,0.61094225
278,41,319,0.62304688,0.74294671
312,26,338,0.66015625,0.84615385
320,8,328,0.640625,0.95121951
336,0,336,0.65625,1
329,10,339,0.66210938,0.94100295
338,3,341,0.66601562,0.98240469
319,13,332,0.6484375,0.92168675
322,18,340,0.6640625,0.89411765
274,48,322,0.62890625,0.70186335
291,44,335,0.65429688,0.73731343
270,63,333,0.65039062,0.62162162
210,115,325,0.63476562,0.29230769
214,115,329,0.64257812,0.30091185
217,115,332,0.6484375,0.30722892
212,109,321,0.62695312,0.32087227
190,134,324,0.6328125,0.17283951
237,102,339,0.66210938,0.39823009
264,63,327,0.63867188,0.6146789
255,81,336,0.65625,0.51785714
275,49,324,0.6328125,0.69753086
277,64,341,0.66601562,0.62463343
245,71,316,0.6171875,0.55063291
200,126,326,0.63671875,0.22699387
241,82,323,0.63085938,0.49226006
255,80,335,0.65429688,0.52238806
293,52,345,0.67382812,0.69855072
255,80,335,0.65429688,0.52238806
307,30,337,0.65820312,0.82195846
318,19,337,0.65820312,0.88724036
307,34,341,0.66601562,0.80058651
336,12,348,0.6796875,0.93103448
350,2,352,0.6875,0.98863636
327,11,338,0.66015625,0.93491124
309,26,335,0.65429688,0.84477612
323,18,341,0.66601562,0.89442815
296,35,331,0.64648438,0.78851964
317,11,328,0.640625,0.93292683
332,4,336,0.65625,0.97619048
346,0,346,0.67578125,1
312,13,325,0.63476562,0.92
310,23,333,0.65039062,0.86186186
279,39,318,0.62109375,0.75471698
263,60,323,0.63085938,0.62848297
299,43,342,0.66796875,0.74853801
300,38,338,0.66015625,0.77514793
318,10,328,0.640625,0.93902439
310,23,333,0.65039062,0.86186186
331,16,347,0.67773438,0.90778098
308,31,339,0.66210938,0.81710914
342,5,347,0.67773438,0.97118156
324,14,338,0.66015625,0.91715976
312,25,337,0.65820312,0.85163205
322,5,327,0.63867188,0.96941896
325,14,339,0.66210938,0.91740413
315,17,332,0.6484375,0.89759036
322,11,333,0.65039062,0.93393393
298,32,330,0.64453125,0.80606061
309,31,340,0.6640625,0.81764706
304,25,329,0.64257812,0.84802432
311,21,332,0.6484375,0.87349398
298,40,338,0.66015625,0.76331361
252,75,327,0.63867188,0.5412844
291,49,340,0.6640625,0.71176471
306,33,339,0.66210938,0.80530973
296,39,335,0.65429688,0.76716418
277,54,331,0.64648438,0.67371601
201,117,318,0.62109375,0.26415094
137,182,319,0.62304688,-0.14106583
147,191,338,0.66015625,-0.13017751
71,249,320,0.625,-0.55625
39,300,339,0.66210938,-0.7699115
15,312,327,0.63867188,-0.90825688
30,297,327,0.63867188,-0.81651376
31,293,324,0.6328125,-0.80864198
45,289,334,0.65234375,-0.73053892
10,327,337,0.65820312,-0.94065282
4,324,328,0.640625,-0.97560976
33,310,343,0.66992188,-0.80758017
59,273,332,0.6484375,-0.64457831
79,252,331,0.64648438,-0.52265861
22,319,341,0.66601562,-0.87096774
42,301,343,0.66992188,-0.75510204
39,287,326,0.63671875,-0.7607362
65,259,324,0.6328125,-0.59876543
62,260,322,0.62890625,-0.61490683
11,326,337,0.65820312,-0.9347181
69,262,331,0.64648438,-0.58308157
29,297,326,0.63671875,-0.82208589
28,311,339,0.66210938,-0.83480826
41,300,341,0.66601562,-0.75953079
11,329,340,0.6640625,-0.93529412
35,295,330,0.64453125,-0.78787879
40,304,344,0.671875,-0.76744186
28,304,332,0.6484375,-0.8313253
63,268,331,0.64648438,-0.61933535
57,271,328,0.640625,-0.65243902
67,262,329,0.64257812,-0.59270517
76,262,338,0.66015625,-0.55029586
85,242,327,0.63867188,-0.48012232
58,277,335,0.65429688,-0.65373134
42,294,336,0.65625,-0.75
74,260,334,0.65234375,-0.55688623
42,284,326,0.63671875,-0.74233129
58,269,327,0.63867188,-0.64525994
53,269,322,0.62890625,-0.67080745
38,290,328,0.640625,-0.76829268
58,270,328,0.640625,-0.64634146
67,268,335,0.65429688,-0.6
55,261,316,0.6171875,-0.65189873
54,281,335,0.65429688,-0.67761194
33,291,324,0.6328125,-0.7962963
50,287,337,0.65820312,-0.70326409
96,233,329,0.64257812,-0.41641337
114,214,328,0.640625,-0.30487805
89,256,345,0.67382812,-0.48405797
80,254,334,0.65234375,-0.52095808
19,306,325,0.63476562,-0.88307692
24,326,350,0.68359375,-0.86285714
48,295,343,0.66992188,-0.72011662
21,304,325,0.63476562,-0.87076923
29,286,315,0.61523438,-0.81587302
43,279,322,0.62890625,-0.73291925
28,316,344,0.671875,-0.8372093
39,294,333,0.65039062,-0.76576577
27,299,326,0.63671875,-0.83435583
19,321,340,0.6640625,-0.88823529
29,304,333,0.65039062,-0.82582583
31,303,334,0.65234375,-0.81437126
20,306,326,0.63671875,-0.87730061
11,324,335,0.65429688,-0.93432836
22,310,332,0.6484375,-0.86746988
8,338,346,0.67578125,-0.95375723
7,325,332,0.6484375,-0.95783133
19,313,332,0.6484375,-0.88554217
23,300,323,0.63085938,-0.85758514
90,230,320,0.625,-0.4375
58,275,333,0.65039062,-0.65165165
8,317,325,0.63476562,-0.95076923
17,324,341,0.66601562,-0.90029326
5,331,336,0.65625,-0.9702381
16,313,329,0.64257812,-0.90273556
24,302,326,0.63671875,-0.85276074
24,316,340,0.6640625,-0.85882353
27,314,341,0.66601562,-0.84164223
0,329,329,0.64257812,-1
0,334,334,0.65234375,-1
5,331,336,0.65625,-0.9702381
30,317,347,0.67773438,-0.82708934
27,309,336,0.65625,-0.83928571
10,322,332,0.6484375,-0.93975904
24,309,333,0.65039062,-0.85585586
8,325,333,0.65039062,-0.95195195
20,301,321,0.62695312,-0.87538941
24,306,330,0.64453125,-0.85454545
34,301,335,0.65429688,-0.79701493
3,336,339,0.66210938,-0.98230088
17,302,319,0.62304688,-0.89341693
5,338,343,0.66992188,-0.97084548
5,329,334,0.65234375,-0.97005988
19,298,317,0.61914062,-0.88012618
13,306,319,0.62304688,-0.9184953
12,322,334,0.65234375,-0.92814371
1,338,339,0.66210938,-0.99410029
4,337,341,0.66601562,-0.97653959
12,336,348,0.6796875,-0.93103448
6,328,334,0.65234375,-0.96407186
2,343,345,0.67382812,-0.9884058
4,338,342,0.66796875,-0.97660819
7,338,345,0.67382812,-0.95942029
12,327,339,0.66210938,-0.92920354
2,338,340,0.6640625,-0.98823529
16,326,342,0.66796875,-0.90643275
21,316,337,0.65820312,-0.87537092
20,299,319,0.62304688,-0.87460815
17,312,329,0.64257812,-0.89665653
43,296,339,0.66210938,-0.74631268
52,262,314,0.61328125,-0.66878981
46,288,334,0.65234375,-0.7245509
21,315,336,0.65625,-0.875
23,318,341,0.66601562,-0.86510264
12,312,324,0.6328125,-0.92592593
19,320,339,0.66210938,-0.8879056
4,328,332,0.6484375,-0.97590361
10,332,342,0.66796875,-0.94152047
13,326,339,0.66210938,-0.92330383
34,301,335,0.65429688,-0.79701493
12,330,342,0.66796875,-0.92982456
3,334,337,0.65820312,-0.98219585
21,300,321,0.62695312,-0.86915888
26,300,326,0.63671875,-0.8404908
32,305,337,0.65820312,-0.81008902
93,240,333,0.65039062,-0.44144144
109,218,327,0.63867188,-0.33333333
163,164,327,0.63867188,-0.003058104
144,193,337,0.65820312,-0.14540059
162,164,326,0.63671875,-0.0061349693
193,131,324,0.6328125,0.19135802
154,171,325,0.63476562,-0.052307692
140,185,325,0.63476562,-0.13846154
178,152,330,0.64453125,0.078787879
164,164,328,0.640625,0
162,164,326,0.63671875,-0.0061349693
189,138,327,0.63867188,0.1559633
225,111,336,0.65625,0.33928571
223,105,328,0.640625,0.3597561
226,105,331,0.64648438,0.36555891
217,117,334,0.65234375,0.2994012
253,75,328,0.640625,0.54268293
285,42,327,0.63867188,0.74311927
314,28,342,0.66796875,0.83625731
297,39,336,0.65625,0.76785714
305,23,328,0.640625,0.8597561
314,30,344,0.671875,0.8255814
302,38,340,0.6640625,0.77647059
315,23,338,0.66015625,0.86390533
303,37,340,0.6640625,0.78235294
284,49,333,0.65039062,0.70570571
294,43,337,0.65820312,0.74480712
283,46,329,0.64257812,0.72036474
337,10,347,0.67773438,0.94236311
343,1,344,0.671875,0.99418605
278,52,330,0.64453125,0.68484848
291,58,349,0.68164062,0.66762178
278,57,335,0.65429688,0.65970149
288,43,331,0.64648438,0.74018127
270,57,327,0.63867188,0.65137615
332,7,339,0.66210938,0.95870206
289,36,325,0.63476562,0.77846154
344,2,346,0.67578125,0.98843931
328,8,336,0.65625,0.95238095
315,11,326,0.63671875,0.93251534
323,4,327,0.63867188,0.97553517
335,2,337,0.65820312,0.98813056
343,0,343,0.66992188,1
335,7,342,0.66796875,0.95906433
322,4,326,0.63671875,0.97546012
307,31,338,0.66015625,0.81656805
297,37,334,0.65234375,0.77844311
331,16,347,0.67773438,0.90778098
320,17,337,0.65820312,0.89910979
336,12,348,0.6796875,0.93103448
324,16,340,0.6640625,0.90588235
338,6,344,0.671875,0.96511628
305,31,336,0.65625,0.81547619
316,24,340,0.6640625,0.85882353
329,0,329,0.64257812,1
323,11,334,0.65234375,0.93413174
328,2,330,0.64453125,0.98787879
336,1,337,0.65820312,0.99406528
335,9,344,0.671875,0.94767442
345,0,345,0.67382812,1
319,6,325,0.63476562,0.96307692
337,2,339,0.66210938,0.98820059
316,11,327,0.63867188,0.93272171
336,4,340,0.6640625,0.97647059
325,7,332,0.6484375,0.95783133
312,17,329,0.64257812,0.89665653
322,14,336,0.65625,0.91666667
318,9,327,0.63867188,0.94495413
327,16,343,0.66992188,0.90670554
287,40,327,0.63867188,0.75535168
295,48,343,0.66992188,0.72011662
310,29,339,0.66210938,0.82890855
313,22,335,0.65429688,0.86865672
313,19,332,0.6484375,0.88554217
313,16,329,0.64257812,0.90273556
337,2,339,0.66210938,0.98820059
312,21,333,0.65039062,0.87387387
312,23,335,0.65429688,0.86268657
302,31,333,0.65039062,0.81381381
333,8,341,0.66601562,0.95307918
307,29,336,0.65625,0.82738095
305,35,340,0.6640625,0.79411765
329,13,342,0.66796875,0.92397661
339,5,344,0.671875,0.97093023
329,14,343,0.66992188,0.91836735
299,22,321,0.62695312,0.86292835
296,29,325,0.63476562,0.82153846
326,8,334,0.65234375,0.95209581
302,24,326,0.63671875,0.85276074
299,38,337,0.65820312,0.77448071
307,19,326,0.63671875,0.88343558
322,7,329,0.64257812,0.95744681
301,13,314,0.61328125,0.91719745
339,0,339,0.66210938,1
327,5,332,0.6484375,0.96987952
319,12,331,0.64648438,0.92749245
311,24,335,0.65429688,0.85671642
323,7,330,0.64453125,0.95757576
315,23,338,0.66015625,0.86390533
296,25,321,0.62695312,0.84423676
310,22,332,0.6484375,0.86746988
321,13,334,0.65234375,0.92215569
344,0,344,0.671875,1
332,1,333,0.65039062,0.99399399
294,26,320,0.625,0.8375
319,16,335,0.65429688,0.90447761
332,10,342,0.66796875,0.94152047
330,11,341,0.66601562,0.93548387
328,11,339,0.66210938,0.93510324
305,29,334,0.65234375,0.82634731
332,11,343,0.66992188,0.93586006
324,16,340,0.6640625,0.90588235
308,29,337,0.65820312,0.82789318
323,23,346,0.67578125,0.86705202
329,9,338,0.66015625,0.94674556
288,42,330,0.64453125,0.74545455
307,18,325,0.63476562,0.88923077
321,13,334,0.65234375,0.92215569
319,18,337,0.65820312,0.89317507
337,6,343,0.66992188,0.96501458
293,34,327,0.63867188,0.79204893
308,24,332,0.6484375,0.85542169
253,80,333,0.65039062,0.51951952
289,41,330,0.64453125,0.75151515
302,33,335,0.65429688,0.80298507
307,21,328,0.640625,0.87195122
318,12,330,0.64453125,0.92727273
324,13,337,0.65820312,0.92284866
324,12,336,0.65625,0.92857143
311,13,324,0.6328125,0.91975309
322,6,328,0.640625,0.96341463
328,3,331,0.64648438,0.98187311
293,40,333,0.65039062,0.75975976
312,28,340,0.6640625,0.83529412
310,14,324,0.6328125,0.91358025
294,36,330,0.64453125,0.78181818
271,63,334,0.65234375,0.62275449
295,39,334,0.65234375,0.76646707
317,27,344,0.671875,0.84302326
324,0,324,0.6328125,1
341,0,341,0.66601562,1
320,10,330,0.64453125,0.93939394
351,1,352,0.6875,0.99431818
322,7,329,0.64257812,0.95744681
333,5,338,0.66015625,0.9704142
318,15,333,0.65039062,0.90990991
316,7,323,0.63085938,0.95665635
332,11,343,0.66992188,0.93586006
316,23,339,0.66210938,0.86430678
360,0,360,0.703125,1
312,20,332,0.6484375,0.87951807
323,11,334,0.65234375,0.93413174
308,27,335,0.65429688,0.83880597
320,26,346,0.67578125,0.84971098
299,36,335,0.65429688,0.78507463
328,12,340,0.6640625,0.92941176
329,8,337,0.65820312,0.95252226
320,9,329,0.64257812,0.94528875
314,13,327,0.63867188,0.9204893
309,21,330,0.64453125,0.87272727
324,12,336,0.65625,0.92857143
322,12,334,0.65234375,0.92814371
346,5,351,0.68554688,0.97150997
321,16,337,0.65820312,0.90504451
330,8,338,0.66015625,0.95266272
335,7,342,0.66796875,0.95906433
300,22,322,0.62890625,0.86335404
340,10,350,0.68359375,0.94285714
344,0,344,0.671875,1
307,19,326,0.63671875,0.88343558
343,3,346,0.67578125,0.98265896
322,11,333,0.65039062,0.93393393
324,9,333,0.65039062,0.94594595
312,25,337,0.65820312,0.85163205
326,13,339,0.66210938,0.92330383
315,5,320,0.625,0.96875
313,26,339,0.66210938,0.84660767
348,2,350,0.68359375,0.98857143
331,8,339,0.66210938,0.95280236
319,15,334,0.65234375,0.91017964
331,4,335,0.65429688,0.9761194
347,0,347,0.67773438,1
330,7,337,0.65820312,0.95845697
304,28,332,0.6484375,0.8313253
320,12,332,0.6484375,0.92771084
329,7,336,0.65625,0.95833333
315,16,331,0.64648438,0.90332326
324,15,339,0.66210938,0.91150442
294,32,326,0.63671875,0.80368098
314,22,336,0.65625,0.86904762
303,25,328,0.640625,0.84756098
332,1,333,0.65039062,0.99399399
335,1,336,0.65625,0.99404762
324,13,337,0.65820312,0.92284866
314,15,329,0.64257812,0.90881459
308,22,330,0.64453125,0.86666667
302,22,324,0.6328125,0.86419753
324,13,337,0.65820312,0.92284866
290,31,321,0.62695312,0.80685358
323,10,333,0.65039062,0.93993994
314,16,330,0.64453125,0.9030303
330,7,337,0.65820312,0.95845697
312,10,322,0.62890625,0.9378882
327,12,339,0.66210938,0.92920354
314,24,338,0.66015625,0.85798817
297,41,338,0.66015625,0.75739645
284,43,327,0.63867188,0.73700306
291,42,333,0.65039062,0.74774775
300,39,339,0.66210938,0.7699115
285,56,341,0.66601562,0.67155425
280,52,332,0.6484375,0.68674699
269,67,336,0.65625,0.60119048
241,75,316,0.6171875,0.52531646
211,111,322,0.62890625,0.31055901
184,147,331,0.64648438,0.11178248
188,145,333,0.65039062,0.12912913
102,229,331,0.64648438,-0.3836858
85,244,329,0.64257812,-0.48328267
62,282,344,0.671875,-0.63953488
34,299,333,0.65039062,-0.7957958
30,311,341,0.66601562,-0.82404692
12,326,338,0.66015625,-0.92899408
10,320,330,0.64453125,-0.93939394
1,325,326,0.63671875,-0.99386503
7,333,340,0.6640625,-0.95882353
5,330,335,0.65429688,-0.97014925
23,309,332,0.6484375,-0.86144578
4,340,344,0.671875,-0.97674419
37,298,335,0.65429688,-0.77910448
22,315,337,0.65820312,-0.8694362
6,329,335,0.65429688,-0.9641791
16,329,345,0.67382812,-0.90724638
28,299,327,0.63867188,-0.82874618
81,245,326,0.63671875,-0.50306748
77,255,332,0.6484375,-0.53614458
33,305,338,0.66015625,-0.80473373
33,305,338,0.66015625,-0.80473373
14,324,338,0.66015625,-0.91715976
50,288,338,0.66015625,-0.70414201
26,303,329,0.64257812,-0.84194529
2,333,335,0.65429688,-0.9880597
4,326,330,0.64453125,-0.97575758
11,323,334,0.65234375,-0.93413174
3,332,335,0.65429688,-0.98208955
1,356,357,0.69726562,-0.99439776
27,309,336,0.65625,-0.83928571
11,313,324,0.6328125,-0.93209877
4,333,337,0.65820312,-0.97626113
3,334,337,0.65820312,-0.98219585
30,309,339,0.66210938,-0.82300885
49,269,318,0.62109375,-0.6918239
38,285,323,0.63085938,-0.76470588
45,273,318,0.62109375,-0.71698113
58,272,330,0.64453125,-0.64848485
30,306,336,0.65625,-0.82142857
34,306,340,0.6640625,-0.8
15,326,341,0.66601562,-0.91202346
35,290,325,0.63476562,-0.78461538
15,330,345,0.67382812,-0.91304348
11,328,339,0.66210938,-0.93510324
2,330,332,0.6484375,-0.98795181
6,325,331,0.64648438,-0.96374622
0,346,346,0.67578125,-1
8,330,338,0.66015625,-0.95266272
2,346,348,0.6796875,-0.98850575
10,325,335,0.65429688,-0.94029851
4,332,336,0.65625,-0.97619048
9,322,331,0.64648438,-0.94561934
21,310,331,0.64648438,-0.87311178
21,313,334,0.65234375,-0.8742515
18,314,332,0.6484375,-0.89156627
26,302,328,0.640625,-0.84146341
17,312,329,0.64257812,-0.89665653
12,335,347,0.67773438,-0.93083573
15,319,334,0.65234375,-0.91017964
12,324,336,0.65625,-0.92857143
15,326,341,0.66601562,-0.91202346
9,324,333,0.65039062,-0.94594595
7,318,325,0.63476562,-0.95692308
8,328,336,0.65625,-0.95238095
28,305,333,0.65039062,-0.83183183
4,326,330,0.64453125,-0.97575758
14,326,340,0.6640625,-0.91764706
5,332,337,0.65820312,-0.97032641
44,290,334,0.65234375,-0.73652695
32,316,348,0.6796875,-0.81609195
22,320,342,0.66796875,-0.87134503
13,337,350,0.68359375,-0.92571429
2,339,341,0.66601562,-0.98826979
25,316,341,0.66601562,-0.85337243
5,326,331,0.64648438,-0.96978852
36,302,338,0.66015625,-0.78698225
24,312,336,0.65625,-0.85714286
24,311,335,0.65429688,-0.85671642
11,315,326,0.63671875,-0.93251534
3,335,338,0.66015625,-0.98224852
18,315,333,0.65039062,-0.89189189
7,319,326,0.63671875,-0.95705521
18,322,340,0.6640625,-0.89411765
19,319,338,0.66015625,-0.88757396
25,313,338,0.66015625,-0.85207101
2,337,339,0.66210938,-0.98820059
15,322,337,0.65820312,-0.91097923
28,315,343,0.66992188,-0.83673469
47,291,338,0.66015625,-0.72189349
18,315,333,0.65039062,-0.89189189
9,323,332,0.6484375,-0.94578313
34,291,325,0.63476562,-0.79076923
11,330,341,0.66601562,-0.93548387
11,314,325,0.63476562,-0.93230769
8,334,342,0.66796875,-0.95321637
7,338,345,0.67382812,-0.95942029
30,313,343,0.66992188,-0.82507289
35,293,328,0.640625,-0.78658537
8,324,332,0.6484375,-0.95180723
1,333,334,0.65234375,-0.99401198
7,334,341,0.66601562,-0.95894428
17,317,334,0.65234375,-0.89820359
39,307,346,0.67578125,-0.77456647
45,289,334,0.65234375,-0.73053892
63,277,340,0.6640625,-0.62941176
58,266,324,0.6328125,-0.64197531
66,273,339,0.66210938,-0.61061947
38,294,332,0.6484375,-0.77108434
19,314,333,0.65039062,-0.88588589
41,289,330,0.64453125,-0.75151515
6,336,342,0.66796875,-0.96491228
32,301,333,0.65039062,-0.80780781
24,306,330,0.64453125,-0.85454545
9,315,324,0.6328125,-0.94444444
5,345,350,0.68359375,-0.97142857
12,326,338,0.66015625,-0.92899408
10,328,338,0.66015625,-0.9408284
10,322,332,0.6484375,-0.93975904
8,329,337,0.65820312,-0.95252226
4,339,343,0.66992188,-0.97667638
6,321,327,0.63867188,-0.96330275
5,325,330,0.64453125,-0.96969697
35,304,339,0.66210938,-0.79351032
21,307,328,0.640625,-0.87195122
23,311,334,0.65234375,-0.86227545
32,296,328,0.640625,-0.80487805
50,284,334,0.65234375,-0.7005988
61,274,335,0.65429688,-0.6358209
37,291,328,0.640625,-0.77439024
30,300,330,0.64453125,-0.81818182
45,295,340,0.6640625,-0.73529412
80,254,334,0.65234375,-0.52095808
81,245,326,0.63671875,-0.50306748
84,242,326,0.63671875,-0.48466258
92,258,350,0.68359375,-0.47428571
169,168,337,0.65820312,0.0029673591
110,207,317,0.61914062,-0.30599369
90,248,338,0.66015625,-0.46745562
77,248,325,0.63476562,-0.52615385
84,240,324,0.6328125,-0.48148148
89,236,325,0.63476562,-0.45230769
83,243,326,0.63671875,-0.49079755
68,261,329,0.64257812,-0.58662614
55,267,322,0.62890625,-0.65838509
43,298,341,0.66601562,-0.74780059
27,316,343,0.66992188,-0.8425656
5,338,343,0.66992188,-0.97084548
5,321,326,0.63671875,-0.96932515
11,328,339,0.66210938,-0.93510324
3,335,338,0.66015625,-0.98224852
12,327,339,0.66210938,-0.92920354
7,332,339,0.66210938,-0.95870206
10,324,334,0.65234375,-0.94011976
13,322,335,0.65429688,-0.92238806
0,335,335,0.65429688,-1
16,319,335,0.65429688,-0.90447761
7,331,338,0.66015625,-0.95857988
19,311,330,0.64453125,-0.88484848
42,287,329,0.64257812,-0.74468085
47,284,331,0.64648438,-0.71601208
30,301,331,0.64648438,-0.81873112
17,310,327,0.63867188,-0.89602446
16,332,348,0.6796875,-0.90804598
0,340,340,0.6640625,-1
2,335,337,0.65820312,-0.98813056
5,329,334,0.65234375,-0.97005988
15,317,332,0.6484375,-0.90963855
5,326,331,0.64648438,-0.96978852
8,323,331,0.64648438,-0.95166163
26,312,338,0.66015625,-0.84615385
6,317,323,0.63085938,-0.9628483
11,323,334,0.65234375,-0.93413174
26,313,339,0.66210938,-0.84660767
20,305,325,0.63476562,-0.87692308
8,319,327,0.63867188,-0.95107034
29,300,329,0.64257812,-0.82370821
38,291,329,0.64257812,-0.76899696
54,268,322,0.62890625,-0.66459627
2,339,341,0.66601562,-0.98826979
34,299,333,0.65039062,-0.7957958
2,341,343,0.66992188,-0.98833819
11,337,348,0.6796875,-0.93678161
2,332,334,0.65234375,-0.98802395
13,316,329,0.64257812,-0.92097264
13,319,332,0.6484375,-0.92168675
0,345,345,0.67382812,-1
0,343,343,0.66992188,-1
15,320,335,0.65429688,-0.91044776
9,324,333,0.65039062,-0.94594595
12,316,328,0.640625,-0.92682927
8,333,341,0.66601562,-0.95307918
5,332,337,0.65820312,-0.97032641
5,333,338,0.66015625,-0.9704142
63,270,333,0.65039062,-0.62162162
51,283,334,0.65234375,-0.69461078
42,276,318,0.62109375,-0.73584906
31,304,335,0.65429688,-0.81492537
11,329,340,0.6640625,-0.93529412
38,303,341,0.66601562,-0.7771261
12,309,321,0.62695312,-0.92523364
4,337,341,0.66601562,-0.97653959
17,329,346,0.67578125,-0.9017341
23,309,332,0.6484375,-0.86144578
17,324,341,0.66601562,-0.90029326
13,336,349,0.68164062,-0.92550143
34,294,328,0.640625,-0.79268293
15,314,329,0.64257812,-0.90881459
47,289,336,0.65625,-0.7202381
40,294,334,0.65234375,-0.76047904
28,310,338,0.66015625,-0.83431953
67,261,328,0.640625,-0.59146341
48,279,327,0.63867188,-0.70642202
24,321,345,0.67382812,-0.86086957
16,326,342,0.66796875,-0.90643275
18,306,324,0.6328125,-0.88888889
2,347,349,0.68164062,-0.98853868
3,337,340,0.6640625,-0.98235294
3,342,345,0.67382812,-0.9826087
28,305,333,0.65039062,-0.83183183
33,295,328,0.640625,-0.79878049
59,267,326,0.63671875,-0.63803681
37,291,328,0.640625,-0.77439024
19,319,338,0.66015625,-0.88757396
15,327,342,0.66796875,-0.9122807
24,312,336,0.65625,-0.85714286
11,322,333,0.65039062,-0.93393393
18,331,349,0.68164062,-0.89684814
4,316,320,0.625,-0.975
0,337,337,0.65820312,-1
9,336,345,0.67382812,-0.94782609
29,298,327,0.63867188,-0.82262997
20,323,343,0.66992188,-0.88338192
29,300,329,0.64257812,-0.82370821
52,280,332,0.6484375,-0.68674699
41,295,336,0.65625,-0.75595238
4,351,355,0.69335938,-0.97746479
3,331,334,0.65234375,-0.98203593
15,329,344,0.671875,-0.9127907
18,324,342,0.66796875,-0.89473684
26,307,333,0.65039062,-0.84384384
9,333,342,0.66796875,-0.94736842
34,304,338,0.66015625,-0.79881657
38,290,328,0.640625,-0.76829268
46,292,338,0.66015625,-0.72781065
61,277,338,0.66015625,-0.63905325
44,283,327,0.63867188,-0.73088685
44,287,331,0.64648438,-0.73413897
40,307,347,0.67773438,-0.76945245
54,291,345,0.67382812,-0.68695652
35,305,340,0.6640625,-0.79411765
21,315,336,0.65625,-0.875
29,306,335,0.65429688,-0.82686567
13,324,337,0.65820312,-0.92284866
23,315,338,0.66015625,-0.86390533
11,330,341,0.66601562,-0.93548387
6,335,341,0.66601562,-0.96480938
12,326,338,0.66015625,-0.92899408
51,290,341,0.66601562,-0.70087977
34,295,329,0.64257812,-0.79331307
42,280,322,0.62890625,-0.73913043
28,315,343,0.66992188,-0.83673469
30,300,330,0.64453125,-0.81818182
12,319,331,0.64648438,-0.92749245
12,315,327,0.63867188,-0.9266055
25,318,343,0.66992188,-0.85422741
15,328,343,0.66992188,-0.91253644
35,295,330,0.64453125,-0.78787879
2,336,338,0.66015625,-0.98816568
12,328,340,0.6640625,-0.92941176
5,337,342,0.66796875,-0.97076023
4,320,324,0.6328125,-0.97530864
1,332,333,0.65039062,-0.99399399
10,329,339,0.66210938,-0.94100295
9,324,333,0.65039062,-0.94594595
63,265,328,0.640625,-0.61585366
113,227,340,0.6640625,-0.33529412
112,222,334,0.65234375,-0.32934132
104,226,330,0.64453125,-0.36969697
101,215,316,0.6171875,-0.36075949
108,220,328,0.640625,-0.34146341
125,184,309,0.60351562,-0.19093851
109,219,328,0.640625,-0.33536585
112,209,321,0.62695312,-0.30218069
159,175,334,0.65234375,-0.047904192
137,184,321,0.62695312,-0.14641745
159,169,328,0.640625,-0.030487805
106,227,333,0.65039062,-0.36336336
71,261,332,0.6484375,-0.57228916
41,300,341,0.66601562,-0.75953079
9,334,343,0.66992188,-0.94752187
15,325,340,0.6640625,-0.91176471
58,269,327,0.63867188,-0.64525994
32,302,334,0.65234375,-0.80838323
29,313,342,0.66796875,-0.83040936
19,322,341,0.66601562,-0.88856305
29,298,327,0.63867188,-0.82262997
28,289,317,0.61914062,-0.82334385
18,309,327,0.63867188,-0.88990826
8,332,340,0.6640625,-0.95294118
33,292,325,0.63476562,-0.79692308
48,279,327,0.63867188,-0.70642202
23,322,345,0.67382812,-0.86666667
34,306,340,0.6640625,-0.8
13,320,333,0.65039062,-0.92192192
31,306,337,0.65820312,-0.81602374
19,319,338,0.66015625,-0.88757396
14,319,333,0.65039062,-0.91591592
14,316,330,0.64453125,-0.91515152
9,316,325,0.63476562,-0.94461538
5,340,345,0.67382812,-0.97101449
29,324,353,0.68945312,-0.83569405
10,323,333,0.65039062,-0.93993994
3,339,342,0.66796875,-0.98245614
9,323,332,0.6484375,-0.94578313
15,331,346,0.67578125,-0.9132948
15,328,343,0.66992188,-0.91253644
19,327,346,0.67578125,-0.89017341
41,288,329,0.64257812,-0.75075988
19,337,356,0.6953125,-0.89325843
27,298,325,0.63476562,-0.83384615
6,323,329,0.64257812,-0.96352584
3,326,329,0.64257812,-0.98176292
19,308,327,0.63867188,-0.88379205
12,323,335,0.65429688,-0.92835821
26,311,337,0.65820312,-0.84569733
5,334,339,0.66210938,-0.97050147
3,337,340,0.6640625,-0.98235294
1,350,351,0.68554688,-0.99430199
48,281,329,0.64257812,-0.70820669
66,261,327,0.63867188,-0.59633028
56,272,328,0.640625,-0.65853659
22,311,333,0.65039062,-0.86786787
3,333,336,0.65625,-0.98214286
7,331,338,0.66015625,-0.95857988
9,317,326,0.63671875,-0.94478528
11,325,336,0.65625,-0.93452381
6,319,325,0.63476562,-0.96307692
10,323,333,0.65039062,-0.93993994
11,329,340,0.6640625,-0.93529412
29,301,330,0.64453125,-0.82424242
1,338,339,0.66210938,-0.99410029
4,342,346,0.67578125,-0.97687861
6,330,336,0.65625,-0.96428571
5,342,347,0.67773438,-0.97118156
19,314,333,0.65039062,-0.88588589
0,342,342,0.66796875,-1
14,338,352,0.6875,-0.92045455
14,306,320,0.625,-0.9125
15,317,332,0.6484375,-0.90963855
12,320,332,0.6484375,-0.92771084
5,328,333,0.65039062,-0.96996997
7,341,348,0.6796875,-0.95977011
7,337,344,0.671875,-0.95930233
18,314,332,0.6484375,-0.89156627
16,327,343,0.66992188,-0.90670554
29,314,343,0.66992188,-0.83090379
51,277,328,0.640625,-0.68902439
33,307,340,0.6640625,-0.80588235
25,305,330,0.64453125,-0.84848485
28,299,327,0.63867188,-0.82874618
52,283,335,0.65429688,-0.68955224
23,317,340,0.6640625,-0.86470588
15,323,338,0.66015625,-0.9112426
5,336,341,0.66601562,-0.97067449
1,330,331,0.64648438,-0.9939577
0,352,352,0.6875,-1
10,317,327,0.63867188,-0.93883792
9,333,342,0.66796875,-0.94736842
12,329,341,0.66601562,-0.92961877
10,333,343,0.66992188,-0.94169096
15,320,335,0.65429688,-0.91044776
7,331,338,0.66015625,-0.95857988
17,330,347,0.67773438,-0.90201729
19,309,328,0.640625,-0.88414634
28,310,338,0.66015625,-0.83431953
41,280,321,0.62695312,-0.74454829
24,323,347,0.67773438,-0.86167147
36,312,348,0.6796875,-0.79310345
37,300,337,0.65820312,-0.78041543
23,332,355,0.69335938,-0.87042254
14,325,339,0.66210938,-0.91740413
25,301,326,0.63671875,-0.84662577
22,305,327,0.63867188,-0.86544343
38,300,338,0.66015625,-0.77514793
7,308,315,0.61523438,-0.95555556
3,333,336,0.65625,-0.98214286
16,335,351,0.68554688,-0.90883191
12,325,337,0.65820312,-0.92878338
6,348,354,0.69140625,-0.96610169
20,327,347,0.67773438,-0.88472622
10,314,324,0.6328125,-0.9382716
24,312,336,0.65625,-0.85714286
15,324,339,0.66210938,-0.91150442
7,334,341,0.66601562,-0.95894428
0,340,340,0.6640625,-1
1,341,342,0.66796875,-0.99415205
7,321,328,0.640625,-0.95731707
4,330,334,0.65234375,-0.9760479
32,301,333,0.65039062,-0.80780781
13,327,340,0.6640625,-0.92352941
36,300,336,0.65625,-0.78571429
31,303,334,0.65234375,-0.81437126
17,316,333,0.65039062,-0.8978979
5,328,333,0.65039062,-0.96996997
11,317,328,0.640625,-0.93292683
10,327,337,0.65820312,-0.94065282
19,305,324,0.6328125,-0.88271605
31,312,343,0.66992188,-0.81924198
10,311,321,0.62695312,-0.9376947
4,337,341,0.66601562,-0.97653959
17,321,338,0.66015625,-0.89940828
0,338,338,0.66015625,-1
7,325,332,0.6484375,-0.95783133
30,300,330,0.64453125,-0.81818182
19,313,332,0.6484375,-0.88554217
42,295,337,0.65820312,-0.75074184
46,282,328,0.640625,-0.7195122
47,296,343,0.66992188,-0.72594752
47,270,317,0.61914062,-0.70347003
32,299,331,0.64648438,-0.80664653
11,324,335,0.65429688,-0.93432836
0,331,331,0.64648438,-1
15,313,328,0.640625,-0.90853659
7,338,345,0.67382812,-0.95942029
29,301,330,0.64453125,-0.82424242
12,311,323,0.63085938,-0.92569659
0,339,339,0.66210938,-1
0,350,350,0.68359375,-1
0,340,340,0.6640625,-1
12,320,332,0.6484375,-0.92771084
5,338,343,0.66992188,-0.97084548
25,305,330,0.64453125,-0.84848485
51,292,343,0.66992188,-0.70262391
65,258,323,0.63085938,-0.59752322
76,246,322,0.62890625,-0.52795031
78,267,345,0.67382812,-0.54782609
78,246,324,0.6328125,-0.51851852
114,215,329,0.64257812,-0.30699088
155,176,331,0.64648438,-0.063444109
104,223,327,0.63867188,-0.36391437
92,232,324,0.6328125,-0.43209877
66,253,319,0.62304688,-0.5862069
59,257,316,0.6171875,-0.62658228
28,307,335,0.65429688,-0.83283582
20,313,333,0.65039062,-0.87987988
28,300,328,0.640625,-0.82926829
38,297,335,0.65429688,-0.77313433
37,295,332,0.6484375,-0.77710843
47,283,330,0.64453125,-0.71515152
35,291,326,0.63671875,-0.78527607
50,280,330,0.64453125,-0.6969697
50,278,328,0.640625,-0.69512195
45,286,331,0.64648438,-0.72809668
6,332,338,0.66015625,-0.96449704
16,312,328,0.640625,-0.90243902
12,326,338,0.66015625,-0.92899408
6,343,349,0.68164062,-0.96561605
16,309,325,0.63476562,-0.90153846
11,339,350,0.68359375,-0.93714286
5,327,332,0.6484375,-0.96987952
9,318,327,0.63867188,-0.94495413
9,338,347,0.67773438,-0.9481268
9,330,339,0.66210938,-0.94690265
9,316,325,0.63476562,-0.94461538
7,335,342,0.66796875,-0.95906433
8,319,327,0.63867188,-0.95107034
44,288,332,0.6484375,-0.73493976
31,306,337,0.65820312,-0.81602374
1,345,346,0.67578125,-0.99421965
21,319,340,0.6640625,-0.87647059
11,329,340,0.6640625,-0.93529412
25,319,344,0.671875,-0.85465116
11,330,341,0.66601562,-0.93548387
5,343,348,0.6796875,-0.97126437
16,323,339,0.66210938,-0.90560472
3,329,332,0.6484375,-0.98192771
3,327,330,0.64453125,-0.98181818
5,325,330,0.64453125,-0.96969697
13,321,334,0.65234375,-0.92215569
1,343,344,0.671875,-0.99418605
8,329,337,0.65820312,-0.95252226
1,343,344,0.671875,-0.99418605
5,334,339,0.66210938,-0.97050147
6,327,333,0.65039062,-0.96396396
7,326,333,0.65039062,-0.95795796
40,280,320,0.625,-0.75
20,318,338,0.66015625,-0.8816568
23,313,336,0.65625,-0.86309524
22,326,348,0.6796875,-0.87356322
6,331,337,0.65820312,-0.96439169
3,330,333,0.65039062,-0.98198198
7,331,338,0.66015625,-0.95857988
4,332,336,0.65625,-0.97619048
7,337,344,0.671875,-0.95930233
5,340,345,0.67382812,-0.97101449
4,319,323,0.63085938,-0.9752322
9,326,335,0.65429688,-0.94626866
22,312,334,0.65234375,-0.86826347
19,310,329,0.64257812,-0.88449848
7,328,335,0.65429688,-0.95820896
34,300,334,0.65234375,-0.79640719
8,320,328,0.640625,-0.95121951
16,319,335,0.65429688,-0.90447761
33,295,328,0.640625,-0.79878049
38,307,345,0.67382812,-0.77971014
25,319,344,0.671875,-0.85465116
46,284,330,0.64453125,-0.72121212
49,286,335,0.65429688,-0.70746269
43,287,330,0.64453125,-0.73939394
73,253,326,0.63671875,-0.55214724
40,287,327,0.63867188,-0.75535168
38,301,339,0.66210938,-0.77581121
59,265,324,0.6328125,-0.63580247
86,249,335,0.65429688,-0.48656716
69,259,328,0.640625,-0.57926829
35,309,344,0.671875,-0.79651163
23,317,340,0.6640625,-0.86470588
0,346,346,0.67578125,-1
25,300,325,0.63476562,-0.84615385
26,295,321,0.62695312,-0.83800623
23,305,328,0.640625,-0.8597561
21,326,347,0.67773438,-0.87896254
7,324,331,0.64648438,-0.95770393
2,332,334,0.65234375,-0.98802395
11,330,341,0.66601562,-0.93548387
15,325,340,0.6640625,-0.91176471
32,308,340,0.6640625,-0.81176471
5,330,335,0.65429688,-0.97014925
11,318,329,0.64257812,-0.9331307
6,327,333,0.65039062,-0.96396396
5,329,334,0.65234375,-0.97005988
16,319,335,0.65429688,-0.90447761
49,283,332,0.6484375,-0.70481928
17,317,334,0.65234375,-0.89820359
45,288,333,0.65039062,-0.72972973
18,321,339,0.66210938,-0.89380531
12,319,331,0.64648438,-0.92749245
2,338,340,0.6640625,-0.98823529
2,331,333,0.65039062,-0.98798799
17,317,334,0.65234375,-0.89820359
4,348,352,0.6875,-0.97727273
41,296,337,0.65820312,-0.75667656
82,242,324,0.6328125,-0.49382716
40,280,320,0.625,-0.75
77,252,329,0.64257812,-0.53191489
103,219,322,0.62890625,-0.36024845
97,242,339,0.66210938,-0.42772861
83,248,331,0.64648438,-0.49848943
103,225,328,0.640625,-0.37195122
83,243,326,0.63671875,-0.49079755
53,268,321,0.62695312,-0.66978193
43,285,328,0.640625,-0.73780488
18,315,333,0.65039062,-0.89189189
16,329,345,0.67382812,-0.90724638
12,320,332,0.6484375,-0.92771084
16,311,327,0.63867188,-0.90214067
4,333,337,0.65820312,-0.97626113
10,322,332,0.6484375,-0.93975904
20,318,338,0.66015625,-0.8816568
14,324,338,0.66015625,-0.91715976
10,319,329,0.64257812,-0.93920973
10,328,338,0.66015625,-0.9408284
0,346,346,0.67578125,-1
7,326,333,0.65039062,-0.95795796
1,341,342,0.66796875,-0.99415205
8,324,332,0.6484375,-0.95180723
2,338,340,0.6640625,-0.98823529
1,341,342,0.66796875,-0.99415205
28,307,335,0.65429688,-0.83283582
19,307,326,0.63671875,-0.88343558
12,314,326,0.63671875,-0.92638037
12,328,340,0.6640625,-0.92941176
12,326,338,0.66015625,-0.92899408
1,338,339,0.66210938,-0.99410029
4,340,344,0.671875,-0.97674419
4,331,335,0.65429688,-0.9761194
7,328,335,0.65429688,-0.95820896
22,305,327,0.63867188,-0.86544343
24,306,330,0.64453125,-0.85454545
11,319,330,0.64453125,-0.93333333
13,329,342,0.66796875,-0.92397661
31,294,325,0.63476562,-0.80923077
39,299,338,0.66015625,-0.76923077
28,317,345,0.67382812,-0.83768116
22,311,333,0.65039062,-0.86786787
4,332,336,0.65625,-0.97619048
8,333,341,0.66601562,-0.95307918
3,327,330,0.64453125,-0.98181818
7,332,339,0.66210938,-0.95870206
3,339,342,0.66796875,-0.98245614
17,332,349,0.68164062,-0.9025788
2,339,341,0.66601562,-0.98826979
0,346,346,0.67578125,-1
1,342,343,0.66992188,-0.9941691
1,347,348,0.6796875,-0.99425287
0,335,335,0.65429688,-1
4,321,325,0.63476562,-0.97538462
4,345,349,0.68164062,-0.97707736
11,328,339,0.66210938,-0.93510324
10,321,331,0.64648438,-0.93957704
6,333,339,0.66210938,-0.96460177
10,336,346,0.67578125,-0.94219653
10,322,332,0.6484375,-0.93975904
23,306,329,0.64257812,-0.86018237
31,300,331,0.64648438,-0.81268882
42,307,349,0.68164062,-0.75931232
32,294,326,0.63671875,-0.80368098
38,298,336,0.65625,-0.77380952
110,215,325,0.63476562,-0.32307692
90,229,319,0.62304688,-0.43573668
88,245,333,0.65039062,-0.47147147
98,235,333,0.65039062,-0.41141141
113,223,336,0.65625,-0.32738095
101,220,321,0.62695312,-0.37071651
87,244,331,0.64648438,-0.47432024
81,260,341,0.66601562,-0.52492669
55,272,327,0.63867188,-0.66360856
50,287,337,0.65820312,-0.70326409
16,319,335,0.65429688,-0.90447761
3,340,343,0.66992188,-0.98250729
10,324,334,0.65234375,-0.94011976
17,307,324,0.6328125,-0.89506173
13,322,335,0.65429688,-0.92238806
14,329,343,0.66992188,-0.91836735
31,309,340,0.6640625,-0.81764706
39,293,332,0.6484375,-0.76506024
10,314,324,0.6328125,-0.9382716
23,309,332,0.6484375,-0.86144578
26,314,340,0.6640625,-0.84705882
18,301,319,0.62304688,-0.88714734
3,336,339,0.66210938,-0.98230088
10,321,331,0.64648438,-0.93957704
17,328,345,0.67382812,-0.90144928
17,307,324,0.6328125,-0.89506173
14,328,342,0.66796875,-0.91812865
17,319,336,0.65625,-0.89880952
29,296,325,0.63476562,-0.82153846
15,319,334,0.65234375,-0.91017964
10,336,346,0.67578125,-0.94219653
25,297,322,0.62890625,-0.8447205
0,343,343,0.66992188,-1
5,333,338,0.66015625,-0.9704142
3,336,339,0.66210938,-0.98230088
9,332,341,0.66601562,-0.94721408
6,328,334,0.65234375,-0.96407186
7,330,337,0.65820312,-0.95845697
19,326,345,0.67382812,-0.88985507
30,308,338,0.66015625,-0.82248521
39,269,308,0.6015625,-0.74675325
29,305,334,0.65234375,-0.82634731
28,307,335,0.65429688,-0.83283582
10,306,316,0.6171875,-0.93670886
28,297,325,0.63476562,-0.82769231
33,295,328,0.640625,-0.79878049
34,299,333,0.65039062,-0.7957958
28,309,337,0.65820312,-0.83382789
26,313,339,0.66210938,-0.84660767
35,303,338,0.66015625,-0.79289941
14,309,323,0.63085938,-0.91331269
20,322,342,0.66796875,-0.88304094
31,304,335,0.65429688,-0.81492537
12,319,331,0.64648438,-0.92749245
8,331,339,0.66210938,-0.95280236
20,312,332,0.6484375,-0.87951807
18,324,342,0.66796875,-0.89473684
50,270,320,0.625,-0.6875
3,339,342,0.66796875,-0.98245614
4,325,329,0.64257812,-0.97568389
0,320,320,0.625,-1
15,316,331,0.64648438,-0.90936556
21,316,337,0.65820312,-0.87537092
51,288,339,0.66210938,-0.69911504
52,284,336,0.65625,-0.69047619
45,284,329,0.64257812,-0.72644377
64,268,332,0.6484375,-0.61445783
51,277,328,0.640625,-0.68902439
60,269,329,0.64257812,-0.63525836
34,282,316,0.6171875,-0.78481013
12,325,337,0.65820312,-0.92878338
12,319,331,0.64648438,-0.92749245
7,328,335,0.65429688,-0.95820896
0,335,335,0.65429688,-1
2,332,334,0.65234375,-0.98802395
17,313,330,0.64453125,-0.8969697
16,311,327,0.63867188,-0.90214067
18,319,337,0.65820312,-0.89317507
14,322,336,0.65625,-0.91666667
26,305,331,0.64648438,-0.8429003
37,300,337,0.65820312,-0.78041543
47,275,322,0.62890625,-0.70807453
25,314,339,0.66210938,-0.85250737
15,312,327,0.63867188,-0.90825688
19,319,338,0.66015625,-0.88757396
7,330,337,0.65820312,-0.95845697
36,287,323,0.63085938,-0.77708978
4,331,335,0.65429688,-0.9761194
10,333,343,0.66992188,-0.94169096
11,327,338,0.66015625,-0.93491124
10,344,354,0.69140625,-0.94350282
8,329,337,0.65820312,-0.95252226
0,331,331,0.64648438,-1
9,338,347,0.67773438,-0.9481268
20,306,326,0.63671875,-0.87730061
5,328,333,0.65039062,-0.96996997
14,325,339,0.66210938,-0.91740413
0,337,337,0.65820312,-1
3,331,334,0.65234375,-0.98203593
13,322,335,0.65429688,-0.92238806
2,327,329,0.64257812,-0.98784195
14,322,336,0.65625,-0.91666667
19,315,334,0.65234375,-0.88622754
7,330,337,0.65820312,-0.95845697
7,329,336,0.65625,-0.95833333
25,315,340,0.6640625,-0.85294118
24,306,330,0.64453125,-0.85454545
23,311,334,0.65234375,-0.86227545
13,323,336,0.65625,-0.92261905
3,329,332,0.6484375,-0.98192771
22,319,341,0.66601562,-0.87096774
29,306,335,0.65429688,-0.82686567
31,290,321,0.62695312,-0.80685358
40,291,331,0.64648438,-0.75830816
13,330,343,0.66992188,-0.92419825
4,347,351,0.68554688,-0.97720798
0,338,338,0.66015625,-1
24,293,317,0.61914062,-0.84858044
13,329,342,0.66796875,-0.92397661
45,279,324,0.6328125,-0.72222222
27,298,325,0.63476562,-0.83384615
24,312,336,0.65625,-0.85714286
8,332,340,0.6640625,-0.95294118
5,341,346,0.67578125,-0.97109827
31,308,339,0.66210938,-0.81710914
4,326,330,0.64453125,-0.97575758
15,325,340,0.6640625,-0.91176471
12,321,333,0.65039062,-0.92792793
4,335,339,0.66210938,-0.97640118
41,285,326,0.63671875,-0.74846626
52,295,347,0.67773438,-0.70028818
64,269,333,0.65039062,-0.61561562
70,253,323,0.63085938,-0.56656347
99,233,332,0.6484375,-0.40361446
112,222,334,0.65234375,-0.32934132
169,150,319,0.62304688,0.059561129
123,201,324,0.6328125,-0.24074074
72,258,330,0.64453125,-0.56363636
74,256,330,0.64453125,-0.55151515
55,275,330,0.64453125,-0.66666667
65,274,339,0.66210938,-0.61651917
36,300,336,0.65625,-0.78571429
28,292,320,0.625,-0.825
40,288,328,0.640625,-0.75609756
46,302,348,0.6796875,-0.73563218
53,268,321,0.62695312,-0.66978193
18,323,341,0.66601562,-0.89442815
36,300,336,0.65625,-0.78571429
31,283,314,0.61328125,-0.80254777
24,305,329,0.64257812,-0.85410334
44,295,339,0.66210938,-0.74041298
1,339,340,0.6640625,-0.99411765
2,318,320,0.625,-0.9875
1,349,350,0.68359375,-0.99428571
10,329,339,0.66210938,-0.94100295
10,327,337,0.65820312,-0.94065282
17,323,340,0.6640625,-0.9
19,316,335,0.65429688,-0.88656716
29,303,332,0.6484375,-0.8253012
9,332,341,0.66601562,-0.94721408
54,285,339,0.66210938,-0.68141593
8,339,347,0.67773438,-0.95389049
7,325,332,0.6484375,-0.95783133
11,318,329,0.64257812,-0.9331307
40,288,328,0.640625,-0.75609756
23,313,336,0.65625,-0.86309524
11,324,335,0.65429688,-0.93432836
7,314,321,0.62695312,-0.95638629
21,308,329,0.64257812,-0.87234043
14,332,346,0.67578125,-0.91907514
11,316,327,0.63867188,-0.93272171
3,330,333,0.65039062,-0.98198198
3,332,335,0.65429688,-0.98208955
18,319,337,0.65820312,-0.89317507
43,289,332,0.6484375,-0.74096386
43,281,324,0.6328125,-0.7345679
51,284,335,0.65429688,-0.69552239
30,307,337,0.65820312,-0.82195846
9,334,343,0.66992188,-0.94752187
5,342,347,0.67773438,-0.97118156
12,317,329,0.64257812,-0.92705167
13,312,325,0.63476562,-0.92
10,325,335,0.65429688,-0.94029851
16,314,330,0.64453125,-0.9030303
10,336,346,0.67578125,-0.94219653
2,338,340,0.6640625,-0.98823529
3,334,337,0.65820312,-0.98219585
18,314,332,0.6484375,-0.89156627
13,327,340,0.6640625,-0.92352941
14,308,322,0.62890625,-0.91304348
4,324,328,0.640625,-0.97560976
3,336,339,0.66210938,-0.98230088
0,341,341,0.66601562,-1
10,323,333,0.65039062,-0.93993994
0,336,336,0.65625,-1
8,326,334,0.65234375,-0.95209581
39,293,332,0.6484375,-0.76506024
46,293,339,0.66210938,-0.72861357
47,284,331,0.64648438,-0.71601208
62,270,332,0.6484375,-0.62650602
40,290,330,0.64453125,-0.75757576
55,291,346,0.67578125,-0.68208092
38,292,330,0.64453125,-0.76969697
53,287,340,0.6640625,-0.68823529
42,283,325,0.63476562,-0.74153846
16,318,334,0.65234375,-0.90419162
12,328,340,0.6640625,-0.92941176
11,323,334,0.65234375,-0.93413174
6,345,351,0.68554688,-0.96581197
16,318,334,0.65234375,-0.90419162
33,294,327,0.63867188,-0.79816514
30,287,317,0.61914062,-0.81072555
27,310,337,0.65820312,-0.83976261
11,322,333,0.65039062,-0.93393393
38,285,323,0.63085938,-0.76470588
26,302,328,0.640625,-0.84146341
26,307,333,0.65039062,-0.84384384
24,318,342,0.66796875,-0.85964912
8,334,342,0.66796875,-0.95321637
9,333,342,0.66796875,-0.94736842
16,326,342,0.66796875,-0.90643275
8,334,342,0.66796875,-0.95321637
11,318,329,0.64257812,-0.9331307
5,330,335,0.65429688,-0.97014925
1,342,343,0.66992188,-0.9941691
0,326,326,0.63671875,-1
9,323,332,0.6484375,-0.94578313
17,311,328,0.640625,-0.89634146
19,302,321,0.62695312,-0.88161994
2,350,352,0.6875,-0.98863636
2,340,342,0.66796875,-0.98830409
6,337,343,0.66992188,-0.96501458
3,327,330,0.64453125,-0.98181818
14,317,331,0.64648438,-0.91540785
10,322,332,0.6484375,-0.93975904
9,335,344,0.671875,-0.94767442
18,311,329,0.64257812,-0.89057751
7,328,335,0.65429688,-0.95820896
5,340,345,0.67382812,-0.97101449
28,301,329,0.64257812,-0.82978723
13,320,333,0.65039062,-0.92192192
31,308,339,0.66210938,-0.81710914
13,311,324,0.6328125,-0.91975309
16,322,338,0.66015625,-0.90532544
23,307,330,0.64453125,-0.86060606
18,316,334,0.65234375,-0.89221557
7,333,340,0.6640625,-0.95882353
12,333,345,0.67382812,-0.93043478
10,321,331,0.64648438,-0.93957704
14,320,334,0.65234375,-0.91616766
2,340,342,0.66796875,-0.98830409
24,305,329,0.64257812,-0.85410334
4,334,338,0.66015625,-0.97633136
23,317,340,0.6640625,-0.86470588
41,285,326,0.63671875,-0.74846626
4,335,339,0.66210938,-0.97640118
15,327,342,0.66796875,-0.9122807
1,344,345,0.67382812,-0.9942029
12,317,329,0.64257812,-0.92705167
4,326,330,0.64453125,-0.97575758
3,337,340,0.6640625,-0.98235294
5,329,334,0.65234375,-0.97005988
28,303,331,0.64648438,-0.83081571
38,289,327,0.63867188,-0.7675841
11,318,329,0.64257812,-0.9331307
9,321,330,0.64453125,-0.94545455
16,315,331,0.64648438,-0.90332326
8,340,348,0.6796875,-0.95402299
17,319,336,0.65625,-0.89880952
36,299,335,0.65429688,-0.78507463
67,266,333,0.65039062,-0.5975976
26,295,321,0.62695312,-0.83800623
26,311,337,0.65820312,-0.84569733
32,301,333,0.65039062,-0.80780781
54,277,331,0.64648438,-0.67371601
51,286,337,0.65820312,-0.69732938
48,285,333,0.65039062,-0.71171171
46,294,340,0.6640625,-0.72941176
43,286,329,0.64257812,-0.73860182
63,256,319,0.62304688,-0.60501567
76,253,329,0.64257812,-0.53799392
18,317,335,0.65429688,-0.89253731
14,316,330,0.64453125,-0.91515152
12,330,342,0.66796875,-0.92982456
18,316,334,0.65234375,-0.89221557
29,296,325,0.63476562,-0.82153846
47,283,330,0.64453125,-0.71515152
56,270,326,0.63671875,-0.65644172
8,326,334,0.65234375,-0.95209581
1,337,338,0.66015625,-0.99408284
5,330,335,0.65429688,-0.97014925
9,331,340,0.6640625,-0.94705882
47,292,339,0.66210938,-0.72271386
59,275,334,0.65234375,-0.64670659
30,314,344,0.671875,-0.8255814
59,281,340,0.6640625,-0.65294118
60,263,323,0.63085938,-0.62848297
56,275,331,0.64648438,-0.66163142
35,299,334,0.65234375,-0.79041916
31,305,336,0.65625,-0.81547619
51,281,332,0.6484375,-0.69277108
37,299,336,0.65625,-0.7797619
27,316,343,0.66992188,-0.8425656
32,293,325,0.63476562,-0.80307692
31,292,323,0.63085938,-0.80804954
18,302,320,0.625,-0.8875
7,318,325,0.63476562,-0.95692308
21,312,333,0.65039062,-0.87387387
13,316,329,0.64257812,-0.92097264
6,325,331,0.64648438,-0.96374622
28,316,344,0.671875,-0.8372093
29,308,337,0.65820312,-0.82789318
45,303,348,0.6796875,-0.74137931
27,303,330,0.64453125,-0.83636364
25,308,333,0.65039062,-0.84984985
3,332,335,0.65429688,-0.98208955
4,340,344,0.671875,-0.97674419
0,342,342,0.66796875,-1
1,342,343,0.66992188,-0.9941691
35,291,326,0.63671875,-0.78527607
32,303,335,0.65429688,-0.80895522
20,309,329,0.64257812,-0.87841945
20,312,332,0.6484375,-0.87951807
16,320,336,0.65625,-0.9047619
2,322,324,0.6328125,-0.98765432
7,336,343,0.66992188,-0.95918367
7,328,335,0.65429688,-0.95820896
28,311,339,0.66210938,-0.83480826
27,310,337,0.65820312,-0.83976261
36,311,347,0.67773438,-0.7925072
20,317,337,0.65820312,-0.88130564
5,324,329,0.64257812,-0.96960486
21,317,338,0.66015625,-0.87573964
14,307,321,0.62695312,-0.91277259
38,293,331,0.64648438,-0.77039275
64,265,329,0.64257812,-0.61094225
73,257,330,0.64453125,-0.55757576
77,256,333,0.65039062,-0.53753754
32,319,351,0.68554688,-0.81766382
21,310,331,0.64648438,-0.87311178
6,328,334,0.65234375,-0.96407186
7,341,348,0.6796875,-0.95977011
20,310,330,0.64453125,-0.87878788
27,288,315,0.61523438,-0.82857143
5,331,336,0.65625,-0.9702381
3,339,342,0.66796875,-0.98245614
4,328,332,0.6484375,-0.97590361
21,313,334,0.65234375,-0.8742515
12,325,337,0.65820312,-0.92878338
16,319,335,0.65429688,-0.90447761
17,306,323,0.63085938,-0.89473684
9,335,344,0.671875,-0.94767442
14,317,331,0.64648438,-0.91540785
42,292,334,0.65234375,-0.74850299
6,326,332,0.6484375,-0.96385542
38,286,324,0.6328125,-0.7654321
27,302,329,0.64257812,-0.83586626
40,296,336,0.65625,-0.76190476
37,282,319,0.62304688,-0.76802508
25,316,341,0.66601562,-0.85337243
33,291,324,0.6328125,-0.7962963
47,286,333,0.65039062,-0.71771772
57,275,332,0.6484375,-0.65662651
40,291,331,0.64648438,-0.75830816
29,304,333,0.65039062,-0.82582583
30,296,326,0.63671875,-0.81595092
9,328,337,0.65820312,-0.94658754
0,334,334,0.65234375,-1
7,339,346,0.67578125,-0.95953757
3,326,329,0.64257812,-0.98176292
4,337,341,0.66601562,-0.97653959
23,307,330,0.64453125,-0.86060606
62,278,340,0.6640625,-0.63529412
35,304,339,0.66210938,-0.79351032
20,302,322,0.62890625,-0.8757764
23,315,338,0.66015625,-0.86390533
24,315,339,0.66210938,-0.85840708
15,330,345,0.67382812,-0.91304348
5,331,336,0.65625,-0.9702381
15,314,329,0.64257812,-0.90881459
14,319,333,0.65039062,-0.91591592
0,349,349,0.68164062,-1
0,332,332,0.6484375,-1
9,320,329,0.64257812,-0.94528875
2,326,328,0.640625,-0.98780488
3,334,337,0.65820312,-0.98219585
1,333,334,0.65234375,-0.99401198
7,323,330,0.64453125,-0.95757576
32,297,329,0.64257812,-0.80547112
18,316,334,0.65234375,-0.89221557
37,306,343,0.66992188,-0.78425656
6,332,338,0.66015625,-0.96449704
31,301,332,0.6484375,-0.81325301
20,326,346,0.67578125,-0.88439306
5,335,340,0.6640625,-0.97058824
2,335,337,0.65820312,-0.98813056
0,327,327,0.63867188,-1
12,324,336,0.65625,-0.92857143
13,312,325,0.63476562,-0.92
12,334,346,0.67578125,-0.93063584
13,324,337,0.65820312,-0.92284866
17,325,342,0.66796875,-0.9005848
13,317,330,0.64453125,-0.92121212
12,322,334,0.65234375,-0.92814371
29,299,328,0.640625,-0.82317073
1,337,338,0.66015625,-0.99408284
12,328,340,0.6640625,-0.92941176
21,303,324,0.6328125,-0.87037037
28,292,320,0.625,-0.825
43,295,338,0.66015625,-0.74556213
35,288,323,0.63085938,-0.78328173
54,279,333,0.65039062,-0.67567568
40,283,323,0.63085938,-0.75232198
6,332,338,0.66015625,-0.96449704
5,338,343,0.66992188,-0.97084548
2,336,338,0.66015625,-0.98816568
11,321,332,0.6484375,-0.93373494
16,324,340,0.6640625,-0.90588235
3,335,338,0.66015625,-0.98224852
17,316,333,0.65039062,-0.8978979
2,337,339,0.66210938,-0.98820059
0,350,350,0.68359375,-1
8,329,337,0.65820312,-0.95252226
7,330,337,0.65820312,-0.95845697
13,320,333,0.65039062,-0.92192192
6,340,346,0.67578125,-0.96531792
10,327,337,0.65820312,-0.94065282
6,334,340,0.6640625,-0.96470588
0,348,348,0.6796875,-1
4,320,324,0.6328125,-0.97530864
0,345,345,0.67382812,-1
15,317,332,0.6484375,-0.90963855
3,345,348,0.6796875,-0.98275862
7,326,333,0.65039062,-0.95795796
15,318,333,0.65039062,-0.90990991
32,297,329,0.64257812,-0.80547112
32,317,349,0.68164062,-0.81661891
18,308,326,0.63671875,-0.88957055
33,300,333,0.65039062,-0.8018018
22,295,317,0.61914062,-0.86119874
16,322,338,0.66015625,-0.90532544
36,292,328,0.640625,-0.7804878
56,277,333,0.65039062,-0.66366366
13,322,335,0.65429688,-0.92238806
4,341,345,0.67382812,-0.97681159
16,324,340,0.6640625,-0.90588235
0,346,346,0.67578125,-1
25,299,324,0.6328125,-0.84567901
36,286,322,0.62890625,-0.77639752
8,330,338,0.66015625,-0.95266272
10,310,320,0.625,-0.9375
18,320,338,0.66015625,-0.89349112
4,330,334,0.65234375,-0.9760479
12,321,333,0.65039062,-0.92792793
30,308,338,0.66015625,-0.82248521
10,323,333,0.65039062,-0.93993994
18,318,336,0.65625,-0.89285714
35,310,345,0.67382812,-0.79710145
16,331,347,0.67773438,-0.90778098
33,299,332,0.6484375,-0.80120482
16,320,336,0.65625,-0.9047619
31,295,326,0.63671875,-0.80981595
42,292,334,0.65234375,-0.74850299
19,297,316,0.6171875,-0.87974684
15,319,334,0.65234375,-0.91017964
26,313,339,0.66210938,-0.84660767
22,301,323,0.63085938,-0.86377709
47,297,344,0.671875,-0.72674419
5,334,339,0.66210938,-0.97050147
28,310,338,0.66015625,-0.83431953
29,312,341,0.66601562,-0.82991202
10,331,341,0.66601562,-0.94134897
36,299,335,0.65429688,-0.78507463
42,290,332,0.6484375,-0.74698795
8,338,346,0.67578125,-0.95375723
14,313,327,0.63867188,-0.91437309
22,314,336,0.65625,-0.86904762
10,324,334,0.65234375,-0.94011976
28,308,336,0.65625,-0.83333333
12,333,345,0.67382812,-0.93043478
3,333,336,0.65625,-0.98214286
10,316,326,0.63671875,-0.93865031
1,345,346,0.67578125,-0.99421965
10,328,338,0.66015625,-0.9408284
22,315,337,0.65820312,-0.8694362
8,324,332,0.6484375,-0.95180723
4,333,337,0.65820312,-0.97626113
2,352,354,0.69140625,-0.98870056
1,336,337,0.65820312,-0.99406528
2,345,347,0.67773438,-0.98847262
12,326,338,0.66015625,-0.92899408
20,314,334,0.65234375,-0.88023952
16,319,335,0.65429688,-0.90447761
4,324,328,0.640625,-0.97560976
21,316,337,0.65820312,-0.87537092
36,299,335,0.65429688,-0.78507463
50,285,335,0.65429688,-0.70149254
18,314,332,0.6484375,-0.89156627
13,324,337,0.65820312,-0.92284866
16,319,335,0.65429688,-0.90447761
25,307,332,0.6484375,-0.84939759
0,338,338,0.66015625,-1
12,319,331,0.64648438,-0.92749245
5,330,335,0.65429688,-0.97014925
17,320,337,0.65820312,-0.89910979
22,305,327,0.63867188,-0.86544343
23,298,321,0.62695312,-0.85669782
16,325,341,0.66601562,-0.90615836
3,333,336,0.65625,-0.98214286
9,321,330,0.64453125,-0.94545455
20,325,345,0.67382812,-0.88405797
33,297,330,0.64453125,-0.8
23,312,335,0.65429688,-0.86268657
19,313,332,0.6484375,-0.88554217
1,334,335,0.65429688,-0.99402985
9,329,338,0.66015625,-0.94674556
18,323,341,0.66601562,-0.89442815
11,320,331,0.64648438,-0.93353474
20,314,334,0.65234375,-0.88023952
31,296,327,0.63867188,-0.81039755
50,281,331,0.64648438,-0.6978852
32,312,344,0.671875,-0.81395349
22,321,343,0.66992188,-0.87172012
14,322,336,0.65625,-0.91666667
0,339,339,0.66210938,-1
21,319,340,0.6640625,-0.87647059
13,327,340,0.6640625,-0.92352941
34,300,334,0.65234375,-0.79640719
47,295,342,0.66796875,-0.7251462
17,313,330,0.64453125,-0.8969697
4,324,328,0.640625,-0.97560976
7,340,347,0.67773438,-0.95965418
10,335,345,0.67382812,-0.94202899
0,344,344,0.671875,-1
6,334,340,0.6640625,-0.96470588
11,347,358,0.69921875,-0.93854749
13,319,332,0.6484375,-0.92168675
2,347,349,0.68164062,-0.98853868
2,332,334,0.65234375,-0.98802395
12,325,337,0.65820312,-0.92878338
11,315,326,0.63671875,-0.93251534
19,314,333,0.65039062,-0.88588589
28,310,338,0.66015625,-0.83431953
29,311,340,0.6640625,-0.82941176
37,296,333,0.65039062,-0.77777778
14,314,328,0.640625,-0.91463415
32,301,333,0.65039062,-0.80780781
11,329,340,0.6640625,-0.93529412
22,309,331,0.64648438,-0.86706949
24,307,331,0.64648438,-0.85498489
32,299,331,0.64648438,-0.80664653
36,305,341,0.66601562,-0.7888563
65,261,326,0.63671875,-0.60122699
58,287,345,0.67382812,-0.66376812
84,242,326,0.63671875,-0.48466258
94,224,318,0.62109375,-0.40880503
64,272,336,0.65625,-0.61904762
1,340,341,0.66601562,-0.9941349
21,308,329,0.64257812,-0.87234043
13,336,349,0.68164062,-0.92550143
15,315,330,0.64453125,-0.90909091
13,325,338,0.66015625,-0.92307692
12,318,330,0.64453125,-0.92727273
5,338,343,0.66992188,-0.97084548
6,323,329,0.64257812,-0.96352584
6,331,337,0.65820312,-0.96439169
24,301,325,0.63476562,-0.85230769
13,320,333,0.65039062,-0.92192192
14,314,328,0.640625,-0.91463415
49,289,338,0.66015625,-0.71005917
72,257,329,0.64257812,-0.56231003
98,221,319,0.62304688,-0.38557994
90,244,334,0.65234375,-0.46107784
74,254,328,0.640625,-0.54878049
28,322,350,0.68359375,-0.84
11,328,339,0.66210938,-0.93510324
0,327,327,0.63867188,-1
3,335,338,0.66015625,-0.98224852
14,320,334,0.65234375,-0.91616766
36,301,337,0.65820312,-0.78635015
0,330,330,0.64453125,-1
5,326,331,0.64648438,-0.96978852
21,307,328,0.640625,-0.87195122
17,319,336,0.65625,-0.89880952
26,307,333,0.65039062,-0.84384384
26,295,321,0.62695312,-0.83800623
60,270,330,0.64453125,-0.63636364
77,267,344,0.671875,-0.55232558
94,234,328,0.640625,-0.42682927
95,237,332,0.6484375,-0.42771084
40,304,344,0.671875,-0.76744186
40,294,334,0.65234375,-0.76047904
57,259,316,0.6171875,-0.63924051
43,283,326,0.63671875,-0.73619632
19,311,330,0.64453125,-0.88484848
14,312,326,0.63671875,-0.91411043
24,314,338,0.66015625,-0.85798817
16,320,336,0.65625,-0.9047619
13,309,322,0.62890625,-0.91925466
0,333,333,0.65039062,-1
11,313,324,0.6328125,-0.93209877
14,324,338,0.66015625,-0.91715976
11,334,345,0.67382812,-0.93623188
25,305,330,0.64453125,-0.84848485
37,295,332,0.6484375,-0.77710843
25,321,346,0.67578125,-0.85549133
17,318,335,0.65429688,-0.89850746
27,315,342,0.66796875,-0.84210526
13,319,332,0.6484375,-0.92168675
11,328,339,0.66210938,-0.93510324
3,325,328,0.640625,-0.98170732
17,321,338,0.66015625,-0.89940828
42,289,331,0.64648438,-0.74622356
62,281,343,0.66992188,-0.63848397
67,261,328,0.640625,-0.59146341
32,300,332,0.6484375,-0.80722892
44,287,331,0.64648438,-0.73413897
11,326,337,0.65820312,-0.9347181
2,358,360,0.703125,-0.98888889
4,335,339,0.66210938,-0.97640118
19,312,331,0.64648438,-0.88519637
14,325,339,0.66210938,-0.91740413
31,299,330,0.64453125,-0.81212121
22,308,330,0.64453125,-0.86666667
6,323,329,0.64257812,-0.96352584
0,338,338,0.66015625,-1
28,315,343,0.66992188,-0.83673469
36,286,322,0.62890625,-0.77639752
60,271,331,0.64648438,-0.63746224
39,273,312,0.609375,-0.75
39,281,320,0.625,-0.75625
18,304,322,0.62890625,-0.88819876
35,309,344,0.671875,-0.79651163
32,304,336,0.65625,-0.80952381
3,332,335,0.65429688,-0.98208955
7,322,329,0.64257812,-0.95744681
4,351,355,0.69335938,-0.97746479
29,309,338,0.66015625,-0.82840237
11,333,344,0.671875,-0.93604651
16,306,322,0.62890625,-0.90062112
34,293,327,0.63867188,-0.79204893
28,298,326,0.63671875,-0.82822086
27,303,330,0.64453125,-0.83636364
13,324,337,0.65820312,-0.92284866
14,321,335,0.65429688,-0.91641791
4,333,337,0.65820312,-0.97626113
6,343,349,0.68164062,-0.96561605
9,330,339,0.66210938,-0.94690265
13,319,332,0.6484375,-0.92168675
21,309,330,0.64453125,-0.87272727
28,298,326,0.63671875,-0.82822086
2,339,341,0.66601562,-0.98826979
9,327,336,0.65625,-0.94642857
3,347,350,0.68359375,-0.98285714
1,331,332,0.6484375,-0.9939759
11,327,338,0.66015625,-0.93491124
2,346,348,0.6796875,-0.98850575
13,327,340,0.6640625,-0.92352941
37,304,341,0.66601562,-0.7829912
43,297,340,0.6640625,-0.74705882
44,287,331,0.64648438,-0.73413897
61,264,325,0.63476562,-0.62461538
35,297,332,0.6484375,-0.78915663
60,270,330,0.64453125,-0.63636364
80,248,328,0.640625,-0.51219512
74,258,332,0.6484375,-0.55421687
49,282,331,0.64648438,-0.70392749
56,274,330,0.64453125,-0.66060606
38,298,336,0.65625,-0.77380952
44,278,322,0.62890625,-0.72670807
11,332,343,0.66992188,-0.93586006
4,330,334,0.65234375,-0.9760479
4,322,326,0.63671875,-0.97546012
6,338,344,0.671875,-0.96511628
60,280,340,0.6640625,-0.64705882
65,270,335,0.65429688,-0.6119403
13,328,341,0.66601562,-0.92375367
19,312,331,0.64648438,-0.88519637
24,312,336,0.65625,-0.85714286
15,327,342,0.66796875,-0.9122807
14,307,321,0.62695312,-0.91277259
15,317,332,0.6484375,-0.90963855
14,326,340,0.6640625,-0.91764706
18,320,338,0.66015625,-0.89349112
6,335,341,0.66601562,-0.96480938
3,328,331,0.64648438,-0.98187311
5,335,340,0.6640625,-0.97058824
6,333,339,0.66210938,-0.96460177
9,339,348,0.6796875,-0.94827586
7,324,331,0.64648438,-0.95770393
9,326,335,0.65429688,-0.94626866
34,293,327,0.63867188,-0.79204893
3,332,335,0.65429688,-0.98208955
16,310,326,0.63671875,-0.90184049
1,327,328,0.640625,-0.99390244
7,319,326,0.63671875,-0.95705521
3,324,327,0.63867188,-0.98165138
19,319,338,0.66015625,-0.88757396
17,314,331,0.64648438,-0.89728097
6,336,342,0.66796875,-0.96491228
5,331,336,0.65625,-0.9702381
4,336,340,0.6640625,-0.97647059
12,328,340,0.6640625,-0.92941176
5,325,330,0.64453125,-0.96969697
19,313,332,0.6484375,-0.88554217
24,315,339,0.66210938,-0.85840708
42,295,337,0.65820312,-0.75074184
9,336,345,0.67382812,-0.94782609
8,332,340,0.6640625,-0.95294118
11,333,344,0.671875,-0.93604651
3,342,345,0.67382812,-0.9826087
15,313,328,0.640625,-0.90853659
27,314,341,0.66601562,-0.84164223
13,311,324,0.6328125,-0.91975309
17,314,331,0.64648438,-0.89728097
0,336,336,0.65625,-1
18,320,338,0.66015625,-0.89349112
22,317,339,0.66210938,-0.87020649
33,300,333,0.65039062,-0.8018018
6,334,340,0.6640625,-0.96470588
15,319,334,0.65234375,-0.91017964
4,329,333,0.65039062,-0.97597598
6,320,326,0.63671875,-0.96319018
8,326,334,0.65234375,-0.95209581
13,320,333,0.65039062,-0.92192192
5,337,342,0.66796875,-0.97076023
18,304,322,0.62890625,-0.88819876
8,330,338,0.66015625,-0.95266272
43,284,327,0.63867188,-0.73700306
34,293,327,0.63867188,-0.79204893
19,326,345,0.67382812,-0.88985507
27,307,334,0.65234375,-0.83832335
3,340,343,0.66992188,-0.98250729
0,347,347,0.67773438,-1
2,327,329,0.64257812,-0.98784195
25,326,351,0.68554688,-0.85754986
15,317,332,0.6484375,-0.90963855
3,340,343,0.66992188,-0.98250729
0,341,341,0.66601562,-1
1,331,332,0.6484375,-0.9939759
23,315,338,0.66015625,-0.86390533
63,256,319,0.62304688,-0.60501567
34,289,323,0.63085938,-0.78947368
32,310,342,0.66796875,-0.8128655
18,315,333,0.65039062,-0.89189189
26,312,338,0.66015625,-0.84615385
2,334,336,0.65625,-0.98809524
6,333,339,0.66210938,-0.96460177
13,326,339,0.66210938,-0.92330383
46,300,346,0.67578125,-0.73410405
43,295,338,0.66015625,-0.74556213
35,294,329,0.64257812,-0.78723404
37,290,327,0.63867188,-0.77370031
32,283,315,0.61523438,-0.7968254
42,277,319,0.62304688,-0.73667712
64,287,351,0.68554688,-0.63532764
31,291,322,0.62890625,-0.80745342
34,312,346,0.67578125,-0.80346821
9,336,345,0.67382812,-0.94782609
26,305,331,0.64648438,-0.8429003
4,338,342,0.66796875,-0.97660819
7,327,334,0.65234375,-0.95808383
26,305,331,0.64648438,-0.8429003
2,334,336,0.65625,-0.98809524
6,326,332,0.6484375,-0.96385542
24,310,334,0.65234375,-0.85628743
34,310,344,0.671875,-0.80232558
61,274,335,0.65429688,-0.6358209
73,262,335,0.65429688,-0.5641791
59,278,337,0.65820312,-0.64985163
67,268,335,0.65429688,-0.6
113,223,336,0.65625,-0.32738095
96,216,312,0.609375,-0.38461538
107,234,341,0.66601562,-0.37243402
85,241,326,0.63671875,-0.47852761
68,252,320,0.625,-0.575
74,246,320,0.625,-0.5375
83,242,325,0.63476562,-0.48923077
72,240,312,0.609375,-0.53846154
44,276,320,0.625,-0.725
24,310,334,0.65234375,-0.85628743
12,312,324,0.6328125,-0.92592593
9,326,335,0.65429688,-0.94626866
7,328,335,0.65429688,-0.95820896
4,335,339,0.66210938,-0.97640118
27,310,337,0.65820312,-0.83976261
29,311,340,0.6640625,-0.82941176
21,312,333,0.65039062,-0.87387387
0,351,351,0.68554688,-1
3,329,332,0.6484375,-0.98192771
10,331,341,0.66601562,-0.94134897
12,331,343,0.66992188,-0.93002915
19,318,337,0.65820312,-0.88724036
20,316,336,0.65625,-0.88095238
16,313,329,0.64257812,-0.90273556
24,304,328,0.640625,-0.85365854
12,317,329,0.64257812,-0.92705167
54,272,326,0.63671875,-0.66871166
72,263,335,0.65429688,-0.57014925
25,314,339,0.66210938,-0.85250737
7,332,339,0.66210938,-0.95870206
3,336,339,0.66210938,-0.98230088
13,320,333,0.65039062,-0.92192192
0,347,347,0.67773438,-1
0,341,341,0.66601562,-1
27,310,337,0.65820312,-0.83976261
20,321,341,0.66601562,-0.88269795
3,345,348,0.6796875,-0.98275862
12,307,319,0.62304688,-0.92476489
13,319,332,0.6484375,-0.92168675
34,292,326,0.63671875,-0.79141104
10,324,334,0.65234375,-0.94011976
4,333,337,0.65820312,-0.97626113
15,308,323,0.63085938,-0.90712074
16,311,327,0.63867188,-0.90214067
21,305,326,0.63671875,-0.87116564
31,304,335,0.65429688,-0.81492537
22,307,329,0.64257812,-0.8662614
38,281,319,0.62304688,-0.76175549
13,331,344,0.671875,-0.9244186
0,325,325,0.63476562,-1
8,317,325,0.63476562,-0.95076923
2,341,343,0.66992188,-0.98833819
3,338,341,0.66601562,-0.98240469
2,338,340,0.6640625,-0.98823529
61,266,327,0.63867188,-0.62691131
48,281,329,0.64257812,-0.70820669
34,299,333,0.65039062,-0.7957958
2,337,339,0.66210938,-0.98820059
15,336,351,0.68554688,-0.91452991
30,309,339,0.66210938,-0.82300885
38,289,327,0.63867188,-0.7675841
32,297,329,0.64257812,-0.80547112
32,296,328,0.640625,-0.80487805
28,299,327,0.63867188,-0.82874618
20,323,343,0.66992188,-0.88338192
5,325,330,0.64453125,-0.96969697
12,319,331,0.64648438,-0.92749245
9,329,338,0.66015625,-0.94674556
27,317,344,0.671875,-0.84302326
12,328,340,0.6640625,-0.92941176
8,333,341,0.66601562,-0.95307918
5,332,337,0.65820312,-0.97032641
16,319,335,0.65429688,-0.90447761
21,317,338,0.66015625,-0.87573964
47,290,337,0.65820312,-0.72106825
20,311,331,0.64648438,-0.87915408
17,329,346,0.67578125,-0.9017341
11,320,331,0.64648438,-0.93353474
38,306,344,0.671875,-0.77906977
25,305,330,0.64453125,-0.84848485
76,262,338,0.66015625,-0.55029586
70,256,326,0.63671875,-0.57055215
81,237,318,0.62109375,-0.49056604
64,253,317,0.61914062,-0.59621451
85,253,338,0.66015625,-0.49704142
33,296,329,0.64257812,-0.7993921
8,323,331,0.64648438,-0.95166163
2,341,343,0.66992188,-0.98833819
1,347,348,0.6796875,-0.99425287
11,334,345,0.67382812,-0.93623188
8,314,322,0.62890625,-0.95031056
11,328,339,0.66210938,-0.93510324
29,312,341,0.66601562,-0.82991202
6,341,347,0.67773438,-0.96541787
11,316,327,0.63867188,-0.93272171
23,324,347,0.67773438,-0.86743516
71,251,322,0.62890625,-0.55900621
24,310,334,0.65234375,-0.85628743
45,294,339,0.66210938,-0.73451327
1,346,347,0.67773438,-0.99423631
29,310,339,0.66210938,-0.82890855
3,336,339,0.66210938,-0.98230088
10,335,345,0.67382812,-0.94202899
16,327,343,0.66992188,-0.90670554
14,309,323,0.63085938,-0.91331269
13,320,333,0.65039062,-0.92192192
1,337,338,0.66015625,-0.99408284
0,339,339,0.66210938,-1
12,323,335,0.65429688,-0.92835821
5,332,337,0.65820312,-0.97032641
20,313,333,0.65039062,-0.87987988
5,334,339,0.66210938,-0.97050147
3,337,340,0.6640625,-0.98235294
0,344,344,0.671875,-1
14,315,329,0.64257812,-0.91489362
24,318,342,0.66796875,-0.85964912
26,313,339,0.66210938,-0.84660767
26,294,320,0.625,-0.8375
32,313,345,0.67382812,-0.81449275
28,311,339,0.66210938,-0.83480826
11,333,344,0.671875,-0.93604651
4,333,337,0.65820312,-0.97626113
4,332,336,0.65625,-0.97619048
8,338,346,0.67578125,-0.95375723
14,322,336,0.65625,-0.91666667
6,329,335,0.65429688,-0.9641791
16,326,342,0.66796875,-0.90643275
9,340,349,0.68164062,-0.94842407
10,317,327,0.63867188,-0.93883792
8,324,332,0.6484375,-0.95180723
15,321,336,0.65625,-0.91071429
7,328,335,0.65429688,-0.95820896
15,308,323,0.63085938,-0.90712074
25,302,327,0.63867188,-0.8470948
17,314,331,0.64648438,-0.89728097
8,337,345,0.67382812,-0.95362319
42,293,335,0.65429688,-0.74925373
44,294,338,0.66015625,-0.73964497
47,295,342,0.66796875,-0.7251462
33,296,329,0.64257812,-0.7993921
25,305,330,0.64453125,-0.84848485
13,324,337,0.65820312,-0.92284866
17,313,330,0.64453125,-0.8969697
15,321,336,0.65625,-0.91071429
0,332,332,0.6484375,-1
12,321,333,0.65039062,-0.92792793
11,327,338,0.66015625,-0.93491124
2,327,329,0.64257812,-0.98784195
13,317,330,0.64453125,-0.92121212
9,321,330,0.64453125,-0.94545455
34,316,350,0.68359375,-0.80571429
42,285,327,0.63867188,-0.74311927
4,318,322,0.62890625,-0.97515528
22,309,331,0.64648438,-0.86706949
25,307,332,0.6484375,-0.84939759
36,299,335,0.65429688,-0.78507463
6,330,336,0.65625,-0.96428571
18,322,340,0.6640625,-0.89411765
13,311,324,0.6328125,-0.91975309
23,301,324,0.6328125,-0.85802469
6,312,318,0.62109375,-0.96226415
6,327,333,0.65039062,-0.96396396
23,304,327,0.63867188,-0.85932722
14,311,325,0.63476562,-0.91384615
9,320,329,0.64257812,-0.94528875
3,334,337,0.65820312,-0.98219585
9,314,323,0.63085938,-0.94427245
27,306,333,0.65039062,-0.83783784
21,313,334,0.65234375,-0.8742515
12,331,343,0.66992188,-0.93002915
8,338,346,0.67578125,-0.95375723
10,324,334,0.65234375,-0.94011976
0,332,332,0.6484375,-1
3,333,336,0.65625,-0.98214286
8,321,329,0.64257812,-0.95136778
7,336,343,0.66992188,-0.95918367
17,321,338,0.66015625,-0.89940828
3,332,335,0.65429688,-0.98208955
3,328,331,0.64648438,-0.98187311
30,300,330,0.64453125,-0.81818182
22,319,341,0.66601562,-0.87096774
5,341,346,0.67578125,-0.97109827
2,334,336,0.65625,-0.98809524
6,329,335,0.65429688,-0.9641791
29,309,338,0.66015625,-0.82840237
64,268,332,0.6484375,-0.61445783
43,286,329,0.64257812,-0.73860182
27,305,332,0.6484375,-0.8373494
24,305,329,0.64257812,-0.85410334
22,315,337,0.65820312,-0.8694362
11,339,350,0.68359375,-0.93714286
9,320,329,0.64257812,-0.94528875
12,321,333,0.65039062,-0.92792793
21,305,326,0.63671875,-0.87116564
17,321,338,0.66015625,-0.89940828
26,311,337,0.65820312,-0.84569733
24,306,330,0.64453125,-0.85454545
13,319,332,0.6484375,-0.92168675
7,327,334,0.65234375,-0.95808383
6,330,336,0.65625,-0.96428571
4,339,343,0.66992188,-0.97667638
11,339,350,0.68359375,-0.93714286
13,317,330,0.64453125,-0.92121212
11,336,347,0.67773438,-0.93659942
10,317,327,0.63867188,-0.93883792
2,332,334,0.65234375,-0.98802395
0,329,329,0.64257812,-1
10,319,329,0.64257812,-0.93920973
14,314,328,0.640625,-0.91463415
9,321,330,0.64453125,-0.94545455
11,322,333,0.65039062,-0.93393393
12,326,338,0.66015625,-0.92899408
2,344,346,0.67578125,-0.98843931
31,307,338,0.66015625,-0.81656805
16,312,328,0.640625,-0.90243902
10,319,329,0.64257812,-0.93920973
36,299,335,0.65429688,-0.78507463
7,326,333,0.65039062,-0.95795796
22,315,337,0.65820312,-0.8694362
31,297,328,0.640625,-0.81097561
45,277,322,0.62890625,-0.72049689
34,297,331,0.64648438,-0.79456193
20,299,319,0.62304688,-0.87460815
16,321,337,0.65820312,-0.90504451
10,326,336,0.65625,-0.94047619
23,303,326,0.63671875,-0.85889571
2,334,336,0.65625,-0.98809524
14,326,340,0.6640625,-0.91764706
2,343,345,0.67382812,-0.9884058
6,338,344,0.671875,-0.96511628
42,292,334,0.65234375,-0.74850299
36,294,330,0.64453125,-0.78181818
25,307,332,0.6484375,-0.84939759
14,315,329,0.64257812,-0.91489362
8,330,338,0.66015625,-0.95266272
5,335,340,0.6640625,-0.97058824
2,345,347,0.67773438,-0.98847262
2,343,345,0.67382812,-0.9884058
16,314,330,0.64453125,-0.9030303
29,304,333,0.65039062,-0.82582583
34,302,336,0.65625,-0.79761905
1,344,345,0.67382812,-0.9942029
24,301,325,0.63476562,-0.85230769
13,326,339,0.66210938,-0.92330383
26,305,331,0.64648438,-0.8429003
5,338,343,0.66992188,-0.97084548
8,331,339,0.66210938,-0.95280236
9,321,330,0.64453125,-0.94545455
13,324,337,0.65820312,-0.92284866
0,339,339,0.66210938,-1
15,327,342,0.66796875,-0.9122807
21,329,350,0.68359375,-0.88
7,332,339,0.66210938,-0.95870206
5,318,323,0.63085938,-0.96904025
8,333,341,0.66601562,-0.95307918
6,327,333,0.65039062,-0.96396396
0,347,347,0.67773438,-1
1,336,337,0.65820312,-0.99406528
10,324,334,0.65234375,-0.94011976
1,332,333,0.65039062,-0.99399399
4,335,339,0.66210938,-0.97640118
16,313,329,0.64257812,-0.90273556
16,330,346,0.67578125,-0.90751445
31,284,315,0.61523438,-0.8031746
22,317,339,0.66210938,-0.87020649
57,285,342,0.66796875,-0.66666667
70,257,327,0.63867188,-0.57186544
63,263,326,0.63671875,-0.61349693
134,181,315,0.61523438,-0.14920635
164,152,316,0.6171875,0.037974684
170,163,333,0.65039062,0.021021021
195,134,329,0.64257812,0.18541033
251,87,338,0.66015625,0.4852071
265,66,331,0.64648438,0.60120846
284,48,332,0.6484375,0.71084337
332,3,335,0.65429688,0.98208955
318,2,320,0.625,0.9875
332,3,335,0.65429688,0.98208955
310,26,336,0.65625,0.8452381
316,21,337,0.65820312,0.87537092
322,18,340,0.6640625,0.89411765
333,4,337,0.65820312,0.97626113
311,20,331,0.64648438,0.87915408
313,14,327,0.63867188,0.91437309
308,14,322,0.62890625,0.91304348
336,13,349,0.68164062,0.92550143
301,22,323,0.63085938,0.86377709
279,47,326,0.63671875,0.71165644
290,47,337,0.65820312,0.72106825
276,58,334,0.65234375,0.65269461
273,51,324,0.6328125,0.68518519
330,4,334,0.65234375,0.9760479
337,6,343,0.66992188,0.96501458
327,19,346,0.67578125,0.89017341
319,21,340,0.6640625,0.87647059
323,12,335,0.65429688,0.92835821
331,6,337,0.65820312,0.96439169
302,26,328,0.640625,0.84146341
332,11,343,0.66992188,0.93586006
325,5,330,0.64453125,0.96969697
330,6,336,0.65625,0.96428571
315,13,328,0.640625,0.92073171
336,8,344,0.671875,0.95348837
322,20,342,0.66796875,0.88304094
319,16,335,0.65429688,0.90447761
267,56,323,0.63085938,0.65325077
269,49,318,0.62109375,0.6918239
278,55,333,0.65039062,0.66966967
302,26,328,0.640625,0.84146341
312,22,334,0.65234375,0.86826347
331,7,338,0.66015625,0.95857988
327,8,335,0.65429688,0.95223881
325,15,340,0.6640625,0.91176471
350,4,354,0.69140625,0.97740113
328,8,336,0.65625,0.95238095
328,0,328,0.640625,1
322,15,337,0.65820312,0.91097923
334,5,339,0.66210938,0.97050147
313,14,327,0.63867188,0.91437309
336,4,340,0.6640625,0.97647059
327,8,335,0.65429688,0.95223881
331,10,341,0.66601562,0.94134897
351,0,351,0.68554688,1
338,0,338,0.66015625,1
307,17,324,0.6328125,0.89506173
340,0,340,0.6640625,1
321,5,326,0.63671875,0.96932515
348,5,353,0.68945312,0.97167139
309,24,333,0.65039062,0.85585586
318,13,331,0.64648438,0.92145015
324,9,333,0.65039062,0.94594595
328,12,340,0.6640625,0.92941176
331,1,332,0.6484375,0.9939759
344,1,345,0.67382812,0.9942029
322,9,331,0.64648438,0.94561934
330,6,336,0.65625,0.96428571
268,59,327,0.63867188,0.63914373
290,44,334,0.65234375,0.73652695
319,13,332,0.6484375,0.92168675
338,2,340,0.6640625,0.98823529
306,22,328,0.640625,0.86585366
302,32,334,0.65234375,0.80838323
279,50,329,0.64257812,0.69604863
263,77,340,0.6640625,0.54705882
291,31,322,0.62890625,0.80745342
340,1,341,0.66601562,0.9941349
341,0,341,0.66601562,1
327,5,332,0.6484375,0.96987952
329,14,343,0.66992188,0.91836735
334,3,337,0.65820312,0.98219585
333,0,333,0.65039062,1
320,12,332,0.6484375,0.92771084
279,51,330,0.64453125,0.69090909
304,34,338,0.66015625,0.79881657
302,34,336,0.65625,0.79761905
317,20,337,0.65820312,0.88130564
328,5,333,0.65039062,0.96996997
338,4,342,0.66796875,0.97660819
335,9,344,0.671875,0.94767442
335,0,335,0.65429688,1
325,9,334,0.65234375,0.94610778
331,4,335,0.65429688,0.9761194
328,3,331,0.64648438,0.98187311
335,13,348,0.6796875,0.92528736
327,12,339,0.66210938,0.92920354
294,52,346,0.67578125,0.69942197
290,39,329,0.64257812,0.76291793
312,28,340,0.6640625,0.83529412
311,9,320,0.625,0.94375
313,9,322,0.62890625,0.94409938
317,20,337,0.65820312,0.88130564
310,11,321,0.62695312,0.93146417
309,25,334,0.65234375,0.8502994
324,15,339,0.66210938,0.91150442
307,23,330,0.64453125,0.86060606
304,24,328,0.640625,0.85365854
292,38,330,0.64453125,0.76969697
277,51,328,0.640625,0.68902439
292,37,329,0.64257812,0.77507599
297,39,336,0.65625,0.76785714
304,29,333,0.65039062,0.82582583
304,29,333,0.65039062,0.82582583
310,26,336,0.65625,0.8452381
320,20,340,0.6640625,0.88235294
321,8,329,0.64257812,0.95136778
323,13,336,0.65625,0.92261905
306,34,340,0.6640625,0.8
336,1,337,0.65820312,0.99406528
332,4,336,0.65625,0.97619048
327,14,341,0.66601562,0.91788856
319,13,332,0.6484375,0.92168675
315,22,337,0.65820312,0.8694362
304,23,327,0.63867188,0.85932722
301,37,338,0.66015625,0.78106509
323,17,340,0.6640625,0.9
337,4,341,0.66601562,0.97653959
313,19,332,0.6484375,0.88554217
321,17,338,0.66015625,0.89940828
283,35,318,0.62109375,0.77987421
300,29,329,0.64257812,0.82370821
335,6,341,0.66601562,0.96480938
344,0,344,0.671875,1
329,11,340,0.6640625,0.93529412
322,7,329,0.64257812,0.95744681
331,10,341,0.66601562,0.94134897
334,2,336,0.65625,0.98809524
300,36,336,0.65625,0.78571429
301,36,337,0.65820312,0.78635015
297,35,332,0.6484375,0.78915663
326,23,349,0.68164062,0.86819484
314,18,332,0.6484375,0.89156627
337,9,346,0.67578125,0.94797688
295,32,327,0.63867188,0.80428135
317,19,336,0.65625,0.88690476
300,28,328,0.640625,0.82926829
324,16,340,0.6640625,0.90588235
332,1,333,0.65039062,0.99399399
308,15,323,0.63085938,0.90712074
321,23,344,0.671875,0.86627907
297,34,331,0.64648438,0.79456193
345,1,346,0.67578125,0.99421965
325,6,331,0.64648438,0.96374622
327,14,341,0.66601562,0.91788856
307,24,331,0.64648438,0.85498489
314,12,326,0.63671875,0.92638037
322,20,342,0.66796875,0.88304094
321,12,333,0.65039062,0.92792793
338,13,351,0.68554688,0.92592593
345,0,345,0.67382812,1
315,14,329,0.64257812,0.91489362
313,15,328,0.640625,0.90853659
346,3,349,0.68164062,0.98280802
329,6,335,0.65429688,0.9641791
325,7,332,0.6484375,0.95783133
293,41,334,0.65234375,0.75449102
270,53,323,0.63085938,0.67182663
324,19,343,0.66992188,0.88921283
332,8,340,0.6640625,0.95294118
302,42,344,0.671875,0.75581395
313,28,341,0.66601562,0.83577713
313,16,329,0.64257812,0.90273556
339,10,349,0.68164062,0.94269341
329,6,335,0.65429688,0.9641791
325,12,337,0.65820312,0.92878338
318,21,339,0.66210938,0.87610619
311,20,331,0.64648438,0.87915408
303,21,324,0.6328125,0.87037037
328,18,346,0.67578125,0.89595376
318,16,334,0.65234375,0.90419162
318,15,333,0.65039062,0.90990991
313,26,339,0.66210938,0.84660767
318,26,344,0.671875,0.84883721
327,3,330,0.64453125,0.98181818
314,27,341,0.66601562,0.84164223
291,35,326,0.63671875,0.78527607
272,62,334,0.65234375,0.62874251
234,94,328,0.640625,0.42682927
240,99,339,0.66210938,0.4159292
251,78,329,0.64257812,0.52583587
263,67,330,0.64453125,0.59393939
223,102,325,0.63476562,0.37230769
186,142,328,0.640625,0.13414634
171,155,326,0.63671875,0.049079755
116,211,327,0.63867188,-0.29051988
141,191,332,0.6484375,-0.15060241
126,194,320,0.625,-0.2125
76,254,330,0.64453125,-0.53939394
59,274,333,0.65039062,-0.64564565
55,279,334,0.65234375,-0.67065868
30,317,347,0.67773438,-0.82708934
23,322,345,0.67382812,-0.86666667
2,334,336,0.65625,-0.98809524
6,318,324,0.6328125,-0.96296296
26,314,340,0.6640625,-0.84705882
55,282,337,0.65820312,-0.6735905
45,274,319,0.62304688,-0.71786834
29,302,331,0.64648438,-0.82477341
21,318,339,0.66210938,-0.87610619
28,314,342,0.66796875,-0.83625731
5,326,331,0.64648438,-0.96978852
10,338,348,0.6796875,-0.94252874
8,326,334,0.65234375,-0.95209581
18,323,341,0.66601562,-0.89442815
29,300,329,0.64257812,-0.82370821
60,271,331,0.64648438,-0.63746224
9,315,324,0.6328125,-0.94444444
44,274,318,0.62109375,-0.72327044
21,321,342,0.66796875,-0.87719298
15,325,340,0.6640625,-0.91176471
17,312,329,0.64257812,-0.89665653
30,306,336,0.65625,-0.82142857
36,292,328,0.640625,-0.7804878
4,336,340,0.6640625,-0.97647059
10,344,354,0.69140625,-0.94350282
5,335,340,0.6640625,-0.97058824
17,322,339,0.66210938,-0.89970501
2,333,335,0.65429688,-0.9880597
11,326,337,0.65820312,-0.9347181
0,323,323,0.63085938,-1
7,321,328,0.640625,-0.95731707
10,318,328,0.640625,-0.93902439
14,318,332,0.6484375,-0.91566265
12,331,343,0.66992188,-0.93002915
15,322,337,0.65820312,-0.91097923
10,321,331,0.64648438,-0.93957704
23,312,335,0.65429688,-0.86268657
25,312,337,0.65820312,-0.85163205
42,295,337,0.65820312,-0.75074184
3,329,332,0.6484375,-0.98192771
31,303,334,0.65234375,-0.81437126
19,304,323,0.63085938,-0.88235294
20,323,343,0.66992188,-0.88338192
0,346,346,0.67578125,-1
6,327,333,0.65039062,-0.96396396
32,294,326,0.63671875,-0.80368098
8,345,353,0.68945312,-0.95467422
0,355,355,0.69335938,-1
3,334,337,0.65820312,-0.98219585
5,333,338,0.66015625,-0.9704142
13,316,329,0.64257812,-0.92097264
19,326,345,0.67382812,-0.88985507
9,323,332,0.6484375,-0.94578313
20,315,335,0.65429688,-0.88059701
9,332,341,0.66601562,-0.94721408
10,329,339,0.66210938,-0.94100295
4,332,336,0.65625,-0.97619048
6,338,344,0.671875,-0.96511628
22,313,335,0.65429688,-0.86865672
13,319,332,0.6484375,-0.92168675
26,299,325,0.63476562,-0.84
9,327,336,0.65625,-0.94642857
35,296,331,0.64648438,-0.78851964
14,310,324,0.6328125,-0.91358025
10,315,325,0.63476562,-0.93846154
7,335,342,0.66796875,-0.95906433
16,320,336,0.65625,-0.9047619
9,316,325,0.63476562,-0.94461538
2,344,346,0.67578125,-0.98843931
21,317,338,0.66015625,-0.87573964
42,292,334,0.65234375,-0.74850299
25,309,334,0.65234375,-0.8502994
57,282,339,0.66210938,-0.66371681
67,279,346,0.67578125,-0.61271676
50,279,329,0.64257812,-0.69604863
50,274,324,0.6328125,-0.69135802
41,302,343,0.66992188,-0.76093294
30,310,340,0.6640625,-0.82352941
42,285,327,0.63867188,-0.74311927
30,309,339,0.66210938,-0.82300885
17,312,329,0.64257812,-0.89665653
34,293,327,0.63867188,-0.79204893
12,317,329,0.64257812,-0.92705167
25,295,320,0.625,-0.84375
11,319,330,0.64453125,-0.93333333
9,329,338,0.66015625,-0.94674556
11,318,329,0.64257812,-0.9331307
18,321,339,0.66210938,-0.89380531
49,279,328,0.640625,-0.70121951
27,316,343,0.66992188,-0.8425656
20,328,348,0.6796875,-0.88505747
14,330,344,0.671875,-0.91860465
33,296,329,0.64257812,-0.7993921
35,296,331,0.64648438,-0.78851964
40,295,335,0.65429688,-0.76119403
1,331,332,0.6484375,-0.9939759
4,337,341,0.66601562,-0.97653959
3,335,338,0.66015625,-0.98224852
24,311,335,0.65429688,-0.85671642
42,286,328,0.640625,-0.74390244
19,320,339,0.66210938,-0.8879056
18,318,336,0.65625,-0.89285714
3,338,341,0.66601562,-0.98240469
20,312,332,0.6484375,-0.87951807
14,329,343,0.66992188,-0.91836735
9,321,330,0.64453125,-0.94545455
12,311,323,0.63085938,-0.92569659
13,311,324,0.6328125,-0.91975309
50,288,338,0.66015625,-0.70414201
9,329,338,0.66015625,-0.94674556
8,328,336,0.65625,-0.95238095
7,330,337,0.65820312,-0.95845697
5,336,341,0.66601562,-0.97067449
23,303,326,0.63671875,-0.85889571
29,298,327,0.63867188,-0.82262997
18,316,334,0.65234375,-0.89221557
18,318,336,0.65625,-0.89285714
9,316,325,0.63476562,-0.94461538
13,326,339,0.66210938,-0.92330383
11,323,334,0.65234375,-0.93413174
15,333,348,0.6796875,-0.9137931
1,328,329,0.64257812,-0.99392097
12,324,336,0.65625,-0.92857143
10,319,329,0.64257812,-0.93920973
27,302,329,0.64257812,-0.83586626
27,305,332,0.6484375,-0.8373494
36,287,323,0.63085938,-0.77708978
63,273,336,0.65625,-0.625
51,284,335,0.65429688,-0.69552239
51,288,339,0.66210938,-0.69911504
70,267,337,0.65820312,-0.58456973
62,262,324,0.6328125,-0.61728395
16,326,342,0.66796875,-0.90643275
5,321,326,0.63671875,-0.96932515
7,324,331,0.64648438,-0.95770393
4,333,337,0.65820312,-0.97626113
12,321,333,0.65039062,-0.92792793
38,277,315,0.61523438,-0.75873016
36,297,333,0.65039062,-0.78378378
34,296,330,0.64453125,-0.79393939
20,326,346,0.67578125,-0.88439306
20,309,329,0.64257812,-0.87841945
13,327,340,0.6640625,-0.92352941
10,324,334,0.65234375,-0.94011976
20,315,335,0.65429688,-0.88059701
21,307,328,0.640625,-0.87195122
12,324,336,0.65625,-0.92857143
3,328,331,0.64648438,-0.98187311
31,306,337,0.65820312,-0.81602374
44,279,323,0.63085938,-0.72755418
48,273,321,0.62695312,-0.70093458
54,280,334,0.65234375,-0.67664671
68,265,333,0.65039062,-0.59159159
92,243,335,0.65429688,-0.45074627
117,210,327,0.63867188,-0.28440367
74,250,324,0.6328125,-0.54320988
91,226,317,0.61914062,-0.42586751
111,218,329,0.64257812,-0.32522796
167,172,339,0.66210938,-0.014749263
150,175,325,0.63476562,-0.076923077
80,254,334,0.65234375,-0.52095808
58,259,317,0.61914062,-0.6340694
48,279,327,0.63867188,-0.70642202
64,269,333,0.65039062,-0.61561562
85,236,321,0.62695312,-0.47040498
86,236,322,0.62890625,-0.46583851
111,220,331,0.64648438,-0.32930514
78,244,322,0.62890625,-0.51552795
74,254,328,0.640625,-0.54878049
48,288,336,0.65625,-0.71428571
54,279,333,0.65039062,-0.67567568
47,268,315,0.61523438,-0.7015873
66,274,340,0.6640625,-0.61176471
6,325,331,0.64648438,-0.96374622
17,319,336,0.65625,-0.89880952
42,294,336,0.65625,-0.75
19,303,322,0.62890625,-0.88198758
0,327,327,0.63867188,-1
11,321,332,0.6484375,-0.93373494
17,301,318,0.62109375,-0.89308176
10,330,340,0.6640625,-0.94117647
5,337,342,0.66796875,-0.97076023
5,341,346,0.67578125,-0.97109827
11,327,338,0.66015625,-0.93491124
20,315,335,0.65429688,-0.88059701
5,323,328,0.640625,-0.9695122
5,342,347,0.67773438,-0.97118156
14,313,327,0.63867188,-0.91437309
5,331,336,0.65625,-0.9702381
6,338,344,0.671875,-0.96511628
1,347,348,0.6796875,-0.99425287
1,339,340,0.6640625,-0.99411765
5,337,342,0.66796875,-0.97076023
10,321,331,0.64648438,-0.93957704
1,342,343,0.66992188,-0.9941691
9,327,336,0.65625,-0.94642857
13,318,331,0.64648438,-0.92145015
18,321,339,0.66210938,-0.89380531
23,316,339,0.66210938,-0.86430678
30,304,334,0.65234375,-0.82035928
24,320,344,0.671875,-0.86046512
39,281,320,0.625,-0.75625
40,288,328,0.640625,-0.75609756
58,286,344,0.671875,-0.6627907
68,272,340,0.6640625,-0.6
137,189,326,0.63671875,-0.1595092
160,163,323,0.63085938,-0.0092879257
163,162,325,0.63476562,0.0030769231
202,126,328,0.640625,0.23170732
199,130,329,0.64257812,0.20972644
176,152,328,0.640625,0.073170732
196,136,332,0.6484375,0.18072289
117,205,322,0.62890625,-0.27329193
69,253,322,0.62890625,-0.57142857
32,296,328,0.640625,-0.80487805
37,297,334,0.65234375,-0.77844311
9,319,328,0.640625,-0.94512195
16,312,328,0.640625,-0.90243902
7,330,337,0.65820312,-0.95845697
33,291,324,0.6328125,-0.7962963
24,309,333,0.65039062,-0.85585586
27,308,335,0.65429688,-0.83880597
25,300,325,0.63476562,-0.84615385
15,317,332,0.6484375,-0.90963855
16,314,330,0.64453125,-0.9030303
38,297,335,0.65429688,-0.77313433
21,309,330,0.64453125,-0.87272727
1,341,342,0.66796875,-0.99415205
8,338,346,0.67578125,-0.95375723
34,296,330,0.64453125,-0.79393939
19,327,346,0.67578125,-0.89017341
0,342,342,0.66796875,-1
7,328,335,0.65429688,-0.95820896
6,332,338,0.66015625,-0.96449704
20,314,334,0.65234375,-0.88023952
32,299,331,0.64648438,-0.80664653
47,283,330,0.64453125,-0.71515152
49,294,343,0.66992188,-0.71428571
44,281,325,0.63476562,-0.72923077
86,244,330,0.64453125,-0.47878788
95,236,331,0.64648438,-0.42598187
78,241,319,0.62304688,-0.51097179
75,258,333,0.65039062,-0.54954955
86,245,331,0.64648438,-0.48036254
71,259,330,0.64453125,-0.56969697
69,264,333,0.65039062,-0.58558559
65,273,338,0.66015625,-0.61538462
45,300,345,0.67382812,-0.73913043
76,250,326,0.63671875,-0.53374233
81,238,319,0.62304688,-0.49216301
91,230,321,0.62695312,-0.43302181
131,196,327,0.63867188,-0.19877676
102,232,334,0.65234375,-0.38922156
73,264,337,0.65820312,-0.56676558
76,259,335,0.65429688,-0.54626866
75,239,314,0.61328125,-0.52229299
57,275,332,0.6484375,-0.65662651
52,272,324,0.6328125,-0.67901235
51,282,333,0.65039062,-0.69369369
75,260,335,0.65429688,-0.55223881
81,261,342,0.66796875,-0.52631579
55,287,342,0.66796875,-0.67836257
65,274,339,0.66210938,-0.61651917
83,253,336,0.65625,-0.50595238
83,239,322,0.62890625,-0.48447205
67,264,331,0.64648438,-0.59516616
43,297,340,0.6640625,-0.74705882
4,337,341,0.66601562,-0.97653959
50,279,329,0.64257812,-0.69604863
77,252,329,0.64257812,-0.53191489
57,272,329,0.64257812,-0.65349544
33,291,324,0.6328125,-0.7962963
3,330,333,0.65039062,-0.98198198
1,342,343,0.66992188,-0.9941691
1,330,331,0.64648438,-0.9939577
13,325,338,0.66015625,-0.92307692
9,331,340,0.6640625,-0.94705882
12,326,338,0.66015625,-0.92899408
3,324,327,0.63867188,-0.98165138
37,298,335,0.65429688,-0.77910448
35,302,337,0.65820312,-0.79228487
29,303,332,0.6484375,-0.8253012
22,316,338,0.66015625,-0.86982249
9,315,324,0.6328125,-0.94444444
19,318,337,0.65820312,-0.88724036
15,324,339,0.66210938,-0.91150442
33,305,338,0.66015625,-0.80473373
49,275,324,0.6328125,-0.69753086
34,288,322,0.62890625,-0.78881988
55,293,348,0.6796875,-0.68390805
44,287,331,0.64648438,-0.73413897
72,242,314,0.61328125,-0.54140127
67,261,328,0.640625,-0.59146341
33,316,349,0.68164062,-0.81088825
17,319,336,0.65625,-0.89880952
11,324,335,0.65429688,-0.93432836
21,308,329,0.64257812,-0.87234043
0,337,337,0.65820312,-1
1,341,342,0.66796875,-0.99415205
0,339,339,0.66210938,-1
17,297,314,0.61328125,-0.89171975
21,315,336,0.65625,-0.875
22,305,327,0.63867188,-0.86544343
5,353,358,0.69921875,-0.97206704
3,334,337,0.65820312,-0.98219585
0,343,343,0.66992188,-1
2,332,334,0.65234375,-0.98802395
5,317,322,0.62890625,-0.9689441
8,323,331,0.64648438,-0.95166163
9,327,336,0.65625,-0.94642857
16,308,324,0.6328125,-0.90123457
4,327,331,0.64648438,-0.97583082
17,324,341,0.66601562,-0.90029326
9,323,332,0.6484375,-0.94578313
15,321,336,0.65625,-0.91071429
10,319,329,0.64257812,-0.93920973
16,314,330,0.64453125,-0.9030303
17,304,321,0.62695312,-0.894081
0,330,330,0.64453125,-1
0,345,345,0.67382812,-1
26,304,330,0.64453125,-0.84242424
46,290,336,0.65625,-0.72619048
58,280,338,0.66015625,-0.65680473
66,272,338,0.66015625,-0.60946746
12,332,344,0.671875,-0.93023256
6,338,344,0.671875,-0.96511628
0,334,334,0.65234375,-1
20,310,330,0.64453125,-0.87878788
15,326,341,0.66601562,-0.91202346
23,318,341,0.66601562,-0.86510264
2,330,332,0.6484375,-0.98795181
28,292,320,0.625,-0.825
36,299,335,0.65429688,-0.78507463
12,318,330,0.64453125,-0.92727273
19,315,334,0.65234375,-0.88622754
6,337,343,0.66992188,-0.96501458
37,293,330,0.64453125,-0.77575758
36,293,329,0.64257812,-0.78115502
47,295,342,0.66796875,-0.7251462
60,287,347,0.67773438,-0.65417867
53,275,328,0.640625,-0.67682927
52,286,338,0.66015625,-0.69230769
66,270,336,0.65625,-0.60714286
35,290,325,0.63476562,-0.78461538
15,308,323,0.63085938,-0.90712074
4,339,343,0.66992188,-0.97667638
10,324,334,0.65234375,-0.94011976
8,328,336,0.65625,-0.95238095
6,323,329,0.64257812,-0.96352584
14,315,329,0.64257812,-0.91489362
36,299,335,0.65429688,-0.78507463
3,339,342,0.66796875,-0.98245614
0,353,353,0.68945312,-1
15,310,325,0.63476562,-0.90769231
17,306,323,0.63085938,-0.89473684
19,314,333,0.65039062,-0.88588589
19,316,335,0.65429688,-0.88656716
25,309,334,0.65234375,-0.8502994
29,300,329,0.64257812,-0.82370821
29,316,345,0.67382812,-0.83188406
16,308,324,0.6328125,-0.90123457
6,328,334,0.65234375,-0.96407186
12,325,337,0.65820312,-0.92878338
2,323,325,0.63476562,-0.98769231
10,325,335,0.65429688,-0.94029851
2,334,336,0.65625,-0.98809524
10,324,334,0.65234375,-0.94011976
9,328,337,0.65820312,-0.94658754
22,320,342,0.66796875,-0.87134503
30,305,335,0.65429688,-0.82089552
49,281,330,0.64453125,-0.7030303
28,299,327,0.63867188,-0.82874618
48,285,333,0.65039062,-0.71171171
24,316,340,0.6640625,-0.85882353
16,317,333,0.65039062,-0.9039039
17,321,338,0.66015625,-0.89940828
7,326,333,0.65039062,-0.95795796
9,332,341,0.66601562,-0.94721408
12,316,328,0.640625,-0.92682927
4,330,334,0.65234375,-0.9760479
16,315,331,0.64648438,-0.90332326
15,311,326,0.63671875,-0.90797546
18,308,326,0.63671875,-0.88957055
40,304,344,0.671875,-0.76744186
26,308,334,0.65234375,-0.84431138
27,299,326,0.63671875,-0.83435583
23,309,332,0.6484375,-0.86144578
20,301,321,0.62695312,-0.87538941
3,323,326,0.63671875,-0.98159509
3,335,338,0.66015625,-0.98224852
6,329,335,0.65429688,-0.9641791
8,327,335,0.65429688,-0.95223881
8,326,334,0.65234375,-0.95209581
44,290,334,0.65234375,-0.73652695
20,319,339,0.66210938,-0.8820059
0,343,343,0.66992188,-1
15,316,331,0.64648438,-0.90936556
37,293,330,0.64453125,-0.77575758
83,253,336,0.65625,-0.50595238
73,262,335,0.65429688,-0.5641791
67,249,316,0.6171875,-0.57594937
31,303,334,0.65234375,-0.81437126
17,323,340,0.6640625,-0.9
29,323,352,0.6875,-0.83522727
47,295,342,0.66796875,-0.7251462
52,292,344,0.671875,-0.69767442
30,309,339,0.66210938,-0.82300885
12,314,326,0.63671875,-0.92638037
20,310,330,0.64453125,-0.87878788
9,331,340,0.6640625,-0.94705882
6,346,352,0.6875,-0.96590909
8,336,344,0.671875,-0.95348837
31,291,322,0.62890625,-0.80745342
46,279,325,0.63476562,-0.71692308
11,319,330,0.64453125,-0.93333333
9,326,335,0.65429688,-0.94626866
8,333,341,0.66601562,-0.95307918
13,330,343,0.66992188,-0.92419825
11,326,337,0.65820312,-0.9347181
8,329,337,0.65820312,-0.95252226
1,333,334,0.65234375,-0.99401198
33,296,329,0.64257812,-0.7993921
40,272,312,0.609375,-0.74358974
9,324,333,0.65039062,-0.94594595
11,322,333,0.65039062,-0.93393393
22,328,350,0.68359375,-0.87428571
11,328,339,0.66210938,-0.93510324
17,331,348,0.6796875,-0.90229885
2,339,341,0.66601562,-0.98826979
15,325,340,0.6640625,-0.91176471
17,316,333,0.65039062,-0.8978979
17,314,331,0.64648438,-0.89728097
12,331,343,0.66992188,-0.93002915
10,329,339,0.66210938,-0.94100295
8,329,337,0.65820312,-0.95252226
9,326,335,0.65429688,-0.94626866
16,305,321,0.62695312,-0.90031153
1,344,345,0.67382812,-0.9942029
7,332,339,0.66210938,-0.95870206
0,338,338,0.66015625,-1
13,324,337,0.65820312,-0.92284866
14,328,342,0.66796875,-0.91812865
0,333,333,0.65039062,-1
4,322,326,0.63671875,-0.97546012
11,316,327,0.63867188,-0.93272171
19,316,335,0.65429688,-0.88656716
16,321,337,0.65820312,-0.90504451
11,329,340,0.6640625,-0.93529412
25,312,337,0.65820312,-0.85163205
26,299,325,0.63476562,-0.84
7,345,352,0.6875,-0.96022727
22,317,339,0.66210938,-0.87020649
6,341,347,0.67773438,-0.96541787
20,301,321,0.62695312,-0.87538941
19,314,333,0.65039062,-0.88588589
5,339,344,0.671875,-0.97093023
16,324,340,0.6640625,-0.90588235
10,321,331,0.64648438,-0.93957704
24,326,350,0.68359375,-0.86285714
18,325,343,0.66992188,-0.89504373
3,340,343,0.66992188,-0.98250729
2,322,324,0.6328125,-0.98765432
9,323,332,0.6484375,-0.94578313
24,310,334,0.65234375,-0.85628743
9,328,337,0.65820312,-0.94658754
1,336,337,0.65820312,-0.99406528
5,351,356,0.6953125,-0.97191011
0,341,341,0.66601562,-1
12,330,342,0.66796875,-0.92982456
5,336,341,0.66601562,-0.97067449
9,327,336,0.65625,-0.94642857
32,287,319,0.62304688,-0.79937304
31,289,320,0.625,-0.80625
20,306,326,0.63671875,-0.87730061
15,321,336,0.65625,-0.91071429
28,294,322,0.62890625,-0.82608696
19,305,324,0.6328125,-0.88271605
23,315,338,0.66015625,-0.86390533
30,304,334,0.65234375,-0.82035928
5,346,351,0.68554688,-0.97150997
7,332,339,0.66210938,-0.95870206
0,348,348,0.6796875,-1
13,310,323,0.63085938,-0.91950464
4,332,336,0.65625,-0.97619048
4,339,343,0.66992188,-0.97667638
9,333,342,0.66796875,-0.94736842
33,292,325,0.63476562,-0.79692308
12,325,337,0.65820312,-0.92878338
13,324,337,0.65820312,-0.92284866
35,299,334,0.65234375,-0.79041916
39,302,341,0.66601562,-0.771261
20,309,329,0.64257812,-0.87841945
34,307,341,0.66601562,-0.80058651
33,293,326,0.63671875,-0.79754601
40,292,332,0.6484375,-0.75903614
84,239,323,0.63085938,-0.47987616
85,241,326,0.63671875,-0.47852761
70,265,335,0.65429688,-0.58208955
24,318,342,0.66796875,-0.85964912
49,273,322,0.62890625,-0.69565217
38,293,331,0.64648438,-0.77039275
12,325,337,0.65820312,-0.92878338
4,350,354,0.69140625,-0.97740113
10,325,335,0.65429688,-0.94029851
0,338,338,0.66015625,-1
22,310,332,0.6484375,-0.86746988
0,332,332,0.6484375,-1
18,319,337,0.65820312,-0.89317507
52,295,347,0.67773438,-0.70028818
41,298,339,0.66210938,-0.75811209
27,316,343,0.66992188,-0.8425656
9,326,335,0.65429688,-0.94626866
50,285,335,0.65429688,-0.70149254
24,303,327,0.63867188,-0.85321101
25,304,329,0.64257812,-0.84802432
34,292,326,0.63671875,-0.79141104
32,288,320,0.625,-0.8
39,294,333,0.65039062,-0.76576577
21,303,324,0.6328125,-0.87037037
9,321,330,0.64453125,-0.94545455
5,352,357,0.69726562,-0.9719888
1,331,332,0.6484375,-0.9939759
2,324,326,0.63671875,-0.98773006
21,307,328,0.640625,-0.87195122
63,254,317,0.61914062,-0.60252366
78,256,334,0.65234375,-0.53293413
52,292,344,0.671875,-0.69767442
88,239,327,0.63867188,-0.4617737
74,252,326,0.63671875,-0.54601227
28,302,330,0.64453125,-0.83030303
19,310,329,0.64257812,-0.88449848
1,339,340,0.6640625,-0.99411765
18,305,323,0.63085938,-0.88854489
9,325,334,0.65234375,-0.94610778
4,344,348,0.6796875,-0.97701149
10,337,347,0.67773438,-0.94236311
14,334,348,0.6796875,-0.91954023
17,319,336,0.65625,-0.89880952
3,341,344,0.671875,-0.98255814
1,340,341,0.66601562,-0.9941349
10,335,345,0.67382812,-0.94202899
27,298,325,0.63476562,-0.83384615
14,319,333,0.65039062,-0.91591592
4,335,339,0.66210938,-0.97640118
14,328,342,0.66796875,-0.91812865
7,346,353,0.68945312,-0.96033994
2,331,333,0.65039062,-0.98798799
16,327,343,0.66992188,-0.90670554
12,326,338,0.66015625,-0.92899408
25,297,322,0.62890625,-0.8447205
25,318,343,0.66992188,-0.85422741
14,320,334,0.65234375,-0.91616766
21,315,336,0.65625,-0.875
44,282,326,0.63671875,-0.73006135
46,298,344,0.671875,-0.73255814
11,333,344,0.671875,-0.93604651
35,297,332,0.6484375,-0.78915663
21,309,330,0.64453125,-0.87272727
13,328,341,0.66601562,-0.92375367
6,320,326,0.63671875,-0.96319018
9,326,335,0.65429688,-0.94626866
0,336,336,0.65625,-1
8,326,334,0.65234375,-0.95209581
2,323,325,0.63476562,-0.98769231
21,320,341,0.66601562,-0.87683284
10,320,330,0.64453125,-0.93939394
12,320,332,0.6484375,-0.92771084
59,261,320,0.625,-0.63125
29,313,342,0.66796875,-0.83040936
52,284,336,0.65625,-0.69047619
56,272,328,0.640625,-0.65853659
58,276,334,0.65234375,-0.65269461
36,319,355,0.69335938,-0.7971831
41,288,329,0.64257812,-0.75075988
12,324,336,0.65625,-0.92857143
21,314,335,0.65429688,-0.87462687
62,260,322,0.62890625,-0.61490683
34,289,323,0.63085938,-0.78947368
12,327,339,0.66210938,-0.92920354
9,320,329,0.64257812,-0.94528875
6,331,337,0.65820312,-0.96439169
10,332,342,0.66796875,-0.94152047
12,316,328,0.640625,-0.92682927
0,340,340,0.6640625,-1
1,337,338,0.66015625,-0.99408284
13,317,330,0.64453125,-0.92121212
5,343,348,0.6796875,-0.97126437
14,331,345,0.67382812,-0.91884058
10,330,340,0.6640625,-0.94117647
7,333,340,0.6640625,-0.95882353
33,308,341,0.66601562,-0.80645161
26,323,349,0.68164062,-0.85100287
14,321,335,0.65429688,-0.91641791
14,315,329,0.64257812,-0.91489362
14,316,330,0.64453125,-0.91515152
37,297,334,0.65234375,-0.77844311
46,278,324,0.6328125,-0.71604938
56,265,321,0.62695312,-0.65109034
30,311,341,0.66601562,-0.82404692
12,321,333,0.65039062,-0.92792793
25,308,333,0.65039062,-0.84984985
1,348,349,0.68164062,-0.99426934
23,300,323,0.63085938,-0.85758514
20,308,328,0.640625,-0.87804878
24,308,332,0.6484375,-0.85542169
27,308,335,0.65429688,-0.83880597
2,339,341,0.66601562,-0.98826979
0,326,326,0.63671875,-1
13,333,346,0.67578125,-0.92485549
7,337,344,0.671875,-0.95930233
2,336,338,0.66015625,-0.98816568
18,304,322,0.62890625,-0.88819876
30,309,339,0.66210938,-0.82300885
19,323,342,0.66796875,-0.88888889
5,319,324,0.6328125,-0.9691358
1,329,330,0.64453125,-0.99393939
1,349,350,0.68359375,-0.99428571
34,298,332,0.6484375,-0.79518072
43,298,341,0.66601562,-0.74780059
18,317,335,0.65429688,-0.89253731
31,283,314,0.61328125,-0.80254777
24,323,347,0.67773438,-0.86167147
19,315,334,0.65234375,-0.88622754
5,336,341,0.66601562,-0.97067449
21,316,337,0.65820312,-0.87537092
4,339,343,0.66992188,-0.97667638
1,339,340,0.6640625,-0.99411765
3,334,337,0.65820312,-0.98219585
5,332,337,0.65820312,-0.97032641
12,315,327,0.63867188,-0.9266055
2,323,325,0.63476562,-0.98769231
4,331,335,0.65429688,-0.9761194
39,274,313,0.61132812,-0.75079872
56,272,328,0.640625,-0.65853659
37,293,330,0.64453125,-0.77575758
4,325,329,0.64257812,-0.97568389
11,327,338,0.66015625,-0.93491124
14,321,335,0.65429688,-0.91641791
16,312,328,0.640625,-0.90243902
7,333,340,0.6640625,-0.95882353
16,311,327,0.63867188,-0.90214067
13,317,330,0.64453125,-0.92121212
32,304,336,0.65625,-0.80952381
29,306,335,0.65429688,-0.82686567
48,288,336,0.65625,-0.71428571
41,289,330,0.64453125,-0.75151515
55,278,333,0.65039062,-0.66966967
50,283,333,0.65039062,-0.6996997
16,323,339,0.66210938,-0.90560472
8,324,332,0.6484375,-0.95180723
0,346,346,0.67578125,-1
15,327,342,0.66796875,-0.9122807
31,308,339,0.66210938,-0.81710914
32,303,335,0.65429688,-0.80895522
21,311,332,0.6484375,-0.87349398
16,313,329,0.64257812,-0.90273556
11,320,331,0.64648438,-0.93353474
8,335,343,0.66992188,-0.95335277
17,316,333,0.65039062,-0.8978979
19,314,333,0.65039062,-0.88588589
35,285,320,0.625,-0.78125
30,312,342,0.66796875,-0.8245614
13,316,329,0.64257812,-0.92097264
13,324,337,0.65820312,-0.92284866
6,327,333,0.65039062,-0.96396396
12,331,343,0.66992188,-0.93002915
8,331,339,0.66210938,-0.95280236
18,321,339,0.66210938,-0.89380531
9,327,336,0.65625,-0.94642857
3,326,329,0.64257812,-0.98176292
9,330,339,0.66210938,-0.94690265
17,324,341,0.66601562,-0.90029326
18,324,342,0.66796875,-0.89473684
26,308,334,0.65234375,-0.84431138
45,280,325,0.63476562,-0.72307692
39,282,321,0.62695312,-0.75700935
53,276,329,0.64257812,-0.67781155
76,247,323,0.63085938,-0.52941176
75,253,328,0.640625,-0.54268293
44,290,334,0.65234375,-0.73652695
19,300,319,0.62304688,-0.88087774
0,345,345,0.67382812,-1
7,320,327,0.63867188,-0.95718654
15,321,336,0.65625,-0.91071429
23,315,338,0.66015625,-0.86390533
30,303,333,0.65039062,-0.81981982
50,286,336,0.65625,-0.70238095
45,291,336,0.65625,-0.73214286
32,315,347,0.67773438,-0.81556196
22,316,338,0.66015625,-0.86982249
12,321,333,0.65039062,-0.92792793
16,325,341,0.66601562,-0.90615836
33,293,326,0.63671875,-0.79754601
49,275,324,0.6328125,-0.69753086
42,292,334,0.65234375,-0.74850299
23,317,340,0.6640625,-0.86470588
15,315,330,0.64453125,-0.90909091
13,324,337,0.65820312,-0.92284866
9,330,339,0.66210938,-0.94690265
6,332,338,0.66015625,-0.96449704
1,327,328,0.640625,-0.99390244
12,312,324,0.6328125,-0.92592593
8,343,351,0.68554688,-0.95441595
16,325,341,0.66601562,-0.90615836
21,325,346,0.67578125,-0.87861272
1,355,356,0.6953125,-0.99438202
9,321,330,0.64453125,-0.94545455
7,331,338,0.66015625,-0.95857988
3,334,337,0.65820312,-0.98219585
19,310,329,0.64257812,-0.88449848
76,250,326,0.63671875,-0.53374233
51,276,327,0.63867188,-0.68807339
41,289,330,0.64453125,-0.75151515
56,269,325,0.63476562,-0.65538462
75,238,313,0.61132812,-0.52076677
114,213,327,0.63867188,-0.30275229
120,213,333,0.65039062,-0.27927928
133,193,326,0.63671875,-0.18404908
106,229,335,0.65429688,-0.36716418
69,267,336,0.65625,-0.58928571
77,242,319,0.62304688,-0.51724138
99,232,331,0.64648438,-0.40181269
80,248,328,0.640625,-0.51219512
67,266,333,0.65039062,-0.5975976
29,307,336,0.65625,-0.82738095
63,255,318,0.62109375,-0.60377358
57,267,324,0.6328125,-0.64814815
31,298,329,0.64257812,-0.81155015
0,340,340,0.6640625,-1
5,322,327,0.63867188,-0.96941896
8,325,333,0.65039062,-0.95195195
17,316,333,0.65039062,-0.8978979
30,296,326,0.63671875,-0.81595092
18,315,333,0.65039062,-0.89189189
36,305,341,0.66601562,-0.7888563
21,320,341,0.66601562,-0.87683284
43,289,332,0.6484375,-0.74096386
44,294,338,0.66015625,-0.73964497
16,305,321,0.62695312,-0.90031153
29,314,343,0.66992188,-0.83090379
15,308,323,0.63085938,-0.90712074
41,303,344,0.671875,-0.76162791
0,331,331,0.64648438,-1
2,326,328,0.640625,-0.98780488
8,335,343,0.66992188,-0.95335277
2,340,342,0.66796875,-0.98830409
11,333,344,0.671875,-0.93604651
11,305,316,0.6171875,-0.93037975
18,324,342,0.66796875,-0.89473684
7,333,340,0.6640625,-0.95882353
10,316,326,0.63671875,-0.93865031
30,309,339,0.66210938,-0.82300885
38,299,337,0.65820312,-0.77448071
13,331,344,0.671875,-0.9244186
36,301,337,0.65820312,-0.78635015
52,281,333,0.65039062,-0.68768769
62,274,336,0.65625,-0.63095238
93,243,336,0.65625,-0.44642857
61,268,329,0.64257812,-0.62917933
67,264,331,0.64648438,-0.59516616
69,272,341,0.66601562,-0.59530792
70,269,339,0.66210938,-0.58702065
75,263,338,0.66015625,-0.55621302
75,246,321,0.62695312,-0.53271028
96,231,327,0.63867188,-0.41284404
94,231,325,0.63476562,-0.42153846
64,275,339,0.66210938,-0.62241888
37,304,341,0.66601562,-0.7829912
44,289,333,0.65039062,-0.73573574
59,277,336,0.65625,-0.64880952
58,275,333,0.65039062,-0.65165165
20,304,324,0.6328125,-0.87654321
34,300,334,0.65234375,-0.79640719
17,316,333,0.65039062,-0.8978979
19,313,332,0.6484375,-0.88554217
7,338,345,0.67382812,-0.95942029
7,332,339,0.66210938,-0.95870206
2,333,335,0.65429688,-0.9880597
6,335,341,0.66601562,-0.96480938
10,315,325,0.63476562,-0.93846154
18,310,328,0.640625,-0.8902439
37,297,334,0.65234375,-0.77844311
34,310,344,0.671875,-0.80232558
47,289,336,0.65625,-0.7202381
55,272,327,0.63867188,-0.66360856
24,307,331,0.64648438,-0.85498489
37,304,341,0.66601562,-0.7829912
49,279,328,0.640625,-0.70121951
52,277,329,0.64257812,-0.68389058
27,303,330,0.64453125,-0.83636364
43,301,344,0.671875,-0.75
14,319,333,0.65039062,-0.91591592
0,351,351,0.68554688,-1
6,334,340,0.6640625,-0.96470588
0,345,345,0.67382812,-1
7,322,329,0.64257812,-0.95744681
9,322,331,0.64648438,-0.94561934
11,324,335,0.65429688,-0.93432836
20,301,321,0.62695312,-0.87538941
8,316,324,0.6328125,-0.95061728
3,325,328,0.640625,-0.98170732
6,338,344,0.671875,-0.96511628
42,284,326,0.63671875,-0.74233129
12,319,331,0.64648438,-0.92749245
23,308,331,0.64648438,-0.86102719
47,301,348,0.6796875,-0.72988506
33,303,336,0.65625,-0.80357143
26,308,334,0.65234375,-0.84431138
9,325,334,0.65234375,-0.94610778
11,323,334,0.65234375,-0.93413174
7,326,333,0.65039062,-0.95795796
21,320,341,0.66601562,-0.87683284
8,325,333,0.65039062,-0.95195195
7,330,337,0.65820312,-0.95845697
10,327,337,0.65820312,-0.94065282
0,337,337,0.65820312,-1
5,331,336,0.65625,-0.9702381
4,335,339,0.66210938,-0.97640118
4,327,331,0.64648438,-0.97583082
24,305,329,0.64257812,-0.85410334
21,311,332,0.6484375,-0.87349398
1,337,338,0.66015625,-0.99408284
0,345,345,0.67382812,-1
17,332,349,0.68164062,-0.9025788
5,326,331,0.64648438,-0.96978852
7,335,342,0.66796875,-0.95906433
19,301,320,0.625,-0.88125
22,307,329,0.64257812,-0.8662614
16,321,337,0.65820312,-0.90504451
32,307,339,0.66210938,-0.81120944
3,336,339,0.66210938,-0.98230088
10,326,336,0.65625,-0.94047619
0,328,328,0.640625,-1
0,333,333,0.65039062,-1
6,338,344,0.671875,-0.96511628
9,331,340,0.6640625,-0.94705882
20,316,336,0.65625,-0.88095238
23,318,341,0.66601562,-0.86510264
12,322,334,0.65234375,-0.92814371
24,300,324,0.6328125,-0.85185185
14,321,335,0.65429688,-0.91641791
13,322,335,0.65429688,-0.92238806
20,306,326,0.63671875,-0.87730061
27,303,330,0.64453125,-0.83636364
10,322,332,0.6484375,-0.93975904
21,316,337,0.65820312,-0.87537092
34,292,326,0.63671875,-0.79141104
66,259,325,0.63476562,-0.59384615
83,243,326,0.63671875,-0.49079755
61,267,328,0.640625,-0.62804878
92,239,331,0.64648438,-0.44410876
64,270,334,0.65234375,-0.61676647
61,271,332,0.6484375,-0.63253012
77,243,320,0.625,-0.51875
24,309,333,0.65039062,-0.85585586
15,311,326,0.63671875,-0.90797546
6,333,339,0.66210938,-0.96460177
21,309,330,0.64453125,-0.87272727
9,338,347,0.67773438,-0.9481268
28,293,321,0.62695312,-0.82554517
29,304,333,0.65039062,-0.82582583
25,303,328,0.640625,-0.84756098
43,279,322,0.62890625,-0.73291925
18,302,320,0.625,-0.8875
7,332,339,0.66210938,-0.95870206
7,337,344,0.671875,-0.95930233
0,340,340,0.6640625,-1
39,285,324,0.6328125,-0.75925926
34,312,346,0.67578125,-0.80346821
16,323,339,0.66210938,-0.90560472
37,303,340,0.6640625,-0.78235294
30,305,335,0.65429688,-0.82089552
59,268,327,0.63867188,-0.63914373
62,277,339,0.66210938,-0.63421829
52,291,343,0.66992188,-0.696793
63,275,338,0.66015625,-0.62721893
53,283,336,0.65625,-0.68452381
35,298,333,0.65039062,-0.78978979
42,294,336,0.65625,-0.75
37,291,328,0.640625,-0.77439024
16,327,343,0.66992188,-0.90670554
1,338,339,0.66210938,-0.99410029
14,325,339,0.66210938,-0.91740413
23,311,334,0.65234375,-0.86227545
4,320,324,0.6328125,-0.97530864
13,319,332,0.6484375,-0.92168675
1,321,322,0.62890625,-0.99378882
7,319,326,0.63671875,-0.95705521
17,327,344,0.671875,-0.90116279
23,309,332,0.6484375,-0.86144578
42,293,335,0.65429688,-0.74925373
12,322,334,0.65234375,-0.92814371
10,338,348,0.6796875,-0.94252874
23,320,343,0.66992188,-0.86588921
7,330,337,0.65820312,-0.95845697
16,315,331,0.64648438,-0.90332326
31,289,320,0.625,-0.80625
39,298,337,0.65820312,-0.76854599
8,339,347,0.67773438,-0.95389049
5,344,349,0.68164062,-0.9713467
6,331,337,0.65820312,-0.96439169
21,318,339,0.66210938,-0.87610619
8,333,341,0.66601562,-0.95307918
3,337,340,0.6640625,-0.98235294
10,330,340,0.6640625,-0.94117647
21,318,339,0.66210938,-0.87610619
15,316,331,0.64648438,-0.90936556
41,292,333,0.65039062,-0.75375375
27,297,324,0.6328125,-0.83333333
12,316,328,0.640625,-0.92682927
15,322,337,0.65820312,-0.91097923
28,302,330,0.64453125,-0.83030303
7,330,337,0.65820312,-0.95845697
6,332,338,0.66015625,-0.96449704
1,339,340,0.6640625,-0.99411765
15,314,329,0.64257812,-0.90881459
8,327,335,0.65429688,-0.95223881
25,301,326,0.63671875,-0.84662577
29,305,334,0.65234375,-0.82634731
59,273,332,0.6484375,-0.64457831
20,321,341,0.66601562,-0.88269795
25,313,338,0.66015625,-0.85207101
11,328,339,0.66210938,-0.93510324
2,329,331,0.64648438,-0.98791541
21,310,331,0.64648438,-0.87311178
12,321,333,0.65039062,-0.92792793
15,317,332,0.6484375,-0.90963855
4,346,350,0.68359375,-0.97714286
30,294,324,0.6328125,-0.81481481
31,317,348,0.6796875,-0.82183908
0,346,346,0.67578125,-1
9,336,345,0.67382812,-0.94782609
32,314,346,0.67578125,-0.8150289
30,309,339,0.66210938,-0.82300885
9,311,320,0.625,-0.94375
2,341,343,0.66992188,-0.98833819
16,315,331,0.64648438,-0.90332326
33,304,337,0.65820312,-0.8041543
35,300,335,0.65429688,-0.79104478
10,318,328,0.640625,-0.93902439
36,300,336,0.65625,-0.78571429
26,299,325,0.63476562,-0.84
47,277,324,0.6328125,-0.70987654
53,279,332,0.6484375,-0.68072289
51,277,328,0.640625,-0.68902439
49,280,329,0.64257812,-0.70212766
25,313,338,0.66015625,-0.85207101
11,323,334,0.65234375,-0.93413174
8,323,331,0.64648438,-0.95166163
8,327,335,0.65429688,-0.95223881
32,294,326,0.63671875,-0.80368098
30,305,335,0.65429688,-0.82089552
86,246,332,0.6484375,-0.48192771
67,256,323,0.63085938,-0.58513932
50,275,325,0.63476562,-0.69230769
35,288,323,0.63085938,-0.78328173
41,282,323,0.63085938,-0.74613003
29,310,339,0.66210938,-0.82890855
4,340,344,0.671875,-0.97674419
15,336,351,0.68554688,-0.91452991
13,320,333,0.65039062,-0.92192192
4,327,331,0.64648438,-0.97583082
18,309,327,0.63867188,-0.88990826
10,335,345,0.67382812,-0.94202899
5,339,344,0.671875,-0.97093023
10,331,341,0.66601562,-0.94134897
1,342,343,0.66992188,-0.9941691
4,334,338,0.66015625,-0.97633136
22,308,330,0.64453125,-0.86666667
22,315,337,0.65820312,-0.8694362
20,319,339,0.66210938,-0.8820059
35,297,332,0.6484375,-0.78915663
14,320,334,0.65234375,-0.91616766
1,345,346,0.67578125,-0.99421965
4,328,332,0.6484375,-0.97590361
17,322,339,0.66210938,-0.89970501
0,339,339,0.66210938,-1
6,333,339,0.66210938,-0.96460177
21,301,322,0.62890625,-0.86956522
42,300,342,0.66796875,-0.75438596
44,295,339,0.66210938,-0.74041298
71,268,339,0.66210938,-0.58112094
52,278,330,0.64453125,-0.68484848
19,333,352,0.6875,-0.89204545
20,323,343,0.66992188,-0.88338192
38,296,334,0.65234375,-0.77245509
28,306,334,0.65234375,-0.83233533
18,314,332,0.6484375,-0.89156627
31,289,320,0.625,-0.80625
24,305,329,0.64257812,-0.85410334
33,294,327,0.63867188,-0.79816514
34,291,325,0.63476562,-0.79076923
31,300,331,0.64648438,-0.81268882
18,328,346,0.67578125,-0.89595376
27,303,330,0.64453125,-0.83636364
8,324,332,0.6484375,-0.95180723
13,320,333,0.65039062,-0.92192192
30,301,331,0.64648438,-0.81873112
14,324,338,0.66015625,-0.91715976
7,339,346,0.67578125,-0.95953757
21,308,329,0.64257812,-0.87234043
20,311,331,0.64648438,-0.87915408
14,327,341,0.66601562,-0.91788856
21,315,336,0.65625,-0.875
22,303,325,0.63476562,-0.86461538
0,332,332,0.6484375,-1
11,325,336,0.65625,-0.93452381
9,322,331,0.64648438,-0.94561934
11,321,332,0.6484375,-0.93373494
12,309,321,0.62695312,-0.92523364
0,321,321,0.62695312,-1
17,320,337,0.65820312,-0.89910979
11,315,326,0.63671875,-0.93251534
14,323,337,0.65820312,-0.91691395
4,336,340,0.6640625,-0.97647059
19,330,349,0.68164062,-0.89111748
19,312,331,0.64648438,-0.88519637
58,268,326,0.63671875,-0.64417178
19,306,325,0.63476562,-0.88307692
29,300,329,0.64257812,-0.82370821
25,302,327,0.63867188,-0.8470948
39,292,331,0.64648438,-0.76435045
46,288,334,0.65234375,-0.7245509
39,296,335,0.65429688,-0.76716418
33,307,340,0.6640625,-0.80588235
32,300,332,0.6484375,-0.80722892
35,297,332,0.6484375,-0.78915663
1,328,329,0.64257812,-0.99392097
11,326,337,0.65820312,-0.9347181
8,332,340,0.6640625,-0.95294118
5,335,340,0.6640625,-0.97058824
3,345,348,0.6796875,-0.98275862
10,334,344,0.671875,-0.94186047
1,328,329,0.64257812,-0.99392097
11,317,328,0.640625,-0.93292683
32,305,337,0.65820312,-0.81008902
37,289,326,0.63671875,-0.77300613
8,331,339,0.66210938,-0.95280236
3,352,355,0.69335938,-0.98309859
2,337,339,0.66210938,-0.98820059
0,332,332,0.6484375,-1
6,329,335,0.65429688,-0.9641791
18,328,346,0.67578125,-0.89595376
7,331,338,0.66015625,-0.95857988
4,341,345,0.67382812,-0.97681159
7,327,334,0.65234375,-0.95808383
27,304,331,0.64648438,-0.83685801
26,306,332,0.6484375,-0.84337349
9,327,336,0.65625,-0.94642857
9,327,336,0.65625,-0.94642857
14,320,334,0.65234375,-0.91616766
8,325,333,0.65039062,-0.95195195
21,309,330,0.64453125,-0.87272727
30,294,324,0.6328125,-0.81481481
26,312,338,0.66015625,-0.84615385
39,303,342,0.66796875,-0.77192982
62,272,334,0.65234375,-0.62874251
88,245,333,0.65039062,-0.47147147
72,265,337,0.65820312,-0.5727003
92,227,319,0.62304688,-0.42319749
95,240,335,0.65429688,-0.43283582
62,277,339,0.66210938,-0.63421829
103,226,329,0.64257812,-0.37386018
77,252,329,0.64257812,-0.53191489
30,297,327,0.63867188,-0.81651376
30,308,338,0.66015625,-0.82248521
29,299,328,0.640625,-0.82317073
23,309,332,0.6484375,-0.86144578
27,296,323,0.63085938,-0.83281734
13,317,330,0.64453125,-0.92121212
7,327,334,0.65234375,-0.95808383
13,323,336,0.65625,-0.92261905
18,318,336,0.65625,-0.89285714
5,348,353,0.68945312,-0.97167139
13,323,336,0.65625,-0.92261905
10,340,350,0.68359375,-0.94285714
1,315,316,0.6171875,-0.99367089
5,330,335,0.65429688,-0.97014925
18,308,326,0.63671875,-0.88957055
3,339,342,0.66796875,-0.98245614
1,347,348,0.6796875,-0.99425287
4,336,340,0.6640625,-0.97647059
9,321,330,0.64453125,-0.94545455
14,321,335,0.65429688,-0.91641791
19,313,332,0.6484375,-0.88554217
17,313,330,0.64453125,-0.8969697
1,329,330,0.64453125,-0.99393939
0,340,340,0.6640625,-1
8,336,344,0.671875,-0.95348837
6,335,341,0.66601562,-0.96480938
44,283,327,0.63867188,-0.73088685
28,299,327,0.63867188,-0.82874618
10,324,334,0.65234375,-0.94011976
2,331,333,0.65039062,-0.98798799
1,346,347,0.67773438,-0.99423631
33,301,334,0.65234375,-0.80239521
11,326,337,0.65820312,-0.9347181
18,310,328,0.640625,-0.8902439
35,295,330,0.64453125,-0.78787879
0,341,341,0.66601562,-1
6,328,334,0.65234375,-0.96407186
0,335,335,0.65429688,-1
3,334,337,0.65820312,-0.98219585
14,326,340,0.6640625,-0.91764706
7,327,334,0.65234375,-0.95808383
2,335,337,0.65820312,-0.98813056
2,341,343,0.66992188,-0.98833819
0,324,324,0.6328125,-1
23,313,336,0.65625,-0.86309524
21,318,339,0.66210938,-0.87610619
4,341,345,0.67382812,-0.97681159
15,321,336,0.65625,-0.91071429
5,331,336,0.65625,-0.9702381
0,331,331,0.64648438,-1
23,313,336,0.65625,-0.86309524
44,280,324,0.6328125,-0.72839506
36,304,340,0.6640625,-0.78823529
32,298,330,0.64453125,-0.80606061
45,285,330,0.64453125,-0.72727273
33,301,334,0.65234375,-0.80239521
22,310,332,0.6484375,-0.86746988
19,315,334,0.65234375,-0.88622754
9,327,336,0.65625,-0.94642857
10,328,338,0.66015625,-0.9408284
1,335,336,0.65625,-0.99404762
5,329,334,0.65234375,-0.97005988
37,277,314,0.61328125,-0.76433121
9,328,337,0.65820312,-0.94658754
18,313,331,0.64648438,-0.89123867
21,330,351,0.68554688,-0.88034188
6,340,346,0.67578125,-0.96531792
11,321,332,0.6484375,-0.93373494
15,318,333,0.65039062,-0.90990991
21,310,331,0.64648438,-0.87311178
27,313,340,0.6640625,-0.84117647
32,299,331,0.64648438,-0.80664653
63,271,334,0.65234375,-0.62275449
85,243,328,0.640625,-0.48170732
86,249,335,0.65429688,-0.48656716
88,258,346,0.67578125,-0.49132948
57,280,337,0.65820312,-0.66172107
62,288,350,0.68359375,-0.64571429
43,286,329,0.64257812,-0.73860182
29,304,333,0.65039062,-0.82582583
20,309,329,0.64257812,-0.87841945
34,311,345,0.67382812,-0.80289855
13,314,327,0.63867188,-0.9204893
45,274,319,0.62304688,-0.71786834
85,244,329,0.64257812,-0.48328267
62,276,338,0.66015625,-0.63313609
30,312,342,0.66796875,-0.8245614
17,309,326,0.63671875,-0.89570552
17,310,327,0.63867188,-0.89602446
19,319,338,0.66015625,-0.88757396
35,301,336,0.65625,-0.79166667
21,319,340,0.6640625,-0.87647059
32,286,318,0.62109375,-0.79874214
7,337,344,0.671875,-0.95930233
12,315,327,0.63867188,-0.9266055
2,328,330,0.64453125,-0.98787879
4,330,334,0.65234375,-0.9760479
1,332,333,0.65039062,-0.99399399
35,303,338,0.66015625,-0.79289941
16,318,334,0.65234375,-0.90419162
38,298,336,0.65625,-0.77380952
15,323,338,0.66015625,-0.9112426
7,329,336,0.65625,-0.95833333
5,332,337,0.65820312,-0.97032641
13,331,344,0.671875,-0.9244186
4,329,333,0.65039062,-0.97597598
2,337,339,0.66210938,-0.98820059
3,332,335,0.65429688,-0.98208955
17,312,329,0.64257812,-0.89665653
8,333,341,0.66601562,-0.95307918
23,310,333,0.65039062,-0.86186186
3,333,336,0.65625,-0.98214286
42,293,335,0.65429688,-0.74925373
85,254,339,0.66210938,-0.49852507
42,295,337,0.65820312,-0.75074184
6,335,341,0.66601562,-0.96480938
7,321,328,0.640625,-0.95731707
10,316,326,0.63671875,-0.93865031
10,336,346,0.67578125,-0.94219653
18,318,336,0.65625,-0.89285714
0,348,348,0.6796875,-1
20,309,329,0.64257812,-0.87841945
20,307,327,0.63867188,-0.87767584
4,346,350,0.68359375,-0.97714286
7,334,341,0.66601562,-0.95894428
0,353,353,0.68945312,-1
27,309,336,0.65625,-0.83928571
1,331,332,0.6484375,-0.9939759
9,313,322,0.62890625,-0.94409938
6,332,338,0.66015625,-0.96449704
6,330,336,0.65625,-0.96428571
22,315,337,0.65820312,-0.8694362
6,327,333,0.65039062,-0.96396396
5,334,339,0.66210938,-0.97050147
8,343,351,0.68554688,-0.95441595
11,334,345,0.67382812,-0.93623188
3,326,329,0.64257812,-0.98176292
0,334,334,0.65234375,-1
5,334,339,0.66210938,-0.97050147
1,327,328,0.640625,-0.99390244
11,322,333,0.65039062,-0.93393393
14,314,328,0.640625,-0.91463415
25,308,333,0.65039062,-0.84984985
5,331,336,0.65625,-0.9702381
9,331,340,0.6640625,-0.94705882
13,325,338,0.66015625,-0.92307692
32,294,326,0.63671875,-0.80368098
89,249,338,0.66015625,-0.47337278
96,227,323,0.63085938,-0.40557276
84,242,326,0.63671875,-0.48466258
118,215,333,0.65039062,-0.29129129
91,243,334,0.65234375,-0.45508982
56,265,321,0.62695312,-0.65109034
77,251,328,0.640625,-0.5304878
108,212,320,0.625,-0.325
105,217,322,0.62890625,-0.34782609
146,188,334,0.65234375,-0.1257485
155,172,327,0.63867188,-0.051987768
165,162,327,0.63867188,0.0091743119
174,156,330,0.64453125,0.054545455
186,137,323,0.63085938,0.15170279
177,158,335,0.65429688,0.056716418
160,175,335,0.65429688,-0.044776119
138,196,334,0.65234375,-0.17365269
162,177,339,0.66210938,-0.044247788
178,150,328,0.640625,0.085365854
143,206,349,0.68164062,-0.18051576
176,154,330,0.64453125,0.066666667
186,133,319,0.62304688,0.1661442
180,150,330,0.64453125,0.090909091
203,126,329,0.64257812,0.23404255
218,106,324,0.6328125,0.34567901
217,119,336,0.65625,0.29166667
190,140,330,0.64453125,0.15151515
156,179,335,0.65429688,-0.068656716
157,175,332,0.6484375,-0.054216867
174,156,330,0.64453125,0.054545455
196,135,331,0.64648438,0.18429003
148,185,333,0.65039062,-0.11111111
178,156,334,0.65234375,0.065868263
205,109,314,0.61328125,0.30573248
248,72,320,0.625,0.55
323,18,341,0.66601562,0.89442815
319,7,326,0.63671875,0.95705521
342,0,342,0.66796875,1
335,0,335,0.65429688,1
301,31,332,0.6484375,0.81325301
304,39,343,0.66992188,0.77259475
306,32,338,0.66015625,0.81065089
298,27,325,0.63476562,0.83384615
304,30,334,0.65234375,0.82035928
321,20,341,0.66601562,0.88269795
305,25,330,0.64453125,0.84848485
352,7,359,0.70117188,0.96100279
288,39,327,0.63867188,0.76146789
300,37,337,0.65820312,0.78041543
299,42,341,0.66601562,0.75366569
285,47,332,0.6484375,0.71686747
301,34,335,0.65429688,0.79701493
265,63,328,0.640625,0.61585366
274,64,338,0.66015625,0.62130178
257,61,318,0.62109375,0.6163522
259,65,324,0.6328125,0.59876543
254,78,332,0.6484375,0.53012048
276,60,336,0.65625,0.64285714
292,41,333,0.65039062,0.75375375
308,22,330,0.64453125,0.86666667
333,4,337,0.65820312,0.97626113
304,22,326,0.63671875,0.86503067
309,31,340,0.6640625,0.81764706
315,20,335,0.65429688,0.88059701
282,50,332,0.6484375,0.69879518
274,63,337,0.65820312,0.62611276
298,49,347,0.67773438,0.71757925
275,50,325,0.63476562,0.69230769
264,67,331,0.64648438,0.59516616
222,107,329,0.64257812,0.34954407
245,83,328,0.640625,0.49390244
225,99,324,0.6328125,0.38888889
250,76,326,0.63671875,0.53374233
278,51,329,0.64257812,0.6899696
268,64,332,0.6484375,0.61445783
280,47,327,0.63867188,0.71253823
241,78,319,0.62304688,0.51097179
252,68,320,0.625,0.575
287,54,341,0.66601562,0.68328446
297,37,334,0.65234375,0.77844311
296,32,328,0.640625,0.80487805
276,54,330,0.64453125,0.67272727
286,42,328,0.640625,0.74390244
289,47,336,0.65625,0.7202381
339,13,352,0.6875,0.92613636
305,27,332,0.6484375,0.8373494
321,11,332,0.6484375,0.93373494
332,9,341,0.66601562,0.94721408
350,1,351,0.68554688,0.99430199
322,15,337,0.65820312,0.91097923
332,15,347,0.67773438,0.91354467
324,11,335,0.65429688,0.93432836
299,27,326,0.63671875,0.83435583
321,11,332,0.6484375,0.93373494
324,2,326,0.63671875,0.98773006
318,22,340,0.6640625,0.87058824
317,15,332,0.6484375,0.90963855
296,30,326,0.63671875,0.81595092
344,1,345,0.67382812,0.9942029
320,9,329,0.64257812,0.94528875
339,0,339,0.66210938,1
308,22,330,0.64453125,0.86666667
311,15,326,0.63671875,0.90797546
333,5,338,0.66015625,0.9704142
330,10,340,0.6640625,0.94117647
322,11,333,0.65039062,0.93393393
328,3,331,0.64648438,0.98187311
309,8,317,0.61914062,0.94952681
332,12,344,0.671875,0.93023256
284,45,329,0.64257812,0.72644377
297,40,337,0.65820312,0.76261128
277,67,344,0.671875,0.61046512
247,73,320,0.625,0.54375
231,86,317,0.61914062,0.45741325
284,49,333,0.65039062,0.70570571
272,64,336,0.65625,0.61904762
254,71,325,0.63476562,0.56307692
268,62,330,0.64453125,0.62424242
263,70,333,0.65039062,0.57957958
276,71,347,0.67773438,0.5907781
291,42,333,0.65039062,0.74774775
271,62,333,0.65039062,0.62762763
280,54,334,0.65234375,0.67664671
298,39,337,0.65820312,0.76854599
306,18,324,0.6328125,0.88888889
316,29,345,0.67382812,0.83188406
266,59,325,0.63476562,0.63692308
250,77,327,0.63867188,0.52905199
281,43,324,0.6328125,0.7345679
304,34,338,0.66015625,0.79881657
315,15,330,0.64453125,0.90909091
296,33,329,0.64257812,0.7993921
301,34,335,0.65429688,0.79701493
307,20,327,0.63867188,0.87767584
306,30,336,0.65625,0.82142857
330,3,333,0.65039062,0.98198198
314,20,334,0.65234375,0.88023952
345,3,348,0.6796875,0.98275862
332,8,340,0.6640625,0.95294118
336,2,338,0.66015625,0.98816568
321,17,338,0.66015625,0.89940828
331,18,349,0.68164062,0.89684814
301,34,335,0.65429688,0.79701493
304,31,335,0.65429688,0.81492537
311,30,341,0.66601562,0.82404692
285,51,336,0.65625,0.69642857
283,50,333,0.65039062,0.6996997
262,71,333,0.65039062,0.57357357
256,77,333,0.65039062,0.53753754
277,51,328,0.640625,0.68902439
302,32,334,0.65234375,0.80838323
306,34,340,0.6640625,0.8
308,27,335,0.65429688,0.83880597
344,9,353,0.68945312,0.9490085
330,12,342,0.66796875,0.92982456
313,13,326,0.63671875,0.9202454
328,12,340,0.6640625,0.92941176
319,7,326,0.63671875,0.95705521
331,7,338,0.66015625,0.95857988
316,17,333,0.65039062,0.8978979
285,41,326,0.63671875,0.74846626
299,44,343,0.66992188,0.74344023
305,30,335,0.65429688,0.82089552
322,7,329,0.64257812,0.95744681
299,30,329,0.64257812,0.81762918
267,61,328,0.640625,0.62804878
303,26,329,0.64257812,0.84194529
303,32,335,0.65429688,0.80895522
295,39,334,0.65234375,0.76646707
285,55,340,0.6640625,0.67647059
249,79,328,0.640625,0.51829268
252,81,333,0.65039062,0.51351351
264,57,321,0.62695312,0.64485981
275,59,334,0.65234375,0.64670659
286,56,342,0.66796875,0.67251462
289,49,338,0.66015625,0.71005917
304,29,333,0.65039062,0.82582583
317,25,342,0.66796875,0.85380117
327,9,336,0.65625,0.94642857
332,2,334,0.65234375,0.98802395
344,1,345,0.67382812,0.9942029
280,37,317,0.61914062,0.76656151
289,42,331,0.64648438,0.74622356
285,51,336,0.65625,0.69642857
300,37,337,0.65820312,0.78041543
311,25,336,0.65625,0.85119048
301,34,335,0.65429688,0.79701493
343,6,349,0.68164062,0.96561605
314,8,322,0.62890625,0.95031056
320,14,334,0.65234375,0.91616766
313,27,340,0.6640625,0.84117647
335,5,340,0.6640625,0.97058824
329,10,339,0.66210938,0.94100295
313,14,327,0.63867188,0.91437309
325,4,329,0.64257812,0.97568389
328,15,343,0.66992188,0.91253644
329,11,340,0.6640625,0.93529412
306,24,330,0.64453125,0.85454545
318,15,333,0.65039062,0.90990991
324,11,335,0.65429688,0.93432836
325,11,336,0.65625,0.93452381
335,6,341,0.66601562,0.96480938
318,18,336,0.65625,0.89285714
305,36,341,0.66601562,0.7888563
306,15,321,0.62695312,0.90654206
329,2,331,0.64648438,0.98791541
327,5,332,0.6484375,0.96987952
309,22,331,0.64648438,0.86706949
319,23,342,0.66796875,0.86549708
303,26,329,0.64257812,0.84194529
323,14,337,0.65820312,0.91691395
302,25,327,0.63867188,0.8470948
322,21,343,0.66992188,0.87755102
290,47,337,0.65820312,0.72106825
312,22,334,0.65234375,0.86826347
288,39,327,0.63867188,0.76146789
283,42,325,0.63476562,0.74153846
332,4,336,0.65625,0.97619048
349,0,349,0.68164062,1
334,5,339,0.66210938,0.97050147
333,2,335,0.65429688,0.9880597
324,17,341,0.66601562,0.90029326
292,42,334,0.65234375,0.74850299
298,21,319,0.62304688,0.86833856
245,73,318,0.62109375,0.5408805
239,88,327,0.63867188,0.4617737
239,87,326,0.63671875,0.46625767
251,79,330,0.64453125,0.52121212
298,33,331,0.64648438,0.80060423
337,6,343,0.66992188,0.96501458
338,0,338,0.66015625,1
348,3,351,0.68554688,0.98290598
328,13,341,0.66601562,0.92375367
337,6,343,0.66992188,0.96501458
314,16,330,0.64453125,0.9030303
318,21,339,0.66210938,0.87610619
307,22,329,0.64257812,0.8662614
320,15,335,0.65429688,0.91044776
323,8,331,0.64648438,0.95166163
327,16,343,0.66992188,0.90670554
279,47,326,0.63671875,0.71165644
307,23,330,0.64453125,0.86060606
333,4,337,0.65820312,0.97626113
327,7,334,0.65234375,0.95808383
313,17,330,0.64453125,0.8969697
301,29,330,0.64453125,0.82424242
302,28,330,0.64453125,0.83030303
332,19,351,0.68554688,0.89173789
328,12,340,0.6640625,0.92941176
314,20,334,0.65234375,0.88023952
338,2,340,0.6640625,0.98823529
330,8,338,0.66015625,0.95266272
331,11,342,0.66796875,0.93567251
328,7,335,0.65429688,0.95820896
333,1,334,0.65234375,0.99401198
336,1,337,0.65820312,0.99406528
334,0,334,0.65234375,1
336,7,343,0.66992188,0.95918367
315,10,325,0.63476562,0.93846154
332,8,340,0.6640625,0.95294118
312,22,334,0.65234375,0.86826347
307,24,331,0.64648438,0.85498489
326,11,337,0.65820312,0.9347181
290,47,337,0.65820312,0.72106825
323,9,332,0.6484375,0.94578313
313,15,328,0.640625,0.90853659
299,41,340,0.6640625,0.75882353
302,36,338,0.66015625,0.78698225
306,24,330,0.64453125,0.85454545
339,8,347,0.67773438,0.95389049
308,20,328,0.640625,0.87804878
335,9,344,0.671875,0.94767442
345,0,345,0.67382812,1
348,1,349,0.68164062,0.99426934
319,12,331,0.64648438,0.92749245
304,23,327,0.63867188,0.85932722
330,13,343,0.66992188,0.92419825
328,18,346,0.67578125,0.89595376
324,7,331,0.64648438,0.95770393
285,44,329,0.64257812,0.7325228
277,43,320,0.625,0.73125
273,52,325,0.63476562,0.68
272,55,327,0.63867188,0.66360856
263,55,318,0.62109375,0.65408805
241,94,335,0.65429688,0.43880597
253,74,327,0.63867188,0.54740061
269,72,341,0.66601562,0.57771261
248,81,329,0.64257812,0.50759878
187,143,330,0.64453125,0.13333333
180,144,324,0.6328125,0.11111111
170,159,329,0.64257812,0.03343465
180,149,329,0.64257812,0.094224924
188,137,325,0.63476562,0.15692308
247,92,339,0.66210938,0.45722714
252,72,324,0.6328125,0.55555556
297,28,325,0.63476562,0.82769231
281,49,330,0.64453125,0.7030303
322,13,335,0.65429688,0.92238806
327,8,335,0.65429688,0.95223881
311,19,330,0.64453125,0.88484848
304,31,335,0.65429688,0.81492537
312,15,327,0.63867188,0.90825688
316,24,340,0.6640625,0.85882353
315,24,339,0.66210938,0.85840708
314,5,319,0.62304688,0.96865204
292,40,332,0.6484375,0.75903614
295,36,331,0.64648438,0.78247734
315,25,340,0.6640625,0.85294118
319,21,340,0.6640625,0.87647059
320,12,332,0.6484375,0.92771084
335,6,341,0.66601562,0.96480938
326,10,336,0.65625,0.94047619
332,8,340,0.6640625,0.95294118
329,5,334,0.65234375,0.97005988
316,18,334,0.65234375,0.89221557
295,29,324,0.6328125,0.82098765
320,23,343,0.66992188,0.86588921
309,28,337,0.65820312,0.83382789
312,27,339,0.66210938,0.84070796
292,43,335,0.65429688,0.74328358
289,37,326,0.63671875,0.77300613
344,0,344,0.671875,1
335,9,344,0.671875,0.94767442
303,35,338,0.66015625,0.79289941
298,42,340,0.6640625,0.75294118
312,24,336,0.65625,0.85714286
329,9,338,0.66015625,0.94674556
342,2,344,0.671875,0.98837209
328,11,339,0.66210938,0.93510324
299,35,334,0.65234375,0.79041916
293,33,326,0.63671875,0.79754601
317,14,331,0.64648438,0.91540785
331,6,337,0.65820312,0.96439169
315,16,331,0.64648438,0.90332326
325,5,330,0.64453125,0.96969697
346,1,347,0.67773438,0.99423631
317,10,327,0.63867188,0.93883792
285,36,321,0.62695312,0.77570093
323,6,329,0.64257812,0.96352584
325,10,335,0.65429688,0.94029851
332,6,338,0.66015625,0.96449704
335,4,339,0.66210938,0.97640118
307,29,336,0.65625,0.82738095
296,44,340,0.6640625,0.74117647
302,24,326,0.63671875,0.85276074
280,56,336,0.65625,0.66666667
252,66,318,0.62109375,0.58490566
287,50,337,0.65820312,0.70326409
265,61,326,0.63671875,0.62576687
283,57,340,0.6640625,0.66470588
329,9,338,0.66015625,0.94674556
325,12,337,0.65820312,0.92878338
338,4,342,0.66796875,0.97660819
312,16,328,0.640625,0.90243902
319,20,339,0.66210938,0.8820059
298,50,348,0.6796875,0.71264368
294,48,342,0.66796875,0.71929825
294,41,335,0.65429688,0.75522388
330,17,347,0.67773438,0.90201729
329,13,342,0.66796875,0.92397661
330,5,335,0.65429688,0.97014925
338,3,341,0.66601562,0.98240469
320,20,340,0.6640625,0.88235294
295,30,325,0.63476562,0.81538462
296,37,333,0.65039062,0.77777778
313,22,335,0.65429688,0.86865672
319,16,335,0.65429688,0.90447761
326,4,330,0.64453125,0.97575758
334,6,340,0.6640625,0.96470588
329,8,337,0.65820312,0.95252226
307,23,330,0.64453125,0.86060606
326,11,337,0.65820312,0.9347181
309,29,338,0.66015625,0.82840237
317,19,336,0.65625,0.88690476
327,3,330,0.64453125,0.98181818
318,17,335,0.65429688,0.89850746
322,18,340,0.6640625,0.89411765
317,20,337,0.65820312,0.88130564
281,48,329,0.64257812,0.70820669
314,11,325,0.63476562,0.93230769
332,0,332,0.6484375,1
332,7,339,0.66210938,0.95870206
338,7,345,0.67382812,0.95942029
311,18,329,0.64257812,0.89057751
307,22,329,0.64257812,0.8662614
310,21,331,0.64648438,0.87311178
327,18,345,0.67382812,0.89565217
326,15,341,0.66601562,0.91202346
298,22,320,0.625,0.8625
312,13,325,0.63476562,0.92
319,12,331,0.64648438,0.92749245
335,6,341,0.66601562,0.96480938
348,0,348,0.6796875,1
337,5,342,0.66796875,0.97076023
333,10,343,0.66992188,0.94169096
344,0,344,0.671875,1
332,1,333,0.65039062,0.99399399
330,6,336,0.65625,0.96428571
338,0,338,0.66015625,1
306,20,326,0.63671875,0.87730061
303,18,321,0.62695312,0.88785047
332,9,341,0.66601562,0.94721408
294,30,324,0.6328125,0.81481481
301,21,322,0.62890625,0.86956522
301,31,332,0.6484375,0.81325301
280,51,331,0.64648438,0.6918429
296,46,342,0.66796875,0.73099415
299,39,338,0.66015625,0.76923077
301,34,335,0.65429688,0.79701493
293,48,341,0.66601562,0.71847507
297,36,333,0.65039062,0.78378378
197,135,332,0.6484375,0.18674699
175,152,327,0.63867188,0.070336391
233,102,335,0.65429688,0.39104478
247,84,331,0.64648438,0.49244713
194,125,319,0.62304688,0.21630094
160,184,344,0.671875,-0.069767442
172,153,325,0.63476562,0.058461538
167,160,327,0.63867188,0.021406728
98,231,329,0.64257812,-0.40425532
73,256,329,0.64257812,-0.556231
70,253,323,0.63085938,-0.56656347
35,299,334,0.65234375,-0.79041916
29,305,334,0.65234375,-0.82634731
19,325,344,0.671875,-0.88953488
0,348,348,0.6796875,-1
3,342,345,0.67382812,-0.9826087
6,327,333,0.65039062,-0.96396396
6,343,349,0.68164062,-0.96561605
14,332,346,0.67578125,-0.91907514
4,335,339,0.66210938,-0.97640118
13,311,324,0.6328125,-0.91975309
21,316,337,0.65820312,-0.87537092
9,324,333,0.65039062,-0.94594595
3,329,332,0.6484375,-0.98192771
3,319,322,0.62890625,-0.98136646
19,319,338,0.66015625,-0.88757396
22,314,336,0.65625,-0.86904762
33,307,340,0.6640625,-0.80588235
27,309,336,0.65625,-0.83928571
49,280,329,0.64257812,-0.70212766
24,299,323,0.63085938,-0.85139319
17,311,328,0.640625,-0.89634146
17,314,331,0.64648438,-0.89728097
24,308,332,0.6484375,-0.85542169
15,318,333,0.65039062,-0.90990991
34,297,331,0.64648438,-0.79456193
12,322,334,0.65234375,-0.92814371
28,306,334,0.65234375,-0.83233533
40,276,316,0.6171875,-0.74683544
24,324,348,0.6796875,-0.86206897
13,320,333,0.65039062,-0.92192192
8,328,336,0.65625,-0.95238095
20,313,333,0.65039062,-0.87987988
13,305,318,0.62109375,-0.91823899
32,309,341,0.66601562,-0.81231672
35,298,333,0.65039062,-0.78978979
1,339,340,0.6640625,-0.99411765
6,329,335,0.65429688,-0.9641791
19,328,347,0.67773438,-0.89048991
18,317,335,0.65429688,-0.89253731
11,322,333,0.65039062,-0.93393393
7,323,330,0.64453125,-0.95757576
8,332,340,0.6640625,-0.95294118
21,304,325,0.63476562,-0.87076923
5,332,337,0.65820312,-0.97032641
4,340,344,0.671875,-0.97674419
48,288,336,0.65625,-0.71428571
32,310,342,0.66796875,-0.8128655
44,285,329,0.64257812,-0.7325228
45,291,336,0.65625,-0.73214286
41,284,325,0.63476562,-0.74769231
35,289,324,0.6328125,-0.78395062
30,309,339,0.66210938,-0.82300885
5,344,349,0.68164062,-0.9713467
29,295,324,0.6328125,-0.82098765
42,295,337,0.65820312,-0.75074184
46,286,332,0.6484375,-0.72289157
39,290,329,0.64257812,-0.76291793
42,300,342,0.66796875,-0.75438596
24,305,329,0.64257812,-0.85410334
9,333,342,0.66796875,-0.94736842
13,323,336,0.65625,-0.92261905
29,299,328,0.640625,-0.82317073
29,300,329,0.64257812,-0.82370821
47,288,335,0.65429688,-0.71940299
51,289,340,0.6640625,-0.7
46,281,327,0.63867188,-0.71865443
9,336,345,0.67382812,-0.94782609
6,329,335,0.65429688,-0.9641791
9,324,333,0.65039062,-0.94594595
57,273,330,0.64453125,-0.65454545
46,283,329,0.64257812,-0.72036474
18,322,340,0.6640625,-0.89411765
2,332,334,0.65234375,-0.98802395
13,320,333,0.65039062,-0.92192192
20,318,338,0.66015625,-0.8816568
44,285,329,0.64257812,-0.7325228
24,325,349,0.68164062,-0.86246418
39,283,322,0.62890625,-0.75776398
65,252,317,0.61914062,-0.58990536
72,265,337,0.65820312,-0.5727003
95,233,328,0.640625,-0.42073171
146,167,313,0.61132812,-0.067092652
183,142,325,0.63476562,0.12615385
173,151,324,0.6328125,0.067901235
166,162,328,0.640625,0.012195122
195,133,328,0.640625,0.18902439
147,176,323,0.63085938,-0.089783282
144,177,321,0.62695312,-0.10280374
114,208,322,0.62890625,-0.29192547
77,255,332,0.6484375,-0.53614458
78,238,316,0.6171875,-0.50632911
68,248,316,0.6171875,-0.56962025
15,322,337,0.65820312,-0.91097923
11,332,343,0.66992188,-0.93586006
1,327,328,0.640625,-0.99390244
29,302,331,0.64648438,-0.82477341
21,322,343,0.66992188,-0.87755102
11,336,347,0.67773438,-0.93659942
14,324,338,0.66015625,-0.91715976
6,338,344,0.671875,-0.96511628
12,324,336,0.65625,-0.92857143
16,325,341,0.66601562,-0.90615836
40,300,340,0.6640625,-0.76470588
20,318,338,0.66015625,-0.8816568
8,328,336,0.65625,-0.95238095
8,317,325,0.63476562,-0.95076923
29,310,339,0.66210938,-0.82890855
23,302,325,0.63476562,-0.85846154
29,311,340,0.6640625,-0.82941176
19,319,338,0.66015625,-0.88757396
28,298,326,0.63671875,-0.82822086
21,310,331,0.64648438,-0.87311178
31,290,321,0.62695312,-0.80685358
13,319,332,0.6484375,-0.92168675
26,302,328,0.640625,-0.84146341
30,298,328,0.640625,-0.81707317
34,298,332,0.6484375,-0.79518072
33,298,331,0.64648438,-0.80060423
40,293,333,0.65039062,-0.75975976
9,328,337,0.65820312,-0.94658754
27,306,333,0.65039062,-0.83783784
31,296,327,0.63867188,-0.81039755
12,331,343,0.66992188,-0.93002915
24,313,337,0.65820312,-0.85756677
13,311,324,0.6328125,-0.91975309
15,313,328,0.640625,-0.90853659
26,298,324,0.6328125,-0.83950617
47,296,343,0.66992188,-0.72594752
27,306,333,0.65039062,-0.83783784
9,324,333,0.65039062,-0.94594595
4,344,348,0.6796875,-0.97701149
47,286,333,0.65039062,-0.71771772
36,298,334,0.65234375,-0.78443114
44,291,335,0.65429688,-0.73731343
27,306,333,0.65039062,-0.83783784
26,309,335,0.65429688,-0.84477612
18,313,331,0.64648438,-0.89123867
44,283,327,0.63867188,-0.73088685
81,245,326,0.63671875,-0.50306748
78,242,320,0.625,-0.5125
61,285,346,0.67578125,-0.64739884
77,252,329,0.64257812,-0.53191489
63,264,327,0.63867188,-0.6146789
55,280,335,0.65429688,-0.67164179
26,304,330,0.64453125,-0.84242424
20,321,341,0.66601562,-0.88269795
22,311,333,0.65039062,-0.86786787
15,315,330,0.64453125,-0.90909091
15,321,336,0.65625,-0.91071429
1,325,326,0.63671875,-0.99386503
0,326,326,0.63671875,-1
4,333,337,0.65820312,-0.97626113
31,298,329,0.64257812,-0.81155015
23,304,327,0.63867188,-0.85932722
11,328,339,0.66210938,-0.93510324
3,342,345,0.67382812,-0.9826087
0,353,353,0.68945312,-1
14,338,352,0.6875,-0.92045455
21,313,334,0.65234375,-0.8742515
19,309,328,0.640625,-0.88414634
8,320,328,0.640625,-0.95121951
20,329,349,0.68164062,-0.88538682
37,294,331,0.64648438,-0.77643505
14,334,348,0.6796875,-0.91954023
7,329,336,0.65625,-0.95833333
11,308,319,0.62304688,-0.93103448
7,330,337,0.65820312,-0.95845697
17,319,336,0.65625,-0.89880952
8,321,329,0.64257812,-0.95136778
10,333,343,0.66992188,-0.94169096
1,349,350,0.68359375,-0.99428571
27,301,328,0.640625,-0.83536585
2,336,338,0.66015625,-0.98816568
0,340,340,0.6640625,-1
3,329,332,0.6484375,-0.98192771
15,309,324,0.6328125,-0.90740741
14,323,337,0.65820312,-0.91691395
9,319,328,0.640625,-0.94512195
10,328,338,0.66015625,-0.9408284
7,323,330,0.64453125,-0.95757576
12,327,339,0.66210938,-0.92920354
15,316,331,0.64648438,-0.90936556
26,305,331,0.64648438,-0.8429003
25,306,331,0.64648438,-0.8489426
7,337,344,0.671875,-0.95930233
13,314,327,0.63867188,-0.9204893
21,312,333,0.65039062,-0.87387387
22,322,344,0.671875,-0.87209302
25,309,334,0.65234375,-0.8502994
57,281,338,0.66015625,-0.66272189
59,278,337,0.65820312,-0.64985163
55,276,331,0.64648438,-0.66767372
35,283,318,0.62109375,-0.77987421
19,323,342,0.66796875,-0.88888889
42,297,339,0.66210938,-0.75221239
10,322,332,0.6484375,-0.93975904
13,323,336,0.65625,-0.92261905
7,334,341,0.66601562,-0.95894428
8,317,325,0.63476562,-0.95076923
3,336,339,0.66210938,-0.98230088
16,321,337,0.65820312,-0.90504451
19,311,330,0.64453125,-0.88484848
46,299,345,0.67382812,-0.73333333
63,272,335,0.65429688,-0.6238806
37,304,341,0.66601562,-0.7829912
27,295,322,0.62890625,-0.83229814
26,315,341,0.66601562,-0.84750733
14,311,325,0.63476562,-0.91384615
14,319,333,0.65039062,-0.91591592
30,292,322,0.62890625,-0.8136646
6,335,341,0.66601562,-0.96480938
4,336,340,0.6640625,-0.97647059
0,347,347,0.67773438,-1
18,314,332,0.6484375,-0.89156627
18,325,343,0.66992188,-0.89504373
4,336,340,0.6640625,-0.97647059
17,320,337,0.65820312,-0.89910979
17,322,339,0.66210938,-0.89970501
9,326,335,0.65429688,-0.94626866
10,332,342,0.66796875,-0.94152047
18,318,336,0.65625,-0.89285714
13,319,332,0.6484375,-0.92168675
11,323,334,0.65234375,-0.93413174
12,332,344,0.671875,-0.93023256
14,328,342,0.66796875,-0.91812865
10,327,337,0.65820312,-0.94065282
18,314,332,0.6484375,-0.89156627
18,319,337,0.65820312,-0.89317507
58,270,328,0.640625,-0.64634146
74,261,335,0.65429688,-0.55820896
49,297,346,0.67578125,-0.71676301
16,320,336,0.65625,-0.9047619
7,323,330,0.64453125,-0.95757576
7,330,337,0.65820312,-0.95845697
1,327,328,0.640625,-0.99390244
10,324,334,0.65234375,-0.94011976
7,333,340,0.6640625,-0.95882353
18,317,335,0.65429688,-0.89253731
5,321,326,0.63671875,-0.96932515
26,299,325,0.63476562,-0.84
14,313,327,0.63867188,-0.91437309
3,330,333,0.65039062,-0.98198198
11,331,342,0.66796875,-0.93567251
11,316,327,0.63867188,-0.93272171
4,336,340,0.6640625,-0.97647059
1,338,339,0.66210938,-0.99410029
18,318,336,0.65625,-0.89285714
6,342,348,0.6796875,-0.96551724
4,354,358,0.69921875,-0.97765363
12,323,335,0.65429688,-0.92835821
5,324,329,0.64257812,-0.96960486
13,310,323,0.63085938,-0.91950464
6,331,337,0.65820312,-0.96439169
5,341,346,0.67578125,-0.97109827
6,341,347,0.67773438,-0.96541787
34,316,350,0.68359375,-0.80571429
21,303,324,0.6328125,-0.87037037
52,281,333,0.65039062,-0.68768769
42,288,330,0.64453125,-0.74545455
93,229,322,0.62890625,-0.42236025
56,284,340,0.6640625,-0.67058824
19,312,331,0.64648438,-0.88519637
21,317,338,0.66015625,-0.87573964
15,321,336,0.65625,-0.91071429
11,329,340,0.6640625,-0.93529412
12,329,341,0.66601562,-0.92961877
29,310,339,0.66210938,-0.82890855
41,291,332,0.6484375,-0.75301205
56,266,322,0.62890625,-0.65217391
29,296,325,0.63476562,-0.82153846
2,319,321,0.62695312,-0.98753894
5,332,337,0.65820312,-0.97032641
8,322,330,0.64453125,-0.95151515
5,329,334,0.65234375,-0.97005988
21,311,332,0.6484375,-0.87349398
6,331,337,0.65820312,-0.96439169
16,327,343,0.66992188,-0.90670554
2,342,344,0.671875,-0.98837209
13,315,328,0.640625,-0.92073171
49,286,335,0.65429688,-0.70746269
38,300,338,0.66015625,-0.77514793
25,298,323,0.63085938,-0.84520124
20,313,333,0.65039062,-0.87987988
44,278,322,0.62890625,-0.72670807
73,251,324,0.6328125,-0.54938272
108,221,329,0.64257812,-0.34346505
72,263,335,0.65429688,-0.57014925
73,253,326,0.63671875,-0.55214724
74,233,307,0.59960938,-0.51791531
40,285,325,0.63476562,-0.75384615
7,336,343,0.66992188,-0.95918367
13,314,327,0.63867188,-0.9204893
7,335,342,0.66796875,-0.95906433
0,352,352,0.6875,-1
21,318,339,0.66210938,-0.87610619
15,313,328,0.640625,-0.90853659
19,324,343,0.66992188,-0.88921283
11,320,331,0.64648438,-0.93353474
21,313,334,0.65234375,-0.8742515
16,332,348,0.6796875,-0.90804598
18,308,326,0.63671875,-0.88957055
13,330,343,0.66992188,-0.92419825
10,324,334,0.65234375,-0.94011976
10,327,337,0.65820312,-0.94065282
11,328,339,0.66210938,-0.93510324
14,325,339,0.66210938,-0.91740413
11,322,333,0.65039062,-0.93393393
35,303,338,0.66015625,-0.79289941
15,319,334,0.65234375,-0.91017964
14,321,335,0.65429688,-0.91641791
9,331,340,0.6640625,-0.94705882
22,300,322,0.62890625,-0.86335404
20,315,335,0.65429688,-0.88059701
26,316,342,0.66796875,-0.84795322
23,310,333,0.65039062,-0.86186186
12,328,340,0.6640625,-0.92941176
10,318,328,0.640625,-0.93902439
1,331,332,0.6484375,-0.9939759
2,332,334,0.65234375,-0.98802395
17,311,328,0.640625,-0.89634146
13,331,344,0.671875,-0.9244186
9,328,337,0.65820312,-0.94658754
14,312,326,0.63671875,-0.91411043
39,297,336,0.65625,-0.76785714
32,295,327,0.63867188,-0.80428135
9,328,337,0.65820312,-0.94658754
6,334,340,0.6640625,-0.96470588
14,308,322,0.62890625,-0.91304348
8,327,335,0.65429688,-0.95223881
9,321,330,0.64453125,-0.94545455
12,322,334,0.65234375,-0.92814371
12,330,342,0.66796875,-0.92982456
37,292,329,0.64257812,-0.77507599
25,315,340,0.6640625,-0.85294118
42,294,336,0.65625,-0.75
28,317,345,0.67382812,-0.83768116
61,268,329,0.64257812,-0.62917933
72,252,324,0.6328125,-0.55555556
53,274,327,0.63867188,-0.67584098
39,287,326,0.63671875,-0.7607362
14,313,327,0.63867188,-0.91437309
7,337,344,0.671875,-0.95930233
30,289,319,0.62304688,-0.81191223
36,293,329,0.64257812,-0.78115502
15,322,337,0.65820312,-0.91097923
8,335,343,0.66992188,-0.95335277
4,331,335,0.65429688,-0.9761194
10,324,334,0.65234375,-0.94011976
27,303,330,0.64453125,-0.83636364
19,315,334,0.65234375,-0.88622754
20,331,351,0.68554688,-0.88603989
40,290,330,0.64453125,-0.75757576
1,348,349,0.68164062,-0.99426934
1,333,334,0.65234375,-0.99401198
18,322,340,0.6640625,-0.89411765
4,337,341,0.66601562,-0.97653959
29,304,333,0.65039062,-0.82582583
26,313,339,0.66210938,-0.84660767
22,297,319,0.62304688,-0.86206897
3,337,340,0.6640625,-0.98235294
18,319,337,0.65820312,-0.89317507
1,336,337,0.65820312,-0.99406528
13,321,334,0.65234375,-0.92215569
14,318,332,0.6484375,-0.91566265
15,333,348,0.6796875,-0.9137931
0,337,337,0.65820312,-1
7,323,330,0.64453125,-0.95757576
45,281,326,0.63671875,-0.72392638
30,298,328,0.640625,-0.81707317
5,336,341,0.66601562,-0.97067449
1,345,346,0.67578125,-0.99421965
1,332,333,0.65039062,-0.99399399
12,327,339,0.66210938,-0.92920354
29,306,335,0.65429688,-0.82686567
31,306,337,0.65820312,-0.81602374
15,335,350,0.68359375,-0.91428571
39,286,325,0.63476562,-0.76
25,323,348,0.6796875,-0.85632184
41,296,337,0.65820312,-0.75667656
23,316,339,0.66210938,-0.86430678
35,296,331,0.64648438,-0.78851964
25,304,329,0.64257812,-0.84802432
9,337,346,0.67578125,-0.94797688
39,296,335,0.65429688,-0.76716418
14,322,336,0.65625,-0.91666667
16,313,329,0.64257812,-0.90273556
41,293,334,0.65234375,-0.75449102
23,306,329,0.64257812,-0.86018237
6,333,339,0.66210938,-0.96460177
45,287,332,0.6484375,-0.72891566
19,318,337,0.65820312,-0.88724036
22,314,336,0.65625,-0.86904762
15,318,333,0.65039062,-0.90990991
14,327,341,0.66601562,-0.91788856
11,325,336,0.65625,-0.93452381
15,314,329,0.64257812,-0.90881459
18,323,341,0.66601562,-0.89442815
37,283,320,0.625,-0.76875
17,307,324,0.6328125,-0.89506173
17,321,338,0.66015625,-0.89940828
9,317,326,0.63671875,-0.94478528
11,336,347,0.67773438,-0.93659942
16,331,347,0.67773438,-0.90778098
47,287,334,0.65234375,-0.71856287
67,261,328,0.640625,-0.59146341
47,269,316,0.6171875,-0.70253165
42,284,326,0.63671875,-0.74233129
43,275,318,0.62109375,-0.72955975
46,280,326,0.63671875,-0.71779141
23,317,340,0.6640625,-0.86470588
18,314,332,0.6484375,-0.89156627
3,342,345,0.67382812,-0.9826087
37,288,325,0.63476562,-0.77230769
52,275,327,0.63867188,-0.68195719
9,340,349,0.68164062,-0.94842407
7,339,346,0.67578125,-0.95953757
18,313,331,0.64648438,-0.89123867
17,324,341,0.66601562,-0.90029326
23,316,339,0.66210938,-0.86430678
7,339,346,0.67578125,-0.95953757
11,329,340,0.6640625,-0.93529412
1,336,337,0.65820312,-0.99406528
7,336,343,0.66992188,-0.95918367
7,328,335,0.65429688,-0.95820896
8,330,338,0.66015625,-0.95266272
4,329,333,0.65039062,-0.97597598
9,336,345,0.67382812,-0.94782609
27,305,332,0.6484375,-0.8373494
9,325,334,0.65234375,-0.94610778
38,297,335,0.65429688,-0.77313433
36,291,327,0.63867188,-0.77981651
12,316,328,0.640625,-0.92682927
6,337,343,0.66992188,-0.96501458
31,302,333,0.65039062,-0.81381381
20,320,340,0.6640625,-0.88235294
60,273,333,0.65039062,-0.63963964
113,215,328,0.640625,-0.31097561
61,267,328,0.640625,-0.62804878
46,289,335,0.65429688,-0.72537313
30,304,334,0.65234375,-0.82035928
30,304,334,0.65234375,-0.82035928
28,309,337,0.65820312,-0.83382789
14,315,329,0.64257812,-0.91489362
44,275,319,0.62304688,-0.72413793
80,263,343,0.66992188,-0.5335277
57,267,324,0.6328125,-0.64814815
50,292,342,0.66796875,-0.70760234
76,256,332,0.6484375,-0.54216867
55,285,340,0.6640625,-0.67647059
12,319,331,0.64648438,-0.92749245
20,318,338,0.66015625,-0.8816568
15,326,341,0.66601562,-0.91202346
28,309,337,0.65820312,-0.83382789
13,320,333,0.65039062,-0.92192192
10,331,341,0.66601562,-0.94134897
18,322,340,0.6640625,-0.89411765
2,331,333,0.65039062,-0.98798799
6,338,344,0.671875,-0.96511628
22,311,333,0.65039062,-0.86786787
22,312,334,0.65234375,-0.86826347
10,340,350,0.68359375,-0.94285714
37,297,334,0.65234375,-0.77844311
15,325,340,0.6640625,-0.91176471
16,328,344,0.671875,-0.90697674
17,317,334,0.65234375,-0.89820359
13,319,332,0.6484375,-0.92168675
10,326,336,0.65625,-0.94047619
10,326,336,0.65625,-0.94047619
2,347,349,0.68164062,-0.98853868
21,328,349,0.68164062,-0.87965616
1,334,335,0.65429688,-0.99402985
3,328,331,0.64648438,-0.98187311
13,331,344,0.671875,-0.9244186
4,314,318,0.62109375,-0.97484277
24,304,328,0.640625,-0.85365854
6,341,347,0.67773438,-0.96541787
16,328,344,0.671875,-0.90697674
16,328,344,0.671875,-0.90697674
53,274,327,0.63867188,-0.67584098
47,291,338,0.66015625,-0.72189349
38,296,334,0.65234375,-0.77245509
19,315,334,0.65234375,-0.88622754
30,314,344,0.671875,-0.8255814
14,321,335,0.65429688,-0.91641791
8,336,344,0.671875,-0.95348837
9,320,329,0.64257812,-0.94528875
4,327,331,0.64648438,-0.97583082
14,310,324,0.6328125,-0.91358025
12,316,328,0.640625,-0.92682927
75,257,332,0.6484375,-0.54819277
44,293,337,0.65820312,-0.7388724
66,266,332,0.6484375,-0.60240964
37,297,334,0.65234375,-0.77844311
36,303,339,0.66210938,-0.78761062
3,329,332,0.6484375,-0.98192771
3,327,330,0.64453125,-0.98181818
7,329,336,0.65625,-0.95833333
14,329,343,0.66992188,-0.91836735
5,337,342,0.66796875,-0.97076023
2,339,341,0.66601562,-0.98826979
6,345,351,0.68554688,-0.96581197
17,312,329,0.64257812,-0.89665653
21,327,348,0.6796875,-0.87931034
19,310,329,0.64257812,-0.88449848
13,316,329,0.64257812,-0.92097264
17,314,331,0.64648438,-0.89728097
6,347,353,0.68945312,-0.96600567
28,307,335,0.65429688,-0.83283582
15,325,340,0.6640625,-0.91176471
24,317,341,0.66601562,-0.85923754
21,318,339,0.66210938,-0.87610619
5,334,339,0.66210938,-0.97050147
19,322,341,0.66601562,-0.88856305
2,339,341,0.66601562,-0.98826979
6,331,337,0.65820312,-0.96439169
10,319,329,0.64257812,-0.93920973
5,329,334,0.65234375,-0.97005988
18,311,329,0.64257812,-0.89057751
6,321,327,0.63867188,-0.96330275
3,344,347,0.67773438,-0.98270893
17,325,342,0.66796875,-0.9005848
10,322,332,0.6484375,-0.93975904
13,316,329,0.64257812,-0.92097264
19,321,340,0.6640625,-0.88823529
34,307,341,0.66601562,-0.80058651
2,333,335,0.65429688,-0.9880597
5,332,337,0.65820312,-0.97032641
1,338,339,0.66210938,-0.99410029
0,346,346,0.67578125,-1
22,312,334,0.65234375,-0.86826347
9,328,337,0.65820312,-0.94658754
12,323,335,0.65429688,-0.92835821
10,326,336,0.65625,-0.94047619
0,337,337,0.65820312,-1
17,311,328,0.640625,-0.89634146
39,296,335,0.65429688,-0.76716418
1,323,324,0.6328125,-0.99382716
35,293,328,0.640625,-0.78658537
29,311,340,0.6640625,-0.82941176
21,309,330,0.64453125,-0.87272727
27,301,328,0.640625,-0.83536585
7,330,337,0.65820312,-0.95845697
13,327,340,0.6640625,-0.92352941
15,326,341,0.66601562,-0.91202346
25,308,333,0.65039062,-0.84984985
12,321,333,0.65039062,-0.92792793
7,342,349,0.68164062,-0.95988539
8,324,332,0.6484375,-0.95180723
33,291,324,0.6328125,-0.7962963
8,339,347,0.67773438,-0.95389049
15,312,327,0.63867188,-0.90825688
27,310,337,0.65820312,-0.83976261
18,313,331,0.64648438,-0.89123867
8,325,333,0.65039062,-0.95195195
35,307,342,0.66796875,-0.79532164
44,284,328,0.640625,-0.73170732
55,277,332,0.6484375,-0.6686747
14,311,325,0.63476562,-0.91384615
1,342,343,0.66992188,-0.9941691
12,319,331,0.64648438,-0.92749245
5,332,337,0.65820312,-0.97032641
2,347,349,0.68164062,-0.98853868
7,315,322,0.62890625,-0.95652174
19,302,321,0.62695312,-0.88161994
2,335,337,0.65820312,-0.98813056
2,343,345,0.67382812,-0.9884058
10,331,341,0.66601562,-0.94134897
7,328,335,0.65429688,-0.95820896
32,292,324,0.6328125,-0.80246914
5,333,338,0.66015625,-0.9704142
18,315,333,0.65039062,-0.89189189
27,309,336,0.65625,-0.83928571
37,305,342,0.66796875,-0.78362573
63,279,342,0.66796875,-0.63157895
67,281,348,0.6796875,-0.61494253
82,253,335,0.65429688,-0.51044776
57,271,328,0.640625,-0.65243902
60,273,333,0.65039062,-0.63963964
37,296,333,0.65039062,-0.77777778
11,319,330,0.64453125,-0.93333333
0,338,338,0.66015625,-1
4,337,341,0.66601562,-0.97653959
1,339,340,0.6640625,-0.99411765
6,335,341,0.66601562,-0.96480938
1,343,344,0.671875,-0.99418605
4,342,346,0.67578125,-0.97687861
21,313,334,0.65234375,-0.8742515
12,322,334,0.65234375,-0.92814371
17,322,339,0.66210938,-0.89970501
12,326,338,0.66015625,-0.92899408
17,312,329,0.64257812,-0.89665653
16,326,342,0.66796875,-0.90643275
29,302,331,0.64648438,-0.82477341
48,281,329,0.64257812,-0.70820669
32,286,318,0.62109375,-0.79874214
10,328,338,0.66015625,-0.9408284
27,310,337,0.65820312,-0.83976261
18,313,331,0.64648438,-0.89123867
13,324,337,0.65820312,-0.92284866
1,337,338,0.66015625,-0.99408284
21,309,330,0.64453125,-0.87272727
41,287,328,0.640625,-0.75
11,322,333,0.65039062,-0.93393393
15,308,323,0.63085938,-0.90712074
18,317,335,0.65429688,-0.89253731
24,314,338,0.66015625,-0.85798817
14,308,322,0.62890625,-0.91304348
12,315,327,0.63867188,-0.9266055
19,303,322,0.62890625,-0.88198758
36,304,340,0.6640625,-0.78823529
45,277,322,0.62890625,-0.72049689
55,279,334,0.65234375,-0.67065868
81,245,326,0.63671875,-0.50306748
80,255,335,0.65429688,-0.52238806
91,239,330,0.64453125,-0.44848485
72,259,331,0.64648438,-0.56495468
48,278,326,0.63671875,-0.70552147
47,278,325,0.63476562,-0.71076923
39,290,329,0.64257812,-0.76291793
47,271,318,0.62109375,-0.70440252
26,316,342,0.66796875,-0.84795322
8,322,330,0.64453125,-0.95151515
6,341,347,0.67773438,-0.96541787
11,326,337,0.65820312,-0.9347181
49,287,336,0.65625,-0.70833333
62,266,328,0.640625,-0.62195122
56,276,332,0.6484375,-0.6626506
45,286,331,0.64648438,-0.72809668
32,300,332,0.6484375,-0.80722892
15,309,324,0.6328125,-0.90740741
35,301,336,0.65625,-0.79166667
28,293,321,0.62695312,-0.82554517
25,309,334,0.65234375,-0.8502994
34,277,311,0.60742188,-0.78135048
43,286,329,0.64257812,-0.73860182
50,281,331,0.64648438,-0.6978852
54,284,338,0.66015625,-0.68047337
36,302,338,0.66015625,-0.78698225
34,289,323,0.63085938,-0.78947368
23,322,345,0.67382812,-0.86666667
47,295,342,0.66796875,-0.7251462
28,306,334,0.65234375,-0.83233533
14,332,346,0.67578125,-0.91907514
19,313,332,0.6484375,-0.88554217
28,293,321,0.62695312,-0.82554517
1,332,333,0.65039062,-0.99399399
14,316,330,0.64453125,-0.91515152
52,280,332,0.6484375,-0.68674699
16,314,330,0.64453125,-0.9030303
1,346,347,0.67773438,-0.99423631
16,323,339,0.66210938,-0.90560472
18,315,333,0.65039062,-0.89189189
21,316,337,0.65820312,-0.87537092
4,335,339,0.66210938,-0.97640118
0,351,351,0.68554688,-1
0,342,342,0.66796875,-1
16,310,326,0.63671875,-0.90184049
31,297,328,0.640625,-0.81097561
37,292,329,0.64257812,-0.77507599
31,311,342,0.66796875,-0.81871345
14,323,337,0.65820312,-0.91691395
24,321,345,0.67382812,-0.86086957
9,336,345,0.67382812,-0.94782609
3,331,334,0.65234375,-0.98203593
3,333,336,0.65625,-0.98214286
4,330,334,0.65234375,-0.9760479
8,309,317,0.61914062,-0.94952681
17,320,337,0.65820312,-0.89910979
0,349,349,0.68164062,-1
5,323,328,0.640625,-0.9695122
2,331,333,0.65039062,-0.98798799
0,341,341,0.66601562,-1
12,329,341,0.66601562,-0.92961877
3,337,340,0.6640625,-0.98235294
0,332,332,0.6484375,-1
18,314,332,0.6484375,-0.89156627
23,320,343,0.66992188,-0.86588921
19,311,330,0.64453125,-0.88484848
19,306,325,0.63476562,-0.88307692
43,291,334,0.65234375,-0.74251497
35,303,338,0.66015625,-0.79289941
56,270,326,0.63671875,-0.65644172
27,303,330,0.64453125,-0.83636364
23,324,347,0.67773438,-0.86743516
35,295,330,0.64453125,-0.78787879
12,314,326,0.63671875,-0.92638037
19,325,344,0.671875,-0.88953488
20,312,332,0.6484375,-0.87951807
6,341,347,0.67773438,-0.96541787
5,330,335,0.65429688,-0.97014925
0,345,345,0.67382812,-1
2,342,344,0.671875,-0.98837209
0,335,335,0.65429688,-1
12,339,351,0.68554688,-0.93162393
5,334,339,0.66210938,-0.97050147
11,328,339,0.66210938,-0.93510324
57,273,330,0.64453125,-0.65454545
37,291,328,0.640625,-0.77439024
40,286,326,0.63671875,-0.75460123
76,255,331,0.64648438,-0.5407855
38,288,326,0.63671875,-0.76687117
17,305,322,0.62890625,-0.89440994
5,335,340,0.6640625,-0.97058824
13,323,336,0.65625,-0.92261905
15,321,336,0.65625,-0.91071429
43,290,333,0.65039062,-0.74174174
22,308,330,0.64453125,-0.86666667
23,308,331,0.64648438,-0.86102719
9,324,333,0.65039062,-0.94594595
8,333,341,0.66601562,-0.95307918
37,300,337,0.65820312,-0.78041543
36,303,339,0.66210938,-0.78761062
15,318,333,0.65039062,-0.90990991
10,324,334,0.65234375,-0.94011976
33,297,330,0.64453125,-0.8
29,301,330,0.64453125,-0.82424242
12,323,335,0.65429688,-0.92835821
16,301,317,0.61914062,-0.89905363
21,323,344,0.671875,-0.87790698
52,281,333,0.65039062,-0.68768769
32,285,317,0.61914062,-0.79810726
34,299,333,0.65039062,-0.7957958
3,343,346,0.67578125,-0.98265896
11,325,336,0.65625,-0.93452381
4,330,334,0.65234375,-0.9760479
22,306,328,0.640625,-0.86585366
29,311,340,0.6640625,-0.82941176
53,270,323,0.63085938,-0.67182663
58,261,319,0.62304688,-0.63636364
62,264,326,0.63671875,-0.6196319
40,299,339,0.66210938,-0.7640118
15,314,329,0.64257812,-0.90881459
34,297,331,0.64648438,-0.79456193
18,317,335,0.65429688,-0.89253731
28,289,317,0.61914062,-0.82334385
27,296,323,0.63085938,-0.83281734
13,327,340,0.6640625,-0.92352941
8,333,341,0.66601562,-0.95307918
4,333,337,0.65820312,-0.97626113
10,337,347,0.67773438,-0.94236311
13,328,341,0.66601562,-0.92375367
9,319,328,0.640625,-0.94512195
6,336,342,0.66796875,-0.96491228
30,295,325,0.63476562,-0.81538462
13,314,327,0.63867188,-0.9204893
1,343,344,0.671875,-0.99418605
8,328,336,0.65625,-0.95238095
34,318,352,0.6875,-0.80681818
29,310,339,0.66210938,-0.82890855
19,315,334,0.65234375,-0.88622754
10,333,343,0.66992188,-0.94169096
8,326,334,0.65234375,-0.95209581
5,343,348,0.6796875,-0.97126437
0,344,344,0.671875,-1
0,342,342,0.66796875,-1
10,319,329,0.64257812,-0.93920973
34,299,333,0.65039062,-0.7957958
47,284,331,0.64648438,-0.71601208
49,282,331,0.64648438,-0.70392749
52,276,328,0.640625,-0.68292683
1,351,352,0.6875,-0.99431818
3,329,332,0.6484375,-0.98192771
10,324,334,0.65234375,-0.94011976
21,309,330,0.64453125,-0.87272727
23,318,341,0.66601562,-0.86510264
50,287,337,0.65820312,-0.70326409
35,305,340,0.6640625,-0.79411765
22,328,350,0.68359375,-0.87428571
36,299,335,0.65429688,-0.78507463
26,323,349,0.68164062,-0.85100287
22,312,334,0.65234375,-0.86826347
22,309,331,0.64648438,-0.86706949
36,293,329,0.64257812,-0.78115502
39,290,329,0.64257812,-0.76291793
60,272,332,0.6484375,-0.63855422
26,317,343,0.66992188,-0.8483965
52,276,328,0.640625,-0.68292683
47,290,337,0.65820312,-0.72106825
27,314,341,0.66601562,-0.84164223
55,265,320,0.625,-0.65625
73,265,338,0.66015625,-0.56804734
49,268,317,0.61914062,-0.69085174
57,263,320,0.625,-0.64375
73,258,331,0.64648438,-0.55891239
58,271,329,0.64257812,-0.64741641
49,267,316,0.6171875,-0.68987342
67,260,327,0.63867188,-0.59021407
86,253,339,0.66210938,-0.49262537
35,303,338,0.66015625,-0.79289941
45,290,335,0.65429688,-0.73134328
3,341,344,0.671875,-0.98255814
9,334,343,0.66992188,-0.94752187
11,342,353,0.68945312,-0.93767705
19,314,333,0.65039062,-0.88588589
21,309,330,0.64453125,-0.87272727
25,307,332,0.6484375,-0.84939759
15,313,328,0.640625,-0.90853659
16,321,337,0.65820312,-0.90504451
35,307,342,0.66796875,-0.79532164
21,320,341,0.66601562,-0.87683284
21,314,335,0.65429688,-0.87462687
4,329,333,0.65039062,-0.97597598
1,338,339,0.66210938,-0.99410029
27,298,325,0.63476562,-0.83384615
26,311,337,0.65820312,-0.84569733
2,325,327,0.63867188,-0.98776758
21,314,335,0.65429688,-0.87462687
16,301,317,0.61914062,-0.89905363
4,336,340,0.6640625,-0.97647059
7,322,329,0.64257812,-0.95744681
10,335,345,0.67382812,-0.94202899
42,289,331,0.64648438,-0.74622356
53,284,337,0.65820312,-0.68545994
23,321,344,0.671875,-0.86627907
16,324,340,0.6640625,-0.90588235
4,321,325,0.63476562,-0.97538462
0,331,331,0.64648438,-1
1,338,339,0.66210938,-0.99410029
4,334,338,0.66015625,-0.97633136
10,322,332,0.6484375,-0.93975904
9,328,337,0.65820312,-0.94658754
21,308,329,0.64257812,-0.87234043
5,324,329,0.64257812,-0.96960486
34,278,312,0.609375,-0.78205128
16,331,347,0.67773438,-0.90778098
11,327,338,0.66015625,-0.93491124
11,321,332,0.6484375,-0.93373494
2,334,336,0.65625,-0.98809524
26,302,328,0.640625,-0.84146341
28,305,333,0.65039062,-0.83183183
17,319,336,0.65625,-0.89880952
21,314,335,0.65429688,-0.87462687
47,267,314,0.61328125,-0.70063694
74,260,334,0.65234375,-0.55688623
64,262,326,0.63671875,-0.60736196
71,265,336,0.65625,-0.57738095
105,226,331,0.64648438,-0.36555891
80,260,340,0.6640625,-0.52941176
87,247,334,0.65234375,-0.47904192
102,229,331,0.64648438,-0.3836858
107,224,331,0.64648438,-0.35347432
96,231,327,0.63867188,-0.41284404
83,251,334,0.65234375,-0.50299401
73,246,319,0.62304688,-0.54231975
80,248,328,0.640625,-0.51219512
45,288,333,0.65039062,-0.72972973
43,304,347,0.67773438,-0.75216138
30,313,343,0.66992188,-0.82507289
8,328,336,0.65625,-0.95238095
12,318,330,0.64453125,-0.92727273
13,321,334,0.65234375,-0.92215569
50,284,334,0.65234375,-0.7005988
52,266,318,0.62109375,-0.67295597
33,296,329,0.64257812,-0.7993921
31,320,351,0.68554688,-0.82336182
11,327,338,0.66015625,-0.93491124
0,332,332,0.6484375,-1
1,348,349,0.68164062,-0.99426934
29,313,342,0.66796875,-0.83040936
39,290,329,0.64257812,-0.76291793
58,272,330,0.64453125,-0.64848485
50,277,327,0.63867188,-0.6941896
64,256,320,0.625,-0.6
31,300,331,0.64648438,-0.81268882
32,289,321,0.62695312,-0.80062305
26,314,340,0.6640625,-0.84705882
10,337,347,0.67773438,-0.94236311
1,343,344,0.671875,-0.99418605
6,337,343,0.66992188,-0.96501458
13,330,343,0.66992188,-0.92419825
5,332,337,0.65820312,-0.97032641
11,332,343,0.66992188,-0.93586006
15,322,337,0.65820312,-0.91097923
2,332,334,0.65234375,-0.98802395
14,334,348,0.6796875,-0.91954023
25,313,338,0.66015625,-0.85207101
24,315,339,0.66210938,-0.85840708
20,328,348,0.6796875,-0.88505747
5,326,331,0.64648438,-0.96978852
8,328,336,0.65625,-0.95238095
12,320,332,0.6484375,-0.92771084
20,322,342,0.66796875,-0.88304094
5,327,332,0.6484375,-0.96987952
0,341,341,0.66601562,-1
8,329,337,0.65820312,-0.95252226
11,318,329,0.64257812,-0.9331307
0,345,345,0.67382812,-1
1,326,327,0.63867188,-0.99388379
5,330,335,0.65429688,-0.97014925
7,332,339,0.66210938,-0.95870206
14,331,345,0.67382812,-0.91884058
10,320,330,0.64453125,-0.93939394
0,330,330,0.64453125,-1
5,328,333,0.65039062,-0.96996997
26,307,333,0.65039062,-0.84384384
42,296,338,0.66015625,-0.75147929
3,339,342,0.66796875,-0.98245614
17,311,328,0.640625,-0.89634146
21,304,325,0.63476562,-0.87076923
16,316,332,0.6484375,-0.90361446
4,335,339,0.66210938,-0.97640118
13,314,327,0.63867188,-0.9204893
6,318,324,0.6328125,-0.96296296
14,322,336,0.65625,-0.91666667
1,340,341,0.66601562,-0.9941349
13,320,333,0.65039062,-0.92192192
16,304,320,0.625,-0.9
15,311,326,0.63671875,-0.90797546
13,314,327,0.63867188,-0.9204893
23,305,328,0.640625,-0.8597561
15,319,334,0.65234375,-0.91017964
0,337,337,0.65820312,-1
9,322,331,0.64648438,-0.94561934
28,294,322,0.62890625,-0.82608696
26,322,348,0.6796875,-0.85057471
13,318,331,0.64648438,-0.92145015
0,338,338,0.66015625,-1
0,339,339,0.66210938,-1
3,328,331,0.64648438,-0.98187311
11,325,336,0.65625,-0.93452381
15,316,331,0.64648438,-0.90936556
19,311,330,0.64453125,-0.88484848
16,312,328,0.640625,-0.90243902
5,332,337,0.65820312,-0.97032641
24,316,340,0.6640625,-0.85882353
24,317,341,0.66601562,-0.85923754
15,318,333,0.65039062,-0.90990991
27,303,330,0.64453125,-0.83636364
47,276,323,0.63085938,-0.70897833
76,249,325,0.63476562,-0.53230769
66,258,324,0.6328125,-0.59259259
74,245,319,0.62304688,-0.53605016
28,307,335,0.65429688,-0.83283582
6,335,341,0.66601562,-0.96480938
8,328,336,0.65625,-0.95238095
5,326,331,0.64648438,-0.96978852
8,327,335,0.65429688,-0.95223881
2,342,344,0.671875,-0.98837209
37,302,339,0.66210938,-0.78171091
34,285,319,0.62304688,-0.78683386
14,327,341,0.66601562,-0.91788856
30,316,346,0.67578125,-0.8265896
31,308,339,0.66210938,-0.81710914
22,310,332,0.6484375,-0.86746988
9,337,346,0.67578125,-0.94797688
0,351,351,0.68554688,-1
13,321,334,0.65234375,-0.92215569
14,311,325,0.63476562,-0.91384615
13,318,331,0.64648438,-0.92145015
3,353,356,0.6953125,-0.98314607
5,324,329,0.64257812,-0.96960486
18,331,349,0.68164062,-0.89684814
15,315,330,0.64453125,-0.90909091
10,326,336,0.65625,-0.94047619
23,319,342,0.66796875,-0.86549708
18,317,335,0.65429688,-0.89253731
6,326,332,0.6484375,-0.96385542
12,327,339,0.66210938,-0.92920354
26,311,337,0.65820312,-0.84569733
5,331,336,0.65625,-0.9702381
12,318,330,0.64453125,-0.92727273
9,322,331,0.64648438,-0.94561934
12,318,330,0.64453125,-0.92727273
14,319,333,0.65039062,-0.91591592
45,290,335,0.65429688,-0.73134328
22,314,336,0.65625,-0.86904762
17,318,335,0.65429688,-0.89850746
45,278,323,0.63085938,-0.72136223
48,273,321,0.62695312,-0.70093458
114,228,342,0.66796875,-0.33333333
64,262,326,0.63671875,-0.60736196
40,285,325,0.63476562,-0.75384615
56,271,327,0.63867188,-0.65749235
45,295,340,0.6640625,-0.73529412
34,296,330,0.64453125,-0.79393939
64,278,342,0.66796875,-0.62573099
64,273,337,0.65820312,-0.62017804
26,304,330,0.64453125,-0.84242424
28,308,336,0.65625,-0.83333333
38,301,339,0.66210938,-0.77581121
13,324,337,0.65820312,-0.92284866
6,332,338,0.66015625,-0.96449704
23,325,348,0.6796875,-0.86781609
14,321,335,0.65429688,-0.91641791
18,319,337,0.65820312,-0.89317507
58,268,326,0.63671875,-0.64417178
59,272,331,0.64648438,-0.64350453
72,257,329,0.64257812,-0.56231003
62,263,325,0.63476562,-0.61846154
15,320,335,0.65429688,-0.91044776
5,334,339,0.66210938,-0.97050147
1,333,334,0.65234375,-0.99401198
4,318,322,0.62890625,-0.97515528
4,332,336,0.65625,-0.97619048
4,333,337,0.65820312,-0.97626113
7,324,331,0.64648438,-0.95770393
10,318,328,0.640625,-0.93902439
4,340,344,0.671875,-0.97674419
5,344,349,0.68164062,-0.9713467
9,322,331,0.64648438,-0.94561934
19,324,343,0.66992188,-0.88921283
17,324,341,0.66601562,-0.90029326
19,292,311,0.60742188,-0.8778135
23,308,331,0.64648438,-0.86102719
0,347,347,0.67773438,-1
7,318,325,0.63476562,-0.95692308
13,324,337,0.65820312,-0.92284866
19,296,315,0.61523438,-0.87936508
22,315,337,0.65820312,-0.8694362
33,314,347,0.67773438,-0.80979827
30,310,340,0.6640625,-0.82352941
17,312,329,0.64257812,-0.89665653
15,317,332,0.6484375,-0.90963855
9,324,333,0.65039062,-0.94594595
36,290,326,0.63671875,-0.7791411
15,320,335,0.65429688,-0.91044776
42,289,331,0.64648438,-0.74622356
24,316,340,0.6640625,-0.85882353
20,310,330,0.64453125,-0.87878788
17,328,345,0.67382812,-0.90144928
9,324,333,0.65039062,-0.94594595
2,337,339,0.66210938,-0.98820059
8,326,334,0.65234375,-0.95209581
33,300,333,0.65039062,-0.8018018
39,286,325,0.63476562,-0.76
43,287,330,0.64453125,-0.73939394
0,351,351,0.68554688,-1
13,332,345,0.67382812,-0.92463768
17,303,320,0.625,-0.89375
25,309,334,0.65234375,-0.8502994
24,307,331,0.64648438,-0.85498489
30,300,330,0.64453125,-0.81818182
20,313,333,0.65039062,-0.87987988
6,332,338,0.66015625,-0.96449704
26,318,344,0.671875,-0.84883721
35,300,335,0.65429688,-0.79104478
39,295,334,0.65234375,-0.76646707
23,302,325,0.63476562,-0.85846154
3,336,339,0.66210938,-0.98230088
31,303,334,0.65234375,-0.81437126
7,337,344,0.671875,-0.95930233
7,324,331,0.64648438,-0.95770393
6,322,328,0.640625,-0.96341463
11,337,348,0.6796875,-0.93678161
5,341,346,0.67578125,-0.97109827
1,353,354,0.69140625,-0.99435028
4,331,335,0.65429688,-0.9761194
5,323,328,0.640625,-0.9695122
46,275,321,0.62695312,-0.71339564
17,318,335,0.65429688,-0.89850746
14,331,345,0.67382812,-0.91884058
18,325,343,0.66992188,-0.89504373
11,321,332,0.6484375,-0.93373494
7,333,340,0.6640625,-0.95882353
23,307,330,0.64453125,-0.86060606
14,324,338,0.66015625,-0.91715976
13,324,337,0.65820312,-0.92284866
13,329,342,0.66796875,-0.92397661
8,322,330,0.64453125,-0.95151515
10,320,330,0.64453125,-0.93939394
5,335,340,0.6640625,-0.97058824
1,344,345,0.67382812,-0.9942029
2,346,348,0.6796875,-0.98850575
11,329,340,0.6640625,-0.93529412
5,329,334,0.65234375,-0.97005988
25,309,334,0.65234375,-0.8502994
16,326,342,0.66796875,-0.90643275
13,332,345,0.67382812,-0.92463768
0,337,337,0.65820312,-1
7,330,337,0.65820312,-0.95845697
15,320,335,0.65429688,-0.91044776
23,307,330,0.64453125,-0.86060606
56,269,325,0.63476562,-0.65538462
16,311,327,0.63867188,-0.90214067
23,317,340,0.6640625,-0.86470588
13,334,347,0.67773438,-0.92507205
22,309,331,0.64648438,-0.86706949
35,301,336,0.65625,-0.79166667
24,314,338,0.66015625,-0.85798817
2,333,335,0.65429688,-0.9880597
6,331,337,0.65820312,-0.96439169
7,329,336,0.65625,-0.95833333
22,316,338,0.66015625,-0.86982249
10,309,319,0.62304688,-0.93730408
13,325,338,0.66015625,-0.92307692
46,289,335,0.65429688,-0.72537313
33,307,340,0.6640625,-0.80588235
6,325,331,0.64648438,-0.96374622
6,345,351,0.68554688,-0.96581197
17,325,342,0.66796875,-0.9005848
25,316,341,0.66601562,-0.85337243
19,318,337,0.65820312,-0.88724036
12,328,340,0.6640625,-0.92941176
18,309,327,0.63867188,-0.88990826
20,324,344,0.671875,-0.88372093
2,335,337,0.65820312,-0.98813056
19,316,335,0.65429688,-0.88656716
2,334,336,0.65625,-0.98809524
25,320,345,0.67382812,-0.85507246
5,328,333,0.65039062,-0.96996997
11,308,319,0.62304688,-0.93103448
21,312,333,0.65039062,-0.87387387
6,337,343,0.66992188,-0.96501458
1,339,340,0.6640625,-0.99411765
66,265,331,0.64648438,-0.60120846
124,199,323,0.63085938,-0.23219814
77,252,329,0.64257812,-0.53191489
38,290,328,0.640625,-0.76829268
19,315,334,0.65234375,-0.88622754
19,320,339,0.66210938,-0.8879056
10,329,339,0.66210938,-0.94100295
19,318,337,0.65820312,-0.88724036
19,309,328,0.640625,-0.88414634
7,323,330,0.64453125,-0.95757576
6,346,352,0.6875,-0.96590909
23,320,343,0.66992188,-0.86588921
35,291,326,0.63671875,-0.78527607
7,325,332,0.6484375,-0.95783133
38,321,359,0.70117188,-0.78830084
66,271,337,0.65820312,-0.60830861
63,259,322,0.62890625,-0.60869565
95,241,336,0.65625,-0.43452381
107,227,334,0.65234375,-0.35928144
83,258,341,0.66601562,-0.51319648
48,284,332,0.6484375,-0.71084337
16,309,325,0.63476562,-0.90153846
4,338,342,0.66796875,-0.97660819
25,306,331,0.64648438,-0.8489426
1,332,333,0.65039062,-0.99399399
12,318,330,0.64453125,-0.92727273
55,271,326,0.63671875,-0.66257669
75,260,335,0.65429688,-0.55223881
111,234,345,0.67382812,-0.35652174
83,251,334,0.65234375,-0.50299401
47,278,325,0.63476562,-0.71076923
50,266,316,0.6171875,-0.6835443
15,321,336,0.65625,-0.91071429
9,332,341,0.66601562,-0.94721408
13,297,310,0.60546875,-0.91612903
4,336,340,0.6640625,-0.97647059
7,322,329,0.64257812,-0.95744681
3,343,346,0.67578125,-0.98265896
8,332,340,0.6640625,-0.95294118
11,324,335,0.65429688,-0.93432836
10,331,341,0.66601562,-0.94134897
38,293,331,0.64648438,-0.77039275
33,293,326,0.63671875,-0.79754601
42,294,336,0.65625,-0.75
38,276,314,0.61328125,-0.75796178
14,315,329,0.64257812,-0.91489362
6,331,337,0.65820312,-0.96439169
26,301,327,0.63867188,-0.84097859
82,255,337,0.65820312,-0.51335312
52,272,324,0.6328125,-0.67901235
31,311,342,0.66796875,-0.81871345
69,255,324,0.6328125,-0.57407407
122,206,328,0.640625,-0.25609756
96,228,324,0.6328125,-0.40740741
96,234,330,0.64453125,-0.41818182
89,251,340,0.6640625,-0.47647059
71,259,330,0.64453125,-0.56969697
61,263,324,0.6328125,-0.62345679
16,315,331,0.64648438,-0.90332326
28,294,322,0.62890625,-0.82608696
18,309,327,0.63867188,-0.88990826
10,321,331,0.64648438,-0.93957704
3,332,335,0.65429688,-0.98208955
16,314,330,0.64453125,-0.9030303
16,328,344,0.671875,-0.90697674
20,306,326,0.63671875,-0.87730061
25,304,329,0.64257812,-0.84802432
8,337,345,0.67382812,-0.95362319
25,301,326,0.63671875,-0.84662577
9,326,335,0.65429688,-0.94626866
22,302,324,0.6328125,-0.86419753
17,316,333,0.65039062,-0.8978979
29,306,335,0.65429688,-0.82686567
14,323,337,0.65820312,-0.91691395
27,298,325,0.63476562,-0.83384615
40,287,327,0.63867188,-0.75535168
36,298,334,0.65234375,-0.78443114
46,289,335,0.65429688,-0.72537313
35,293,328,0.640625,-0.78658537
19,328,347,0.67773438,-0.89048991
0,349,349,0.68164062,-1
23,304,327,0.63867188,-0.85932722
7,330,337,0.65820312,-0.95845697
8,330,338,0.66015625,-0.95266272
16,321,337,0.65820312,-0.90504451
8,337,345,0.67382812,-0.95362319
25,299,324,0.6328125,-0.84567901
5,326,331,0.64648438,-0.96978852
8,313,321,0.62695312,-0.95015576
2,340,342,0.66796875,-0.98830409
15,318,333,0.65039062,-0.90990991
12,330,342,0.66796875,-0.92982456
10,331,341,0.66601562,-0.94134897
19,314,333,0.65039062,-0.88588589
10,313,323,0.63085938,-0.9380805
25,323,348,0.6796875,-0.85632184
10,315,325,0.63476562,-0.93846154
0,333,333,0.65039062,-1
4,337,341,0.66601562,-0.97653959
17,315,332,0.6484375,-0.89759036
5,342,347,0.67773438,-0.97118156
1,345,346,0.67578125,-0.99421965
11,327,338,0.66015625,-0.93491124
31,286,317,0.61914062,-0.8044164
30,307,337,0.65820312,-0.82195846
22,325,347,0.67773438,-0.87319885
35,292,327,0.63867188,-0.78593272
13,336,349,0.68164062,-0.92550143
20,317,337,0.65820312,-0.88130564
13,316,329,0.64257812,-0.92097264
22,329,351,0.68554688,-0.87464387
21,320,341,0.66601562,-0.87683284
8,336,344,0.671875,-0.95348837
17,315,332,0.6484375,-0.89759036
56,283,339,0.66210938,-0.66961652
72,252,324,0.6328125,-0.55555556
108,221,329,0.64257812,-0.34346505
78,253,331,0.64648438,-0.52870091
100,240,340,0.6640625,-0.41176471
94,242,336,0.65625,-0.44047619
97,224,321,0.62695312,-0.39563863
151,176,327,0.63867188,-0.076452599
173,152,325,0.63476562,0.064615385
137,180,317,0.61914062,-0.13564669
126,198,324,0.6328125,-0.22222222
160,170,330,0.64453125,-0.03030303
203,117,320,0.625,0.26875
254,79,333,0.65039062,0.52552553
231,90,321,0.62695312,0.43925234
189,127,316,0.6171875,0.19620253
138,186,324,0.6328125,-0.14814815
121,195,316,0.6171875,-0.23417722
181,150,331,0.64648438,0.093655589
181,139,320,0.625,0.13125
173,141,314,0.61328125,0.10191083
213,116,329,0.64257812,0.29483283
242,96,338,0.66015625,0.43195266
262,67,329,0.64257812,0.59270517
257,76,333,0.65039062,0.54354354
252,84,336,0.65625,0.5
245,93,338,0.66015625,0.44970414
265,66,331,0.64648438,0.60120846
249,74,323,0.63085938,0.54179567
290,37,327,0.63867188,0.77370031
315,29,344,0.671875,0.83139535
330,19,349,0.68164062,0.89111748
309,17,326,0.63671875,0.89570552
314,8,322,0.62890625,0.95031056
298,30,328,0.640625,0.81707317
329,3,332,0.6484375,0.98192771
329,7,336,0.65625,0.95833333
321,20,341,0.66601562,0.88269795
316,26,342,0.66796875,0.84795322
306,23,329,0.64257812,0.86018237
336,4,340,0.6640625,0.97647059
334,2,336,0.65625,0.98809524
334,5,339,0.66210938,0.97050147
334,9,343,0.66992188,0.94752187
329,8,337,0.65820312,0.95252226
304,19,323,0.63085938,0.88235294
318,20,338,0.66015625,0.8816568
321,20,341,0.66601562,0.88269795
322,16,338,0.66015625,0.90532544
319,11,330,0.64453125,0.93333333
329,7,336,0.65625,0.95833333
289,50,339,0.66210938,0.70501475
299,36,335,0.65429688,0.78507463
307,30,337,0.65820312,0.82195846
298,30,328,0.640625,0.81707317
344,8,352,0.6875,0.95454545
322,12,334,0.65234375,0.92814371
308,26,334,0.65234375,0.84431138
304,28,332,0.6484375,0.8313253
325,7,332,0.6484375,0.95783133
317,14,331,0.64648438,0.91540785
312,21,333,0.65039062,0.87387387
323,12,335,0.65429688,0.92835821
336,1,337,0.65820312,0.99406528
303,32,335,0.65429688,0.80895522
326,6,332,0.6484375,0.96385542
302,37,339,0.66210938,0.78171091
336,13,349,0.68164062,0.92550143
329,7,336,0.65625,0.95833333
316,17,333,0.65039062,0.8978979
319,24,343,0.66992188,0.86005831
328,18,346,0.67578125,0.89595376
306,19,325,0.63476562,0.88307692
333,13,346,0.67578125,0.92485549
294,25,319,0.62304688,0.84326019
319,24,343,0.66992188,0.86005831
277,49,326,0.63671875,0.6993865
274,71,345,0.67382812,0.5884058
260,61,321,0.62695312,0.61993769
225,105,330,0.64453125,0.36363636
229,89,318,0.62109375,0.44025157
225,96,321,0.62695312,0.40186916
283,50,333,0.65039062,0.6996997
274,42,316,0.6171875,0.73417722
243,81,324,0.6328125,0.5
263,73,336,0.65625,0.56547619
255,67,322,0.62890625,0.58385093
318,16,334,0.65234375,0.90419162
329,8,337,0.65820312,0.95252226
339,0,339,0.66210938,1
326,9,335,0.65429688,0.94626866
337,6,343,0.66992188,0.96501458
350,0,350,0.68359375,1
331,7,338,0.66015625,0.95857988
342,5,347,0.67773438,0.97118156
335,6,341,0.66601562,0.96480938
310,23,333,0.65039062,0.86186186
320,12,332,0.6484375,0.92771084
321,16,337,0.65820312,0.90504451
341,3,344,0.671875,0.98255814
337,3,340,0.6640625,0.98235294
336,3,339,0.66210938,0.98230088
332,5,337,0.65820312,0.97032641
333,6,339,0.66210938,0.96460177
317,16,333,0.65039062,0.9039039
310,18,328,0.640625,0.8902439
306,31,337,0.65820312,0.81602374
312,16,328,0.640625,0.90243902
313,13,326,0.63671875,0.9202454
305,16,321,0.62695312,0.90031153
286,50,336,0.65625,0.70238095
298,30,328,0.640625,0.81707317
281,40,321,0.62695312,0.75077882
326,12,338,0.66015625,0.92899408
322,10,332,0.6484375,0.93975904
314,13,327,0.63867188,0.9204893
312,16,328,0.640625,0.90243902
324,25,349,0.68164062,0.85673352
296,34,330,0.64453125,0.79393939
323,5,328,0.640625,0.9695122
312,13,325,0.63476562,0.92
312,18,330,0.64453125,0.89090909
331,9,340,0.6640625,0.94705882
326,11,337,0.65820312,0.9347181
332,1,333,0.65039062,0.99399399
308,24,332,0.6484375,0.85542169
308,29,337,0.65820312,0.82789318
295,34,329,0.64257812,0.79331307
333,8,341,0.66601562,0.95307918
328,6,334,0.65234375,0.96407186
339,3,342,0.66796875,0.98245614
311,18,329,0.64257812,0.89057751
287,53,340,0.6640625,0.68823529
290,45,335,0.65429688,0.73134328
333,9,342,0.66796875,0.94736842
320,9,329,0.64257812,0.94528875
324,5,329,0.64257812,0.96960486
335,2,337,0.65820312,0.98813056
319,14,333,0.65039062,0.91591592
339,0,339,0.66210938,1
323,6,329,0.64257812,0.96352584
341,4,345,0.67382812,0.97681159
334,1,335,0.65429688,0.99402985
330,3,333,0.65039062,0.98198198
317,11,328,0.640625,0.93292683
323,1,324,0.6328125,0.99382716
304,22,326,0.63671875,0.86503067
260,66,326,0.63671875,0.59509202
275,49,324,0.6328125,0.69753086
307,45,352,0.6875,0.74431818
289,42,331,0.64648438,0.74622356
312,31,343,0.66992188,0.81924198
295,31,326,0.63671875,0.80981595
321,8,329,0.64257812,0.95136778
295,33,328,0.640625,0.79878049
298,28,326,0.63671875,0.82822086
329,15,344,0.671875,0.9127907
310,18,328,0.640625,0.8902439
327,12,339,0.66210938,0.92920354
273,44,317,0.61914062,0.72239748
305,31,336,0.65625,0.81547619
330,10,340,0.6640625,0.94117647
322,11,333,0.65039062,0.93393393
351,3,354,0.69140625,0.98305085
320,8,328,0.640625,0.95121951
353,1,354,0.69140625,0.99435028
322,11,333,0.65039062,0.93393393
278,43,321,0.62695312,0.73208723
333,5,338,0.66015625,0.9704142
310,19,329,0.64257812,0.88449848
334,10,344,0.671875,0.94186047
314,12,326,0.63671875,0.92638037
336,7,343,0.66992188,0.95918367
335,4,339,0.66210938,0.97640118
307,18,325,0.63476562,0.88923077
312,17,329,0.64257812,0.89665653
316,16,332,0.6484375,0.90361446
331,8,339,0.66210938,0.95280236
330,8,338,0.66015625,0.95266272
314,17,331,0.64648438,0.89728097
329,3,332,0.6484375,0.98192771
329,6,335,0.65429688,0.9641791
341,0,341,0.66601562,1
329,11,340,0.6640625,0.93529412
314,25,339,0.66210938,0.85250737
336,8,344,0.671875,0.95348837
340,2,342,0.66796875,0.98830409
344,5,349,0.68164062,0.9713467
322,0,322,0.62890625,1
310,15,325,0.63476562,0.90769231
285,45,330,0.64453125,0.72727273
310,14,324,0.6328125,0.91358025
344,9,353,0.68945312,0.9490085
328,5,333,0.65039062,0.96996997
313,21,334,0.65234375,0.8742515
274,49,323,0.63085938,0.69659443
275,59,334,0.65234375,0.64670659
312,29,341,0.66601562,0.82991202
266,63,329,0.64257812,0.61702128
279,55,334,0.65234375,0.67065868
293,42,335,0.65429688,0.74925373
276,54,330,0.64453125,0.67272727
301,25,326,0.63671875,0.84662577
317,13,330,0.64453125,0.92121212
266,55,321,0.62695312,0.65732087
272,61,333,0.65039062,0.63363363
247,85,332,0.6484375,0.48795181
267,67,334,0.65234375,0.5988024
274,51,325,0.63476562,0.68615385
283,47,330,0.64453125,0.71515152
302,43,345,0.67382812,0.75072464
301,33,334,0.65234375,0.80239521
311,23,334,0.65234375,0.86227545
311,32,343,0.66992188,0.81341108
327,0,327,0.63867188,1
338,7,345,0.67382812,0.95942029
305,26,331,0.64648438,0.8429003
311,18,329,0.64257812,0.89057751
317,21,338,0.66015625,0.87573964
303,27,330,0.64453125,0.83636364
319,12,331,0.64648438,0.92749245
296,22,318,0.62109375,0.86163522
334,3,337,0.65820312,0.98219585
292,43,335,0.65429688,0.74328358
307,40,347,0.67773438,0.76945245
291,40,331,0.64648438,0.75830816
325,20,345,0.67382812,0.88405797
322,6,328,0.640625,0.96341463
334,7,341,0.66601562,0.95894428
321,11,332,0.6484375,0.93373494
325,13,338,0.66015625,0.92307692
311,24,335,0.65429688,0.85671642
286,54,340,0.6640625,0.68235294
255,74,329,0.64257812,0.55015198
268,66,334,0.65234375,0.60479042
294,40,334,0.65234375,0.76047904
267,58,325,0.63476562,0.64307692
292,50,342,0.66796875,0.70760234
322,13,335,0.65429688,0.92238806
337,0,337,0.65820312,1
327,5,332,0.6484375,0.96987952
331,10,341,0.66601562,0.94134897
338,0,338,0.66015625,1
334,9,343,0.66992188,0.94752187
290,34,324,0.6328125,0.79012346
289,42,331,0.64648438,0.74622356
323,15,338,0.66015625,0.9112426
339,14,353,0.68945312,0.92067989
328,11,339,0.66210938,0.93510324
337,6,343,0.66992188,0.96501458
325,5,330,0.64453125,0.96969697
325,6,331,0.64648438,0.96374622
319,17,336,0.65625,0.89880952
329,7,336,0.65625,0.95833333
337,6,343,0.66992188,0.96501458
311,17,328,0.640625,0.89634146
309,9,318,0.62109375,0.94339623
323,10,333,0.65039062,0.93993994
313,17,330,0.64453125,0.8969697
321,10,331,0.64648438,0.93957704
315,26,341,0.66601562,0.84750733
334,8,342,0.66796875,0.95321637
337,5,342,0.66796875,0.97076023
325,5,330,0.64453125,0.96969697
337,1,338,0.66015625,0.99408284
343,2,345,0.67382812,0.9884058
350,0,350,0.68359375,1
330,9,339,0.66210938,0.94690265
331,6,337,0.65820312,0.96439169
311,21,332,0.6484375,0.87349398
295,49,344,0.671875,0.71511628
272,70,342,0.66796875,0.59064327
280,62,342,0.66796875,0.6374269
220,100,320,0.625,0.375
250,81,331,0.64648438,0.51057402
205,125,330,0.64453125,0.24242424
209,114,323,0.63085938,0.29411765
223,104,327,0.63867188,0.36391437
245,83,328,0.640625,0.49390244
259,70,329,0.64257812,0.57446809
237,94,331,0.64648438,0.43202417
213,119,332,0.6484375,0.28313253
204,131,335,0.65429688,0.21791045
214,106,320,0.625,0.3375
242,91,333,0.65039062,0.45345345
204,116,320,0.625,0.275
256,74,330,0.64453125,0.55151515
260,75,335,0.65429688,0.55223881
271,69,340,0.6640625,0.59411765
281,39,320,0.625,0.75625
276,54,330,0.64453125,0.67272727
264,59,323,0.63085938,0.63467492
298,37,335,0.65429688,0.77910448
309,28,337,0.65820312,0.83382789
318,31,349,0.68164062,0.82234957
280,52,332,0.6484375,0.68674699
295,46,341,0.66601562,0.73020528
268,67,335,0.65429688,0.6
260,64,324,0.6328125,0.60493827
306,28,334,0.65234375,0.83233533
271,40,311,0.60742188,0.74276527
328,5,333,0.65039062,0.96996997
333,17,350,0.68359375,0.90285714
326,11,337,0.65820312,0.9347181
332,5,337,0.65820312,0.97032641
330,15,345,0.67382812,0.91304348
312,13,325,0.63476562,0.92
295,33,328,0.640625,0.79878049
322,14,336,0.65625,0.91666667
344,0,344,0.671875,1
345,1,346,0.67578125,0.99421965
297,43,340,0.6640625,0.74705882
336,6,342,0.66796875,0.96491228
302,22,324,0.6328125,0.86419753
286,45,331,0.64648438,0.72809668
310,28,338,0.66015625,0.83431953
298,35,333,0.65039062,0.78978979
301,35,336,0.65625,0.79166667
324,10,334,0.65234375,0.94011976
287,37,324,0.6328125,0.77160494
297,43,340,0.6640625,0.74705882
319,20,339,0.66210938,0.8820059
277,37,314,0.61328125,0.76433121
294,45,339,0.66210938,0.73451327
312,16,328,0.640625,0.90243902
332,5,337,0.65820312,0.97032641
333,2,335,0.65429688,0.9880597
319,22,341,0.66601562,0.87096774
311,18,329,0.64257812,0.89057751
339,3,342,0.66796875,0.98245614
302,23,325,0.63476562,0.85846154
315,19,334,0.65234375,0.88622754
332,7,339,0.66210938,0.95870206
331,5,336,0.65625,0.9702381
346,0,346,0.67578125,1
316,16,332,0.6484375,0.90361446
304,30,334,0.65234375,0.82035928
314,17,331,0.64648438,0.89728097
300,26,326,0.63671875,0.8404908
318,23,341,0.66601562,0.86510264
317,8,325,0.63476562,0.95076923
308,19,327,0.63867188,0.88379205
298,38,336,0.65625,0.77380952
295,31,326,0.63671875,0.80981595
295,33,328,0.640625,0.79878049
296,30,326,0.63671875,0.81595092
284,44,328,0.640625,0.73170732
324,17,341,0.66601562,0.90029326
335,13,348,0.6796875,0.92528736
303,30,333,0.65039062,0.81981982
305,26,331,0.64648438,0.8429003
304,35,339,0.66210938,0.79351032
320,15,335,0.65429688,0.91044776
350,0,350,0.68359375,1
336,2,338,0.66015625,0.98816568
328,6,334,0.65234375,0.96407186
336,10,346,0.67578125,0.94219653
330,1,331,0.64648438,0.9939577
336,6,342,0.66796875,0.96491228
342,0,342,0.66796875,1
315,28,343,0.66992188,0.83673469
330,13,343,0.66992188,0.92419825
286,52,338,0.66015625,0.69230769
307,17,324,0.6328125,0.89506173
341,6,347,0.67773438,0.96541787
313,22,335,0.65429688,0.86865672
337,6,343,0.66992188,0.96501458
325,5,330,0.64453125,0.96969697
323,20,343,0.66992188,0.88338192
314,17,331,0.64648438,0.89728097
316,25,341,0.66601562,0.85337243
288,38,326,0.63671875,0.76687117
279,42,321,0.62695312,0.73831776
279,50,329,0.64257812,0.69604863
282,49,331,0.64648438,0.70392749
263,72,335,0.65429688,0.57014925
264,64,328,0.640625,0.6097561
231,104,335,0.65429688,0.37910448
251,83,334,0.65234375,0.50299401
256,63,319,0.62304688,0.60501567
271,62,333,0.65039062,0.62762763
277,61,338,0.66015625,0.63905325
281,50,331,0.64648438,0.6978852
264,69,333,0.65039062,0.58558559
278,51,329,0.64257812,0.6899696
287,47,334,0.65234375,0.71856287
305,34,339,0.66210938,0.79941003
292,41,333,0.65039062,0.75375375
274,45,319,0.62304688,0.71786834
294,39,333,0.65039062,0.76576577
310,24,334,0.65234375,0.85628743
321,16,337,0.65820312,0.90504451
303,26,329,0.64257812,0.84194529
315,21,336,0.65625,0.875
304,32,336,0.65625,0.80952381
312,17,329,0.64257812,0.89665653
322,14,336,0.65625,0.91666667
287,41,328,0.640625,0.75
317,21,338,0.66015625,0.87573964
331,5,336,0.65625,0.9702381
328,5,333,0.65039062,0.96996997
309,26,335,0.65429688,0.84477612
291,32,323,0.63085938,0.80185759
334,12,346,0.67578125,0.93063584
306,35,341,0.66601562,0.79472141
272,57,329,0.64257812,0.65349544
267,56,323,0.63085938,0.65325077
308,26,334,0.65234375,0.84431138
289,30,319,0.62304688,0.81191223
325,18,343,0.66992188,0.89504373
317,20,337,0.65820312,0.88130564
334,3,337,0.65820312,0.98219585
324,14,338,0.66015625,0.91715976
336,1,337,0.65820312,0.99406528
311,21,332,0.6484375,0.87349398
302,25,327,0.63867188,0.8470948
315,23,338,0.66015625,0.86390533
316,22,338,0.66015625,0.86982249
299,25,324,0.6328125,0.84567901
299,42,341,0.66601562,0.75366569
304,29,333,0.65039062,0.82582583
300,29,329,0.64257812,0.82370821
312,20,332,0.6484375,0.87951807
329,14,343,0.66992188,0.91836735
288,39,327,0.63867188,0.76146789
269,68,337,0.65820312,0.59643917
223,97,320,0.625,0.39375
200,124,324,0.6328125,0.2345679
190,137,327,0.63867188,0.16207951
204,135,339,0.66210938,0.20353982
236,102,338,0.66015625,0.3964497
244,79,323,0.63085938,0.51083591
280,46,326,0.63671875,0.71779141
323,9,332,0.6484375,0.94578313
324,15,339,0.66210938,0.91150442
323,7,330,0.64453125,0.95757576
302,27,329,0.64257812,0.83586626
310,25,335,0.65429688,0.85074627
323,20,343,0.66992188,0.88338192
322,13,335,0.65429688,0.92238806
310,36,346,0.67578125,0.79190751
319,11,330,0.64453125,0.93333333
321,9,330,0.64453125,0.94545455
325,10,335,0.65429688,0.94029851
308,18,326,0.63671875,0.88957055
326,11,337,0.65820312,0.9347181
289,34,323,0.63085938,0.78947368
304,25,329,0.64257812,0.84802432
320,11,331,0.64648438,0.93353474
334,11,345,0.67382812,0.93623188
322,10,332,0.6484375,0.93975904
302,17,319,0.62304688,0.89341693
306,13,319,0.62304688,0.9184953
330,14,344,0.671875,0.91860465
330,1,331,0.64648438,0.9939577
336,6,342,0.66796875,0.96491228
335,2,337,0.65820312,0.98813056
308,25,333,0.65039062,0.84984985
313,14,327,0.63867188,0.91437309
337,5,342,0.66796875,0.97076023
349,0,349,0.68164062,1
332,2,334,0.65234375,0.98802395
347,0,347,0.67773438,1
335,5,340,0.6640625,0.97058824
318,15,333,0.65039062,0.90990991
325,13,338,0.66015625,0.92307692
322,2,324,0.6328125,0.98765432
331,5,336,0.65625,0.9702381
327,7,334,0.65234375,0.95808383
323,5,328,0.640625,0.9695122
317,13,330,0.64453125,0.92121212
314,16,330,0.64453125,0.9030303
328,6,334,0.65234375,0.96407186
323,14,337,0.65820312,0.91691395
342,4,346,0.67578125,0.97687861
299,41,340,0.6640625,0.75882353
311,18,329,0.64257812,0.89057751
306,26,332,0.6484375,0.84337349
316,21,337,0.65820312,0.87537092
315,15,330,0.64453125,0.90909091
333,4,337,0.65820312,0.97626113
335,1,336,0.65625,0.99404762
317,18,335,0.65429688,0.89253731
328,12,340,0.6640625,0.92941176
332,1,333,0.65039062,0.99399399
317,10,327,0.63867188,0.93883792
333,0,333,0.65039062,1
319,10,329,0.64257812,0.93920973
337,12,349,0.68164062,0.93123209
325,15,340,0.6640625,0.91176471
327,3,330,0.64453125,0.98181818
339,1,340,0.6640625,0.99411765
311,25,336,0.65625,0.85119048
341,3,344,0.671875,0.98255814
329,3,332,0.6484375,0.98192771
312,21,333,0.65039062,0.87387387
333,11,344,0.671875,0.93604651
305,24,329,0.64257812,0.85410334
301,28,329,0.64257812,0.82978723
332,7,339,0.66210938,0.95870206
285,34,319,0.62304688,0.78683386
289,39,328,0.640625,0.76219512
277,53,330,0.64453125,0.67878788
300,29,329,0.64257812,0.82370821
329,7,336,0.65625,0.95833333
319,11,330,0.64453125,0.93333333
341,2,343,0.66992188,0.98833819
319,11,330,0.64453125,0.93333333
309,30,339,0.66210938,0.82300885
320,19,339,0.66210938,0.8879056
274,54,328,0.640625,0.67073171
328,11,339,0.66210938,0.93510324
300,33,333,0.65039062,0.8018018
308,21,329,0.64257812,0.87234043
298,27,325,0.63476562,0.83384615
306,30,336,0.65625,0.82142857
306,37,343,0.66992188,0.78425656
278,39,317,0.61914062,0.75394322
301,37,338,0.66015625,0.78106509
334,17,351,0.68554688,0.9031339
314,22,336,0.65625,0.86904762
321,10,331,0.64648438,0.93957704
354,0,354,0.69140625,1
335,4,339,0.66210938,0.97640118
317,9,326,0.63671875,0.94478528
333,5,338,0.66015625,0.9704142
302,29,331,0.64648438,0.82477341
343,6,349,0.68164062,0.96561605
335,6,341,0.66601562,0.96480938
321,3,324,0.6328125,0.98148148
318,7,325,0.63476562,0.95692308
302,30,332,0.6484375,0.81927711
328,6,334,0.65234375,0.96407186
334,7,341,0.66601562,0.95894428
320,18,338,0.66015625,0.89349112
328,3,331,0.64648438,0.98187311
338,15,353,0.68945312,0.91501416
332,9,341,0.66601562,0.94721408
348,2,350,0.68359375,0.98857143
344,3,347,0.67773438,0.98270893
314,17,331,0.64648438,0.89728097
286,34,320,0.625,0.7875
331,16,347,0.67773438,0.90778098
311,19,330,0.64453125,0.88484848
335,6,341,0.66601562,0.96480938
308,19,327,0.63867188,0.88379205
330,7,337,0.65820312,0.95845697
321,27,348,0.6796875,0.84482759
339,7,346,0.67578125,0.95953757
356,0,356,0.6953125,1
320,16,336,0.65625,0.9047619
322,17,339,0.66210938,0.89970501
328,7,335,0.65429688,0.95820896
319,9,328,0.640625,0.94512195
315,12,327,0.63867188,0.9266055
331,8,339,0.66210938,0.95280236
348,0,348,0.6796875,1
328,14,342,0.66796875,0.91812865
318,7,325,0.63476562,0.95692308
312,16,328,0.640625,0.90243902
327,7,334,0.65234375,0.95808383
334,2,336,0.65625,0.98809524
325,3,328,0.640625,0.98170732
335,1,336,0.65625,0.99404762
312,16,328,0.640625,0.90243902
323,13,336,0.65625,0.92261905
318,14,332,0.6484375,0.91566265
330,7,337,0.65820312,0.95845697
320,11,331,0.64648438,0.93353474
339,7,346,0.67578125,0.95953757
322,18,340,0.6640625,0.89411765
341,8,349,0.68164062,0.95415473
324,11,335,0.65429688,0.93432836
326,12,338,0.66015625,0.92899408
318,19,337,0.65820312,0.88724036
313,26,339,0.66210938,0.84660767
318,17,335,0.65429688,0.89850746
334,6,340,0.6640625,0.96470588
352,0,352,0.6875,1
316,8,324,0.6328125,0.95061728
316,13,329,0.64257812,0.92097264
300,27,327,0.63867188,0.83486239
303,36,339,0.66210938,0.78761062
334,8,342,0.66796875,0.95321637
340,9,349,0.68164062,0.94842407
313,20,333,0.65039062,0.87987988
269,62,331,0.64648438,0.62537764
284,49,333,0.65039062,0.70570571
298,28,326,0.63671875,0.82822086
325,12,337,0.65820312,0.92878338
324,17,341,0.66601562,0.90029326
320,11,331,0.64648438,0.93353474
317,30,347,0.67773438,0.82708934
302,20,322,0.62890625,0.8757764
338,8,346,0.67578125,0.95375723
327,18,345,0.67382812,0.89565217
326,9,335,0.65429688,0.94626866
352,0,352,0.6875,1
345,0,345,0.67382812,1
346,2,348,0.6796875,0.98850575
312,9,321,0.62695312,0.94392523
335,4,339,0.66210938,0.97640118
339,6,345,0.67382812,0.96521739
346,3,349,0.68164062,0.98280802
334,5,339,0.66210938,0.97050147
330,10,340,0.6640625,0.94117647
325,10,335,0.65429688,0.94029851
324,23,347,0.67773438,0.86743516
295,39,334,0.65234375,0.76646707
338,11,349,0.68164062,0.93696275
343,3,346,0.67578125,0.98265896
334,3,337,0.65820312,0.98219585
340,2,342,0.66796875,0.98830409
330,3,333,0.65039062,0.98198198
342,1,343,0.66992188,0.9941691
336,7,343,0.66992188,0.95918367
328,2,330,0.64453125,0.98787879
313,18,331,0.64648438,0.89123867
308,17,325,0.63476562,0.89538462
321,10,331,0.64648438,0.93957704
332,6,338,0.66015625,0.96449704
338,0,338,0.66015625,1
333,16,349,0.68164062,0.90830946
327,5,332,0.6484375,0.96987952
327,8,335,0.65429688,0.95223881
320,12,332,0.6484375,0.92771084
339,19,358,0.69921875,0.89385475
313,30,343,0.66992188,0.82507289
278,52,330,0.64453125,0.68484848
304,40,344,0.671875,0.76744186
266,57,323,0.63085938,0.64705882
267,70,337,0.65820312,0.58456973
284,39,323,0.63085938,0.75851393
241,83,324,0.6328125,0.48765432
236,93,329,0.64257812,0.43465046
237,88,325,0.63476562,0.45846154
269,58,327,0.63867188,0.64525994
291,42,333,0.65039062,0.74774775
319,31,350,0.68359375,0.82285714
330,10,340,0.6640625,0.94117647
305,28,333,0.65039062,0.83183183
314,22,336,0.65625,0.86904762
323,30,353,0.68945312,0.83002833
320,18,338,0.66015625,0.89349112
332,14,346,0.67578125,0.91907514
316,13,329,0.64257812,0.92097264
317,25,342,0.66796875,0.85380117
320,14,334,0.65234375,0.91616766
282,49,331,0.64648438,0.70392749
264,66,330,0.64453125,0.6
285,47,332,0.6484375,0.71686747
258,65,323,0.63085938,0.59752322
278,50,328,0.640625,0.69512195
298,40,338,0.66015625,0.76331361
308,29,337,0.65820312,0.82789318
315,27,342,0.66796875,0.84210526
331,11,342,0.66796875,0.93567251
328,8,336,0.65625,0.95238095
324,5,329,0.64257812,0.96960486
319,13,332,0.6484375,0.92168675
347,0,347,0.67773438,1
337,2,339,0.66210938,0.98820059
335,2,337,0.65820312,0.98813056
321,17,338,0.66015625,0.89940828
337,11,348,0.6796875,0.93678161
320,13,333,0.65039062,0.92192192
313,20,333,0.65039062,0.87987988
326,9,335,0.65429688,0.94626866
344,0,344,0.671875,1
344,6,350,0.68359375,0.96571429
337,6,343,0.66992188,0.96501458
346,0,346,0.67578125,1
319,12,331,0.64648438,0.92749245
331,14,345,0.67382812,0.91884058
315,15,330,0.64453125,0.90909091
318,9,327,0.63867188,0.94495413
322,6,328,0.640625,0.96341463
306,22,328,0.640625,0.86585366
323,16,339,0.66210938,0.90560472
304,33,337,0.65820312,0.8041543
312,13,325,0.63476562,0.92
293,36,329,0.64257812,0.78115502
295,28,323,0.63085938,0.82662539
336,6,342,0.66796875,0.96491228
302,29,331,0.64648438,0.82477341
320,20,340,0.6640625,0.88235294
331,0,331,0.64648438,1
309,26,335,0.65429688,0.84477612
293,48,341,0.66601562,0.71847507
337,2,339,0.66210938,0.98820059
319,6,325,0.63476562,0.96307692
325,13,338,0.66015625,0.92307692
301,30,331,0.64648438,0.81873112
293,51,344,0.671875,0.70348837
291,48,339,0.66210938,0.71681416
295,33,328,0.640625,0.79878049
294,29,323,0.63085938,0.82043344
306,32,338,0.66015625,0.81065089
316,24,340,0.6640625,0.85882353
309,13,322,0.62890625,0.91925466
292,36,328,0.640625,0.7804878
299,33,332,0.6484375,0.80120482
307,25,332,0.6484375,0.84939759
316,22,338,0.66015625,0.86982249
337,7,344,0.671875,0.95930233
316,17,333,0.65039062,0.8978979
306,28,334,0.65234375,0.83233533
302,23,325,0.63476562,0.85846154
305,22,327,0.63867188,0.86544343
304,27,331,0.64648438,0.83685801
329,8,337,0.65820312,0.95252226
295,33,328,0.640625,0.79878049
298,34,332,0.6484375,0.79518072
284,53,337,0.65820312,0.68545994
314,32,346,0.67578125,0.8150289
289,38,327,0.63867188,0.7675841
319,16,335,0.65429688,0.90447761
314,21,335,0.65429688,0.87462687
330,6,336,0.65625,0.96428571
316,21,337,0.65820312,0.87537092
303,25,328,0.640625,0.84756098
325,20,345,0.67382812,0.88405797
307,33,340,0.6640625,0.80588235
308,15,323,0.63085938,0.90712074
335,6,341,0.66601562,0.96480938
323,19,342,0.66796875,0.88888889
309,19,328,0.640625,0.88414634
275,54,329,0.64257812,0.67173252
288,53,341,0.66601562,0.68914956
290,44,334,0.65234375,0.73652695
281,49,330,0.64453125,0.7030303
300,33,333,0.65039062,0.8018018
294,36,330,0.64453125,0.78181818
297,24,321,0.62695312,0.85046729
335,11,346,0.67578125,0.93641618
333,3,336,0.65625,0.98214286
343,0,343,0.66992188,1
332,3,335,0.65429688,0.98208955
342,1,343,0.66992188,0.9941691
302,34,336,0.65625,0.79761905
342,4,346,0.67578125,0.97687861
321,12,333,0.65039062,0.92792793
341,4,345,0.67382812,0.97681159
323,10,333,0.65039062,0.93993994
325,9,334,0.65234375,0.94610778
312,26,338,0.66015625,0.84615385
324,9,333,0.65039062,0.94594595
333,6,339,0.66210938,0.96460177
337,0,337,0.65820312,1
319,10,329,0.64257812,0.93920973
320,4,324,0.6328125,0.97530864
328,7,335,0.65429688,0.95820896
338,0,338,0.66015625,1
335,4,339,0.66210938,0.97640118
321,22,343,0.66992188,0.87172012
286,46,332,0.6484375,0.72289157
332,12,344,0.671875,0.93023256
334,3,337,0.65820312,0.98219585
333,10,343,0.66992188,0.94169096
356,0,356,0.6953125,1
310,23,333,0.65039062,0.86186186
327,14,341,0.66601562,0.91788856
331,0,331,0.64648438,1
334,4,338,0.66015625,0.97633136
330,1,331,0.64648438,0.9939577
305,26,331,0.64648438,0.8429003
302,34,336,0.65625,0.79761905
314,19,333,0.65039062,0.88588589
342,1,343,0.66992188,0.9941691
326,6,332,0.6484375,0.96385542
342,7,349,0.68164062,0.95988539
316,13,329,0.64257812,0.92097264
318,14,332,0.6484375,0.91566265
274,63,337,0.65820312,0.62611276
271,59,330,0.64453125,0.64242424
259,60,319,0.62304688,0.62382445
295,35,330,0.64453125,0.78787879
345,0,345,0.67382812,1
324,18,342,0.66796875,0.89473684
321,16,337,0.65820312,0.90504451
308,22,330,0.64453125,0.86666667
308,16,324,0.6328125,0.90123457
304,28,332,0.6484375,0.8313253
322,8,330,0.64453125,0.95151515
331,7,338,0.66015625,0.95857988
330,19,349,0.68164062,0.89111748
304,20,324,0.6328125,0.87654321
324,26,350,0.68359375,0.85142857
306,34,340,0.6640625,0.8
313,19,332,0.6484375,0.88554217
321,15,336,0.65625,0.91071429
337,1,338,0.66015625,0.99408284
339,5,344,0.671875,0.97093023
309,23,332,0.6484375,0.86144578
301,31,332,0.6484375,0.81325301
254,75,329,0.64257812,0.54407295
248,88,336,0.65625,0.47619048
236,98,334,0.65234375,0.41317365
259,70,329,0.64257812,0.57446809
220,98,318,0.62109375,0.3836478
249,89,338,0.66015625,0.47337278
253,74,327,0.63867188,0.54740061
253,62,315,0.61523438,0.60634921
313,24,337,0.65820312,0.85756677
327,13,340,0.6640625,0.92352941
302,32,334,0.65234375,0.80838323
259,48,307,0.59960938,0.68729642
283,46,329,0.64257812,0.72036474
274,61,335,0.65429688,0.6358209
315,14,329,0.64257812,0.91489362
294,42,336,0.65625,0.75
293,32,325,0.63476562,0.80307692
309,15,324,0.6328125,0.90740741
299,38,337,0.65820312,0.77448071
299,30,329,0.64257812,0.81762918
323,15,338,0.66015625,0.9112426
330,7,337,0.65820312,0.95845697
335,2,337,0.65820312,0.98813056
298,24,322,0.62890625,0.85093168
306,36,342,0.66796875,0.78947368
307,22,329,0.64257812,0.8662614
297,24,321,0.62695312,0.85046729
316,12,328,0.640625,0.92682927
325,3,328,0.640625,0.98170732
331,7,338,0.66015625,0.95857988
313,17,330,0.64453125,0.8969697
335,2,337,0.65820312,0.98813056
283,42,325,0.63476562,0.74153846
312,23,335,0.65429688,0.86268657
295,31,326,0.63671875,0.80981595
297,32,329,0.64257812,0.80547112
319,6,325,0.63476562,0.96307692
318,19,337,0.65820312,0.88724036
320,15,335,0.65429688,0.91044776
328,4,332,0.6484375,0.97590361
325,9,334,0.65234375,0.94610778
329,9,338,0.66015625,0.94674556
303,30,333,0.65039062,0.81981982
287,40,327,0.63867188,0.75535168
288,32,320,0.625,0.8
268,64,332,0.6484375,0.61445783
311,26,337,0.65820312,0.84569733
325,11,336,0.65625,0.93452381
343,0,343,0.66992188,1
325,9,334,0.65234375,0.94610778
318,21,339,0.66210938,0.87610619
321,23,344,0.671875,0.86627907
305,29,334,0.65234375,0.82634731
303,45,348,0.6796875,0.74137931
271,54,325,0.63476562,0.66769231
292,45,337,0.65820312,0.73293769
288,38,326,0.63671875,0.76687117
326,12,338,0.66015625,0.92899408
305,21,326,0.63671875,0.87116564
295,30,325,0.63476562,0.81538462
306,37,343,0.66992188,0.78425656
304,29,333,0.65039062,0.82582583
309,22,331,0.64648438,0.86706949
341,1,342,0.66796875,0.99415205
321,11,332,0.6484375,0.93373494
301,29,330,0.64453125,0.82424242
319,12,331,0.64648438,0.92749245
303,22,325,0.63476562,0.86461538
303,31,334,0.65234375,0.81437126
314,21,335,0.65429688,0.87462687
349,1,350,0.68359375,0.99428571
337,6,343,0.66992188,0.96501458
319,5,324,0.6328125,0.9691358
348,0,348,0.6796875,1
325,5,330,0.64453125,0.96969697
304,31,335,0.65429688,0.81492537
317,25,342,0.66796875,0.85380117
321,10,331,0.64648438,0.93957704
322,15,337,0.65820312,0.91097923
305,26,331,0.64648438,0.8429003
311,17,328,0.640625,0.89634146
308,30,338,0.66015625,0.82248521
320,15,335,0.65429688,0.91044776
326,22,348,0.6796875,0.87356322
315,21,336,0.65625,0.875
277,53,330,0.64453125,0.67878788
296,44,340,0.6640625,0.74117647
273,59,332,0.6484375,0.64457831
290,51,341,0.66601562,0.70087977
273,52,325,0.63476562,0.68
302,24,326,0.63671875,0.85276074
324,15,339,0.66210938,0.91150442
314,26,340,0.6640625,0.84705882
347,2,349,0.68164062,0.98853868
329,4,333,0.65039062,0.97597598
314,18,332,0.6484375,0.89156627
324,22,346,0.67578125,0.87283237
318,29,347,0.67773438,0.83285303
308,22,330,0.64453125,0.86666667
279,55,334,0.65234375,0.67065868
288,44,332,0.6484375,0.73493976
339,7,346,0.67578125,0.95953757
315,20,335,0.65429688,0.88059701
330,9,339,0.66210938,0.94690265
323,12,335,0.65429688,0.92835821
326,7,333,0.65039062,0.95795796
342,7,349,0.68164062,0.95988539
330,9,339,0.66210938,0.94690265
319,10,329,0.64257812,0.93920973
324,20,344,0.671875,0.88372093
313,19,332,0.6484375,0.88554217
315,26,341,0.66601562,0.84750733
331,10,341,0.66601562,0.94134897
324,14,338,0.66015625,0.91715976
322,8,330,0.64453125,0.95151515
297,24,321,0.62695312,0.85046729
337,14,351,0.68554688,0.92022792
323,15,338,0.66015625,0.9112426
293,31,324,0.6328125,0.80864198
337,7,344,0.671875,0.95930233
335,11,346,0.67578125,0.93641618
306,23,329,0.64257812,0.86018237
293,34,327,0.63867188,0.79204893
335,14,349,0.68164062,0.91977077
302,32,334,0.65234375,0.80838323
300,38,338,0.66015625,0.77514793
338,7,345,0.67382812,0.95942029
335,3,338,0.66015625,0.98224852
328,11,339,0.66210938,0.93510324
311,14,325,0.63476562,0.91384615
316,14,330,0.64453125,0.91515152
325,17,342,0.66796875,0.9005848
316,26,342,0.66796875,0.84795322
311,26,337,0.65820312,0.84569733
350,0,350,0.68359375,1
316,8,324,0.6328125,0.95061728
326,13,339,0.66210938,0.92330383
283,46,329,0.64257812,0.72036474
256,69,325,0.63476562,0.57538462
275,55,330,0.64453125,0.66666667
272,56,328,0.640625,0.65853659
270,67,337,0.65820312,0.60237389
279,45,324,0.6328125,0.72222222
314,24,338,0.66015625,0.85798817
275,51,326,0.63671875,0.68711656
307,28,335,0.65429688,0.83283582
322,11,333,0.65039062,0.93393393
310,26,336,0.65625,0.8452381
302,27,329,0.64257812,0.83586626
332,14,346,0.67578125,0.91907514
325,11,336,0.65625,0.93452381
336,1,337,0.65820312,0.99406528
297,25,322,0.62890625,0.8447205
311,20,331,0.64648438,0.87915408
306,32,338,0.66015625,0.81065089
304,31,335,0.65429688,0.81492537
315,22,337,0.65820312,0.8694362
345,4,349,0.68164062,0.97707736
303,34,337,0.65820312,0.79821958
334,7,341,0.66601562,0.95894428
313,20,333,0.65039062,0.87987988
315,20,335,0.65429688,0.88059701
311,13,324,0.6328125,0.91975309
313,17,330,0.64453125,0.8969697
326,18,344,0.671875,0.89534884
327,10,337,0.65820312,0.94065282
339,4,343,0.66992188,0.97667638
293,37,330,0.64453125,0.77575758
285,49,334,0.65234375,0.70658683
280,42,322,0.62890625,0.73913043
303,32,335,0.65429688,0.80895522
289,39,328,0.640625,0.76219512
282,52,334,0.65234375,0.68862275
292,39,331,0.64648438,0.76435045
283,45,328,0.640625,0.72560976
309,29,338,0.66015625,0.82840237
299,47,346,0.67578125,0.7283237
299,34,333,0.65039062,0.7957958
290,30,320,0.625,0.8125
318,5,323,0.63085938,0.96904025
283,33,316,0.6171875,0.79113924
257,52,309,0.60351562,0.66343042
308,37,345,0.67382812,0.78550725
308,26,334,0.65234375,0.84431138
303,31,334,0.65234375,0.81437126
294,38,332,0.6484375,0.77108434
340,0,340,0.6640625,1
317,7,324,0.6328125,0.95679012
322,9,331,0.64648438,0.94561934
343,0,343,0.66992188,1
318,12,330,0.64453125,0.92727273
332,10,342,0.66796875,0.94152047
342,6,348,0.6796875,0.96551724
319,25,344,0.671875,0.85465116
322,16,338,0.66015625,0.90532544
339,6,345,0.67382812,0.96521739
324,10,334,0.65234375,0.94011976
338,7,345,0.67382812,0.95942029
316,18,334,0.65234375,0.89221557
354,8,362,0.70703125,0.9558011
319,18,337,0.65820312,0.89317507
330,9,339,0.66210938,0.94690265
329,9,338,0.66015625,0.94674556
311,24,335,0.65429688,0.85671642
322,20,342,0.66796875,0.88304094
343,9,352,0.6875,0.94886364
328,11,339,0.66210938,0.93510324
343,4,347,0.67773438,0.97694524
340,1,341,0.66601562,0.9941349
329,5,334,0.65234375,0.97005988
331,12,343,0.66992188,0.93002915
328,7,335,0.65429688,0.95820896
315,14,329,0.64257812,0.91489362
316,8,324,0.6328125,0.95061728
323,6,329,0.64257812,0.96352584
316,8,324,0.6328125,0.95061728
328,9,337,0.65820312,0.94658754
315,17,332,0.6484375,0.89759036
319,24,343,0.66992188,0.86005831
326,11,337,0.65820312,0.9347181
326,3,329,0.64257812,0.98176292
330,13,343,0.66992188,0.92419825
315,12,327,0.63867188,0.9266055
341,5,346,0.67578125,0.97109827
321,9,330,0.64453125,0.94545455
277,53,330,0.64453125,0.67878788
282,51,333,0.65039062,0.69369369
268,67,335,0.65429688,0.6
305,31,336,0.65625,0.81547619
338,5,343,0.66992188,0.97084548
334,3,337,0.65820312,0.98219585
330,1,331,0.64648438,0.9939577
333,6,339,0.66210938,0.96460177
341,1,342,0.66796875,0.99415205
337,7,344,0.671875,0.95930233
316,16,332,0.6484375,0.90361446
311,18,329,0.64257812,0.89057751
332,4,336,0.65625,0.97619048
309,25,334,0.65234375,0.8502994
257,59,316,0.6171875,0.62658228
306,29,335,0.65429688,0.82686567
314,19,333,0.65039062,0.88588589
313,30,343,0.66992188,0.82507289
334,9,343,0.66992188,0.94752187
332,12,344,0.671875,0.93023256
324,17,341,0.66601562,0.90029326
335,14,349,0.68164062,0.91977077
342,11,353,0.68945312,0.93767705
323,6,329,0.64257812,0.96352584
316,16,332,0.6484375,0.90361446
319,10,329,0.64257812,0.93920973
323,20,343,0.66992188,0.88338192
329,18,347,0.67773438,0.8962536
318,15,333,0.65039062,0.90990991
316,17,333,0.65039062,0.8978979
318,9,327,0.63867188,0.94495413
325,16,341,0.66601562,0.90615836
320,8,328,0.640625,0.95121951
332,6,338,0.66015625,0.96449704
329,9,338,0.66015625,0.94674556
308,16,324,0.6328125,0.90123457
315,4,319,0.62304688,0.97492163
277,53,330,0.64453125,0.67878788
281,46,327,0.63867188,0.71865443
300,27,327,0.63867188,0.83486239
270,56,326,0.63671875,0.65644172
269,61,330,0.64453125,0.63030303
286,41,327,0.63867188,0.74923547
286,44,330,0.64453125,0.73333333
305,23,328,0.640625,0.8597561
317,16,333,0.65039062,0.9039039
325,8,333,0.65039062,0.95195195
301,30,331,0.64648438,0.81873112
335,3,338,0.66015625,0.98224852
330,12,342,0.66796875,0.92982456
315,13,328,0.640625,0.92073171
335,0,335,0.65429688,1
327,9,336,0.65625,0.94642857
333,10,343,0.66992188,0.94169096
317,11,328,0.640625,0.93292683
325,18,343,0.66992188,0.89504373
346,6,352,0.6875,0.96590909
329,9,338,0.66015625,0.94674556
334,2,336,0.65625,0.98809524
329,2,331,0.64648438,0.98791541
324,11,335,0.65429688,0.93432836
323,5,328,0.640625,0.9695122
332,8,340,0.6640625,0.95294118
288,40,328,0.640625,0.75609756
270,61,331,0.64648438,0.63141994
242,85,327,0.63867188,0.48012232
233,96,329,0.64257812,0.41641337
253,81,334,0.65234375,0.51497006
227,90,317,0.61914062,0.43217666
297,37,334,0.65234375,0.77844311
311,24,335,0.65429688,0.85671642
329,11,340,0.6640625,0.93529412
331,17,348,0.6796875,0.90229885
314,7,321,0.62695312,0.95638629
332,5,337,0.65820312,0.97032641
338,1,339,0.66210938,0.99410029
324,13,337,0.65820312,0.92284866
334,9,343,0.66992188,0.94752187
331,0,331,0.64648438,1
274,59,333,0.65039062,0.64564565
277,49,326,0.63671875,0.6993865
279,43,322,0.62890625,0.73291925
289,40,329,0.64257812,0.75683891
279,48,327,0.63867188,0.70642202
309,18,327,0.63867188,0.88990826
317,13,330,0.64453125,0.92121212
329,21,350,0.68359375,0.88
317,25,342,0.66796875,0.85380117
308,21,329,0.64257812,0.87234043
328,12,340,0.6640625,0.92941176
335,2,337,0.65820312,0.98813056
310,19,329,0.64257812,0.88449848
330,11,341,0.66601562,0.93548387
321,7,328,0.640625,0.95731707
319,23,342,0.66796875,0.86549708
333,8,341,0.66601562,0.95307918
335,7,342,0.66796875,0.95906433
330,4,334,0.65234375,0.9760479
298,34,332,0.6484375,0.79518072
326,17,343,0.66992188,0.90087464
335,7,342,0.66796875,0.95906433
350,0,350,0.68359375,1
326,10,336,0.65625,0.94047619
342,8,350,0.68359375,0.95428571
317,23,340,0.6640625,0.86470588
348,6,354,0.69140625,0.96610169
354,1,355,0.69335938,0.9943662
318,19,337,0.65820312,0.88724036
304,27,331,0.64648438,0.83685801
320,14,334,0.65234375,0.91616766
303,21,324,0.6328125,0.87037037
309,21,330,0.64453125,0.87272727
336,4,340,0.6640625,0.97647059
294,28,322,0.62890625,0.82608696
303,35,338,0.66015625,0.79289941
315,23,338,0.66015625,0.86390533
305,24,329,0.64257812,0.85410334
303,24,327,0.63867188,0.85321101
303,22,325,0.63476562,0.86461538
282,48,330,0.64453125,0.70909091
277,48,325,0.63476562,0.70461538
308,32,340,0.6640625,0.81176471
309,19,328,0.640625,0.88414634
308,17,325,0.63476562,0.89538462
322,8,330,0.64453125,0.95151515
330,13,343,0.66992188,0.92419825
305,27,332,0.6484375,0.8373494
302,22,324,0.6328125,0.86419753
337,20,357,0.69726562,0.88795518
340,0,340,0.6640625,1
320,15,335,0.65429688,0.91044776
295,30,325,0.63476562,0.81538462
272,62,334,0.65234375,0.62874251
293,34,327,0.63867188,0.79204893
300,28,328,0.640625,0.82926829
290,41,331,0.64648438,0.75226586
281,49,330,0.64453125,0.7030303
261,63,324,0.6328125,0.61111111
305,30,335,0.65429688,0.82089552
295,31,326,0.63671875,0.80981595
309,27,336,0.65625,0.83928571
309,23,332,0.6484375,0.86144578
316,24,340,0.6640625,0.85882353
326,5,331,0.64648438,0.96978852
318,19,337,0.65820312,0.88724036
294,41,335,0.65429688,0.75522388
291,35,326,0.63671875,0.78527607
305,17,322,0.62890625,0.89440994
324,18,342,0.66796875,0.89473684
308,26,334,0.65234375,0.84431138
324,19,343,0.66992188,0.88921283
310,20,330,0.64453125,0.87878788
302,44,346,0.67578125,0.74566474
317,28,345,0.67382812,0.83768116
340,8,348,0.6796875,0.95402299
282,44,326,0.63671875,0.73006135
318,15,333,0.65039062,0.90990991
336,6,342,0.66796875,0.96491228
339,9,348,0.6796875,0.94827586
307,28,335,0.65429688,0.83283582
298,28,326,0.63671875,0.82822086
305,21,326,0.63671875,0.87116564
303,19,322,0.62890625,0.88198758
319,14,333,0.65039062,0.91591592
292,37,329,0.64257812,0.77507599
289,55,344,0.671875,0.68023256
286,45,331,0.64648438,0.72809668
298,22,320,0.625,0.8625
302,29,331,0.64648438,0.82477341
307,25,332,0.6484375,0.84939759
310,43,353,0.68945312,0.75637394
291,36,327,0.63867188,0.77981651
296,28,324,0.6328125,0.82716049
323,22,345,0.67382812,0.87246377
335,4,339,0.66210938,0.97640118
326,16,342,0.66796875,0.90643275
279,48,327,0.63867188,0.70642202
319,21,340,0.6640625,0.87647059
322,12,334,0.65234375,0.92814371
313,28,341,0.66601562,0.83577713
310,11,321,0.62695312,0.93146417
297,24,321,0.62695312,0.85046729
323,18,341,0.66601562,0.89442815
323,11,334,0.65234375,0.93413174
304,26,330,0.64453125,0.84242424
353,0,353,0.68945312,1
332,7,339,0.66210938,0.95870206
311,21,332,0.6484375,0.87349398
309,27,336,0.65625,0.83928571
325,15,340,0.6640625,0.91176471
316,23,339,0.66210938,0.86430678
268,52,320,0.625,0.675
290,34,324,0.6328125,0.79012346
278,46,324,0.6328125,0.71604938
316,21,337,0.65820312,0.87537092
312,25,337,0.65820312,0.85163205
320,12,332,0.6484375,0.92771084
317,20,337,0.65820312,0.88130564
321,15,336,0.65625,0.91071429
326,7,333,0.65039062,0.95795796
330,6,336,0.65625,0.96428571
308,17,325,0.63476562,0.89538462
332,4,336,0.65625,0.97619048
317,6,323,0.63085938,0.9628483
323,6,329,0.64257812,0.96352584
341,0,341,0.66601562,1
331,7,338,0.66015625,0.95857988
320,10,330,0.64453125,0.93939394
301,29,330,0.64453125,0.82424242
298,33,331,0.64648438,0.80060423
303,39,342,0.66796875,0.77192982
319,14,333,0.65039062,0.91591592
331,6,337,0.65820312,0.96439169
320,14,334,0.65234375,0.91616766
318,24,342,0.66796875,0.85964912
311,26,337,0.65820312,0.84569733
292,49,341,0.66601562,0.71260997
267,60,327,0.63867188,0.63302752
280,54,334,0.65234375,0.67664671
281,57,338,0.66015625,0.66272189
273,53,326,0.63671875,0.67484663
282,56,338,0.66015625,0.66863905
282,50,332,0.6484375,0.69879518
315,23,338,0.66015625,0.86390533
311,12,323,0.63085938,0.92569659
328,12,340,0.6640625,0.92941176
328,11,339,0.66210938,0.93510324
336,0,336,0.65625,1
315,15,330,0.64453125,0.90909091
325,12,337,0.65820312,0.92878338
287,41,328,0.640625,0.75
273,63,336,0.65625,0.625
267,60,327,0.63867188,0.63302752
298,39,337,0.65820312,0.76854599
303,35,338,0.66015625,0.79289941
289,46,335,0.65429688,0.72537313
277,44,321,0.62695312,0.7258567
300,39,339,0.66210938,0.7699115
314,25,339,0.66210938,0.85250737
300,37,337,0.65820312,0.78041543
292,44,336,0.65625,0.73809524
279,51,330,0.64453125,0.69090909
285,47,332,0.6484375,0.71686747
311,23,334,0.65234375,0.86227545
345,1,346,0.67578125,0.99421965
314,11,325,0.63476562,0.93230769
331,6,337,0.65820312,0.96439169
344,2,346,0.67578125,0.98843931
341,7,348,0.6796875,0.95977011
305,21,326,0.63671875,0.87116564
328,17,345,0.67382812,0.90144928
307,13,320,0.625,0.91875
330,4,334,0.65234375,0.9760479
315,19,334,0.65234375,0.88622754
325,11,336,0.65625,0.93452381
342,5,347,0.67773438,0.97118156
342,3,345,0.67382812,0.9826087
327,11,338,0.66015625,0.93491124
319,19,338,0.66015625,0.88757396
324,19,343,0.66992188,0.88921283
328,6,334,0.65234375,0.96407186
327,21,348,0.6796875,0.87931034
323,9,332,0.6484375,0.94578313
319,12,331,0.64648438,0.92749245
340,1,341,0.66601562,0.9941349
297,23,320,0.625,0.85625
312,19,331,0.64648438,0.88519637
322,17,339,0.66210938,0.89970501
322,2,324,0.6328125,0.98765432
310,14,324,0.6328125,0.91358025
329,16,345,0.67382812,0.90724638
326,12,338,0.66015625,0.92899408
334,4,338,0.66015625,0.97633136
306,27,333,0.65039062,0.83783784
317,18,335,0.65429688,0.89253731
329,3,332,0.6484375,0.98192771
334,6,340,0.6640625,0.96470588
309,28,337,0.65820312,0.83382789
329,11,340,0.6640625,0.93529412
341,0,341,0.66601562,1
328,3,331,0.64648438,0.98187311
308,22,330,0.64453125,0.86666667
319,15,334,0.65234375,0.91017964
307,19,326,0.63671875,0.88343558
324,12,336,0.65625,0.92857143
327,14,341,0.66601562,0.91788856
302,30,332,0.6484375,0.81927711
306,37,343,0.66992188,0.78425656
289,51,340,0.6640625,0.7
267,62,329,0.64257812,0.6231003
308,30,338,0.66015625,0.82248521
282,54,336,0.65625,0.67857143
271,60,331,0.64648438,0.63746224
252,72,324,0.6328125,0.55555556
271,57,328,0.640625,0.65243902
311,28,339,0.66210938,0.83480826
310,31,341,0.66601562,0.81818182
296,32,328,0.640625,0.80487805
316,17,333,0.65039062,0.8978979
326,7,333,0.65039062,0.95795796
321,13,334,0.65234375,0.92215569
297,26,323,0.63085938,0.83900929
298,41,339,0.66210938,0.75811209
283,51,334,0.65234375,0.69461078
277,54,331,0.64648438,0.67371601
271,60,331,0.64648438,0.63746224
278,51,329,0.64257812,0.6899696
220,98,318,0.62109375,0.3836478
234,109,343,0.66992188,0.36443149
254,90,344,0.671875,0.47674419
267,75,342,0.66796875,0.56140351
247,70,317,0.61914062,0.55835962
240,81,321,0.62695312,0.4953271
287,49,336,0.65625,0.70833333
323,18,341,0.66601562,0.89442815
309,24,333,0.65039062,0.85585586
311,16,327,0.63867188,0.90214067
337,9,346,0.67578125,0.94797688
338,7,345,0.67382812,0.95942029
321,9,330,0.64453125,0.94545455
333,1,334,0.65234375,0.99401198
332,6,338,0.66015625,0.96449704
308,21,329,0.64257812,0.87234043
296,31,327,0.63867188,0.81039755
302,26,328,0.640625,0.84146341
345,6,351,0.68554688,0.96581197
328,8,336,0.65625,0.95238095
329,13,342,0.66796875,0.92397661
313,16,329,0.64257812,0.90273556
315,4,319,0.62304688,0.97492163
327,3,330,0.64453125,0.98181818
330,17,347,0.67773438,0.90201729
343,1,344,0.671875,0.99418605
324,3,327,0.63867188,0.98165138
327,1,328,0.640625,0.99390244
318,24,342,0.66796875,0.85964912
298,39,337,0.65820312,0.76854599
284,44,328,0.640625,0.73170732
281,49,330,0.64453125,0.7030303
283,39,322,0.62890625,0.75776398
282,56,338,0.66015625,0.66863905
281,51,332,0.6484375,0.69277108
314,29,343,0.66992188,0.83090379
330,9,339,0.66210938,0.94690265
317,17,334,0.65234375,0.89820359
327,7,334,0.65234375,0.95808383
302,17,319,0.62304688,0.89341693
325,2,327,0.63867188,0.98776758
341,2,343,0.66992188,0.98833819
338,2,340,0.6640625,0.98823529
317,23,340,0.6640625,0.86470588
327,6,333,0.65039062,0.96396396
324,9,333,0.65039062,0.94594595
325,23,348,0.6796875,0.86781609
319,15,334,0.65234375,0.91017964
306,24,330,0.64453125,0.85454545
337,2,339,0.66210938,0.98820059
333,7,340,0.6640625,0.95882353
340,7,347,0.67773438,0.95965418
324,4,328,0.640625,0.97560976
318,13,331,0.64648438,0.92145015
320,18,338,0.66015625,0.89349112
348,1,349,0.68164062,0.99426934
314,16,330,0.64453125,0.9030303
331,0,331,0.64648438,1
339,0,339,0.66210938,1
320,18,338,0.66015625,0.89349112
325,5,330,0.64453125,0.96969697
317,23,340,0.6640625,0.86470588
301,21,322,0.62890625,0.86956522
318,22,340,0.6640625,0.87058824
329,8,337,0.65820312,0.95252226
323,17,340,0.6640625,0.9
321,13,334,0.65234375,0.92215569
333,11,344,0.671875,0.93604651
302,29,331,0.64648438,0.82477341
295,32,327,0.63867188,0.80428135
284,54,338,0.66015625,0.68047337
292,46,338,0.66015625,0.72781065
295,25,320,0.625,0.84375
335,10,345,0.67382812,0.94202899
327,2,329,0.64257812,0.98784195
311,19,330,0.64453125,0.88484848
286,53,339,0.66210938,0.68731563
285,57,342,0.66796875,0.66666667
303,34,337,0.65820312,0.79821958
296,31,327,0.63867188,0.81039755
302,33,335,0.65429688,0.80298507
283,42,325,0.63476562,0.74153846
278,47,325,0.63476562,0.71076923
281,51,332,0.6484375,0.69277108
294,46,340,0.6640625,0.72941176
300,31,331,0.64648438,0.81268882
316,23,339,0.66210938,0.86430678
320,14,334,0.65234375,0.91616766
334,7,341,0.66601562,0.95894428
332,6,338,0.66015625,0.96449704
341,2,343,0.66992188,0.98833819
321,19,340,0.6640625,0.88823529
332,8,340,0.6640625,0.95294118
334,10,344,0.671875,0.94186047
330,18,348,0.6796875,0.89655172
328,6,334,0.65234375,0.96407186
307,27,334,0.65234375,0.83832335
311,20,331,0.64648438,0.87915408
320,7,327,0.63867188,0.95718654
298,26,324,0.6328125,0.83950617
317,21,338,0.66015625,0.87573964
324,15,339,0.66210938,0.91150442
274,63,337,0.65820312,0.62611276
276,60,336,0.65625,0.64285714
241,96,337,0.65820312,0.43026706
273,68,341,0.66601562,0.60117302
275,52,327,0.63867188,0.68195719
295,32,327,0.63867188,0.80428135
296,29,325,0.63476562,0.82153846
344,5,349,0.68164062,0.9713467
295,31,326,0.63671875,0.80981595
296,38,334,0.65234375,0.77245509
328,16,344,0.671875,0.90697674
337,0,337,0.65820312,1
336,0,336,0.65625,1
313,13,326,0.63671875,0.9202454
321,9,330,0.64453125,0.94545455
316,10,326,0.63671875,0.93865031
331,13,344,0.671875,0.9244186
340,0,340,0.6640625,1
323,3,326,0.63671875,0.98159509
327,12,339,0.66210938,0.92920354
316,17,333,0.65039062,0.8978979
331,6,337,0.65820312,0.96439169
330,14,344,0.671875,0.91860465
280,57,337,0.65820312,0.66172107
342,12,354,0.69140625,0.93220339
334,9,343,0.66992188,0.94752187
332,5,337,0.65820312,0.97032641
300,37,337,0.65820312,0.78041543
293,48,341,0.66601562,0.71847507
288,47,335,0.65429688,0.71940299
289,37,326,0.63671875,0.77300613
313,21,334,0.65234375,0.8742515
339,5,344,0.671875,0.97093023
341,0,341,0.66601562,1
334,7,341,0.66601562,0.95894428
347,1,348,0.6796875,0.99425287
336,9,345,0.67382812,0.94782609
327,5,332,0.6484375,0.96987952
339,3,342,0.66796875,0.98245614
341,0,341,0.66601562,1
318,7,325,0.63476562,0.95692308
321,21,342,0.66796875,0.87719298
331,4,335,0.65429688,0.9761194
330,3,333,0.65039062,0.98198198
314,16,330,0.64453125,0.9030303
336,4,340,0.6640625,0.97647059
308,42,350,0.68359375,0.76
288,34,322,0.62890625,0.78881988
284,45,329,0.64257812,0.72644377
287,54,341,0.66601562,0.68328446
313,31,344,0.671875,0.81976744
320,17,337,0.65820312,0.89910979
317,22,339,0.66210938,0.87020649
322,12,334,0.65234375,0.92814371
326,12,338,0.66015625,0.92899408
302,23,325,0.63476562,0.85846154
312,26,338,0.66015625,0.84615385
331,11,342,0.66796875,0.93567251
318,12,330,0.64453125,0.92727273
322,5,327,0.63867188,0.96941896
328,5,333,0.65039062,0.96996997
337,4,341,0.66601562,0.97653959
310,24,334,0.65234375,0.85628743
344,3,347,0.67773438,0.98270893
346,0,346,0.67578125,1
340,3,343,0.66992188,0.98250729
334,0,334,0.65234375,1
354,0,354,0.69140625,1
337,5,342,0.66796875,0.97076023
331,7,338,0.66015625,0.95857988
331,2,333,0.65039062,0.98798799
319,7,326,0.63671875,0.95705521
316,5,321,0.62695312,0.96884735
339,3,342,0.66796875,0.98245614
334,5,339,0.66210938,0.97050147
321,10,331,0.64648438,0.93957704
329,1,330,0.64453125,0.99393939
314,10,324,0.6328125,0.9382716
333,9,342,0.66796875,0.94736842
343,1,344,0.671875,0.99418605
340,4,344,0.671875,0.97674419
317,11,328,0.640625,0.93292683
329,5,334,0.65234375,0.97005988
307,26,333,0.65039062,0.84384384
335,2,337,0.65820312,0.98813056
325,19,344,0.671875,0.88953488
332,6,338,0.66015625,0.96449704
320,13,333,0.65039062,0.92192192
333,10,343,0.66992188,0.94169096
337,10,347,0.67773438,0.94236311
344,3,347,0.67773438,0.98270893
308,21,329,0.64257812,0.87234043
327,14,341,0.66601562,0.91788856
321,14,335,0.65429688,0.91641791
327,6,333,0.65039062,0.96396396
325,8,333,0.65039062,0.95195195
332,6,338,0.66015625,0.96449704
342,17,359,0.70117188,0.90529248
326,9,335,0.65429688,0.94626866
337,4,341,0.66601562,0.97653959
319,12,331,0.64648438,0.92749245
264,59,323,0.63085938,0.63467492
292,48,340,0.6640625,0.71764706
283,41,324,0.6328125,0.74691358
334,7,341,0.66601562,0.95894428
330,2,332,0.6484375,0.98795181
307,28,335,0.65429688,0.83283582
262,62,324,0.6328125,0.61728395
230,93,323,0.63085938,0.42414861
264,68,332,0.6484375,0.59036145
258,73,331,0.64648438,0.55891239
275,63,338,0.66015625,0.62721893
312,20,332,0.6484375,0.87951807
313,17,330,0.64453125,0.8969697
289,38,327,0.63867188,0.7675841
321,21,342,0.66796875,0.87719298
281,52,333,0.65039062,0.68768769
303,30,333,0.65039062,0.81981982
306,24,330,0.64453125,0.85454545
336,9,345,0.67382812,0.94782609
311,25,336,0.65625,0.85119048
327,5,332,0.6484375,0.96987952
273,33,306,0.59765625,0.78431373
290,40,330,0.64453125,0.75757576
315,24,339,0.66210938,0.85840708
319,14,333,0.65039062,0.91591592
333,14,347,0.67773438,0.91930836
319,13,332,0.6484375,0.92168675
312,26,338,0.66015625,0.84615385
328,7,335,0.65429688,0.95820896
331,8,339,0.66210938,0.95280236
334,4,338,0.66015625,0.97633136
301,27,328,0.640625,0.83536585
327,13,340,0.6640625,0.92352941
337,1,338,0.66015625,0.99408284
339,3,342,0.66796875,0.98245614
316,15,331,0.64648438,0.90936556
289,42,331,0.64648438,0.74622356
310,24,334,0.65234375,0.85628743
299,32,331,0.64648438,0.80664653
342,10,352,0.6875,0.94318182
316,24,340,0.6640625,0.85882353
276,65,341,0.66601562,0.61876833
284,55,339,0.66210938,0.67551622
302,29,331,0.64648438,0.82477341
332,9,341,0.66601562,0.94721408
341,0,341,0.66601562,1
326,11,337,0.65820312,0.9347181
320,13,333,0.65039062,0.92192192
318,18,336,0.65625,0.89285714
319,6,325,0.63476562,0.96307692
324,9,333,0.65039062,0.94594595
341,1,342,0.66796875,0.99415205
322,17,339,0.66210938,0.89970501
316,33,349,0.68164062,0.81088825
335,8,343,0.66992188,0.95335277
317,16,333,0.65039062,0.9039039
330,10,340,0.6640625,0.94117647
324,23,347,0.67773438,0.86743516
317,21,338,0.66015625,0.87573964
316,15,331,0.64648438,0.90936556
304,34,338,0.66015625,0.79881657
304,20,324,0.6328125,0.87654321
313,27,340,0.6640625,0.84117647
309,20,329,0.64257812,0.87841945
333,6,339,0.66210938,0.96460177
292,37,329,0.64257812,0.77507599
295,29,324,0.6328125,0.82098765
314,17,331,0.64648438,0.89728097
320,25,345,0.67382812,0.85507246
320,19,339,0.66210938,0.8879056
324,18,342,0.66796875,0.89473684
313,18,331,0.64648438,0.89123867
355,5,360,0.703125,0.97222222
322,8,330,0.64453125,0.95151515
321,16,337,0.65820312,0.90504451
340,1,341,0.66601562,0.9941349
313,20,333,0.65039062,0.87987988
335,1,336,0.65625,0.99404762
337,3,340,0.6640625,0.98235294
346,0,346,0.67578125,1
330,0,330,0.64453125,1
287,39,326,0.63671875,0.7607362
330,10,340,0.6640625,0.94117647
338,2,340,0.6640625,0.98823529
333,0,333,0.65039062,1
318,16,334,0.65234375,0.90419162
295,40,335,0.65429688,0.76119403
286,36,322,0.62890625,0.77639752
310,22,332,0.6484375,0.86746988
329,3,332,0.6484375,0.98192771
318,11,329,0.64257812,0.9331307
316,14,330,0.64453125,0.91515152
322,11,333,0.65039062,0.93393393
328,13,341,0.66601562,0.92375367
323,14,337,0.65820312,0.91691395
321,13,334,0.65234375,0.92215569
246,87,333,0.65039062,0.47747748
235,85,320,0.625,0.46875
244,81,325,0.63476562,0.50153846
267,64,331,0.64648438,0.61329305
276,59,335,0.65429688,0.64776119
277,52,329,0.64257812,0.68389058
256,71,327,0.63867188,0.56574924
306,32,338,0.66015625,0.81065089
293,33,326,0.63671875,0.79754601
255,67,322,0.62890625,0.58385093
217,106,323,0.63085938,0.34365325
251,82,333,0.65039062,0.50750751
249,86,335,0.65429688,0.48656716
278,50,328,0.640625,0.69512195
294,39,333,0.65039062,0.76576577
290,51,341,0.66601562,0.70087977
295,23,318,0.62109375,0.85534591
288,39,327,0.63867188,0.76146789
297,51,348,0.6796875,0.70689655
258,68,326,0.63671875,0.58282209
272,68,340,0.6640625,0.6
279,58,337,0.65820312,0.65578635
294,34,328,0.640625,0.79268293
320,17,337,0.65820312,0.89910979
309,30,339,0.66210938,0.82300885
305,31,336,0.65625,0.81547619
323,8,331,0.64648438,0.95166163
301,24,325,0.63476562,0.85230769
326,14,340,0.6640625,0.91764706
311,22,333,0.65039062,0.86786787
341,8,349,0.68164062,0.95415473
319,13,332,0.6484375,0.92168675
309,22,331,0.64648438,0.86706949
288,48,336,0.65625,0.71428571
287,46,333,0.65039062,0.72372372
296,45,341,0.66601562,0.73607038
314,20,334,0.65234375,0.88023952
323,22,345,0.67382812,0.87246377
324,10,334,0.65234375,0.94011976
289,45,334,0.65234375,0.73053892
254,72,326,0.63671875,0.55828221
292,29,321,0.62695312,0.81931464
328,5,333,0.65039062,0.96996997
324,7,331,0.64648438,0.95770393
290,31,321,0.62695312,0.80685358
326,19,345,0.67382812,0.88985507
310,13,323,0.63085938,0.91950464
314,29,343,0.66992188,0.83090379
325,8,333,0.65039062,0.95195195
324,9,333,0.65039062,0.94594595
314,20,334,0.65234375,0.88023952
319,12,331,0.64648438,0.92749245
349,6,355,0.69335938,0.96619718
310,19,329,0.64257812,0.88449848
320,8,328,0.640625,0.95121951
342,1,343,0.66992188,0.9941691
330,3,333,0.65039062,0.98198198
303,25,328,0.640625,0.84756098
341,6,347,0.67773438,0.96541787
335,11,346,0.67578125,0.93641618
315,32,347,0.67773438,0.81556196
307,23,330,0.64453125,0.86060606
291,39,330,0.64453125,0.76363636
333,16,349,0.68164062,0.90830946
331,5,336,0.65625,0.9702381
285,41,326,0.63671875,0.74846626
290,38,328,0.640625,0.76829268
307,29,336,0.65625,0.82738095
311,20,331,0.64648438,0.87915408
316,20,336,0.65625,0.88095238
322,10,332,0.6484375,0.93975904
326,3,329,0.64257812,0.98176292
335,1,336,0.65625,0.99404762
319,13,332,0.6484375,0.92168675
343,10,353,0.68945312,0.94334278
324,8,332,0.6484375,0.95180723
329,3,332,0.6484375,0.98192771
313,27,340,0.6640625,0.84117647
315,28,343,0.66992188,0.83673469
311,13,324,0.6328125,0.91975309
289,38,327,0.63867188,0.7675841
305,15,320,0.625,0.90625
321,16,337,0.65820312,0.90504451
336,6,342,0.66796875,0.96491228
319,21,340,0.6640625,0.87647059
326,10,336,0.65625,0.94047619
330,14,344,0.671875,0.91860465
292,39,331,0.64648438,0.76435045
288,49,337,0.65820312,0.70919881
293,30,323,0.63085938,0.81424149
322,6,328,0.640625,0.96341463
348,0,348,0.6796875,1
331,8,339,0.66210938,0.95280236
340,6,346,0.67578125,0.96531792
333,2,335,0.65429688,0.9880597
328,11,339,0.66210938,0.93510324
320,19,339,0.66210938,0.8879056
335,3,338,0.66015625,0.98224852
316,16,332,0.6484375,0.90361446
301,36,337,0.65820312,0.78635015
306,21,327,0.63867188,0.87155963
324,1,325,0.63476562,0.99384615
337,1,338,0.66015625,0.99408284
322,9,331,0.64648438,0.94561934
330,6,336,0.65625,0.96428571
339,2,341,0.66601562,0.98826979
327,3,330,0.64453125,0.98181818
321,16,337,0.65820312,0.90504451
277,48,325,0.63476562,0.70461538
311,30,341,0.66601562,0.82404692
318,19,337,0.65820312,0.88724036
323,4,327,0.63867188,0.97553517
306,25,331,0.64648438,0.8489426
302,26,328,0.640625,0.84146341
275,54,329,0.64257812,0.67173252
283,48,331,0.64648438,0.70996979
281,43,324,0.6328125,0.7345679
301,27,328,0.640625,0.83536585
313,13,326,0.63671875,0.9202454
323,22,345,0.67382812,0.87246377
287,33,320,0.625,0.79375
282,49,331,0.64648438,0.70392749
274,63,337,0.65820312,0.62611276
233,86,319,0.62304688,0.46081505
199,117,316,0.6171875,0.25949367
184,132,316,0.6171875,0.16455696
230,87,317,0.61914062,0.4511041
244,75,319,0.62304688,0.52978056
276,52,328,0.640625,0.68292683
303,34,337,0.65820312,0.79821958
298,32,330,0.64453125,0.80606061
309,28,337,0.65820312,0.83382789
312,33,345,0.67382812,0.80869565
315,17,332,0.6484375,0.89759036
291,35,326,0.63671875,0.78527607
279,58,337,0.65820312,0.65578635
290,58,348,0.6796875,0.66666667
299,24,323,0.63085938,0.85139319
303,20,323,0.63085938,0.87616099
316,21,337,0.65820312,0.87537092
327,6,333,0.65039062,0.96396396
328,16,344,0.671875,0.90697674
324,10,334,0.65234375,0.94011976
329,4,333,0.65039062,0.97597598
332,9,341,0.66601562,0.94721408
326,19,345,0.67382812,0.88985507
310,27,337,0.65820312,0.83976261
317,30,347,0.67773438,0.82708934
324,16,340,0.6640625,0.90588235
301,18,319,0.62304688,0.88714734
322,9,331,0.64648438,0.94561934
325,15,340,0.6640625,0.91176471
309,28,337,0.65820312,0.83382789
295,30,325,0.63476562,0.81538462
288,41,329,0.64257812,0.75075988
310,21,331,0.64648438,0.87311178
317,19,336,0.65625,0.88690476
316,12,328,0.640625,0.92682927
320,21,341,0.66601562,0.87683284
339,10,349,0.68164062,0.94269341
340,0,340,0.6640625,1
339,2,341,0.66601562,0.98826979
332,9,341,0.66601562,0.94721408
327,19,346,0.67578125,0.89017341
334,6,340,0.6640625,0.96470588
302,17,319,0.62304688,0.89341693
332,3,335,0.65429688,0.98208955
325,5,330,0.64453125,0.96969697
327,10,337,0.65820312,0.94065282
329,15,344,0.671875,0.9127907
315,13,328,0.640625,0.92073171
300,26,326,0.63671875,0.8404908
278,42,320,0.625,0.7375
314,25,339,0.66210938,0.85250737
321,13,334,0.65234375,0.92215569
343,6,349,0.68164062,0.96561605
316,16,332,0.6484375,0.90361446
319,9,328,0.640625,0.94512195
327,9,336,0.65625,0.94642857
333,3,336,0.65625,0.98214286
329,8,337,0.65820312,0.95252226
324,16,340,0.6640625,0.90588235
319,16,335,0.65429688,0.90447761
325,1,326,0.63671875,0.99386503
332,9,341,0.66601562,0.94721408
331,10,341,0.66601562,0.94134897
294,27,321,0.62695312,0.8317757
324,16,340,0.6640625,0.90588235
322,19,341,0.66601562,0.88856305
335,5,340,0.6640625,0.97058824
335,8,343,0.66992188,0.95335277
328,9,337,0.65820312,0.94658754
326,4,330,0.64453125,0.97575758
331,13,344,0.671875,0.9244186
329,14,343,0.66992188,0.91836735
332,12,344,0.671875,0.93023256
316,18,334,0.65234375,0.89221557
335,5,340,0.6640625,0.97058824
333,5,338,0.66015625,0.9704142
331,5,336,0.65625,0.9702381
333,9,342,0.66796875,0.94736842
336,8,344,0.671875,0.95348837
322,9,331,0.64648438,0.94561934
334,0,334,0.65234375,1
312,17,329,0.64257812,0.89665653
307,23,330,0.64453125,0.86060606
319,9,328,0.640625,0.94512195
305,36,341,0.66601562,0.7888563
309,30,339,0.66210938,0.82300885
330,0,330,0.64453125,1
289,40,329,0.64257812,0.75683891
283,47,330,0.64453125,0.71515152
324,20,344,0.671875,0.88372093
303,25,328,0.640625,0.84756098
307,20,327,0.63867188,0.87767584
259,69,328,0.640625,0.57926829
268,58,326,0.63671875,0.64417178
232,100,332,0.6484375,0.39759036
268,60,328,0.640625,0.63414634
227,104,331,0.64648438,0.37160121
229,94,323,0.63085938,0.41795666
213,111,324,0.6328125,0.31481481
245,82,327,0.63867188,0.49847095
260,76,336,0.65625,0.54761905
294,46,340,0.6640625,0.72941176
299,40,339,0.66210938,0.7640118
298,38,336,0.65625,0.77380952
252,70,322,0.62890625,0.56521739
285,45,330,0.64453125,0.72727273
346,5,351,0.68554688,0.97150997
317,9,326,0.63671875,0.94478528
346,6,352,0.6875,0.96590909
338,4,342,0.66796875,0.97660819
350,0,350,0.68359375,1
334,0,334,0.65234375,1
314,24,338,0.66015625,0.85798817
305,28,333,0.65039062,0.83183183
317,18,335,0.65429688,0.89253731
284,52,336,0.65625,0.69047619
324,15,339,0.66210938,0.91150442
295,31,326,0.63671875,0.80981595
299,35,334,0.65234375,0.79041916
325,13,338,0.66015625,0.92307692
284,47,331,0.64648438,0.71601208
311,21,332,0.6484375,0.87349398
303,18,321,0.62695312,0.88785047
338,3,341,0.66601562,0.98240469
334,7,341,0.66601562,0.95894428
321,27,348,0.6796875,0.84482759
280,53,333,0.65039062,0.68168168
248,70,318,0.62109375,0.55974843
267,67,334,0.65234375,0.5988024
284,41,325,0.63476562,0.74769231
275,53,328,0.640625,0.67682927
303,28,331,0.64648438,0.83081571
314,23,337,0.65820312,0.86350148
308,27,335,0.65429688,0.83880597
311,23,334,0.65234375,0.86227545
302,21,323,0.63085938,0.86996904
272,67,339,0.66210938,0.60471976
261,74,335,0.65429688,0.55820896
265,49,314,0.61328125,0.68789809
298,36,334,0.65234375,0.78443114
334,9,343,0.66992188,0.94752187
321,13,334,0.65234375,0.92215569
318,8,326,0.63671875,0.95092025
304,31,335,0.65429688,0.81492537
296,28,324,0.6328125,0.82716049
325,18,343,0.66992188,0.89504373
332,5,337,0.65820312,0.97032641
278,45,323,0.63085938,0.72136223
273,53,326,0.63671875,0.67484663
289,46,335,0.65429688,0.72537313
298,37,335,0.65429688,0.77910448
275,56,331,0.64648438,0.66163142
294,42,336,0.65625,0.75
257,64,321,0.62695312,0.60124611
309,24,333,0.65039062,0.85585586
315,14,329,0.64257812,0.91489362
336,9,345,0.67382812,0.94782609
330,1,331,0.64648438,0.9939577
329,6,335,0.65429688,0.9641791
323,17,340,0.6640625,0.9
321,20,341,0.66601562,0.88269795
303,31,334,0.65234375,0.81437126
314,28,342,0.66796875,0.83625731
328,11,339,0.66210938,0.93510324
323,13,336,0.65625,0.92261905
338,6,344,0.671875,0.96511628
318,12,330,0.64453125,0.92727273
332,0,332,0.6484375,1
333,7,340,0.6640625,0.95882353
330,1,331,0.64648438,0.9939577
336,5,341,0.66601562,0.97067449
335,0,335,0.65429688,1
319,12,331,0.64648438,0.92749245
339,0,339,0.66210938,1
335,3,338,0.66015625,0.98224852
330,16,346,0.67578125,0.90751445
341,1,342,0.66796875,0.99415205
319,4,323,0.63085938,0.9752322
331,7,338,0.66015625,0.95857988
334,13,347,0.67773438,0.92507205
336,14,350,0.68359375,0.92
333,8,341,0.66601562,0.95307918
328,5,333,0.65039062,0.96996997
315,13,328,0.640625,0.92073171
342,4,346,0.67578125,0.97687861
321,10,331,0.64648438,0.93957704
323,4,327,0.63867188,0.97553517
326,3,329,0.64257812,0.98176292
322,19,341,0.66601562,0.88856305
325,2,327,0.63867188,0.98776758
336,10,346,0.67578125,0.94219653
329,15,344,0.671875,0.9127907
275,57,332,0.6484375,0.65662651
312,18,330,0.64453125,0.89090909
299,30,329,0.64257812,0.81762918
331,16,347,0.67773438,0.90778098
336,3,339,0.66210938,0.98230088
335,3,338,0.66015625,0.98224852
311,25,336,0.65625,0.85119048
300,32,332,0.6484375,0.80722892
279,50,329,0.64257812,0.69604863
316,32,348,0.6796875,0.81609195
312,30,342,0.66796875,0.8245614
317,14,331,0.64648438,0.91540785
311,13,324,0.6328125,0.91975309
316,22,338,0.66015625,0.86982249
325,10,335,0.65429688,0.94029851
288,39,327,0.63867188,0.76146789
317,12,329,0.64257812,0.92705167
324,20,344,0.671875,0.88372093
324,8,332,0.6484375,0.95180723
319,12,331,0.64648438,0.92749245
334,5,339,0.66210938,0.97050147
323,11,334,0.65234375,0.93413174
292,20,312,0.609375,0.87179487
340,9,349,0.68164062,0.94842407
335,16,351,0.68554688,0.90883191
316,14,330,0.64453125,0.91515152
321,22,343,0.66992188,0.87172012
305,30,335,0.65429688,0.82089552
335,19,354,0.69140625,0.89265537
308,27,335,0.65429688,0.83880597
281,51,332,0.6484375,0.69277108
269,67,336,0.65625,0.60119048
215,108,323,0.63085938,0.33126935
218,103,321,0.62695312,0.35825545
238,102,340,0.6640625,0.4
214,111,325,0.63476562,0.31692308
252,81,333,0.65039062,0.51351351
279,58,337,0.65820312,0.65578635
293,38,331,0.64648438,0.77039275
288,41,329,0.64257812,0.75075988
293,36,329,0.64257812,0.78115502
344,0,344,0.671875,1
337,8,345,0.67382812,0.95362319
317,9,326,0.63671875,0.94478528
334,6,340,0.6640625,0.96470588
326,7,333,0.65039062,0.95795796
335,3,338,0.66015625,0.98224852
327,10,337,0.65820312,0.94065282
316,16,332,0.6484375,0.90361446
323,12,335,0.65429688,0.92835821
310,18,328,0.640625,0.8902439
278,54,332,0.6484375,0.6746988
278,45,323,0.63085938,0.72136223
261,60,321,0.62695312,0.62616822
257,76,333,0.65039062,0.54354354
282,50,332,0.6484375,0.69879518
265,56,321,0.62695312,0.65109034
245,75,320,0.625,0.53125
275,53,328,0.640625,0.67682927
279,58,337,0.65820312,0.65578635
206,121,327,0.63867188,0.25993884
247,82,329,0.64257812,0.50151976
219,106,325,0.63476562,0.34769231
235,89,324,0.6328125,0.45061728
287,35,322,0.62890625,0.7826087
332,1,333,0.65039062,0.99399399
340,9,349,0.68164062,0.94842407
334,8,342,0.66796875,0.95321637
314,13,327,0.63867188,0.9204893
323,8,331,0.64648438,0.95166163
337,5,342,0.66796875,0.97076023
327,17,344,0.671875,0.90116279
294,38,332,0.6484375,0.77108434
310,23,333,0.65039062,0.86186186
299,28,327,0.63867188,0.82874618
333,0,333,0.65039062,1
330,4,334,0.65234375,0.9760479
340,1,341,0.66601562,0.9941349
302,27,329,0.64257812,0.83586626
309,25,334,0.65234375,0.8502994
323,12,335,0.65429688,0.92835821
326,6,332,0.6484375,0.96385542
329,9,338,0.66015625,0.94674556
326,6,332,0.6484375,0.96385542
342,2,344,0.671875,0.98837209
311,13,324,0.6328125,0.91975309
329,9,338,0.66015625,0.94674556
330,18,348,0.6796875,0.89655172
346,0,346,0.67578125,1
327,7,334,0.65234375,0.95808383
333,5,338,0.66015625,0.9704142
298,19,317,0.61914062,0.88012618
309,16,325,0.63476562,0.90153846
320,17,337,0.65820312,0.89910979
294,26,320,0.625,0.8375
312,21,333,0.65039062,0.87387387
349,4,353,0.68945312,0.97733711
313,24,337,0.65820312,0.85756677
303,23,326,0.63671875,0.85889571
329,7,336,0.65625,0.95833333
324,7,331,0.64648438,0.95770393
334,19,353,0.68945312,0.89235127
329,6,335,0.65429688,0.9641791
303,31,334,0.65234375,0.81437126
260,72,332,0.6484375,0.56626506
276,53,329,0.64257812,0.67781155
308,32,340,0.6640625,0.81176471
313,18,331,0.64648438,0.89123867
329,7,336,0.65625,0.95833333
324,7,331,0.64648438,0.95770393
319,11,330,0.64453125,0.93333333
332,8,340,0.6640625,0.95294118
349,1,350,0.68359375,0.99428571
339,0,339,0.66210938,1
340,8,348,0.6796875,0.95402299
339,7,346,0.67578125,0.95953757
309,28,337,0.65820312,0.83382789
300,35,335,0.65429688,0.79104478
315,25,340,0.6640625,0.85294118
337,6,343,0.66992188,0.96501458
333,3,336,0.65625,0.98214286
331,8,339,0.66210938,0.95280236
339,11,350,0.68359375,0.93714286
318,21,339,0.66210938,0.87610619
303,27,330,0.64453125,0.83636364
309,25,334,0.65234375,0.8502994
337,1,338,0.66015625,0.99408284
331,11,342,0.66796875,0.93567251
322,8,330,0.64453125,0.95151515
314,18,332,0.6484375,0.89156627
326,10,336,0.65625,0.94047619
341,5,346,0.67578125,0.97109827
314,28,342,0.66796875,0.83625731
258,74,332,0.6484375,0.55421687
288,54,342,0.66796875,0.68421053
311,29,340,0.6640625,0.82941176
316,7,323,0.63085938,0.95665635
341,5,346,0.67578125,0.97109827
333,13,346,0.67578125,0.92485549
325,10,335,0.65429688,0.94029851
312,22,334,0.65234375,0.86826347
315,14,329,0.64257812,0.91489362
325,11,336,0.65625,0.93452381
326,6,332,0.6484375,0.96385542
307,29,336,0.65625,0.82738095
304,23,327,0.63867188,0.85932722
314,22,336,0.65625,0.86904762
348,0,348,0.6796875,1
330,2,332,0.6484375,0.98795181
328,12,340,0.6640625,0.92941176
333,8,341,0.66601562,0.95307918
298,36,334,0.65234375,0.78443114
303,23,326,0.63671875,0.85889571
342,0,342,0.66796875,1
338,10,348,0.6796875,0.94252874
319,8,327,0.63867188,0.95107034
329,10,339,0.66210938,0.94100295
319,10,329,0.64257812,0.93920973
324,13,337,0.65820312,0.92284866
326,15,341,0.66601562,0.91202346
307,34,341,0.66601562,0.80058651
326,1,327,0.63867188,0.99388379
312,26,338,0.66015625,0.84615385
292,37,329,0.64257812,0.77507599
252,59,311,0.60742188,0.62057878
241,80,321,0.62695312,0.50155763
223,113,336,0.65625,0.32738095
226,102,328,0.640625,0.37804878
225,110,335,0.65429688,0.34328358
263,71,334,0.65234375,0.5748503
280,54,334,0.65234375,0.67664671
275,49,324,0.6328125,0.69753086
270,63,333,0.65039062,0.62162162
321,15,336,0.65625,0.91071429
302,33,335,0.65429688,0.80298507
280,43,323,0.63085938,0.73374613
227,108,335,0.65429688,0.35522388
230,84,314,0.61328125,0.46496815
279,51,330,0.64453125,0.69090909
281,45,326,0.63671875,0.72392638
272,65,337,0.65820312,0.61424332
278,49,327,0.63867188,0.70030581
302,22,324,0.6328125,0.86419753
303,36,339,0.66210938,0.78761062
331,5,336,0.65625,0.9702381
327,4,331,0.64648438,0.97583082
320,23,343,0.66992188,0.86588921
330,14,344,0.671875,0.91860465
325,12,337,0.65820312,0.92878338
319,9,328,0.640625,0.94512195
316,18,334,0.65234375,0.89221557
296,24,320,0.625,0.85
281,47,328,0.640625,0.71341463
287,37,324,0.6328125,0.77160494
311,26,337,0.65820312,0.84569733
344,1,345,0.67382812,0.9942029
320,18,338,0.66015625,0.89349112
310,24,334,0.65234375,0.85628743
333,11,344,0.671875,0.93604651
319,4,323,0.63085938,0.9752322
319,7,326,0.63671875,0.95705521
324,13,337,0.65820312,0.92284866
348,0,348,0.6796875,1
335,2,337,0.65820312,0.98813056
337,2,339,0.66210938,0.98820059
336,5,341,0.66601562,0.97067449
287,36,323,0.63085938,0.77708978
293,36,329,0.64257812,0.78115502
306,25,331,0.64648438,0.8489426
310,16,326,0.63671875,0.90184049
346,2,348,0.6796875,0.98850575
342,0,342,0.66796875,1
318,14,332,0.6484375,0.91566265
326,21,347,0.67773438,0.87896254
315,26,341,0.66601562,0.84750733
292,31,323,0.63085938,0.80804954
330,6,336,0.65625,0.96428571
328,9,337,0.65820312,0.94658754
329,10,339,0.66210938,0.94100295
312,22,334,0.65234375,0.86826347
313,10,323,0.63085938,0.9380805
331,5,336,0.65625,0.9702381
328,13,341,0.66601562,0.92375367
321,12,333,0.65039062,0.92792793
332,16,348,0.6796875,0.90804598
324,10,334,0.65234375,0.94011976
342,0,342,0.66796875,1
331,11,342,0.66796875,0.93567251
336,0,336,0.65625,1
324,14,338,0.66015625,0.91715976
315,10,325,0.63476562,0.93846154
322,12,334,0.65234375,0.92814371
308,27,335,0.65429688,0.83880597
343,9,352,0.6875,0.94886364
332,8,340,0.6640625,0.95294118
343,4,347,0.67773438,0.97694524
310,27,337,0.65820312,0.83976261
293,36,329,0.64257812,0.78115502
321,11,332,0.6484375,0.93373494
323,12,335,0.65429688,0.92835821
311,11,322,0.62890625,0.93167702
327,11,338,0.66015625,0.93491124
307,39,346,0.67578125,0.77456647
310,20,330,0.64453125,0.87878788
342,0,342,0.66796875,1
334,7,341,0.66601562,0.95894428
343,3,346,0.67578125,0.98265896
285,33,318,0.62109375,0.79245283
303,22,325,0.63476562,0.86461538
323,22,345,0.67382812,0.87246377
281,48,329,0.64257812,0.70820669
256,69,325,0.63476562,0.57538462
278,57,335,0.65429688,0.65970149
247,75,322,0.62890625,0.53416149
236,83,319,0.62304688,0.47962382
269,73,342,0.66796875,0.57309942
272,53,325,0.63476562,0.67384615
298,43,341,0.66601562,0.74780059
312,22,334,0.65234375,0.86826347
316,16,332,0.6484375,0.90361446
313,25,338,0.66015625,0.85207101
289,53,342,0.66796875,0.69005848
266,55,321,0.62695312,0.65732087
298,34,332,0.6484375,0.79518072
295,25,320,0.625,0.84375
337,3,340,0.6640625,0.98235294
335,1,336,0.65625,0.99404762
313,10,323,0.63085938,0.9380805
314,11,325,0.63476562,0.93230769
336,2,338,0.66015625,0.98816568
323,2,325,0.63476562,0.98769231
311,15,326,0.63671875,0.90797546
321,19,340,0.6640625,0.88823529
340,0,340,0.6640625,1
321,3,324,0.6328125,0.98148148
334,5,339,0.66210938,0.97050147
300,37,337,0.65820312,0.78041543
316,20,336,0.65625,0.88095238
328,13,341,0.66601562,0.92375367
297,38,335,0.65429688,0.77313433
323,11,334,0.65234375,0.93413174
345,2,347,0.67773438,0.98847262
340,2,342,0.66796875,0.98830409
321,12,333,0.65039062,0.92792793
321,18,339,0.66210938,0.89380531
312,27,339,0.66210938,0.84070796
296,41,337,0.65820312,0.75667656
312,20,332,0.6484375,0.87951807
293,48,341,0.66601562,0.71847507
337,9,346,0.67578125,0.94797688
310,9,319,0.62304688,0.94357367
315,21,336,0.65625,0.875
309,12,321,0.62695312,0.92523364
309,25,334,0.65234375,0.8502994
340,1,341,0.66601562,0.9941349
327,11,338,0.66015625,0.93491124
305,18,323,0.63085938,0.88854489
305,27,332,0.6484375,0.8373494
254,67,321,0.62695312,0.58255452
284,56,340,0.6640625,0.67058824
271,58,329,0.64257812,0.64741641
265,63,328,0.640625,0.61585366
266,68,334,0.65234375,0.59281437
268,50,318,0.62109375,0.68553459
240,95,335,0.65429688,0.43283582
223,104,327,0.63867188,0.36391437
298,36,334,0.65234375,0.78443114
299,30,329,0.64257812,0.81762918
323,8,331,0.64648438,0.95166163
340,7,347,0.67773438,0.95965418
320,10,330,0.64453125,0.93939394
329,19,348,0.6796875,0.8908046
318,20,338,0.66015625,0.8816568
322,3,325,0.63476562,0.98153846
335,0,335,0.65429688,1
325,6,331,0.64648438,0.96374622
320,14,334,0.65234375,0.91616766
302,28,330,0.64453125,0.83030303
307,21,328,0.640625,0.87195122
330,14,344,0.671875,0.91860465
307,19,326,0.63671875,0.88343558
309,22,331,0.64648438,0.86706949
288,42,330,0.64453125,0.74545455
271,64,335,0.65429688,0.61791045
245,82,327,0.63867188,0.49847095
243,88,331,0.64648438,0.46827795
238,95,333,0.65039062,0.42942943
250,90,340,0.6640625,0.47058824
212,118,330,0.64453125,0.28484848
215,110,325,0.63476562,0.32307692
200,139,339,0.66210938,0.179941
161,160,321,0.62695312,0.0031152648
149,177,326,0.63671875,-0.085889571
152,175,327,0.63867188,-0.070336391
113,206,319,0.62304688,-0.29153605
92,230,322,0.62890625,-0.42857143
70,257,327,0.63867188,-0.57186544
143,192,335,0.65429688,-0.14626866
123,210,333,0.65039062,-0.26126126
111,215,326,0.63671875,-0.3190184
123,203,326,0.63671875,-0.24539877
78,258,336,0.65625,-0.53571429
59,275,334,0.65234375,-0.64670659
50,287,337,0.65820312,-0.70326409
57,266,323,0.63085938,-0.64705882
16,326,342,0.66796875,-0.90643275
8,321,329,0.64257812,-0.95136778
38,295,333,0.65039062,-0.77177177
10,353,363,0.70898438,-0.94490358
4,333,337,0.65820312,-0.97626113
3,335,338,0.66015625,-0.98224852
36,306,342,0.66796875,-0.78947368
37,302,339,0.66210938,-0.78171091
42,294,336,0.65625,-0.75
53,270,323,0.63085938,-0.67182663
37,294,331,0.64648438,-0.77643505
19,314,333,0.65039062,-0.88588589
13,317,330,0.64453125,-0.92121212
38,297,335,0.65429688,-0.77313433
21,320,341,0.66601562,-0.87683284
7,322,329,0.64257812,-0.95744681
10,324,334,0.65234375,-0.94011976
20,319,339,0.66210938,-0.8820059
17,318,335,0.65429688,-0.89850746
32,299,331,0.64648438,-0.80664653
24,321,345,0.67382812,-0.86086957
39,305,344,0.671875,-0.77325581
39,293,332,0.6484375,-0.76506024
30,308,338,0.66015625,-0.82248521
44,284,328,0.640625,-0.73170732
27,306,333,0.65039062,-0.83783784
19,326,345,0.67382812,-0.88985507
43,290,333,0.65039062,-0.74174174
59,276,335,0.65429688,-0.64776119
22,318,340,0.6640625,-0.87058824
20,311,331,0.64648438,-0.87915408
36,294,330,0.64453125,-0.78181818
16,317,333,0.65039062,-0.9039039
20,323,343,0.66992188,-0.88338192
5,332,337,0.65820312,-0.97032641
16,318,334,0.65234375,-0.90419162
5,324,329,0.64257812,-0.96960486
1,329,330,0.64453125,-0.99393939
14,327,341,0.66601562,-0.91788856
9,328,337,0.65820312,-0.94658754
10,328,338,0.66015625,-0.9408284
26,324,350,0.68359375,-0.85142857
14,323,337,0.65820312,-0.91691395
7,327,334,0.65234375,-0.95808383
1,334,335,0.65429688,-0.99402985
0,331,331,0.64648438,-1
29,312,341,0.66601562,-0.82991202
12,335,347,0.67773438,-0.93083573
45,289,334,0.65234375,-0.73053892
48,288,336,0.65625,-0.71428571
57,272,329,0.64257812,-0.65349544
42,299,341,0.66601562,-0.75366569
15,331,346,0.67578125,-0.9132948
17,327,344,0.671875,-0.90116279
2,342,344,0.671875,-0.98837209
9,336,345,0.67382812,-0.94782609
11,328,339,0.66210938,-0.93510324
1,331,332,0.6484375,-0.9939759
15,305,320,0.625,-0.90625
1,333,334,0.65234375,-0.99401198
8,328,336,0.65625,-0.95238095
15,320,335,0.65429688,-0.91044776
27,304,331,0.64648438,-0.83685801
63,269,332,0.6484375,-0.62048193
39,286,325,0.63476562,-0.76
48,288,336,0.65625,-0.71428571
14,309,323,0.63085938,-0.91331269
3,332,335,0.65429688,-0.98208955
29,305,334,0.65234375,-0.82634731
31,291,322,0.62890625,-0.80745342
23,290,313,0.61132812,-0.85303514
21,323,344,0.671875,-0.87790698
36,297,333,0.65039062,-0.78378378
10,328,338,0.66015625,-0.9408284
10,327,337,0.65820312,-0.94065282
36,292,328,0.640625,-0.7804878
68,274,342,0.66796875,-0.60233918
77,261,338,0.66015625,-0.5443787
52,293,345,0.67382812,-0.69855072
3,333,336,0.65625,-0.98214286
8,322,330,0.64453125,-0.95151515
9,325,334,0.65234375,-0.94610778
6,347,353,0.68945312,-0.96600567
11,311,322,0.62890625,-0.93167702
5,328,333,0.65039062,-0.96996997
9,327,336,0.65625,-0.94642857
3,339,342,0.66796875,-0.98245614
5,335,340,0.6640625,-0.97058824
12,311,323,0.63085938,-0.92569659
15,326,341,0.66601562,-0.91202346
10,318,328,0.640625,-0.93902439
7,332,339,0.66210938,-0.95870206
6,334,340,0.6640625,-0.96470588
3,331,334,0.65234375,-0.98203593
5,344,349,0.68164062,-0.9713467
17,320,337,0.65820312,-0.89910979
0,338,338,0.66015625,-1
3,332,335,0.65429688,-0.98208955
1,334,335,0.65429688,-0.99402985
8,332,340,0.6640625,-0.95294118
17,304,321,0.62695312,-0.894081
24,311,335,0.65429688,-0.85671642
19,312,331,0.64648438,-0.88519637
13,315,328,0.640625,-0.92073171
17,322,339,0.66210938,-0.89970501
34,305,339,0.66210938,-0.79941003
22,317,339,0.66210938,-0.87020649
25,300,325,0.63476562,-0.84615385
8,340,348,0.6796875,-0.95402299
4,336,340,0.6640625,-0.97647059
13,314,327,0.63867188,-0.9204893
0,341,341,0.66601562,-1
3,340,343,0.66992188,-0.98250729
2,324,326,0.63671875,-0.98773006
14,318,332,0.6484375,-0.91566265
2,333,335,0.65429688,-0.9880597
8,332,340,0.6640625,-0.95294118
48,278,326,0.63671875,-0.70552147
25,302,327,0.63867188,-0.8470948
5,347,352,0.6875,-0.97159091
16,315,331,0.64648438,-0.90332326
16,312,328,0.640625,-0.90243902
8,336,344,0.671875,-0.95348837
5,323,328,0.640625,-0.9695122
6,321,327,0.63867188,-0.96330275
2,326,328,0.640625,-0.98780488
3,327,330,0.64453125,-0.98181818
26,311,337,0.65820312,-0.84569733
23,317,340,0.6640625,-0.86470588
33,296,329,0.64257812,-0.7993921
22,315,337,0.65820312,-0.8694362
23,328,351,0.68554688,-0.86894587
13,321,334,0.65234375,-0.92215569
25,312,337,0.65820312,-0.85163205
16,318,334,0.65234375,-0.90419162
2,322,324,0.6328125,-0.98765432
8,343,351,0.68554688,-0.95441595
1,333,334,0.65234375,-0.99401198
5,333,338,0.66015625,-0.9704142
9,328,337,0.65820312,-0.94658754
20,313,333,0.65039062,-0.87987988
4,342,346,0.67578125,-0.97687861
3,331,334,0.65234375,-0.98203593
9,327,336,0.65625,-0.94642857
12,329,341,0.66601562,-0.92961877
31,309,340,0.6640625,-0.81764706
26,312,338,0.66015625,-0.84615385
18,308,326,0.63671875,-0.88957055
35,284,319,0.62304688,-0.78056426
57,293,350,0.68359375,-0.67428571
42,277,319,0.62304688,-0.73667712
56,273,329,0.64257812,-0.65957447
45,294,339,0.66210938,-0.73451327
11,328,339,0.66210938,-0.93510324
7,328,335,0.65429688,-0.95820896
17,310,327,0.63867188,-0.89602446
21,310,331,0.64648438,-0.87311178
8,344,352,0.6875,-0.95454545
9,323,332,0.6484375,-0.94578313
18,315,333,0.65039062,-0.89189189
8,333,341,0.66601562,-0.95307918
27,313,340,0.6640625,-0.84117647
19,320,339,0.66210938,-0.8879056
40,302,342,0.66796875,-0.76608187
32,308,340,0.6640625,-0.81176471
29,302,331,0.64648438,-0.82477341
35,288,323,0.63085938,-0.78328173
35,301,336,0.65625,-0.79166667
17,318,335,0.65429688,-0.89850746
27,299,326,0.63671875,-0.83435583
22,323,345,0.67382812,-0.87246377
27,311,338,0.66015625,-0.84023669
13,315,328,0.640625,-0.92073171
19,331,350,0.68359375,-0.89142857
13,318,331,0.64648438,-0.92145015
34,308,342,0.66796875,-0.80116959
11,318,329,0.64257812,-0.9331307
23,311,334,0.65234375,-0.86227545
56,277,333,0.65039062,-0.66366366
22,309,331,0.64648438,-0.86706949
7,338,345,0.67382812,-0.95942029
54,275,329,0.64257812,-0.67173252
18,314,332,0.6484375,-0.89156627
9,318,327,0.63867188,-0.94495413
14,310,324,0.6328125,-0.91358025
59,273,332,0.6484375,-0.64457831
76,263,339,0.66210938,-0.55162242
80,251,331,0.64648438,-0.51661631
95,240,335,0.65429688,-0.43283582
62,271,333,0.65039062,-0.62762763
46,290,336,0.65625,-0.72619048
42,286,328,0.640625,-0.74390244
18,318,336,0.65625,-0.89285714
12,315,327,0.63867188,-0.9266055
20,313,333,0.65039062,-0.87987988
6,344,350,0.68359375,-0.96571429
3,333,336,0.65625,-0.98214286
21,317,338,0.66015625,-0.87573964
12,309,321,0.62695312,-0.92523364
22,306,328,0.640625,-0.86585366
23,307,330,0.64453125,-0.86060606
7,331,338,0.66015625,-0.95857988
15,326,341,0.66601562,-0.91202346
12,324,336,0.65625,-0.92857143
1,330,331,0.64648438,-0.9939577
8,336,344,0.671875,-0.95348837
5,342,347,0.67773438,-0.97118156
6,320,326,0.63671875,-0.96319018
14,312,326,0.63671875,-0.91411043
17,308,325,0.63476562,-0.89538462
29,300,329,0.64257812,-0.82370821
2,344,346,0.67578125,-0.98843931
12,321,333,0.65039062,-0.92792793
19,323,342,0.66796875,-0.88888889
23,304,327,0.63867188,-0.85932722
67,272,339,0.66210938,-0.60471976
41,284,325,0.63476562,-0.74769231
40,275,315,0.61523438,-0.74603175
21,321,342,0.66796875,-0.87719298
22,319,341,0.66601562,-0.87096774
36,284,320,0.625,-0.775
9,327,336,0.65625,-0.94642857
6,335,341,0.66601562,-0.96480938
12,318,330,0.64453125,-0.92727273
11,334,345,0.67382812,-0.93623188
22,323,345,0.67382812,-0.87246377
13,317,330,0.64453125,-0.92121212
9,322,331,0.64648438,-0.94561934
11,320,331,0.64648438,-0.93353474
9,325,334,0.65234375,-0.94610778
0,339,339,0.66210938,-1
10,325,335,0.65429688,-0.94029851
4,331,335,0.65429688,-0.9761194
14,326,340,0.6640625,-0.91764706
26,303,329,0.64257812,-0.84194529
21,312,333,0.65039062,-0.87387387
17,311,328,0.640625,-0.89634146
16,315,331,0.64648438,-0.90332326
32,315,347,0.67773438,-0.81556196
20,317,337,0.65820312,-0.88130564
29,309,338,0.66015625,-0.82840237
14,329,343,0.66992188,-0.91836735
11,332,343,0.66992188,-0.93586006
32,297,329,0.64257812,-0.80547112
38,289,327,0.63867188,-0.7675841
27,309,336,0.65625,-0.83928571
37,286,323,0.63085938,-0.77089783
57,263,320,0.625,-0.64375
41,278,319,0.62304688,-0.74294671
57,274,331,0.64648438,-0.65558912
26,316,342,0.66796875,-0.84795322
14,322,336,0.65625,-0.91666667
3,337,340,0.6640625,-0.98235294
27,309,336,0.65625,-0.83928571
2,334,336,0.65625,-0.98809524
6,335,341,0.66601562,-0.96480938
1,337,338,0.66015625,-0.99408284
11,320,331,0.64648438,-0.93353474
11,330,341,0.66601562,-0.93548387
9,322,331,0.64648438,-0.94561934
4,326,330,0.64453125,-0.97575758
14,318,332,0.6484375,-0.91566265
39,286,325,0.63476562,-0.76
47,276,323,0.63085938,-0.70897833
70,251,321,0.62695312,-0.56386293
39,298,337,0.65820312,-0.76854599
43,296,339,0.66210938,-0.74631268
43,290,333,0.65039062,-0.74174174
33,306,339,0.66210938,-0.80530973
43,277,320,0.625,-0.73125
8,337,345,0.67382812,-0.95362319
6,334,340,0.6640625,-0.96470588
12,325,337,0.65820312,-0.92878338
10,337,347,0.67773438,-0.94236311
2,342,344,0.671875,-0.98837209
13,311,324,0.6328125,-0.91975309
11,325,336,0.65625,-0.93452381
24,316,340,0.6640625,-0.85882353
10,318,328,0.640625,-0.93902439
5,335,340,0.6640625,-0.97058824
21,324,345,0.67382812,-0.87826087
21,300,321,0.62695312,-0.86915888
33,293,326,0.63671875,-0.79754601
28,302,330,0.64453125,-0.83030303
18,311,329,0.64257812,-0.89057751
9,328,337,0.65820312,-0.94658754
9,325,334,0.65234375,-0.94610778
26,303,329,0.64257812,-0.84194529
28,303,331,0.64648438,-0.83081571
27,312,339,0.66210938,-0.84070796
8,319,327,0.63867188,-0.95107034
13,324,337,0.65820312,-0.92284866
13,322,335,0.65429688,-0.92238806
6,318,324,0.6328125,-0.96296296
18,310,328,0.640625,-0.8902439
8,334,342,0.66796875,-0.95321637
5,326,331,0.64648438,-0.96978852
17,329,346,0.67578125,-0.9017341
23,316,339,0.66210938,-0.86430678
44,288,332,0.6484375,-0.73493976
20,319,339,0.66210938,-0.8820059
8,338,346,0.67578125,-0.95375723
11,316,327,0.63867188,-0.93272171
28,303,331,0.64648438,-0.83081571
52,286,338,0.66015625,-0.69230769
11,324,335,0.65429688,-0.93432836
4,335,339,0.66210938,-0.97640118
5,337,342,0.66796875,-0.97076023
1,342,343,0.66992188,-0.9941691
5,329,334,0.65234375,-0.97005988
41,300,341,0.66601562,-0.75953079
7,326,333,0.65039062,-0.95795796
27,305,332,0.6484375,-0.8373494
76,261,337,0.65820312,-0.54896142
52,289,341,0.66601562,-0.69501466
42,300,342,0.66796875,-0.75438596
10,332,342,0.66796875,-0.94152047
2,331,333,0.65039062,-0.98798799
48,273,321,0.62695312,-0.70093458
54,269,323,0.63085938,-0.66563467
80,262,342,0.66796875,-0.53216374
115,223,338,0.66015625,-0.31952663
111,214,325,0.63476562,-0.31692308
69,264,333,0.65039062,-0.58558559
42,295,337,0.65820312,-0.75074184
35,305,340,0.6640625,-0.79411765
30,303,333,0.65039062,-0.81981982
26,292,318,0.62109375,-0.83647799
22,311,333,0.65039062,-0.86786787
31,309,340,0.6640625,-0.81764706
21,305,326,0.63671875,-0.87116564
32,308,340,0.6640625,-0.81176471
18,312,330,0.64453125,-0.89090909
11,319,330,0.64453125,-0.93333333
6,344,350,0.68359375,-0.96571429
1,345,346,0.67578125,-0.99421965
3,340,343,0.66992188,-0.98250729
14,313,327,0.63867188,-0.91437309
11,321,332,0.6484375,-0.93373494
4,333,337,0.65820312,-0.97626113
11,324,335,0.65429688,-0.93432836
35,289,324,0.6328125,-0.78395062
32,315,347,0.67773438,-0.81556196
3,333,336,0.65625,-0.98214286
15,325,340,0.6640625,-0.91176471
16,315,331,0.64648438,-0.90332326
48,281,329,0.64257812,-0.70820669
57,272,329,0.64257812,-0.65349544
27,305,332,0.6484375,-0.8373494
21,317,338,0.66015625,-0.87573964
0,347,347,0.67773438,-1
1,325,326,0.63671875,-0.99386503
7,337,344,0.671875,-0.95930233
11,319,330,0.64453125,-0.93333333
14,318,332,0.6484375,-0.91566265
13,316,329,0.64257812,-0.92097264
1,332,333,0.65039062,-0.99399399
4,338,342,0.66796875,-0.97660819
7,331,338,0.66015625,-0.95857988
13,329,342,0.66796875,-0.92397661
0,344,344,0.671875,-1
4,323,327,0.63867188,-0.97553517
26,311,337,0.65820312,-0.84569733
43,287,330,0.64453125,-0.73939394
41,281,322,0.62890625,-0.74534161
38,297,335,0.65429688,-0.77313433
17,329,346,0.67578125,-0.9017341
7,336,343,0.66992188,-0.95918367
13,331,344,0.671875,-0.9244186
15,319,334,0.65234375,-0.91017964
21,322,343,0.66992188,-0.87755102
6,326,332,0.6484375,-0.96385542
20,310,330,0.64453125,-0.87878788
18,314,332,0.6484375,-0.89156627
30,299,329,0.64257812,-0.81762918
11,337,348,0.6796875,-0.93678161
8,331,339,0.66210938,-0.95280236
12,344,356,0.6953125,-0.93258427
22,313,335,0.65429688,-0.86865672
20,314,334,0.65234375,-0.88023952
14,329,343,0.66992188,-0.91836735
11,324,335,0.65429688,-0.93432836
3,332,335,0.65429688,-0.98208955
15,313,328,0.640625,-0.90853659
10,323,333,0.65039062,-0.93993994
22,317,339,0.66210938,-0.87020649
4,331,335,0.65429688,-0.9761194
15,314,329,0.64257812,-0.90881459
27,306,333,0.65039062,-0.83783784
52,263,315,0.61523438,-0.66984127
17,327,344,0.671875,-0.90116279
46,285,331,0.64648438,-0.72205438
35,307,342,0.66796875,-0.79532164
42,293,335,0.65429688,-0.74925373
18,320,338,0.66015625,-0.89349112
7,319,326,0.63671875,-0.95705521
34,293,327,0.63867188,-0.79204893
45,293,338,0.66015625,-0.73372781
31,298,329,0.64257812,-0.81155015
19,315,334,0.65234375,-0.88622754
15,319,334,0.65234375,-0.91017964
1,337,338,0.66015625,-0.99408284
22,311,333,0.65039062,-0.86786787
0,338,338,0.66015625,-1
8,327,335,0.65429688,-0.95223881
8,332,340,0.6640625,-0.95294118
1,335,336,0.65625,-0.99404762
6,328,334,0.65234375,-0.96407186
13,321,334,0.65234375,-0.92215569
2,334,336,0.65625,-0.98809524
5,329,334,0.65234375,-0.97005988
4,326,330,0.64453125,-0.97575758
22,325,347,0.67773438,-0.87319885
29,305,334,0.65234375,-0.82634731
18,314,332,0.6484375,-0.89156627
14,320,334,0.65234375,-0.91616766
8,320,328,0.640625,-0.95121951
16,325,341,0.66601562,-0.90615836
15,317,332,0.6484375,-0.90963855
4,331,335,0.65429688,-0.9761194
16,308,324,0.6328125,-0.90123457
9,309,318,0.62109375,-0.94339623
16,316,332,0.6484375,-0.90361446
20,321,341,0.66601562,-0.88269795
31,314,345,0.67382812,-0.82028986
34,293,327,0.63867188,-0.79204893
20,306,326,0.63671875,-0.87730061
5,333,338,0.66015625,-0.9704142
2,341,343,0.66992188,-0.98833819
5,337,342,0.66796875,-0.97076023
19,318,337,0.65820312,-0.88724036
15,311,326,0.63671875,-0.90797546
5,329,334,0.65234375,-0.97005988
22,304,326,0.63671875,-0.86503067
38,300,338,0.66015625,-0.77514793
27,297,324,0.6328125,-0.83333333
8,348,356,0.6953125,-0.95505618
5,337,342,0.66796875,-0.97076023
19,322,341,0.66601562,-0.88856305
23,307,330,0.64453125,-0.86060606
23,317,340,0.6640625,-0.86470588
26,303,329,0.64257812,-0.84194529
1,333,334,0.65234375,-0.99401198
11,327,338,0.66015625,-0.93491124
32,298,330,0.64453125,-0.80606061
10,313,323,0.63085938,-0.9380805
5,328,333,0.65039062,-0.96996997
7,333,340,0.6640625,-0.95882353
26,300,326,0.63671875,-0.8404908
17,311,328,0.640625,-0.89634146
18,322,340,0.6640625,-0.89411765
2,340,342,0.66796875,-0.98830409
24,323,347,0.67773438,-0.86167147
8,319,327,0.63867188,-0.95107034
26,308,334,0.65234375,-0.84431138
59,270,329,0.64257812,-0.64133739
77,243,320,0.625,-0.51875
24,311,335,0.65429688,-0.85671642
5,327,332,0.6484375,-0.96987952
33,297,330,0.64453125,-0.8
47,282,329,0.64257812,-0.71428571
93,239,332,0.6484375,-0.43975904
39,283,322,0.62890625,-0.75776398
68,258,326,0.63671875,-0.58282209
60,279,339,0.66210938,-0.6460177
66,263,329,0.64257812,-0.59878419
42,297,339,0.66210938,-0.75221239
55,282,337,0.65820312,-0.6735905
49,301,350,0.68359375,-0.72
24,311,335,0.65429688,-0.85671642
38,294,332,0.6484375,-0.77108434
40,295,335,0.65429688,-0.76119403
22,309,331,0.64648438,-0.86706949
18,322,340,0.6640625,-0.89411765
11,332,343,0.66992188,-0.93586006
25,312,337,0.65820312,-0.85163205
23,322,345,0.67382812,-0.86666667
51,288,339,0.66210938,-0.69911504
51,270,321,0.62695312,-0.68224299
23,320,343,0.66992188,-0.86588921
5,322,327,0.63867188,-0.96941896
33,296,329,0.64257812,-0.7993921
50,298,348,0.6796875,-0.71264368
25,313,338,0.66015625,-0.85207101
16,308,324,0.6328125,-0.90123457
11,339,350,0.68359375,-0.93714286
7,330,337,0.65820312,-0.95845697
11,343,354,0.69140625,-0.93785311
21,310,331,0.64648438,-0.87311178
14,321,335,0.65429688,-0.91641791
29,310,339,0.66210938,-0.82890855
15,325,340,0.6640625,-0.91176471
13,323,336,0.65625,-0.92261905
23,315,338,0.66015625,-0.86390533
13,333,346,0.67578125,-0.92485549
19,300,319,0.62304688,-0.88087774
26,306,332,0.6484375,-0.84337349
54,272,326,0.63671875,-0.66871166
59,265,324,0.6328125,-0.63580247
73,253,326,0.63671875,-0.55214724
113,223,336,0.65625,-0.32738095
96,232,328,0.640625,-0.41463415
73,255,328,0.640625,-0.55487805
99,213,312,0.609375,-0.36538462
84,247,331,0.64648438,-0.49244713
52,266,318,0.62109375,-0.67295597
40,280,320,0.625,-0.75
37,300,337,0.65820312,-0.78041543
13,327,340,0.6640625,-0.92352941
7,327,334,0.65234375,-0.95808383
22,301,323,0.63085938,-0.86377709
40,302,342,0.66796875,-0.76608187
36,305,341,0.66601562,-0.7888563
18,309,327,0.63867188,-0.88990826
21,318,339,0.66210938,-0.87610619
13,316,329,0.64257812,-0.92097264
17,326,343,0.66992188,-0.90087464
8,329,337,0.65820312,-0.95252226
25,313,338,0.66015625,-0.85207101
25,322,347,0.67773438,-0.85590778
13,321,334,0.65234375,-0.92215569
8,321,329,0.64257812,-0.95136778
3,355,358,0.69921875,-0.98324022
18,326,344,0.671875,-0.89534884
10,313,323,0.63085938,-0.9380805
11,308,319,0.62304688,-0.93103448
5,343,348,0.6796875,-0.97126437
10,331,341,0.66601562,-0.94134897
6,326,332,0.6484375,-0.96385542
13,317,330,0.64453125,-0.92121212
0,336,336,0.65625,-1
0,341,341,0.66601562,-1
8,333,341,0.66601562,-0.95307918
13,318,331,0.64648438,-0.92145015
29,316,345,0.67382812,-0.83188406
14,329,343,0.66992188,-0.91836735
47,296,343,0.66992188,-0.72594752
43,293,336,0.65625,-0.74404762
67,265,332,0.6484375,-0.59638554
58,277,335,0.65429688,-0.65373134
60,265,325,0.63476562,-0.63076923
98,240,338,0.66015625,-0.42011834
111,226,337,0.65820312,-0.34124629
107,220,327,0.63867188,-0.34556575
117,214,331,0.64648438,-0.29305136
117,215,332,0.6484375,-0.29518072
64,263,327,0.63867188,-0.60856269
44,285,329,0.64257812,-0.7325228
17,319,336,0.65625,-0.89880952
26,314,340,0.6640625,-0.84705882
4,349,353,0.68945312,-0.97733711
1,333,334,0.65234375,-0.99401198
10,328,338,0.66015625,-0.9408284
9,321,330,0.64453125,-0.94545455
37,282,319,0.62304688,-0.76802508
31,297,328,0.640625,-0.81097561
10,313,323,0.63085938,-0.9380805
2,343,345,0.67382812,-0.9884058
9,330,339,0.66210938,-0.94690265
14,330,344,0.671875,-0.91860465
20,319,339,0.66210938,-0.8820059
21,309,330,0.64453125,-0.87272727
9,332,341,0.66601562,-0.94721408
0,349,349,0.68164062,-1
6,335,341,0.66601562,-0.96480938
19,313,332,0.6484375,-0.88554217
30,306,336,0.65625,-0.82142857
8,328,336,0.65625,-0.95238095
2,340,342,0.66796875,-0.98830409
6,324,330,0.64453125,-0.96363636
12,333,345,0.67382812,-0.93043478
12,318,330,0.64453125,-0.92727273
21,316,337,0.65820312,-0.87537092
11,324,335,0.65429688,-0.93432836
12,307,319,0.62304688,-0.92476489
29,311,340,0.6640625,-0.82941176
16,320,336,0.65625,-0.9047619
19,325,344,0.671875,-0.88953488
8,331,339,0.66210938,-0.95280236
5,336,341,0.66601562,-0.97067449
5,321,326,0.63671875,-0.96932515
7,332,339,0.66210938,-0.95870206
5,330,335,0.65429688,-0.97014925
2,337,339,0.66210938,-0.98820059
0,337,337,0.65820312,-1
8,332,340,0.6640625,-0.95294118
12,330,342,0.66796875,-0.92982456
30,308,338,0.66015625,-0.82248521
17,314,331,0.64648438,-0.89728097
11,334,345,0.67382812,-0.93623188
11,317,328,0.640625,-0.93292683
16,322,338,0.66015625,-0.90532544
9,334,343,0.66992188,-0.94752187
30,306,336,0.65625,-0.82142857
38,289,327,0.63867188,-0.7675841
27,309,336,0.65625,-0.83928571
21,322,343,0.66992188,-0.87755102
19,310,329,0.64257812,-0.88449848
16,324,340,0.6640625,-0.90588235
17,325,342,0.66796875,-0.9005848
31,305,336,0.65625,-0.81547619
18,321,339,0.66210938,-0.89380531
20,325,345,0.67382812,-0.88405797
26,303,329,0.64257812,-0.84194529
8,314,322,0.62890625,-0.95031056
15,320,335,0.65429688,-0.91044776
20,325,345,0.67382812,-0.88405797
10,331,341,0.66601562,-0.94134897
13,324,337,0.65820312,-0.92284866
16,316,332,0.6484375,-0.90361446
8,341,349,0.68164062,-0.95415473
2,336,338,0.66015625,-0.98816568
15,324,339,0.66210938,-0.91150442
27,297,324,0.6328125,-0.83333333
30,296,326,0.63671875,-0.81595092
46,277,323,0.63085938,-0.71517028
43,293,336,0.65625,-0.74404762
25,307,332,0.6484375,-0.84939759
21,321,342,0.66796875,-0.87719298
11,328,339,0.66210938,-0.93510324
16,307,323,0.63085938,-0.90092879
19,316,335,0.65429688,-0.88656716
17,305,322,0.62890625,-0.89440994
50,286,336,0.65625,-0.70238095
58,263,321,0.62695312,-0.63862928
70,249,319,0.62304688,-0.56112853
73,255,328,0.640625,-0.55487805
71,261,332,0.6484375,-0.57228916
77,240,317,0.61914062,-0.51419558
32,304,336,0.65625,-0.80952381
34,297,331,0.64648438,-0.79456193
13,334,347,0.67773438,-0.92507205
19,310,329,0.64257812,-0.88449848
33,288,321,0.62695312,-0.79439252
20,313,333,0.65039062,-0.87987988
26,316,342,0.66796875,-0.84795322
11,319,330,0.64453125,-0.93333333
2,345,347,0.67773438,-0.98847262
14,311,325,0.63476562,-0.91384615
22,317,339,0.66210938,-0.87020649
14,332,346,0.67578125,-0.91907514
7,332,339,0.66210938,-0.95870206
10,328,338,0.66015625,-0.9408284
5,327,332,0.6484375,-0.96987952
9,337,346,0.67578125,-0.94797688
32,304,336,0.65625,-0.80952381
60,272,332,0.6484375,-0.63855422
54,276,330,0.64453125,-0.67272727
46,297,343,0.66992188,-0.73177843
32,298,330,0.64453125,-0.80606061
41,297,338,0.66015625,-0.75739645
58,272,330,0.64453125,-0.64848485
45,291,336,0.65625,-0.73214286
28,298,326,0.63671875,-0.82822086
1,337,338,0.66015625,-0.99408284
8,327,335,0.65429688,-0.95223881
41,293,334,0.65234375,-0.75449102
23,300,323,0.63085938,-0.85758514
0,347,347,0.67773438,-1
7,333,340,0.6640625,-0.95882353
0,344,344,0.671875,-1
8,331,339,0.66210938,-0.95280236
27,308,335,0.65429688,-0.83880597
65,271,336,0.65625,-0.61309524
64,257,321,0.62695312,-0.60124611
19,323,342,0.66796875,-0.88888889
3,335,338,0.66015625,-0.98224852
44,296,340,0.6640625,-0.74117647
23,299,322,0.62890625,-0.85714286
20,317,337,0.65820312,-0.88130564
13,320,333,0.65039062,-0.92192192
0,342,342,0.66796875,-1
27,301,328,0.640625,-0.83536585
19,314,333,0.65039062,-0.88588589
14,322,336,0.65625,-0.91666667
11,322,333,0.65039062,-0.93393393
20,309,329,0.64257812,-0.87841945
11,326,337,0.65820312,-0.9347181
4,332,336,0.65625,-0.97619048
6,344,350,0.68359375,-0.96571429
4,335,339,0.66210938,-0.97640118
0,339,339,0.66210938,-1
4,344,348,0.6796875,-0.97701149
31,301,332,0.6484375,-0.81325301
21,313,334,0.65234375,-0.8742515
4,325,329,0.64257812,-0.97568389
7,337,344,0.671875,-0.95930233
13,328,341,0.66601562,-0.92375367
0,331,331,0.64648438,-1
4,329,333,0.65039062,-0.97597598
25,314,339,0.66210938,-0.85250737
7,327,334,0.65234375,-0.95808383
9,333,342,0.66796875,-0.94736842
7,325,332,0.6484375,-0.95783133
6,335,341,0.66601562,-0.96480938
22,302,324,0.6328125,-0.86419753
0,337,337,0.65820312,-1
8,324,332,0.6484375,-0.95180723
22,309,331,0.64648438,-0.86706949
1,350,351,0.68554688,-0.99430199
8,329,337,0.65820312,-0.95252226
58,267,325,0.63476562,-0.64307692
64,266,330,0.64453125,-0.61212121
73,249,322,0.62890625,-0.54658385
74,267,341,0.66601562,-0.5659824
57,271,328,0.640625,-0.65243902
39,293,332,0.6484375,-0.76506024
46,292,338,0.66015625,-0.72781065
41,290,331,0.64648438,-0.75226586
15,320,335,0.65429688,-0.91044776
6,340,346,0.67578125,-0.96531792
17,308,325,0.63476562,-0.89538462
6,338,344,0.671875,-0.96511628
3,331,334,0.65234375,-0.98203593
9,327,336,0.65625,-0.94642857
9,337,346,0.67578125,-0.94797688
10,336,346,0.67578125,-0.94219653
24,310,334,0.65234375,-0.85628743
17,317,334,0.65234375,-0.89820359
8,330,338,0.66015625,-0.95266272
7,336,343,0.66992188,-0.95918367
7,334,341,0.66601562,-0.95894428
2,339,341,0.66601562,-0.98826979
21,309,330,0.64453125,-0.87272727
17,314,331,0.64648438,-0.89728097
32,305,337,0.65820312,-0.81008902
19,327,346,0.67578125,-0.89017341
15,319,334,0.65234375,-0.91017964
2,349,351,0.68554688,-0.98860399
9,329,338,0.66015625,-0.94674556
1,343,344,0.671875,-0.99418605
5,328,333,0.65039062,-0.96996997
13,317,330,0.64453125,-0.92121212
2,359,361,0.70507812,-0.98891967
0,335,335,0.65429688,-1
10,317,327,0.63867188,-0.93883792
20,316,336,0.65625,-0.88095238
10,317,327,0.63867188,-0.93883792
19,329,348,0.6796875,-0.8908046
31,309,340,0.6640625,-0.81764706
23,305,328,0.640625,-0.8597561
27,318,345,0.67382812,-0.84347826
41,301,342,0.66796875,-0.76023392
22,312,334,0.65234375,-0.86826347
10,330,340,0.6640625,-0.94117647
75,252,327,0.63867188,-0.5412844
85,249,334,0.65234375,-0.49101796
62,273,335,0.65429688,-0.62985075
36,300,336,0.65625,-0.78571429
43,287,330,0.64453125,-0.73939394
79,246,325,0.63476562,-0.51384615
94,235,329,0.64257812,-0.42857143
42,284,326,0.63671875,-0.74233129
31,306,337,0.65820312,-0.81602374
32,302,334,0.65234375,-0.80838323
50,285,335,0.65429688,-0.70149254
34,305,339,0.66210938,-0.79941003
24,306,330,0.64453125,-0.85454545
17,315,332,0.6484375,-0.89759036
22,314,336,0.65625,-0.86904762
20,316,336,0.65625,-0.88095238
6,341,347,0.67773438,-0.96541787
27,316,343,0.66992188,-0.8425656
26,302,328,0.640625,-0.84146341
18,317,335,0.65429688,-0.89253731
9,327,336,0.65625,-0.94642857
7,311,318,0.62109375,-0.95597484
7,323,330,0.64453125,-0.95757576
30,301,331,0.64648438,-0.81873112
28,308,336,0.65625,-0.83333333
38,283,321,0.62695312,-0.76323988
43,277,320,0.625,-0.73125
58,262,320,0.625,-0.6375
57,283,340,0.6640625,-0.66470588
70,251,321,0.62695312,-0.56386293
62,264,326,0.63671875,-0.6196319
41,289,330,0.64453125,-0.75151515
59,264,323,0.63085938,-0.63467492
48,286,334,0.65234375,-0.71257485
64,261,325,0.63476562,-0.60615385
33,296,329,0.64257812,-0.7993921
55,270,325,0.63476562,-0.66153846
61,273,334,0.65234375,-0.63473054
30,308,338,0.66015625,-0.82248521
16,329,345,0.67382812,-0.90724638
6,341,347,0.67773438,-0.96541787
12,330,342,0.66796875,-0.92982456
12,320,332,0.6484375,-0.92771084
29,312,341,0.66601562,-0.82991202
28,294,322,0.62890625,-0.82608696
31,295,326,0.63671875,-0.80981595
20,319,339,0.66210938,-0.8820059
15,317,332,0.6484375,-0.90963855
12,327,339,0.66210938,-0.92920354
9,318,327,0.63867188,-0.94495413
12,328,340,0.6640625,-0.92941176
35,309,344,0.671875,-0.79651163
31,313,344,0.671875,-0.81976744
9,319,328,0.640625,-0.94512195
7,330,337,0.65820312,-0.95845697
25,309,334,0.65234375,-0.8502994
32,305,337,0.65820312,-0.81008902
33,303,336,0.65625,-0.80357143
10,325,335,0.65429688,-0.94029851
20,314,334,0.65234375,-0.88023952
16,305,321,0.62695312,-0.90031153
11,327,338,0.66015625,-0.93491124
8,317,325,0.63476562,-0.95076923
0,334,334,0.65234375,-1
21,300,321,0.62695312,-0.86915888
34,299,333,0.65039062,-0.7957958
6,329,335,0.65429688,-0.9641791
4,325,329,0.64257812,-0.97568389
8,317,325,0.63476562,-0.95076923
33,301,334,0.65234375,-0.80239521
28,308,336,0.65625,-0.83333333
15,311,326,0.63671875,-0.90797546
12,318,330,0.64453125,-0.92727273
19,323,342,0.66796875,-0.88888889
14,318,332,0.6484375,-0.91566265
2,333,335,0.65429688,-0.9880597
0,342,342,0.66796875,-1
18,311,329,0.64257812,-0.89057751
58,272,330,0.64453125,-0.64848485
55,271,326,0.63671875,-0.66257669
20,301,321,0.62695312,-0.87538941
25,312,337,0.65820312,-0.85163205
1,338,339,0.66210938,-0.99410029
6,335,341,0.66601562,-0.96480938
17,318,335,0.65429688,-0.89850746
18,303,321,0.62695312,-0.88785047
33,302,335,0.65429688,-0.80298507
24,313,337,0.65820312,-0.85756677
9,332,341,0.66601562,-0.94721408
0,347,347,0.67773438,-1
11,328,339,0.66210938,-0.93510324
23,317,340,0.6640625,-0.86470588
6,334,340,0.6640625,-0.96470588
27,304,331,0.64648438,-0.83685801
28,310,338,0.66015625,-0.83431953
4,328,332,0.6484375,-0.97590361
2,344,346,0.67578125,-0.98843931
13,334,347,0.67773438,-0.92507205
18,313,331,0.64648438,-0.89123867
6,334,340,0.6640625,-0.96470588
1,339,340,0.6640625,-0.99411765
10,326,336,0.65625,-0.94047619
28,307,335,0.65429688,-0.83283582
29,301,330,0.64453125,-0.82424242
14,319,333,0.65039062,-0.91591592
26,302,328,0.640625,-0.84146341
25,309,334,0.65234375,-0.8502994
13,320,333,0.65039062,-0.92192192
27,304,331,0.64648438,-0.83685801
56,277,333,0.65039062,-0.66366366
76,265,341,0.66601562,-0.5542522
25,319,344,0.671875,-0.85465116
5,327,332,0.6484375,-0.96987952
18,313,331,0.64648438,-0.89123867
16,314,330,0.64453125,-0.9030303
59,267,326,0.63671875,-0.63803681
30,309,339,0.66210938,-0.82300885
37,302,339,0.66210938,-0.78171091
23,309,332,0.6484375,-0.86144578
19,316,335,0.65429688,-0.88656716
11,330,341,0.66601562,-0.93548387
4,329,333,0.65039062,-0.97597598
17,317,334,0.65234375,-0.89820359
26,317,343,0.66992188,-0.8483965
11,320,331,0.64648438,-0.93353474
34,284,318,0.62109375,-0.78616352
23,311,334,0.65234375,-0.86227545
18,313,331,0.64648438,-0.89123867
14,319,333,0.65039062,-0.91591592
20,315,335,0.65429688,-0.88059701
18,313,331,0.64648438,-0.89123867
45,278,323,0.63085938,-0.72136223
6,326,332,0.6484375,-0.96385542
5,331,336,0.65625,-0.9702381
7,322,329,0.64257812,-0.95744681
12,330,342,0.66796875,-0.92982456
3,334,337,0.65820312,-0.98219585
5,330,335,0.65429688,-0.97014925
16,306,322,0.62890625,-0.90062112
3,338,341,0.66601562,-0.98240469
10,324,334,0.65234375,-0.94011976
42,296,338,0.66015625,-0.75147929
27,310,337,0.65820312,-0.83976261
19,317,336,0.65625,-0.88690476
26,306,332,0.6484375,-0.84337349
3,338,341,0.66601562,-0.98240469
7,330,337,0.65820312,-0.95845697
27,314,341,0.66601562,-0.84164223
40,291,331,0.64648438,-0.75830816
22,300,322,0.62890625,-0.86335404
0,332,332,0.6484375,-1
6,330,336,0.65625,-0.96428571
49,289,338,0.66015625,-0.71005917
28,313,341,0.66601562,-0.83577713
19,312,331,0.64648438,-0.88519637
0,339,339,0.66210938,-1
25,313,338,0.66015625,-0.85207101
26,321,347,0.67773438,-0.85014409
22,293,315,0.61523438,-0.86031746
16,320,336,0.65625,-0.9047619
17,326,343,0.66992188,-0.90087464
40,300,340,0.6640625,-0.76470588
46,299,345,0.67382812,-0.73333333
46,281,327,0.63867188,-0.71865443
58,257,315,0.61523438,-0.63174603
33,296,329,0.64257812,-0.7993921
13,318,331,0.64648438,-0.92145015
10,315,325,0.63476562,-0.93846154
9,332,341,0.66601562,-0.94721408
10,339,349,0.68164062,-0.94269341
23,314,337,0.65820312,-0.86350148
13,326,339,0.66210938,-0.92330383
21,311,332,0.6484375,-0.87349398
19,315,334,0.65234375,-0.88622754
21,306,327,0.63867188,-0.87155963
37,306,343,0.66992188,-0.78425656
19,329,348,0.6796875,-0.8908046
3,331,334,0.65234375,-0.98203593
1,336,337,0.65820312,-0.99406528
11,335,346,0.67578125,-0.93641618
28,308,336,0.65625,-0.83333333
20,309,329,0.64257812,-0.87841945
13,327,340,0.6640625,-0.92352941
24,303,327,0.63867188,-0.85321101
39,298,337,0.65820312,-0.76854599
31,294,325,0.63476562,-0.80923077
20,306,326,0.63671875,-0.87730061
12,322,334,0.65234375,-0.92814371
33,296,329,0.64257812,-0.7993921
24,300,324,0.6328125,-0.85185185
20,316,336,0.65625,-0.88095238
14,323,337,0.65820312,-0.91691395
3,328,331,0.64648438,-0.98187311
21,310,331,0.64648438,-0.87311178
48,275,323,0.63085938,-0.70278638
24,306,330,0.64453125,-0.85454545
28,311,339,0.66210938,-0.83480826
13,322,335,0.65429688,-0.92238806
2,330,332,0.6484375,-0.98795181
10,321,331,0.64648438,-0.93957704
11,326,337,0.65820312,-0.9347181
4,337,341,0.66601562,-0.97653959
4,334,338,0.66015625,-0.97633136
3,324,327,0.63867188,-0.98165138
9,335,344,0.671875,-0.94767442
18,314,332,0.6484375,-0.89156627
20,308,328,0.640625,-0.87804878
0,357,357,0.69726562,-1
0,327,327,0.63867188,-1
3,326,329,0.64257812,-0.98176292
0,345,345,0.67382812,-1
23,310,333,0.65039062,-0.86186186
18,321,339,0.66210938,-0.89380531
22,312,334,0.65234375,-0.86826347
35,306,341,0.66601562,-0.79472141
25,312,337,0.65820312,-0.85163205
26,298,324,0.6328125,-0.83950617
13,321,334,0.65234375,-0.92215569
18,319,337,0.65820312,-0.89317507
20,321,341,0.66601562,-0.88269795
19,307,326,0.63671875,-0.88343558
3,333,336,0.65625,-0.98214286
6,337,343,0.66992188,-0.96501458
9,309,318,0.62109375,-0.94339623
23,315,338,0.66015625,-0.86390533
8,327,335,0.65429688,-0.95223881
2,338,340,0.6640625,-0.98823529
31,310,341,0.66601562,-0.81818182
11,322,333,0.65039062,-0.93393393
13,327,340,0.6640625,-0.92352941
9,331,340,0.6640625,-0.94705882
15,320,335,0.65429688,-0.91044776
9,326,335,0.65429688,-0.94626866
9,329,338,0.66015625,-0.94674556
17,315,332,0.6484375,-0.89759036
34,306,340,0.6640625,-0.8
68,266,334,0.65234375,-0.59281437
61,257,318,0.62109375,-0.6163522
13,317,330,0.64453125,-0.92121212
6,324,330,0.64453125,-0.96363636
6,340,346,0.67578125,-0.96531792
17,320,337,0.65820312,-0.89910979
24,313,337,0.65820312,-0.85756677
20,317,337,0.65820312,-0.88130564
41,283,324,0.6328125,-0.74691358
5,331,336,0.65625,-0.9702381
4,336,340,0.6640625,-0.97647059
2,343,345,0.67382812,-0.9884058
12,336,348,0.6796875,-0.93103448
2,341,343,0.66992188,-0.98833819
19,310,329,0.64257812,-0.88449848
1,328,329,0.64257812,-0.99392097
8,323,331,0.64648438,-0.95166163
3,333,336,0.65625,-0.98214286
2,345,347,0.67773438,-0.98847262
13,311,324,0.6328125,-0.91975309
2,333,335,0.65429688,-0.9880597
15,317,332,0.6484375,-0.90963855
3,320,323,0.63085938,-0.98142415
5,336,341,0.66601562,-0.97067449
2,328,330,0.64453125,-0.98787879
24,321,345,0.67382812,-0.86086957
28,303,331,0.64648438,-0.83081571
48,284,332,0.6484375,-0.71084337
0,344,344,0.671875,-1
0,328,328,0.640625,-1
9,327,336,0.65625,-0.94642857
23,303,326,0.63671875,-0.85889571
26,315,341,0.66601562,-0.84750733
4,338,342,0.66796875,-0.97660819
9,334,343,0.66992188,-0.94752187
25,303,328,0.640625,-0.84756098
2,338,340,0.6640625,-0.98823529
4,344,348,0.6796875,-0.97701149
18,321,339,0.66210938,-0.89380531
2,345,347,0.67773438,-0.98847262
12,311,323,0.63085938,-0.92569659
21,315,336,0.65625,-0.875
2,341,343,0.66992188,-0.98833819
7,333,340,0.6640625,-0.95882353
1,337,338,0.66015625,-0.99408284
20,318,338,0.66015625,-0.8816568
39,287,326,0.63671875,-0.7607362
38,291,329,0.64257812,-0.76899696
45,287,332,0.6484375,-0.72891566
17,327,344,0.671875,-0.90116279
0,337,337,0.65820312,-1
9,332,341,0.66601562,-0.94721408
8,326,334,0.65234375,-0.95209581
15,314,329,0.64257812,-0.90881459
7,336,343,0.66992188,-0.95918367
31,305,336,0.65625,-0.81547619
13,319,332,0.6484375,-0.92168675
25,319,344,0.671875,-0.85465116
22,315,337,0.65820312,-0.8694362
34,286,320,0.625,-0.7875
23,311,334,0.65234375,-0.86227545
14,305,319,0.62304688,-0.91222571
15,322,337,0.65820312,-0.91097923
2,344,346,0.67578125,-0.98843931
3,329,332,0.6484375,-0.98192771
2,327,329,0.64257812,-0.98784195
2,335,337,0.65820312,-0.98813056
13,320,333,0.65039062,-0.92192192
15,323,338,0.66015625,-0.9112426
0,332,332,0.6484375,-1
1,348,349,0.68164062,-0.99426934
2,336,338,0.66015625,-0.98816568
16,322,338,0.66015625,-0.90532544
3,331,334,0.65234375,-0.98203593
26,302,328,0.640625,-0.84146341
2,328,330,0.64453125,-0.98787879
3,323,326,0.63671875,-0.98159509
38,299,337,0.65820312,-0.77448071
33,301,334,0.65234375,-0.80239521
17,318,335,0.65429688,-0.89850746
39,284,323,0.63085938,-0.75851393
20,312,332,0.6484375,-0.87951807
7,337,344,0.671875,-0.95930233
3,321,324,0.6328125,-0.98148148
24,297,321,0.62695312,-0.85046729
17,313,330,0.64453125,-0.8969697
18,325,343,0.66992188,-0.89504373
21,317,338,0.66015625,-0.87573964
43,290,333,0.65039062,-0.74174174
54,295,349,0.68164062,-0.69054441
40,306,346,0.67578125,-0.76878613
56,279,335,0.65429688,-0.66567164
76,252,328,0.640625,-0.53658537
23,297,320,0.625,-0.85625
11,324,335,0.65429688,-0.93432836
31,304,335,0.65429688,-0.81492537
38,296,334,0.65234375,-0.77245509
37,294,331,0.64648438,-0.77643505
48,286,334,0.65234375,-0.71257485
55,281,336,0.65625,-0.67261905
30,306,336,0.65625,-0.82142857
45,292,337,0.65820312,-0.73293769
37,303,340,0.6640625,-0.78235294
43,291,334,0.65234375,-0.74251497
32,313,345,0.67382812,-0.81449275
31,285,316,0.6171875,-0.80379747
12,336,348,0.6796875,-0.93103448
1,342,343,0.66992188,-0.9941691
13,320,333,0.65039062,-0.92192192
20,316,336,0.65625,-0.88095238
26,317,343,0.66992188,-0.8483965
51,270,321,0.62695312,-0.68224299
94,249,343,0.66992188,-0.45189504
81,254,335,0.65429688,-0.51641791
57,261,318,0.62109375,-0.64150943
40,282,322,0.62890625,-0.7515528
43,294,337,0.65820312,-0.74480712
69,259,328,0.640625,-0.57926829
68,264,332,0.6484375,-0.59036145
39,304,343,0.66992188,-0.77259475
8,317,325,0.63476562,-0.95076923
8,329,337,0.65820312,-0.95252226
8,337,345,0.67382812,-0.95362319
0,343,343,0.66992188,-1
10,330,340,0.6640625,-0.94117647
17,309,326,0.63671875,-0.89570552
2,340,342,0.66796875,-0.98830409
24,315,339,0.66210938,-0.85840708
27,309,336,0.65625,-0.83928571
6,332,338,0.66015625,-0.96449704
18,312,330,0.64453125,-0.89090909
22,313,335,0.65429688,-0.86865672
28,302,330,0.64453125,-0.83030303
34,312,346,0.67578125,-0.80346821
26,309,335,0.65429688,-0.84477612
14,330,344,0.671875,-0.91860465
28,304,332,0.6484375,-0.8313253
23,307,330,0.64453125,-0.86060606
11,334,345,0.67382812,-0.93623188
5,336,341,0.66601562,-0.97067449
8,341,349,0.68164062,-0.95415473
3,335,338,0.66015625,-0.98224852
21,320,341,0.66601562,-0.87683284
3,327,330,0.64453125,-0.98181818
13,321,334,0.65234375,-0.92215569
15,324,339,0.66210938,-0.91150442
26,308,334,0.65234375,-0.84431138
15,318,333,0.65039062,-0.90990991
4,336,340,0.6640625,-0.97647059
21,300,321,0.62695312,-0.86915888
18,306,324,0.6328125,-0.88888889
20,317,337,0.65820312,-0.88130564
0,337,337,0.65820312,-1
6,330,336,0.65625,-0.96428571
26,299,325,0.63476562,-0.84
3,327,330,0.64453125,-0.98181818
26,309,335,0.65429688,-0.84477612
16,328,344,0.671875,-0.90697674
39,295,334,0.65234375,-0.76646707
67,265,332,0.6484375,-0.59638554
61,270,331,0.64648438,-0.63141994
46,288,334,0.65234375,-0.7245509
48,282,330,0.64453125,-0.70909091
62,269,331,0.64648438,-0.62537764
77,252,329,0.64257812,-0.53191489
43,278,321,0.62695312,-0.73208723
52,281,333,0.65039062,-0.68768769
42,289,331,0.64648438,-0.74622356
41,282,323,0.63085938,-0.74613003
10,324,334,0.65234375,-0.94011976
3,318,321,0.62695312,-0.98130841
22,313,335,0.65429688,-0.86865672
27,306,333,0.65039062,-0.83783784
27,304,331,0.64648438,-0.83685801
24,323,347,0.67773438,-0.86167147
14,325,339,0.66210938,-0.91740413
7,324,331,0.64648438,-0.95770393
23,305,328,0.640625,-0.8597561
28,304,332,0.6484375,-0.8313253
57,270,327,0.63867188,-0.65137615
71,269,340,0.6640625,-0.58235294
57,275,332,0.6484375,-0.65662651
54,277,331,0.64648438,-0.67371601
64,271,335,0.65429688,-0.61791045
13,327,340,0.6640625,-0.92352941
3,332,335,0.65429688,-0.98208955
28,307,335,0.65429688,-0.83283582
28,319,347,0.67773438,-0.83861671
51,279,330,0.64453125,-0.69090909
29,285,314,0.61328125,-0.81528662
34,297,331,0.64648438,-0.79456193
37,292,329,0.64257812,-0.77507599
1,329,330,0.64453125,-0.99393939
18,321,339,0.66210938,-0.89380531
12,323,335,0.65429688,-0.92835821
1,336,337,0.65820312,-0.99406528
22,320,342,0.66796875,-0.87134503
25,298,323,0.63085938,-0.84520124
1,340,341,0.66601562,-0.9941349
5,328,333,0.65039062,-0.96996997
0,342,342,0.66796875,-1
17,324,341,0.66601562,-0.90029326
18,330,348,0.6796875,-0.89655172
14,325,339,0.66210938,-0.91740413
2,344,346,0.67578125,-0.98843931
11,334,345,0.67382812,-0.93623188
13,319,332,0.6484375,-0.92168675
11,325,336,0.65625,-0.93452381
20,296,316,0.6171875,-0.87341772
21,316,337,0.65820312,-0.87537092
38,292,330,0.64453125,-0.76969697
33,292,325,0.63476562,-0.79692308
36,293,329,0.64257812,-0.78115502
65,264,329,0.64257812,-0.60486322
55,278,333,0.65039062,-0.66966967
21,309,330,0.64453125,-0.87272727
58,281,339,0.66210938,-0.65781711
60,273,333,0.65039062,-0.63963964
27,310,337,0.65820312,-0.83976261
50,291,341,0.66601562,-0.70674487
17,325,342,0.66796875,-0.9005848
16,318,334,0.65234375,-0.90419162
23,309,332,0.6484375,-0.86144578
32,308,340,0.6640625,-0.81176471
61,260,321,0.62695312,-0.61993769
27,301,328,0.640625,-0.83536585
18,322,340,0.6640625,-0.89411765
7,347,354,0.69140625,-0.96045198
9,317,326,0.63671875,-0.94478528
12,312,324,0.6328125,-0.92592593
25,304,329,0.64257812,-0.84802432
24,316,340,0.6640625,-0.85882353
46,282,328,0.640625,-0.7195122
60,288,348,0.6796875,-0.65517241
54,282,336,0.65625,-0.67857143
65,250,315,0.61523438,-0.58730159
77,256,333,0.65039062,-0.53753754
71,250,321,0.62695312,-0.5576324
90,223,313,0.61132812,-0.42492013
93,239,332,0.6484375,-0.43975904
100,235,335,0.65429688,-0.40298507
75,244,319,0.62304688,-0.52978056
49,266,315,0.61523438,-0.68888889
28,313,341,0.66601562,-0.83577713
19,318,337,0.65820312,-0.88724036
11,314,325,0.63476562,-0.93230769
0,340,340,0.6640625,-1
13,333,346,0.67578125,-0.92485549
18,326,344,0.671875,-0.89534884
29,306,335,0.65429688,-0.82686567
16,315,331,0.64648438,-0.90332326
33,300,333,0.65039062,-0.8018018
11,323,334,0.65234375,-0.93413174
11,327,338,0.66015625,-0.93491124
21,300,321,0.62695312,-0.86915888
33,302,335,0.65429688,-0.80298507
25,320,345,0.67382812,-0.85507246
8,320,328,0.640625,-0.95121951
46,275,321,0.62695312,-0.71339564
12,330,342,0.66796875,-0.92982456
8,329,337,0.65820312,-0.95252226
27,306,333,0.65039062,-0.83783784
29,308,337,0.65820312,-0.82789318
21,310,331,0.64648438,-0.87311178
0,340,340,0.6640625,-1
7,334,341,0.66601562,-0.95894428
29,293,322,0.62890625,-0.81987578
52,287,339,0.66210938,-0.69321534
81,256,337,0.65820312,-0.51928783
80,238,318,0.62109375,-0.49685535
92,249,341,0.66601562,-0.46041056
58,268,326,0.63671875,-0.64417178
90,228,318,0.62109375,-0.43396226
124,207,331,0.64648438,-0.25075529
116,215,331,0.64648438,-0.29909366
94,238,332,0.6484375,-0.43373494
70,251,321,0.62695312,-0.56386293
79,243,322,0.62890625,-0.50931677
73,264,337,0.65820312,-0.56676558
107,224,331,0.64648438,-0.35347432
95,242,337,0.65820312,-0.43620178
97,220,317,0.61914062,-0.38801262
108,214,322,0.62890625,-0.32919255
85,264,349,0.68164062,-0.51289398
75,261,336,0.65625,-0.55357143
69,257,326,0.63671875,-0.57668712
76,252,328,0.640625,-0.53658537
36,298,334,0.65234375,-0.78443114
50,283,333,0.65039062,-0.6996997
37,302,339,0.66210938,-0.78171091
41,288,329,0.64257812,-0.75075988
26,306,332,0.6484375,-0.84337349
56,277,333,0.65039062,-0.66366366
22,308,330,0.64453125,-0.86666667
20,325,345,0.67382812,-0.88405797
27,312,339,0.66210938,-0.84070796
33,301,334,0.65234375,-0.80239521
17,320,337,0.65820312,-0.89910979
13,317,330,0.64453125,-0.92121212
40,294,334,0.65234375,-0.76047904
11,329,340,0.6640625,-0.93529412
5,326,331,0.64648438,-0.96978852
31,300,331,0.64648438,-0.81268882
9,330,339,0.66210938,-0.94690265
22,316,338,0.66015625,-0.86982249
41,307,348,0.6796875,-0.76436782
19,323,342,0.66796875,-0.88888889
9,315,324,0.6328125,-0.94444444
1,339,340,0.6640625,-0.99411765
13,315,328,0.640625,-0.92073171
2,323,325,0.63476562,-0.98769231
11,313,324,0.6328125,-0.93209877
10,330,340,0.6640625,-0.94117647
2,345,347,0.67773438,-0.98847262
7,330,337,0.65820312,-0.95845697
16,317,333,0.65039062,-0.9039039
18,321,339,0.66210938,-0.89380531
47,278,325,0.63476562,-0.71076923
43,276,319,0.62304688,-0.73040752
29,298,327,0.63867188,-0.82262997
8,328,336,0.65625,-0.95238095
13,314,327,0.63867188,-0.9204893
9,336,345,0.67382812,-0.94782609
17,329,346,0.67578125,-0.9017341
32,309,341,0.66601562,-0.81231672
34,296,330,0.64453125,-0.79393939
16,325,341,0.66601562,-0.90615836
18,326,344,0.671875,-0.89534884
14,329,343,0.66992188,-0.91836735
0,338,338,0.66015625,-1
6,342,348,0.6796875,-0.96551724
19,326,345,0.67382812,-0.88985507
9,328,337,0.65820312,-0.94658754
22,315,337,0.65820312,-0.8694362
18,307,325,0.63476562,-0.88923077
17,309,326,0.63671875,-0.89570552
36,297,333,0.65039062,-0.78378378
0,342,342,0.66796875,-1
1,339,340,0.6640625,-0.99411765
0,331,331,0.64648438,-1
14,325,339,0.66210938,-0.91740413
0,349,349,0.68164062,-1
10,324,334,0.65234375,-0.94011976
8,314,322,0.62890625,-0.95031056
6,333,339,0.66210938,-0.96460177
4,337,341,0.66601562,-0.97653959
7,342,349,0.68164062,-0.95988539
1,339,340,0.6640625,-0.99411765
8,321,329,0.64257812,-0.95136778
1,339,340,0.6640625,-0.99411765
44,290,334,0.65234375,-0.73652695
41,296,337,0.65820312,-0.75667656
42,291,333,0.65039062,-0.74774775
35,305,340,0.6640625,-0.79411765
22,305,327,0.63867188,-0.86544343
37,302,339,0.66210938,-0.78171091
6,334,340,0.6640625,-0.96470588
7,321,328,0.640625,-0.95731707
10,326,336,0.65625,-0.94047619
10,324,334,0.65234375,-0.94011976
15,332,347,0.67773438,-0.91354467
1,328,329,0.64257812,-0.99392097
15,321,336,0.65625,-0.91071429
9,344,353,0.68945312,-0.9490085
32,305,337,0.65820312,-0.81008902
21,322,343,0.66992188,-0.87755102
0,336,336,0.65625,-1
12,337,349,0.68164062,-0.93123209
8,335,343,0.66992188,-0.95335277
27,309,336,0.65625,-0.83928571
12,336,348,0.6796875,-0.93103448
22,311,333,0.65039062,-0.86786787
27,303,330,0.64453125,-0.83636364
42,280,322,0.62890625,-0.73913043
74,265,339,0.66210938,-0.56342183
83,241,324,0.6328125,-0.48765432
23,321,344,0.671875,-0.86627907
14,325,339,0.66210938,-0.91740413
10,314,324,0.6328125,-0.9382716
23,323,346,0.67578125,-0.86705202
19,309,328,0.640625,-0.88414634
4,324,328,0.640625,-0.97560976
14,322,336,0.65625,-0.91666667
14,316,330,0.64453125,-0.91515152
1,341,342,0.66796875,-0.99415205
11,330,341,0.66601562,-0.93548387
18,310,328,0.640625,-0.8902439
4,338,342,0.66796875,-0.97660819
3,340,343,0.66992188,-0.98250729
0,344,344,0.671875,-1
0,341,341,0.66601562,-1
11,325,336,0.65625,-0.93452381
9,336,345,0.67382812,-0.94782609
15,307,322,0.62890625,-0.9068323
38,296,334,0.65234375,-0.77245509
23,315,338,0.66015625,-0.86390533
35,310,345,0.67382812,-0.79710145
59,278,337,0.65820312,-0.64985163
71,263,334,0.65234375,-0.5748503
101,237,338,0.66015625,-0.40236686
74,255,329,0.64257812,-0.55015198
52,280,332,0.6484375,-0.68674699
36,287,323,0.63085938,-0.77708978
27,298,325,0.63476562,-0.83384615
17,313,330,0.64453125,-0.8969697
20,302,322,0.62890625,-0.8757764
23,301,324,0.6328125,-0.85802469
36,295,331,0.64648438,-0.78247734
6,343,349,0.68164062,-0.96561605
7,333,340,0.6640625,-0.95882353
20,304,324,0.6328125,-0.87654321
13,317,330,0.64453125,-0.92121212
14,334,348,0.6796875,-0.91954023
15,318,333,0.65039062,-0.90990991
5,332,337,0.65820312,-0.97032641
5,335,340,0.6640625,-0.97058824
0,336,336,0.65625,-1
9,340,349,0.68164062,-0.94842407
12,326,338,0.66015625,-0.92899408
4,336,340,0.6640625,-0.97647059
19,318,337,0.65820312,-0.88724036
18,313,331,0.64648438,-0.89123867
51,277,328,0.640625,-0.68902439
56,267,323,0.63085938,-0.65325077
23,304,327,0.63867188,-0.85932722
31,287,318,0.62109375,-0.80503145
25,308,333,0.65039062,-0.84984985
42,292,334,0.65234375,-0.74850299
31,289,320,0.625,-0.80625
48,273,321,0.62695312,-0.70093458
41,300,341,0.66601562,-0.75953079
19,314,333,0.65039062,-0.88588589
2,331,333,0.65039062,-0.98798799
18,311,329,0.64257812,-0.89057751
26,301,327,0.63867188,-0.84097859
17,325,342,0.66796875,-0.9005848
3,335,338,0.66015625,-0.98224852
21,315,336,0.65625,-0.875
10,329,339,0.66210938,-0.94100295
20,311,331,0.64648438,-0.87915408
2,335,337,0.65820312,-0.98813056
18,327,345,0.67382812,-0.89565217
9,337,346,0.67578125,-0.94797688
22,323,345,0.67382812,-0.87246377
48,298,346,0.67578125,-0.72254335
73,260,333,0.65039062,-0.56156156
75,245,320,0.625,-0.53125
111,232,343,0.66992188,-0.35276968
127,207,334,0.65234375,-0.23952096
135,180,315,0.61523438,-0.14285714
212,115,327,0.63867188,0.29663609
198,127,325,0.63476562,0.21846154
209,125,334,0.65234375,0.25149701
175,163,338,0.66015625,0.035502959
132,191,323,0.63085938,-0.18266254
105,226,331,0.64648438,-0.36555891
80,253,333,0.65039062,-0.51951952
82,251,333,0.65039062,-0.50750751
50,281,331,0.64648438,-0.6978852
19,317,336,0.65625,-0.88690476
16,311,327,0.63867188,-0.90214067
6,330,336,0.65625,-0.96428571
22,305,327,0.63867188,-0.86544343
40,285,325,0.63476562,-0.75384615
33,293,326,0.63671875,-0.79754601
20,315,335,0.65429688,-0.88059701
1,344,345,0.67382812,-0.9942029
13,309,322,0.62890625,-0.91925466
11,315,326,0.63671875,-0.93251534
2,350,352,0.6875,-0.98863636
15,306,321,0.62695312,-0.90654206
24,309,333,0.65039062,-0.85585586
15,322,337,0.65820312,-0.91097923
17,307,324,0.6328125,-0.89506173
17,332,349,0.68164062,-0.9025788
10,335,345,0.67382812,-0.94202899
4,333,337,0.65820312,-0.97626113
10,323,333,0.65039062,-0.93993994
10,324,334,0.65234375,-0.94011976
32,290,322,0.62890625,-0.80124224
19,311,330,0.64453125,-0.88484848
23,308,331,0.64648438,-0.86102719
4,324,328,0.640625,-0.97560976
16,318,334,0.65234375,-0.90419162
0,330,330,0.64453125,-1
20,307,327,0.63867188,-0.87767584
10,328,338,0.66015625,-0.9408284
26,307,333,0.65039062,-0.84384384
16,320,336,0.65625,-0.9047619
18,312,330,0.64453125,-0.89090909
21,319,340,0.6640625,-0.87647059
21,293,314,0.61328125,-0.86624204
33,293,326,0.63671875,-0.79754601
3,328,331,0.64648438,-0.98187311
6,322,328,0.640625,-0.96341463
9,337,346,0.67578125,-0.94797688
35,299,334,0.65234375,-0.79041916
23,308,331,0.64648438,-0.86102719
7,327,334,0.65234375,-0.95808383
10,324,334,0.65234375,-0.94011976
0,346,346,0.67578125,-1
2,318,320,0.625,-0.9875
47,276,323,0.63085938,-0.70897833
68,257,325,0.63476562,-0.58153846
50,285,335,0.65429688,-0.70149254
42,293,335,0.65429688,-0.74925373
41,292,333,0.65039062,-0.75375375
32,309,341,0.66601562,-0.81231672
42,297,339,0.66210938,-0.75221239
26,307,333,0.65039062,-0.84384384
6,327,333,0.65039062,-0.96396396
2,339,341,0.66601562,-0.98826979
14,323,337,0.65820312,-0.91691395
16,333,349,0.68164062,-0.90830946
5,335,340,0.6640625,-0.97058824
30,308,338,0.66015625,-0.82248521
14,322,336,0.65625,-0.91666667
7,322,329,0.64257812,-0.95744681
26,310,336,0.65625,-0.8452381
33,294,327,0.63867188,-0.79816514
50,295,345,0.67382812,-0.71014493
21,303,324,0.6328125,-0.87037037
23,305,328,0.640625,-0.8597561
51,280,331,0.64648438,-0.6918429
39,291,330,0.64453125,-0.76363636
45,286,331,0.64648438,-0.72809668
0,340,340,0.6640625,-1
5,338,343,0.66992188,-0.97084548
8,340,348,0.6796875,-0.95402299
13,325,338,0.66015625,-0.92307692
16,316,332,0.6484375,-0.90361446
1,339,340,0.6640625,-0.99411765
21,320,341,0.66601562,-0.87683284
17,327,344,0.671875,-0.90116279
34,288,322,0.62890625,-0.78881988
6,337,343,0.66992188,-0.96501458
6,332,338,0.66015625,-0.96449704
1,332,333,0.65039062,-0.99399399
6,332,338,0.66015625,-0.96449704
21,311,332,0.6484375,-0.87349398
49,262,311,0.60742188,-0.68488746
62,269,331,0.64648438,-0.62537764
54,269,323,0.63085938,-0.66563467
31,299,330,0.64453125,-0.81212121
23,311,334,0.65234375,-0.86227545
19,312,331,0.64648438,-0.88519637
14,322,336,0.65625,-0.91666667
17,311,328,0.640625,-0.89634146
25,301,326,0.63671875,-0.84662577
53,270,323,0.63085938,-0.67182663
49,285,334,0.65234375,-0.70658683
37,297,334,0.65234375,-0.77844311
12,319,331,0.64648438,-0.92749245
0,330,330,0.64453125,-1
12,330,342,0.66796875,-0.92982456
1,347,348,0.6796875,-0.99425287
9,326,335,0.65429688,-0.94626866
4,324,328,0.640625,-0.97560976
14,312,326,0.63671875,-0.91411043
15,312,327,0.63867188,-0.90825688
14,330,344,0.671875,-0.91860465
3,329,332,0.6484375,-0.98192771
15,329,344,0.671875,-0.9127907
27,314,341,0.66601562,-0.84164223
9,326,335,0.65429688,-0.94626866
7,332,339,0.66210938,-0.95870206
1,334,335,0.65429688,-0.99402985
26,304,330,0.64453125,-0.84242424
12,324,336,0.65625,-0.92857143
3,336,339,0.66210938,-0.98230088
15,315,330,0.64453125,-0.90909091
10,321,331,0.64648438,-0.93957704
22,300,322,0.62890625,-0.86335404
34,299,333,0.65039062,-0.7957958
42,287,329,0.64257812,-0.74468085
21,318,339,0.66210938,-0.87610619
40,287,327,0.63867188,-0.75535168
46,274,320,0.625,-0.7125
35,298,333,0.65039062,-0.78978979
32,310,342,0.66796875,-0.8128655
41,297,338,0.66015625,-0.75739645
20,312,332,0.6484375,-0.87951807
17,323,340,0.6640625,-0.9
23,310,333,0.65039062,-0.86186186
22,320,342,0.66796875,-0.87134503
14,321,335,0.65429688,-0.91641791
5,332,337,0.65820312,-0.97032641
10,335,345,0.67382812,-0.94202899
37,291,328,0.640625,-0.77439024
37,300,337,0.65820312,-0.78041543
20,314,334,0.65234375,-0.88023952
25,311,336,0.65625,-0.85119048
32,308,340,0.6640625,-0.81176471
56,267,323,0.63085938,-0.65325077
60,276,336,0.65625,-0.64285714
31,306,337,0.65820312,-0.81602374
20,325,345,0.67382812,-0.88405797
27,310,337,0.65820312,-0.83976261
15,316,331,0.64648438,-0.90936556
25,310,335,0.65429688,-0.85074627
10,329,339,0.66210938,-0.94100295
28,310,338,0.66015625,-0.83431953
4,336,340,0.6640625,-0.97647059
22,304,326,0.63671875,-0.86503067
16,322,338,0.66015625,-0.90532544
17,334,351,0.68554688,-0.9031339
7,330,337,0.65820312,-0.95845697
0,335,335,0.65429688,-1
15,327,342,0.66796875,-0.9122807
13,335,348,0.6796875,-0.92528736
8,331,339,0.66210938,-0.95280236
25,306,331,0.64648438,-0.8489426
31,298,329,0.64257812,-0.81155015
35,304,339,0.66210938,-0.79351032
40,296,336,0.65625,-0.76190476
24,315,339,0.66210938,-0.85840708
5,336,341,0.66601562,-0.97067449
6,326,332,0.6484375,-0.96385542
6,333,339,0.66210938,-0.96460177
6,332,338,0.66015625,-0.96449704
23,300,323,0.63085938,-0.85758514
42,301,343,0.66992188,-0.75510204
49,285,334,0.65234375,-0.70658683
50,291,341,0.66601562,-0.70674487
45,278,323,0.63085938,-0.72136223
60,278,338,0.66015625,-0.64497041
26,303,329,0.64257812,-0.84194529
16,316,332,0.6484375,-0.90361446
23,318,341,0.66601562,-0.86510264
12,317,329,0.64257812,-0.92705167
44,285,329,0.64257812,-0.7325228
18,316,334,0.65234375,-0.89221557
23,309,332,0.6484375,-0.86144578
52,295,347,0.67773438,-0.70028818
10,323,333,0.65039062,-0.93993994
8,334,342,0.66796875,-0.95321637
17,309,326,0.63671875,-0.89570552
35,293,328,0.640625,-0.78658537
42,291,333,0.65039062,-0.74774775
32,302,334,0.65234375,-0.80838323
27,303,330,0.64453125,-0.83636364
60,268,328,0.640625,-0.63414634
68,262,330,0.64453125,-0.58787879
27,314,341,0.66601562,-0.84164223
3,338,341,0.66601562,-0.98240469
6,335,341,0.66601562,-0.96480938
9,311,320,0.625,-0.94375
11,318,329,0.64257812,-0.9331307
0,338,338,0.66015625,-1
13,327,340,0.6640625,-0.92352941
35,304,339,0.66210938,-0.79351032
47,287,334,0.65234375,-0.71856287
32,310,342,0.66796875,-0.8128655
20,310,330,0.64453125,-0.87878788
1,333,334,0.65234375,-0.99401198
3,335,338,0.66015625,-0.98224852
10,321,331,0.64648438,-0.93957704
9,317,326,0.63671875,-0.94478528
9,331,340,0.6640625,-0.94705882
28,317,345,0.67382812,-0.83768116
49,278,327,0.63867188,-0.70030581
80,248,328,0.640625,-0.51219512
85,243,328,0.640625,-0.48170732
62,268,330,0.64453125,-0.62424242
61,257,318,0.62109375,-0.6163522
25,310,335,0.65429688,-0.85074627
10,331,341,0.66601562,-0.94134897
9,316,325,0.63476562,-0.94461538
23,312,335,0.65429688,-0.86268657
32,301,333,0.65039062,-0.80780781
19,326,345,0.67382812,-0.88985507
5,321,326,0.63671875,-0.96932515
27,306,333,0.65039062,-0.83783784
4,327,331,0.64648438,-0.97583082
15,326,341,0.66601562,-0.91202346
26,300,326,0.63671875,-0.8404908
38,284,322,0.62890625,-0.76397516
20,313,333,0.65039062,-0.87987988
9,331,340,0.6640625,-0.94705882
22,303,325,0.63476562,-0.86461538
12,307,319,0.62304688,-0.92476489
10,331,341,0.66601562,-0.94134897
1,335,336,0.65625,-0.99404762
30,290,320,0.625,-0.8125
14,326,340,0.6640625,-0.91764706
11,324,335,0.65429688,-0.93432836
4,333,337,0.65820312,-0.97626113
21,310,331,0.64648438,-0.87311178
4,333,337,0.65820312,-0.97626113
14,324,338,0.66015625,-0.91715976
10,336,346,0.67578125,-0.94219653
5,325,330,0.64453125,-0.96969697
6,334,340,0.6640625,-0.96470588
51,266,317,0.61914062,-0.67823344
29,302,331,0.64648438,-0.82477341
41,297,338,0.66015625,-0.75739645
19,305,324,0.6328125,-0.88271605
32,297,329,0.64257812,-0.80547112
35,295,330,0.64453125,-0.78787879
10,326,336,0.65625,-0.94047619
9,328,337,0.65820312,-0.94658754
3,330,333,0.65039062,-0.98198198
18,319,337,0.65820312,-0.89317507
36,296,332,0.6484375,-0.78313253
36,299,335,0.65429688,-0.78507463
34,304,338,0.66015625,-0.79881657
36,303,339,0.66210938,-0.78761062
10,326,336,0.65625,-0.94047619
5,325,330,0.64453125,-0.96969697
3,334,337,0.65820312,-0.98219585
12,334,346,0.67578125,-0.93063584
15,327,342,0.66796875,-0.9122807
32,305,337,0.65820312,-0.81008902
50,290,340,0.6640625,-0.70588235
58,281,339,0.66210938,-0.65781711
43,302,345,0.67382812,-0.75072464
55,274,329,0.64257812,-0.6656535
46,301,347,0.67773438,-0.73487032
45,278,323,0.63085938,-0.72136223
31,306,337,0.65820312,-0.81602374
14,323,337,0.65820312,-0.91691395
3,335,338,0.66015625,-0.98224852
10,324,334,0.65234375,-0.94011976
11,330,341,0.66601562,-0.93548387
15,316,331,0.64648438,-0.90936556
8,334,342,0.66796875,-0.95321637
13,331,344,0.671875,-0.9244186
27,307,334,0.65234375,-0.83832335
8,328,336,0.65625,-0.95238095
21,313,334,0.65234375,-0.8742515
20,323,343,0.66992188,-0.88338192
1,341,342,0.66796875,-0.99415205
7,333,340,0.6640625,-0.95882353
5,326,331,0.64648438,-0.96978852
13,330,343,0.66992188,-0.92419825
17,324,341,0.66601562,-0.90029326
19,318,337,0.65820312,-0.88724036
6,344,350,0.68359375,-0.96571429
5,335,340,0.6640625,-0.97058824
8,326,334,0.65234375,-0.95209581
30,307,337,0.65820312,-0.82195846
13,320,333,0.65039062,-0.92192192
13,327,340,0.6640625,-0.92352941
17,317,334,0.65234375,-0.89820359
34,290,324,0.6328125,-0.79012346
4,320,324,0.6328125,-0.97530864
10,331,341,0.66601562,-0.94134897
5,325,330,0.64453125,-0.96969697
6,331,337,0.65820312,-0.96439169
1,344,345,0.67382812,-0.9942029
14,317,331,0.64648438,-0.91540785
14,334,348,0.6796875,-0.91954023
23,319,342,0.66796875,-0.86549708
41,287,328,0.640625,-0.75
148,184,332,0.6484375,-0.10843373
85,248,333,0.65039062,-0.48948949
109,215,324,0.6328125,-0.32716049
74,249,323,0.63085938,-0.54179567
70,267,337,0.65820312,-0.58456973
66,253,319,0.62304688,-0.5862069
42,295,337,0.65820312,-0.75074184
12,326,338,0.66015625,-0.92899408
15,322,337,0.65820312,-0.91097923
26,302,328,0.640625,-0.84146341
11,324,335,0.65429688,-0.93432836
22,313,335,0.65429688,-0.86865672
35,294,329,0.64257812,-0.78723404
21,312,333,0.65039062,-0.87387387
21,327,348,0.6796875,-0.87931034
53,273,326,0.63671875,-0.67484663
52,277,329,0.64257812,-0.68389058
58,278,336,0.65625,-0.6547619
48,285,333,0.65039062,-0.71171171
43,285,328,0.640625,-0.73780488
18,306,324,0.6328125,-0.88888889
17,324,341,0.66601562,-0.90029326
27,302,329,0.64257812,-0.83586626
35,297,332,0.6484375,-0.78915663
