n_hor,n_ver,n_tot,eta,S
134,198,332,0.6484375,-0.19277108
154,193,347,0.67773438,-0.11239193
175,166,341,0.66601562,0.026392962
140,200,340,0.6640625,-0.17647059
118,222,340,0.6640625,-0.30588235
101,242,343,0.66992188,-0.41107872
78,262,340,0.6640625,-0.54117647
55,295,350,0.68359375,-0.68571429
40,301,341,0.66601562,-0.76539589
38,305,343,0.66992188,-0.77842566
25,318,343,0.66992188,-0.85422741
19,334,353,0.68945312,-0.89235127
25,307,332,0.6484375,-0.84939759
20,322,342,0.66796875,-0.88304094
23,322,345,0.67382812,-0.86666667
28,330,358,0.69921875,-0.84357542
11,331,342,0.66796875,-0.93567251
3,349,352,0.6875,-0.98295455
0,355,355,0.69335938,-1
13,339,352,0.6875,-0.92613636
10,334,344,0.671875,-0.94186047
34,312,346,0.67578125,-0.80346821
27,318,345,0.67382812,-0.84347826
27,312,339,0.66210938,-0.84070796
30,319,349,0.68164062,-0.82808023
9,343,352,0.6875,-0.94886364
14,344,358,0.69921875,-0.92178771
10,343,353,0.68945312,-0.94334278
23,315,338,0.66015625,-0.86390533
32,317,349,0.68164062,-0.81661891
36,306,342,0.66796875,-0.78947368
29,319,348,0.6796875,-0.83333333
31,312,343,0.66992188,-0.81924198
10,340,350,0.68359375,-0.94285714
9,344,353,0.68945312,-0.9490085
12,331,343,0.66992188,-0.93002915
25,323,348,0.6796875,-0.85632184
20,329,349,0.68164062,-0.88538682
7,337,344,0.671875,-0.95930233
18,327,345,0.67382812,-0.89565217
8,339,347,0.67773438,-0.95389049
10,335,345,0.67382812,-0.94202899
5,354,359,0.70117188,-0.97214485
3,332,335,0.65429688,-0.98208955
5,354,359,0.70117188,-0.97214485
4,341,345,0.67382812,-0.97681159
0,348,348,0.6796875,-1
2,338,340,0.6640625,-0.98823529
5,347,352,0.6875,-0.97159091
22,323,345,0.67382812,-0.87246377
13,338,351,0.68554688,-0.92592593
0,357,357,0.69726562,-1
1,352,353,0.68945312,-0.99433428
4,343,347,0.67773438,-0.97694524
10,345,355,0.69335938,-0.94366197
0,357,357,0.69726562,-1
9,320,329,0.64257812,-0.94528875
0,360,360,0.703125,-1
0,352,352,0.6875,-1
12,334,346,0.67578125,-0.93063584
26,328,354,0.69140625,-0.85310734
29,312,341,0.66601562,-0.82991202
14,322,336,0.65625,-0.91666667
19,330,349,0.68164062,-0.89111748
8,343,351,0.68554688,-0.95441595
22,333,355,0.69335938,-0.87605634
15,333,348,0.6796875,-0.9137931
26,313,339,0.66210938,-0.84660767
29,326,355,0.69335938,-0.83661972
8,344,352,0.6875,-0.95454545
21,319,340,0.6640625,-0.87647059
10,333,343,0.66992188,-0.94169096
2,339,341,0.66601562,-0.98826979
11,342,353,0.68945312,-0.93767705
0,346,346,0.67578125,-1
0,362,362,0.70703125,-1
0,348,348,0.6796875,-1
8,347,355,0.69335938,-0.95492958
4,337,341,0.66601562,-0.97653959
0,347,347,0.67773438,-1
0,357,357,0.69726562,-1
7,334,341,0.66601562,-0.95894428
9,346,355,0.69335938,-0.94929577
1,338,339,0.66210938,-0.99410029
2,357,359,0.70117188,-0.98885794
24,328,352,0.6875,-0.86363636
10,345,355,0.69335938,-0.94366197
19,332,351,0.68554688,-0.89173789
10,333,343,0.66992188,-0.94169096
3,337,340,0.6640625,-0.98235294
17,326,343,0.66992188,-0.90087464
1,343,344,0.671875,-0.99418605
5,357,362,0.70703125,-0.97237569
6,350,356,0.6953125,-0.96629213
10,342,352,0.6875,-0.94318182
3,344,347,0.67773438,-0.98270893
5,345,350,0.68359375,-0.97142857
21,328,349,0.68164062,-0.87965616
4,345,349,0.68164062,-0.97707736
0,350,350,0.68359375,-1
2,354,356,0.6953125,-0.98876404
1,350,351,0.68554688,-0.99430199
1,356,357,0.69726562,-0.99439776
0,342,342,0.66796875,-1
5,363,368,0.71875,-0.97282609
3,356,359,0.70117188,-0.98328691
0,358,358,0.69921875,-1
2,338,340,0.6640625,-0.98823529
16,340,356,0.6953125,-0.91011236
1,341,342,0.66796875,-0.99415205
12,337,349,0.68164062,-0.93123209
26,310,336,0.65625,-0.8452381
1,353,354,0.69140625,-0.99435028
12,330,342,0.66796875,-0.92982456
23,326,349,0.68164062,-0.86819484
0,357,357,0.69726562,-1
0,354,354,0.69140625,-1
4,348,352,0.6875,-0.97727273
0,353,353,0.68945312,-1
18,329,347,0.67773438,-0.8962536
16,333,349,0.68164062,-0.90830946
6,333,339,0.66210938,-0.96460177
13,330,343,0.66992188,-0.92419825
10,336,346,0.67578125,-0.94219653
11,337,348,0.6796875,-0.93678161
10,342,352,0.6875,-0.94318182
5,337,342,0.66796875,-0.97076023
21,327,348,0.6796875,-0.87931034
18,333,351,0.68554688,-0.8974359
34,301,335,0.65429688,-0.79701493
14,326,340,0.6640625,-0.91764706
8,334,342,0.66796875,-0.95321637
0,344,344,0.671875,-1
19,321,340,0.6640625,-0.88823529
6,347,353,0.68945312,-0.96600567
15,341,356,0.6953125,-0.91573034
8,334,342,0.66796875,-0.95321637
5,347,352,0.6875,-0.97159091
14,336,350,0.68359375,-0.92
0,350,350,0.68359375,-1
0,352,352,0.6875,-1
1,346,347,0.67773438,-0.99423631
2,349,351,0.68554688,-0.98860399
0,350,350,0.68359375,-1
2,332,334,0.65234375,-0.98802395
31,319,350,0.68359375,-0.82285714
23,325,348,0.6796875,-0.86781609
17,339,356,0.6953125,-0.90449438
0,352,352,0.6875,-1
8,346,354,0.69140625,-0.95480226
7,355,362,0.70703125,-0.96132597
6,352,358,0.69921875,-0.96648045
4,339,343,0.66992188,-0.97667638
7,337,344,0.671875,-0.95930233
7,344,351,0.68554688,-0.96011396
7,353,360,0.703125,-0.96111111
7,350,357,0.69726562,-0.96078431
0,350,350,0.68359375,-1
1,360,361,0.70507812,-0.99445983
0,343,343,0.66992188,-1
9,337,346,0.67578125,-0.94797688
7,345,352,0.6875,-0.96022727
12,343,355,0.69335938,-0.93239437
4,346,350,0.68359375,-0.97714286
6,344,350,0.68359375,-0.96571429
36,315,351,0.68554688,-0.79487179
7,337,344,0.671875,-0.95930233
0,354,354,0.69140625,-1
0,356,356,0.6953125,-1
2,351,353,0.68945312,-0.98866856
7,337,344,0.671875,-0.95930233
0,352,352,0.6875,-1
0,343,343,0.66992188,-1
5,345,350,0.68359375,-0.97142857
0,349,349,0.68164062,-1
2,356,358,0.69921875,-0.98882682
4,341,345,0.67382812,-0.97681159
0,352,352,0.6875,-1
0,357,357,0.69726562,-1
13,343,356,0.6953125,-0.92696629
4,343,347,0.67773438,-0.97694524
0,365,365,0.71289062,-1
1,341,342,0.66796875,-0.99415205
9,343,352,0.6875,-0.94886364
0,339,339,0.66210938,-1
7,328,335,0.65429688,-0.95820896
3,349,352,0.6875,-0.98295455
5,340,345,0.67382812,-0.97101449
0,352,352,0.6875,-1
8,361,369,0.72070312,-0.95663957
9,355,364,0.7109375,-0.95054945
6,348,354,0.69140625,-0.96610169
10,328,338,0.66015625,-0.9408284
5,350,355,0.69335938,-0.97183099
9,339,348,0.6796875,-0.94827586
5,348,353,0.68945312,-0.97167139
27,331,358,0.69921875,-0.84916201
34,316,350,0.68359375,-0.80571429
39,303,342,0.66796875,-0.77192982
8,349,357,0.69726562,-0.95518207
5,360,365,0.71289062,-0.97260274
3,357,360,0.703125,-0.98333333
3,344,347,0.67773438,-0.98270893
0,357,357,0.69726562,-1
11,331,342,0.66796875,-0.93567251
10,339,349,0.68164062,-0.94269341
4,347,351,0.68554688,-0.97720798
2,347,349,0.68164062,-0.98853868
7,329,336,0.65625,-0.95833333
11,334,345,0.67382812,-0.93623188
17,336,353,0.68945312,-0.90368272
0,346,346,0.67578125,-1
9,344,353,0.68945312,-0.9490085
26,323,349,0.68164062,-0.85100287
29,313,342,0.66796875,-0.83040936
52,292,344,0.671875,-0.69767442
39,311,350,0.68359375,-0.77714286
24,310,334,0.65234375,-0.85628743
4,343,347,0.67773438,-0.97694524
21,334,355,0.69335938,-0.88169014
32,301,333,0.65039062,-0.80780781
13,341,354,0.69140625,-0.92655367
2,341,343,0.66992188,-0.98833819
7,340,347,0.67773438,-0.95965418
1,346,347,0.67773438,-0.99423631
15,334,349,0.68164062,-0.91404011
3,357,360,0.703125,-0.98333333
1,352,353,0.68945312,-0.99433428
0,352,352,0.6875,-1
0,365,365,0.71289062,-1
1,354,355,0.69335938,-0.9943662
10,347,357,0.69726562,-0.94397759
31,308,339,0.66210938,-0.81710914
13,333,346,0.67578125,-0.92485549
26,323,349,0.68164062,-0.85100287
33,308,341,0.66601562,-0.80645161
46,293,339,0.66210938,-0.72861357
46,311,357,0.69726562,-0.74229692
32,305,337,0.65820312,-0.81008902
10,344,354,0.69140625,-0.94350282
7,326,333,0.65039062,-0.95795796
1,348,349,0.68164062,-0.99426934
5,349,354,0.69140625,-0.97175141
11,348,359,0.70117188,-0.93871866
6,343,349,0.68164062,-0.96561605
23,323,346,0.67578125,-0.86705202
14,333,347,0.67773438,-0.91930836
19,328,347,0.67773438,-0.89048991
2,346,348,0.6796875,-0.98850575
0,355,355,0.69335938,-1
11,331,342,0.66796875,-0.93567251
9,337,346,0.67578125,-0.94797688
16,334,350,0.68359375,-0.90857143
1,341,342,0.66796875,-0.99415205
11,335,346,0.67578125,-0.93641618
4,355,359,0.70117188,-0.97771588
6,345,351,0.68554688,-0.96581197
0,349,349,0.68164062,-1
11,329,340,0.6640625,-0.93529412
10,341,351,0.68554688,-0.94301994
16,334,350,0.68359375,-0.90857143
6,342,348,0.6796875,-0.96551724
18,336,354,0.69140625,-0.89830508
13,346,359,0.70117188,-0.9275766
6,345,351,0.68554688,-0.96581197
21,323,344,0.671875,-0.87790698
1,357,358,0.69921875,-0.99441341
3,340,343,0.66992188,-0.98250729
6,349,355,0.69335938,-0.96619718
6,350,356,0.6953125,-0.96629213
4,346,350,0.68359375,-0.97714286
3,348,351,0.68554688,-0.98290598
8,345,353,0.68945312,-0.95467422
16,338,354,0.69140625,-0.90960452
2,339,341,0.66601562,-0.98826979
13,335,348,0.6796875,-0.92528736
33,307,340,0.6640625,-0.80588235
46,302,348,0.6796875,-0.73563218
47,290,337,0.65820312,-0.72106825
62,285,347,0.67773438,-0.6426513
28,320,348,0.6796875,-0.83908046
12,334,346,0.67578125,-0.93063584
0,361,361,0.70507812,-1
6,344,350,0.68359375,-0.96571429
4,332,336,0.65625,-0.97619048
1,352,353,0.68945312,-0.99433428
0,347,347,0.67773438,-1
13,328,341,0.66601562,-0.92375367
4,350,354,0.69140625,-0.97740113
14,343,357,0.69726562,-0.92156863
4,345,349,0.68164062,-0.97707736
0,358,358,0.69921875,-1
8,354,362,0.70703125,-0.9558011
12,339,351,0.68554688,-0.93162393
5,342,347,0.67773438,-0.97118156
1,352,353,0.68945312,-0.99433428
10,323,333,0.65039062,-0.93993994
1,360,361,0.70507812,-0.99445983
3,355,358,0.69921875,-0.98324022
1,342,343,0.66992188,-0.9941691
1,351,352,0.6875,-0.99431818
11,334,345,0.67382812,-0.93623188
0,352,352,0.6875,-1
17,336,353,0.68945312,-0.90368272
14,335,349,0.68164062,-0.91977077
9,327,336,0.65625,-0.94642857
10,351,361,0.70507812,-0.94459834
0,345,345,0.67382812,-1
5,359,364,0.7109375,-0.97252747
0,351,351,0.68554688,-1
6,343,349,0.68164062,-0.96561605
3,348,351,0.68554688,-0.98290598
6,342,348,0.6796875,-0.96551724
6,350,356,0.6953125,-0.96629213
10,343,353,0.68945312,-0.94334278
3,354,357,0.69726562,-0.98319328
11,342,353,0.68945312,-0.93767705
12,342,354,0.69140625,-0.93220339
2,347,349,0.68164062,-0.98853868
8,347,355,0.69335938,-0.95492958
11,342,353,0.68945312,-0.93767705
2,353,355,0.69335938,-0.98873239
5,336,341,0.66601562,-0.97067449
4,351,355,0.69335938,-0.97746479
12,339,351,0.68554688,-0.93162393
12,342,354,0.69140625,-0.93220339
35,303,338,0.66015625,-0.79289941
30,318,348,0.6796875,-0.82758621
50,285,335,0.65429688,-0.70149254
51,293,344,0.671875,-0.70348837
33,320,353,0.68945312,-0.81303116
18,332,350,0.68359375,-0.89714286
1,361,362,0.70703125,-0.99447514
8,341,349,0.68164062,-0.95415473
3,355,358,0.69921875,-0.98324022
7,347,354,0.69140625,-0.96045198
16,338,354,0.69140625,-0.90960452
14,338,352,0.6875,-0.92045455
1,350,351,0.68554688,-0.99430199
19,326,345,0.67382812,-0.88985507
1,348,349,0.68164062,-0.99426934
5,335,340,0.6640625,-0.97058824
5,339,344,0.671875,-0.97093023
0,358,358,0.69921875,-1
13,339,352,0.6875,-0.92613636
7,350,357,0.69726562,-0.96078431
1,353,354,0.69140625,-0.99435028
0,349,349,0.68164062,-1
2,344,346,0.67578125,-0.98843931
2,347,349,0.68164062,-0.98853868
6,346,352,0.6875,-0.96590909
6,351,357,0.69726562,-0.96638655
5,346,351,0.68554688,-0.97150997
13,333,346,0.67578125,-0.92485549
15,333,348,0.6796875,-0.9137931
0,356,356,0.6953125,-1
0,358,358,0.69921875,-1
0,345,345,0.67382812,-1
0,356,356,0.6953125,-1
2,354,356,0.6953125,-0.98876404
2,352,354,0.69140625,-0.98870056
8,338,346,0.67578125,-0.95375723
8,342,350,0.68359375,-0.95428571
17,323,340,0.6640625,-0.9
21,326,347,0.67773438,-0.87896254
9,341,350,0.68359375,-0.94857143
9,340,349,0.68164062,-0.94842407
6,341,347,0.67773438,-0.96541787
0,347,347,0.67773438,-1
2,360,362,0.70703125,-0.98895028
1,349,350,0.68359375,-0.99428571
0,347,347,0.67773438,-1
0,345,345,0.67382812,-1
1,348,349,0.68164062,-0.99426934
0,354,354,0.69140625,-1
12,331,343,0.66992188,-0.93002915
18,332,350,0.68359375,-0.89714286
6,344,350,0.68359375,-0.96571429
1,342,343,0.66992188,-0.9941691
9,355,364,0.7109375,-0.95054945
9,340,349,0.68164062,-0.94842407
17,326,343,0.66992188,-0.90087464
23,329,352,0.6875,-0.86931818
29,309,338,0.66015625,-0.82840237
27,316,343,0.66992188,-0.8425656
36,305,341,0.66601562,-0.7888563
35,319,354,0.69140625,-0.80225989
45,300,345,0.67382812,-0.73913043
9,346,355,0.69335938,-0.94929577
4,348,352,0.6875,-0.97727273
0,355,355,0.69335938,-1
2,350,352,0.6875,-0.98863636
0,350,350,0.68359375,-1
0,363,363,0.70898438,-1
0,361,361,0.70507812,-1
8,345,353,0.68945312,-0.95467422
11,337,348,0.6796875,-0.93678161
5,334,339,0.66210938,-0.97050147
4,348,352,0.6875,-0.97727273
0,355,355,0.69335938,-1
3,348,351,0.68554688,-0.98290598
9,344,353,0.68945312,-0.9490085
10,331,341,0.66601562,-0.94134897
3,357,360,0.703125,-0.98333333
7,341,348,0.6796875,-0.95977011
7,338,345,0.67382812,-0.95942029
18,333,351,0.68554688,-0.8974359
5,349,354,0.69140625,-0.97175141
2,346,348,0.6796875,-0.98850575
9,346,355,0.69335938,-0.94929577
2,342,344,0.671875,-0.98837209
12,343,355,0.69335938,-0.93239437
2,351,353,0.68945312,-0.98866856
16,331,347,0.67773438,-0.90778098
4,344,348,0.6796875,-0.97701149
5,359,364,0.7109375,-0.97252747
10,339,349,0.68164062,-0.94269341
3,345,348,0.6796875,-0.98275862
13,336,349,0.68164062,-0.92550143
24,326,350,0.68359375,-0.86285714
9,345,354,0.69140625,-0.94915254
0,344,344,0.671875,-1
5,348,353,0.68945312,-0.97167139
9,350,359,0.70117188,-0.94986072
12,331,343,0.66992188,-0.93002915
4,335,339,0.66210938,-0.97640118
4,340,344,0.671875,-0.97674419
11,338,349,0.68164062,-0.93696275
15,334,349,0.68164062,-0.91404011
21,324,345,0.67382812,-0.87826087
30,297,327,0.63867188,-0.81651376
19,327,346,0.67578125,-0.89017341
1,343,344,0.671875,-0.99418605
5,349,354,0.69140625,-0.97175141
8,344,352,0.6875,-0.95454545
6,345,351,0.68554688,-0.96581197
17,331,348,0.6796875,-0.90229885
11,333,344,0.671875,-0.93604651
9,345,354,0.69140625,-0.94915254
8,343,351,0.68554688,-0.95441595
22,317,339,0.66210938,-0.87020649
0,356,356,0.6953125,-1
7,343,350,0.68359375,-0.96
2,349,351,0.68554688,-0.98860399
5,342,347,0.67773438,-0.97118156
12,346,358,0.69921875,-0.93296089
1,344,345,0.67382812,-0.9942029
0,355,355,0.69335938,-1
6,352,358,0.69921875,-0.96648045
10,347,357,0.69726562,-0.94397759
5,341,346,0.67578125,-0.97109827
10,353,363,0.70898438,-0.94490358
3,346,349,0.68164062,-0.98280802
1,342,343,0.66992188,-0.9941691
2,341,343,0.66992188,-0.98833819
1,357,358,0.69921875,-0.99441341
19,320,339,0.66210938,-0.8879056
5,349,354,0.69140625,-0.97175141
3,344,347,0.67773438,-0.98270893
5,342,347,0.67773438,-0.97118156
9,341,350,0.68359375,-0.94857143
5,332,337,0.65820312,-0.97032641
21,327,348,0.6796875,-0.87931034
3,346,349,0.68164062,-0.98280802
1,348,349,0.68164062,-0.99426934
2,348,350,0.68359375,-0.98857143
1,349,350,0.68359375,-0.99428571
1,351,352,0.6875,-0.99431818
4,351,355,0.69335938,-0.97746479
13,336,349,0.68164062,-0.92550143
28,323,351,0.68554688,-0.84045584
12,333,345,0.67382812,-0.93043478
15,329,344,0.671875,-0.9127907
20,334,354,0.69140625,-0.88700565
18,325,343,0.66992188,-0.89504373
21,326,347,0.67773438,-0.87896254
13,336,349,0.68164062,-0.92550143
29,320,349,0.68164062,-0.83381089
41,302,343,0.66992188,-0.76093294
31,314,345,0.67382812,-0.82028986
1,341,342,0.66796875,-0.99415205
2,340,342,0.66796875,-0.98830409
13,331,344,0.671875,-0.9244186
10,331,341,0.66601562,-0.94134897
7,348,355,0.69335938,-0.96056338
19,323,342,0.66796875,-0.88888889
10,352,362,0.70703125,-0.94475138
6,334,340,0.6640625,-0.96470588
3,352,355,0.69335938,-0.98309859
11,336,347,0.67773438,-0.93659942
15,328,343,0.66992188,-0.91253644
0,350,350,0.68359375,-1
2,343,345,0.67382812,-0.9884058
3,348,351,0.68554688,-0.98290598
10,326,336,0.65625,-0.94047619
13,342,355,0.69335938,-0.92676056
17,328,345,0.67382812,-0.90144928
21,333,354,0.69140625,-0.88135593
29,302,331,0.64648438,-0.82477341
37,303,340,0.6640625,-0.78235294
54,281,335,0.65429688,-0.67761194
22,326,348,0.6796875,-0.87356322
18,333,351,0.68554688,-0.8974359
29,309,338,0.66015625,-0.82840237
32,311,343,0.66992188,-0.81341108
31,309,340,0.6640625,-0.81764706
22,332,354,0.69140625,-0.87570621
12,334,346,0.67578125,-0.93063584
19,330,349,0.68164062,-0.89111748
2,347,349,0.68164062,-0.98853868
2,350,352,0.6875,-0.98863636
2,351,353,0.68945312,-0.98866856
4,346,350,0.68359375,-0.97714286
0,345,345,0.67382812,-1
8,334,342,0.66796875,-0.95321637
1,358,359,0.70117188,-0.99442897
11,341,352,0.6875,-0.9375
5,349,354,0.69140625,-0.97175141
7,352,359,0.70117188,-0.96100279
0,358,358,0.69921875,-1
9,356,365,0.71289062,-0.95068493
0,327,327,0.63867188,-1
11,341,352,0.6875,-0.9375
2,340,342,0.66796875,-0.98830409
1,361,362,0.70703125,-0.99447514
15,333,348,0.6796875,-0.9137931
25,321,346,0.67578125,-0.85549133
7,344,351,0.68554688,-0.96011396
8,343,351,0.68554688,-0.95441595
7,353,360,0.703125,-0.96111111
15,337,352,0.6875,-0.91477273
25,323,348,0.6796875,-0.85632184
24,315,339,0.66210938,-0.85840708
20,326,346,0.67578125,-0.88439306
10,337,347,0.67773438,-0.94236311
0,342,342,0.66796875,-1
0,357,357,0.69726562,-1
2,345,347,0.67773438,-0.98847262
0,348,348,0.6796875,-1
0,356,356,0.6953125,-1
1,336,337,0.65820312,-0.99406528
17,332,349,0.68164062,-0.9025788
16,341,357,0.69726562,-0.91036415
1,342,343,0.66992188,-0.9941691
1,351,352,0.6875,-0.99431818
1,353,354,0.69140625,-0.99435028
10,335,345,0.67382812,-0.94202899
16,332,348,0.6796875,-0.90804598
53,279,332,0.6484375,-0.68072289
44,293,337,0.65820312,-0.7388724
27,324,351,0.68554688,-0.84615385
43,312,355,0.69335938,-0.75774648
41,299,340,0.6640625,-0.75882353
32,311,343,0.66992188,-0.81341108
28,314,342,0.66796875,-0.83625731
28,311,339,0.66210938,-0.83480826
19,332,351,0.68554688,-0.89173789
26,320,346,0.67578125,-0.84971098
11,343,354,0.69140625,-0.93785311
0,353,353,0.68945312,-1
9,335,344,0.671875,-0.94767442
42,314,356,0.6953125,-0.76404494
19,310,329,0.64257812,-0.88449848
34,320,354,0.69140625,-0.8079096
5,355,360,0.703125,-0.97222222
7,333,340,0.6640625,-0.95882353
4,349,353,0.68945312,-0.97733711
24,325,349,0.68164062,-0.86246418
25,323,348,0.6796875,-0.85632184
32,311,343,0.66992188,-0.81341108
29,324,353,0.68945312,-0.83569405
43,294,337,0.65820312,-0.74480712
61,291,352,0.6875,-0.65340909
52,286,338,0.66015625,-0.69230769
56,291,347,0.67773438,-0.67723343
27,314,341,0.66601562,-0.84164223
15,339,354,0.69140625,-0.91525424
10,338,348,0.6796875,-0.94252874
13,338,351,0.68554688,-0.92592593
0,344,344,0.671875,-1
7,339,346,0.67578125,-0.95953757
18,328,346,0.67578125,-0.89595376
9,325,334,0.65234375,-0.94610778
5,336,341,0.66601562,-0.97067449
0,346,346,0.67578125,-1
13,338,351,0.68554688,-0.92592593
1,338,339,0.66210938,-0.99410029
7,337,344,0.671875,-0.95930233
10,327,337,0.65820312,-0.94065282
16,329,345,0.67382812,-0.90724638
12,329,341,0.66601562,-0.92961877
8,357,365,0.71289062,-0.95616438
4,344,348,0.6796875,-0.97701149
13,326,339,0.66210938,-0.92330383
16,334,350,0.68359375,-0.90857143
13,322,335,0.65429688,-0.92238806
0,351,351,0.68554688,-1
1,354,355,0.69335938,-0.9943662
4,349,353,0.68945312,-0.97733711
0,347,347,0.67773438,-1
3,348,351,0.68554688,-0.98290598
3,336,339,0.66210938,-0.98230088
5,359,364,0.7109375,-0.97252747
5,347,352,0.6875,-0.97159091
23,326,349,0.68164062,-0.86819484
33,311,344,0.671875,-0.80813953
11,344,355,0.69335938,-0.93802817
3,356,359,0.70117188,-0.98328691
0,355,355,0.69335938,-1
5,348,353,0.68945312,-0.97167139
7,342,349,0.68164062,-0.95988539
8,348,356,0.6953125,-0.95505618
4,345,349,0.68164062,-0.97707736
15,329,344,0.671875,-0.9127907
0,345,345,0.67382812,-1
13,328,341,0.66601562,-0.92375367
15,324,339,0.66210938,-0.91150442
10,347,357,0.69726562,-0.94397759
7,353,360,0.703125,-0.96111111
7,331,338,0.66015625,-0.95857988
17,332,349,0.68164062,-0.9025788
1,345,346,0.67578125,-0.99421965
24,322,346,0.67578125,-0.86127168
13,344,357,0.69726562,-0.92717087
14,344,358,0.69921875,-0.92178771
9,335,344,0.671875,-0.94767442
0,355,355,0.69335938,-1
3,346,349,0.68164062,-0.98280802
2,343,345,0.67382812,-0.9884058
6,324,330,0.64453125,-0.96363636
8,338,346,0.67578125,-0.95375723
0,358,358,0.69921875,-1
30,315,345,0.67382812,-0.82608696
31,325,356,0.6953125,-0.8258427
25,328,353,0.68945312,-0.85835694
3,351,354,0.69140625,-0.98305085
0,338,338,0.66015625,-1
11,342,353,0.68945312,-0.93767705
1,351,352,0.6875,-0.99431818
3,345,348,0.6796875,-0.98275862
11,345,356,0.6953125,-0.93820225
26,320,346,0.67578125,-0.84971098
48,315,363,0.70898438,-0.73553719
40,300,340,0.6640625,-0.76470588
9,337,346,0.67578125,-0.94797688
1,348,349,0.68164062,-0.99426934
1,355,356,0.6953125,-0.99438202
1,349,350,0.68359375,-0.99428571
0,350,350,0.68359375,-1
9,337,346,0.67578125,-0.94797688
8,347,355,0.69335938,-0.95492958
2,337,339,0.66210938,-0.98820059
8,345,353,0.68945312,-0.95467422
7,344,351,0.68554688,-0.96011396
0,352,352,0.6875,-1
2,346,348,0.6796875,-0.98850575
13,327,340,0.6640625,-0.92352941
12,336,348,0.6796875,-0.93103448
34,311,345,0.67382812,-0.80289855
31,317,348,0.6796875,-0.82183908
10,331,341,0.66601562,-0.94134897
6,349,355,0.69335938,-0.96619718
0,358,358,0.69921875,-1
23,322,345,0.67382812,-0.86666667
5,343,348,0.6796875,-0.97126437
5,347,352,0.6875,-0.97159091
7,341,348,0.6796875,-0.95977011
1,347,348,0.6796875,-0.99425287
9,339,348,0.6796875,-0.94827586
7,339,346,0.67578125,-0.95953757
5,355,360,0.703125,-0.97222222
8,340,348,0.6796875,-0.95402299
9,339,348,0.6796875,-0.94827586
38,309,347,0.67773438,-0.78097983
47,301,348,0.6796875,-0.72988506
59,286,345,0.67382812,-0.65797101
44,309,353,0.68945312,-0.75070822
6,347,353,0.68945312,-0.96600567
3,352,355,0.69335938,-0.98309859
8,341,349,0.68164062,-0.95415473
1,352,353,0.68945312,-0.99433428
9,340,349,0.68164062,-0.94842407
11,335,346,0.67578125,-0.93641618
4,332,336,0.65625,-0.97619048
11,341,352,0.6875,-0.9375
7,347,354,0.69140625,-0.96045198
0,354,354,0.69140625,-1
7,336,343,0.66992188,-0.95918367
9,339,348,0.6796875,-0.94827586
16,331,347,0.67773438,-0.90778098
17,333,350,0.68359375,-0.90285714
36,309,345,0.67382812,-0.79130435
36,307,343,0.66992188,-0.79008746
9,337,346,0.67578125,-0.94797688
0,362,362,0.70703125,-1
6,331,337,0.65820312,-0.96439169
0,359,359,0.70117188,-1
3,339,342,0.66796875,-0.98245614
15,341,356,0.6953125,-0.91573034
11,347,358,0.69921875,-0.93854749
10,344,354,0.69140625,-0.94350282
2,347,349,0.68164062,-0.98853868
16,336,352,0.6875,-0.90909091
33,327,360,0.703125,-0.81666667
12,342,354,0.69140625,-0.93220339
21,318,339,0.66210938,-0.87610619
21,324,345,0.67382812,-0.87826087
19,316,335,0.65429688,-0.88656716
19,333,352,0.6875,-0.89204545
3,355,358,0.69921875,-0.98324022
5,351,356,0.6953125,-0.97191011
7,345,352,0.6875,-0.96022727
9,337,346,0.67578125,-0.94797688
6,346,352,0.6875,-0.96590909
12,331,343,0.66992188,-0.93002915
14,344,358,0.69921875,-0.92178771
4,337,341,0.66601562,-0.97653959
9,339,348,0.6796875,-0.94827586
6,354,360,0.703125,-0.96666667
48,310,358,0.69921875,-0.73184358
48,299,347,0.67773438,-0.72334294
32,326,358,0.69921875,-0.82122905
13,331,344,0.671875,-0.9244186
13,330,343,0.66992188,-0.92419825
40,311,351,0.68554688,-0.77207977
28,322,350,0.68359375,-0.84
5,352,357,0.69726562,-0.9719888
0,341,341,0.66601562,-1
3,353,356,0.6953125,-0.98314607
10,355,365,0.71289062,-0.94520548
1,362,363,0.70898438,-0.99449036
8,333,341,0.66601562,-0.95307918
4,340,344,0.671875,-0.97674419
5,354,359,0.70117188,-0.97214485
0,359,359,0.70117188,-1
16,340,356,0.6953125,-0.91011236
2,347,349,0.68164062,-0.98853868
8,348,356,0.6953125,-0.95505618
4,347,351,0.68554688,-0.97720798
1,352,353,0.68945312,-0.99433428
6,352,358,0.69921875,-0.96648045
1,348,349,0.68164062,-0.99426934
3,332,335,0.65429688,-0.98208955
5,341,346,0.67578125,-0.97109827
6,346,352,0.6875,-0.96590909
2,344,346,0.67578125,-0.98843931
11,338,349,0.68164062,-0.93696275
14,329,343,0.66992188,-0.91836735
0,357,357,0.69726562,-1
5,350,355,0.69335938,-0.97183099
8,339,347,0.67773438,-0.95389049
15,341,356,0.6953125,-0.91573034
14,333,347,0.67773438,-0.91930836
12,338,350,0.68359375,-0.93142857
11,335,346,0.67578125,-0.93641618
4,347,351,0.68554688,-0.97720798
7,331,338,0.66015625,-0.95857988
3,345,348,0.6796875,-0.98275862
2,347,349,0.68164062,-0.98853868
16,331,347,0.67773438,-0.90778098
4,342,346,0.67578125,-0.97687861
3,350,353,0.68945312,-0.98300283
8,334,342,0.66796875,-0.95321637
0,358,358,0.69921875,-1
5,349,354,0.69140625,-0.97175141
0,345,345,0.67382812,-1
0,357,357,0.69726562,-1
0,351,351,0.68554688,-1
7,354,361,0.70507812,-0.96121884
35,320,355,0.69335938,-0.8028169
14,335,349,0.68164062,-0.91977077
26,321,347,0.67773438,-0.85014409
4,350,354,0.69140625,-0.97740113
0,351,351,0.68554688,-1
1,343,344,0.671875,-0.99418605
4,357,361,0.70507812,-0.97783934
32,307,339,0.66210938,-0.81120944
14,326,340,0.6640625,-0.91764706
21,338,359,0.70117188,-0.88300836
14,338,352,0.6875,-0.92045455
52,290,342,0.66796875,-0.69590643
43,306,349,0.68164062,-0.75358166
34,312,346,0.67578125,-0.80346821
33,308,341,0.66601562,-0.80645161
29,317,346,0.67578125,-0.83236994
10,337,347,0.67773438,-0.94236311
7,338,345,0.67382812,-0.95942029
10,331,341,0.66601562,-0.94134897
29,321,350,0.68359375,-0.83428571
18,323,341,0.66601562,-0.89442815
1,359,360,0.703125,-0.99444444
0,354,354,0.69140625,-1
7,330,337,0.65820312,-0.95845697
8,359,367,0.71679688,-0.95640327
13,331,344,0.671875,-0.9244186
11,332,343,0.66992188,-0.93586006
26,324,350,0.68359375,-0.85142857
24,317,341,0.66601562,-0.85923754
31,321,352,0.6875,-0.82386364
38,306,344,0.671875,-0.77906977
25,317,342,0.66796875,-0.85380117
11,333,344,0.671875,-0.93604651
5,354,359,0.70117188,-0.97214485
0,343,343,0.66992188,-1
11,327,338,0.66015625,-0.93491124
21,314,335,0.65429688,-0.87462687
7,343,350,0.68359375,-0.96
4,336,340,0.6640625,-0.97647059
11,335,346,0.67578125,-0.93641618
4,357,361,0.70507812,-0.97783934
11,330,341,0.66601562,-0.93548387
6,345,351,0.68554688,-0.96581197
0,354,354,0.69140625,-1
2,343,345,0.67382812,-0.9884058
8,339,347,0.67773438,-0.95389049
8,345,353,0.68945312,-0.95467422
19,332,351,0.68554688,-0.89173789
66,282,348,0.6796875,-0.62068966
34,310,344,0.671875,-0.80232558
54,297,351,0.68554688,-0.69230769
12,338,350,0.68359375,-0.93142857
19,339,358,0.69921875,-0.89385475
22,320,342,0.66796875,-0.87134503
10,334,344,0.671875,-0.94186047
0,353,353,0.68945312,-1
8,336,344,0.671875,-0.95348837
20,323,343,0.66992188,-0.88338192
38,309,347,0.67773438,-0.78097983
29,309,338,0.66015625,-0.82840237
17,336,353,0.68945312,-0.90368272
29,316,345,0.67382812,-0.83188406
7,337,344,0.671875,-0.95930233
2,353,355,0.69335938,-0.98873239
8,335,343,0.66992188,-0.95335277
18,334,352,0.6875,-0.89772727
19,326,345,0.67382812,-0.88985507
35,317,352,0.6875,-0.80113636
10,328,338,0.66015625,-0.9408284
6,344,350,0.68359375,-0.96571429
1,342,343,0.66992188,-0.9941691
9,328,337,0.65820312,-0.94658754
5,339,344,0.671875,-0.97093023
5,347,352,0.6875,-0.97159091
1,343,344,0.671875,-0.99418605
6,339,345,0.67382812,-0.96521739
5,345,350,0.68359375,-0.97142857
5,344,349,0.68164062,-0.9713467
0,357,357,0.69726562,-1
2,342,344,0.671875,-0.98837209
1,333,334,0.65234375,-0.99401198
7,340,347,0.67773438,-0.95965418
30,326,356,0.6953125,-0.83146067
14,337,351,0.68554688,-0.92022792
13,328,341,0.66601562,-0.92375367
0,351,351,0.68554688,-1
7,346,353,0.68945312,-0.96033994
1,339,340,0.6640625,-0.99411765
14,332,346,0.67578125,-0.91907514
24,333,357,0.69726562,-0.86554622
0,349,349,0.68164062,-1
10,344,354,0.69140625,-0.94350282
4,341,345,0.67382812,-0.97681159
10,341,351,0.68554688,-0.94301994
3,350,353,0.68945312,-0.98300283
4,356,360,0.703125,-0.97777778
5,346,351,0.68554688,-0.97150997
1,345,346,0.67578125,-0.99421965
8,337,345,0.67382812,-0.95362319
10,340,350,0.68359375,-0.94285714
8,342,350,0.68359375,-0.95428571
15,327,342,0.66796875,-0.9122807
16,323,339,0.66210938,-0.90560472
19,345,364,0.7109375,-0.8956044
6,348,354,0.69140625,-0.96610169
18,326,344,0.671875,-0.89534884
6,339,345,0.67382812,-0.96521739
10,347,357,0.69726562,-0.94397759
0,350,350,0.68359375,-1
0,345,345,0.67382812,-1
3,348,351,0.68554688,-0.98290598
11,330,341,0.66601562,-0.93548387
31,308,339,0.66210938,-0.81710914
13,340,353,0.68945312,-0.92634561
43,292,335,0.65429688,-0.74328358
46,292,338,0.66015625,-0.72781065
31,310,341,0.66601562,-0.81818182
15,322,337,0.65820312,-0.91097923
24,316,340,0.6640625,-0.85882353
25,327,352,0.6875,-0.85795455
41,307,348,0.6796875,-0.76436782
26,313,339,0.66210938,-0.84660767
27,325,352,0.6875,-0.84659091
41,306,347,0.67773438,-0.76368876
74,273,347,0.67773438,-0.57348703
71,280,351,0.68554688,-0.5954416
68,284,352,0.6875,-0.61363636
28,314,342,0.66796875,-0.83625731
40,317,357,0.69726562,-0.77591036
15,338,353,0.68945312,-0.91501416
21,337,358,0.69921875,-0.88268156
12,331,343,0.66992188,-0.93002915
9,336,345,0.67382812,-0.94782609
0,361,361,0.70507812,-1
5,347,352,0.6875,-0.97159091
13,334,347,0.67773438,-0.92507205
5,342,347,0.67773438,-0.97118156
0,376,376,0.734375,-1
19,315,334,0.65234375,-0.88622754
18,333,351,0.68554688,-0.8974359
0,351,351,0.68554688,-1
6,346,352,0.6875,-0.96590909
10,352,362,0.70703125,-0.94475138
14,333,347,0.67773438,-0.91930836
11,341,352,0.6875,-0.9375
40,301,341,0.66601562,-0.76539589
37,304,341,0.66601562,-0.7829912
51,292,343,0.66992188,-0.70262391
51,303,354,0.69140625,-0.71186441
40,307,347,0.67773438,-0.76945245
65,290,355,0.69335938,-0.63380282
51,291,342,0.66796875,-0.70175439
53,288,341,0.66601562,-0.68914956
50,284,334,0.65234375,-0.7005988
51,294,345,0.67382812,-0.70434783
29,320,349,0.68164062,-0.83381089
17,327,344,0.671875,-0.90116279
13,335,348,0.6796875,-0.92528736
3,346,349,0.68164062,-0.98280802
4,345,349,0.68164062,-0.97707736
2,339,341,0.66601562,-0.98826979
4,337,341,0.66601562,-0.97653959
0,353,353,0.68945312,-1
11,341,352,0.6875,-0.9375
7,341,348,0.6796875,-0.95977011
5,336,341,0.66601562,-0.97067449
0,354,354,0.69140625,-1
7,344,351,0.68554688,-0.96011396
12,337,349,0.68164062,-0.93123209
15,332,347,0.67773438,-0.91354467
9,350,359,0.70117188,-0.94986072
11,343,354,0.69140625,-0.93785311
4,347,351,0.68554688,-0.97720798
0,347,347,0.67773438,-1
6,349,355,0.69335938,-0.96619718
0,345,345,0.67382812,-1
4,352,356,0.6953125,-0.97752809
15,342,357,0.69726562,-0.91596639
18,336,354,0.69140625,-0.89830508
6,338,344,0.671875,-0.96511628
9,336,345,0.67382812,-0.94782609
15,337,352,0.6875,-0.91477273
0,354,354,0.69140625,-1
3,358,361,0.70507812,-0.9833795
2,358,360,0.703125,-0.98888889
5,335,340,0.6640625,-0.97058824
34,310,344,0.671875,-0.80232558
28,308,336,0.65625,-0.83333333
32,320,352,0.6875,-0.81818182
32,317,349,0.68164062,-0.81661891
12,330,342,0.66796875,-0.92982456
3,344,347,0.67773438,-0.98270893
3,347,350,0.68359375,-0.98285714
0,345,345,0.67382812,-1
0,351,351,0.68554688,-1
4,344,348,0.6796875,-0.97701149
5,351,356,0.6953125,-0.97191011
9,348,357,0.69726562,-0.94957983
8,342,350,0.68359375,-0.95428571
0,353,353,0.68945312,-1
10,341,351,0.68554688,-0.94301994
8,334,342,0.66796875,-0.95321637
4,348,352,0.6875,-0.97727273
7,347,354,0.69140625,-0.96045198
56,284,340,0.6640625,-0.67058824
29,322,351,0.68554688,-0.83475783
32,299,331,0.64648438,-0.80664653
5,346,351,0.68554688,-0.97150997
14,340,354,0.69140625,-0.92090395
12,332,344,0.671875,-0.93023256
2,344,346,0.67578125,-0.98843931
3,352,355,0.69335938,-0.98309859
1,346,347,0.67773438,-0.99423631
10,335,345,0.67382812,-0.94202899
0,347,347,0.67773438,-1
0,349,349,0.68164062,-1
21,320,341,0.66601562,-0.87683284
15,332,347,0.67773438,-0.91354467
17,333,350,0.68359375,-0.90285714
13,331,344,0.671875,-0.9244186
9,338,347,0.67773438,-0.9481268
22,317,339,0.66210938,-0.87020649
34,316,350,0.68359375,-0.80571429
25,335,360,0.703125,-0.86111111
34,292,326,0.63671875,-0.79141104
32,313,345,0.67382812,-0.81449275
28,314,342,0.66796875,-0.83625731
24,325,349,0.68164062,-0.86246418
2,348,350,0.68359375,-0.98857143
9,339,348,0.6796875,-0.94827586
0,359,359,0.70117188,-1
10,332,342,0.66796875,-0.94152047
17,343,360,0.703125,-0.90555556
0,360,360,0.703125,-1
1,362,363,0.70898438,-0.99449036
1,348,349,0.68164062,-0.99426934
0,339,339,0.66210938,-1
0,363,363,0.70898438,-1
0,348,348,0.6796875,-1
6,334,340,0.6640625,-0.96470588
9,346,355,0.69335938,-0.94929577
10,352,362,0.70703125,-0.94475138
2,336,338,0.66015625,-0.98816568
15,325,340,0.6640625,-0.91176471
15,340,355,0.69335938,-0.91549296
11,337,348,0.6796875,-0.93678161
10,333,343,0.66992188,-0.94169096
22,330,352,0.6875,-0.875
14,344,358,0.69921875,-0.92178771
14,331,345,0.67382812,-0.91884058
10,347,357,0.69726562,-0.94397759
12,342,354,0.69140625,-0.93220339
0,351,351,0.68554688,-1
22,327,349,0.68164062,-0.8739255
7,345,352,0.6875,-0.96022727
0,347,347,0.67773438,-1
0,356,356,0.6953125,-1
1,355,356,0.6953125,-0.99438202
5,338,343,0.66992188,-0.97084548
6,348,354,0.69140625,-0.96610169
4,344,348,0.6796875,-0.97701149
0,350,350,0.68359375,-1
13,337,350,0.68359375,-0.92571429
6,350,356,0.6953125,-0.96629213
7,353,360,0.703125,-0.96111111
3,343,346,0.67578125,-0.98265896
12,333,345,0.67382812,-0.93043478
5,343,348,0.6796875,-0.97126437
4,349,353,0.68945312,-0.97733711
10,340,350,0.68359375,-0.94285714
0,346,346,0.67578125,-1
3,340,343,0.66992188,-0.98250729
3,343,346,0.67578125,-0.98265896
1,360,361,0.70507812,-0.99445983
5,357,362,0.70703125,-0.97237569
18,335,353,0.68945312,-0.898017
1,333,334,0.65234375,-0.99401198
3,352,355,0.69335938,-0.98309859
4,348,352,0.6875,-0.97727273
1,334,335,0.65429688,-0.99402985
8,340,348,0.6796875,-0.95402299
21,324,345,0.67382812,-0.87826087
21,332,353,0.68945312,-0.88101983
36,314,350,0.68359375,-0.79428571
41,306,347,0.67773438,-0.76368876
33,321,354,0.69140625,-0.81355932
31,312,343,0.66992188,-0.81924198
38,301,339,0.66210938,-0.77581121
27,320,347,0.67773438,-0.8443804
38,310,348,0.6796875,-0.7816092
54,299,353,0.68945312,-0.69405099
46,293,339,0.66210938,-0.72861357
12,344,356,0.6953125,-0.93258427
16,339,355,0.69335938,-0.90985915
6,348,354,0.69140625,-0.96610169
0,345,345,0.67382812,-1
3,355,358,0.69921875,-0.98324022
5,341,346,0.67578125,-0.97109827
4,342,346,0.67578125,-0.97687861
9,342,351,0.68554688,-0.94871795
17,333,350,0.68359375,-0.90285714
10,338,348,0.6796875,-0.94252874
0,352,352,0.6875,-1
7,333,340,0.6640625,-0.95882353
0,358,358,0.69921875,-1
7,340,347,0.67773438,-0.95965418
28,314,342,0.66796875,-0.83625731
4,344,348,0.6796875,-0.97701149
8,345,353,0.68945312,-0.95467422
2,349,351,0.68554688,-0.98860399
7,345,352,0.6875,-0.96022727
11,327,338,0.66015625,-0.93491124
0,346,346,0.67578125,-1
4,344,348,0.6796875,-0.97701149
6,335,341,0.66601562,-0.96480938
0,349,349,0.68164062,-1
18,326,344,0.671875,-0.89534884
18,332,350,0.68359375,-0.89714286
25,321,346,0.67578125,-0.85549133
9,339,348,0.6796875,-0.94827586
34,303,337,0.65820312,-0.79821958
13,338,351,0.68554688,-0.92592593
6,347,353,0.68945312,-0.96600567
5,349,354,0.69140625,-0.97175141
11,340,351,0.68554688,-0.93732194
0,350,350,0.68359375,-1
3,334,337,0.65820312,-0.98219585
1,346,347,0.67773438,-0.99423631
15,340,355,0.69335938,-0.91549296
8,350,358,0.69921875,-0.95530726
12,338,350,0.68359375,-0.93142857
37,324,361,0.70507812,-0.79501385
33,312,345,0.67382812,-0.80869565
28,308,336,0.65625,-0.83333333
3,348,351,0.68554688,-0.98290598
0,347,347,0.67773438,-1
23,323,346,0.67578125,-0.86705202
25,317,342,0.66796875,-0.85380117
16,336,352,0.6875,-0.90909091
19,319,338,0.66015625,-0.88757396
9,347,356,0.6953125,-0.9494382
0,346,346,0.67578125,-1
0,346,346,0.67578125,-1
2,354,356,0.6953125,-0.98876404
4,338,342,0.66796875,-0.97660819
9,339,348,0.6796875,-0.94827586
22,318,340,0.6640625,-0.87058824
43,295,338,0.66015625,-0.74556213
28,317,345,0.67382812,-0.83768116
32,315,347,0.67773438,-0.81556196
19,333,352,0.6875,-0.89204545
12,339,351,0.68554688,-0.93162393
13,339,352,0.6875,-0.92613636
13,335,348,0.6796875,-0.92528736
2,348,350,0.68359375,-0.98857143
1,352,353,0.68945312,-0.99433428
5,336,341,0.66601562,-0.97067449
1,354,355,0.69335938,-0.9943662
2,342,344,0.671875,-0.98837209
1,356,357,0.69726562,-0.99439776
23,326,349,0.68164062,-0.86819484
9,349,358,0.69921875,-0.94972067
11,338,349,0.68164062,-0.93696275
20,315,335,0.65429688,-0.88059701
32,325,357,0.69726562,-0.82072829
34,311,345,0.67382812,-0.80289855
16,333,349,0.68164062,-0.90830946
0,348,348,0.6796875,-1
13,351,364,0.7109375,-0.92857143
31,317,348,0.6796875,-0.82183908
48,303,351,0.68554688,-0.72649573
14,332,346,0.67578125,-0.91907514
41,303,344,0.671875,-0.76162791
19,330,349,0.68164062,-0.89111748
6,337,343,0.66992188,-0.96501458
15,324,339,0.66210938,-0.91150442
4,364,368,0.71875,-0.97826087
7,356,363,0.70898438,-0.96143251
0,343,343,0.66992188,-1
10,337,347,0.67773438,-0.94236311
4,347,351,0.68554688,-0.97720798
1,339,340,0.6640625,-0.99411765
9,346,355,0.69335938,-0.94929577
14,328,342,0.66796875,-0.91812865
35,297,332,0.6484375,-0.78915663
38,313,351,0.68554688,-0.78347578
35,315,350,0.68359375,-0.8
18,327,345,0.67382812,-0.89565217
10,340,350,0.68359375,-0.94285714
3,341,344,0.671875,-0.98255814
7,348,355,0.69335938,-0.96056338
21,336,357,0.69726562,-0.88235294
30,326,356,0.6953125,-0.83146067
20,325,345,0.67382812,-0.88405797
13,329,342,0.66796875,-0.92397661
8,346,354,0.69140625,-0.95480226
31,321,352,0.6875,-0.82386364
16,342,358,0.69921875,-0.91061453
9,346,355,0.69335938,-0.94929577
22,324,346,0.67578125,-0.87283237
37,326,363,0.70898438,-0.79614325
10,338,348,0.6796875,-0.94252874
4,339,343,0.66992188,-0.97667638
1,343,344,0.671875,-0.99418605
15,331,346,0.67578125,-0.9132948
11,328,339,0.66210938,-0.93510324
5,351,356,0.6953125,-0.97191011
5,350,355,0.69335938,-0.97183099
1,360,361,0.70507812,-0.99445983
14,336,350,0.68359375,-0.92
12,329,341,0.66601562,-0.92961877
0,357,357,0.69726562,-1
6,345,351,0.68554688,-0.96581197
1,349,350,0.68359375,-0.99428571
19,336,355,0.69335938,-0.89295775
3,352,355,0.69335938,-0.98309859
12,341,353,0.68945312,-0.93201133
3,350,353,0.68945312,-0.98300283
1,347,348,0.6796875,-0.99425287
5,340,345,0.67382812,-0.97101449
5,360,365,0.71289062,-0.97260274
4,344,348,0.6796875,-0.97701149
0,357,357,0.69726562,-1
7,341,348,0.6796875,-0.95977011
6,336,342,0.66796875,-0.96491228
16,344,360,0.703125,-0.91111111
30,328,358,0.69921875,-0.83240223
19,329,348,0.6796875,-0.8908046
32,312,344,0.671875,-0.81395349
50,292,342,0.66796875,-0.70760234
47,301,348,0.6796875,-0.72988506
49,292,341,0.66601562,-0.71260997
52,301,353,0.68945312,-0.70538244
57,292,349,0.68164062,-0.67335244
70,278,348,0.6796875,-0.59770115
38,300,338,0.66015625,-0.77514793
45,296,341,0.66601562,-0.73607038
67,275,342,0.66796875,-0.60818713
90,260,350,0.68359375,-0.48571429
96,250,346,0.67578125,-0.44508671
100,242,342,0.66796875,-0.41520468
73,277,350,0.68359375,-0.58285714
56,301,357,0.69726562,-0.68627451
26,313,339,0.66210938,-0.84660767
42,302,344,0.671875,-0.75581395
50,294,344,0.671875,-0.70930233
59,274,333,0.65039062,-0.64564565
40,299,339,0.66210938,-0.7640118
53,293,346,0.67578125,-0.69364162
47,285,332,0.6484375,-0.71686747
45,318,363,0.70898438,-0.75206612
30,327,357,0.69726562,-0.83193277
20,333,353,0.68945312,-0.88668555
6,349,355,0.69335938,-0.96619718
0,336,336,0.65625,-1
4,351,355,0.69335938,-0.97746479
0,349,349,0.68164062,-1
8,337,345,0.67382812,-0.95362319
21,317,338,0.66015625,-0.87573964
5,346,351,0.68554688,-0.97150997
0,349,349,0.68164062,-1
4,350,354,0.69140625,-0.97740113
6,331,337,0.65820312,-0.96439169
6,349,355,0.69335938,-0.96619718
3,349,352,0.6875,-0.98295455
0,353,353,0.68945312,-1
5,346,351,0.68554688,-0.97150997
9,345,354,0.69140625,-0.94915254
13,339,352,0.6875,-0.92613636
36,314,350,0.68359375,-0.79428571
29,330,359,0.70117188,-0.83844011
21,320,341,0.66601562,-0.87683284
17,333,350,0.68359375,-0.90285714
6,343,349,0.68164062,-0.96561605
27,329,356,0.6953125,-0.84831461
28,322,350,0.68359375,-0.84
22,330,352,0.6875,-0.875
14,335,349,0.68164062,-0.91977077
3,338,341,0.66601562,-0.98240469
20,337,357,0.69726562,-0.88795518
6,345,351,0.68554688,-0.96581197
8,342,350,0.68359375,-0.95428571
13,342,355,0.69335938,-0.92676056
9,334,343,0.66992188,-0.94752187
12,335,347,0.67773438,-0.93083573
16,343,359,0.70117188,-0.91086351
22,328,350,0.68359375,-0.87428571
14,329,343,0.66992188,-0.91836735
0,360,360,0.703125,-1
0,342,342,0.66796875,-1
5,333,338,0.66015625,-0.9704142
12,343,355,0.69335938,-0.93239437
14,338,352,0.6875,-0.92045455
13,335,348,0.6796875,-0.92528736
34,314,348,0.6796875,-0.8045977
51,285,336,0.65625,-0.69642857
33,308,341,0.66601562,-0.80645161
47,297,344,0.671875,-0.72674419
28,328,356,0.6953125,-0.84269663
47,306,353,0.68945312,-0.73371105
8,349,357,0.69726562,-0.95518207
7,349,356,0.6953125,-0.96067416
7,356,363,0.70898438,-0.96143251
8,343,351,0.68554688,-0.95441595
21,329,350,0.68359375,-0.88
19,323,342,0.66796875,-0.88888889
2,348,350,0.68359375,-0.98857143
6,340,346,0.67578125,-0.96531792
0,354,354,0.69140625,-1
5,344,349,0.68164062,-0.9713467
27,316,343,0.66992188,-0.8425656
13,333,346,0.67578125,-0.92485549
4,342,346,0.67578125,-0.97687861
0,349,349,0.68164062,-1
9,337,346,0.67578125,-0.94797688
10,346,356,0.6953125,-0.94382022
0,355,355,0.69335938,-1
15,336,351,0.68554688,-0.91452991
4,340,344,0.671875,-0.97674419
1,349,350,0.68359375,-0.99428571
13,332,345,0.67382812,-0.92463768
22,318,340,0.6640625,-0.87058824
15,330,345,0.67382812,-0.91304348
1,356,357,0.69726562,-0.99439776
3,345,348,0.6796875,-0.98275862
0,353,353,0.68945312,-1
9,333,342,0.66796875,-0.94736842
13,339,352,0.6875,-0.92613636
23,328,351,0.68554688,-0.86894587
0,354,354,0.69140625,-1
12,348,360,0.703125,-0.93333333
40,304,344,0.671875,-0.76744186
35,321,356,0.6953125,-0.80337079
1,345,346,0.67578125,-0.99421965
9,337,346,0.67578125,-0.94797688
1,350,351,0.68554688,-0.99430199
2,342,344,0.671875,-0.98837209
15,332,347,0.67773438,-0.91354467
1,356,357,0.69726562,-0.99439776
11,342,353,0.68945312,-0.93767705
17,331,348,0.6796875,-0.90229885
18,324,342,0.66796875,-0.89473684
8,340,348,0.6796875,-0.95402299
19,332,351,0.68554688,-0.89173789
10,338,348,0.6796875,-0.94252874
6,340,346,0.67578125,-0.96531792
4,359,363,0.70898438,-0.97796143
5,345,350,0.68359375,-0.97142857
13,346,359,0.70117188,-0.9275766
5,346,351,0.68554688,-0.97150997
1,359,360,0.703125,-0.99444444
2,356,358,0.69921875,-0.98882682
1,347,348,0.6796875,-0.99425287
0,365,365,0.71289062,-1
0,350,350,0.68359375,-1
5,341,346,0.67578125,-0.97109827
14,326,340,0.6640625,-0.91764706
5,347,352,0.6875,-0.97159091
2,353,355,0.69335938,-0.98873239
3,351,354,0.69140625,-0.98305085
9,340,349,0.68164062,-0.94842407
5,339,344,0.671875,-0.97093023
5,329,334,0.65234375,-0.97005988
9,341,350,0.68359375,-0.94857143
15,340,355,0.69335938,-0.91549296
31,316,347,0.67773438,-0.82132565
37,308,345,0.67382812,-0.78550725
29,320,349,0.68164062,-0.83381089
20,322,342,0.66796875,-0.88304094
32,312,344,0.671875,-0.81395349
55,298,353,0.68945312,-0.68838527
40,307,347,0.67773438,-0.76945245
53,295,348,0.6796875,-0.6954023
34,309,343,0.66992188,-0.80174927
34,311,345,0.67382812,-0.80289855
20,318,338,0.66015625,-0.8816568
33,312,345,0.67382812,-0.80869565
15,339,354,0.69140625,-0.91525424
8,343,351,0.68554688,-0.95441595
16,319,335,0.65429688,-0.90447761
28,309,337,0.65820312,-0.83382789
20,333,353,0.68945312,-0.88668555
5,337,342,0.66796875,-0.97076023
1,352,353,0.68945312,-0.99433428
0,345,345,0.67382812,-1
9,336,345,0.67382812,-0.94782609
9,352,361,0.70507812,-0.9501385
5,348,353,0.68945312,-0.97167139
6,343,349,0.68164062,-0.96561605
9,340,349,0.68164062,-0.94842407
45,294,339,0.66210938,-0.73451327
43,292,335,0.65429688,-0.74328358
29,308,337,0.65820312,-0.82789318
45,310,355,0.69335938,-0.74647887
53,290,343,0.66992188,-0.6909621
51,283,334,0.65234375,-0.69461078
58,276,334,0.65234375,-0.65269461
38,310,348,0.6796875,-0.7816092
14,333,347,0.67773438,-0.91930836
13,342,355,0.69335938,-0.92676056
7,336,343,0.66992188,-0.95918367
0,348,348,0.6796875,-1
12,340,352,0.6875,-0.93181818
21,330,351,0.68554688,-0.88034188
1,353,354,0.69140625,-0.99435028
2,347,349,0.68164062,-0.98853868
6,321,327,0.63867188,-0.96330275
4,341,345,0.67382812,-0.97681159
4,346,350,0.68359375,-0.97714286
0,353,353,0.68945312,-1
9,338,347,0.67773438,-0.9481268
1,349,350,0.68359375,-0.99428571
18,324,342,0.66796875,-0.89473684
11,333,344,0.671875,-0.93604651
10,339,349,0.68164062,-0.94269341
2,336,338,0.66015625,-0.98816568
18,321,339,0.66210938,-0.89380531
9,333,342,0.66796875,-0.94736842
16,328,344,0.671875,-0.90697674
33,313,346,0.67578125,-0.80924855
21,330,351,0.68554688,-0.88034188
42,295,337,0.65820312,-0.75074184
66,282,348,0.6796875,-0.62068966
84,267,351,0.68554688,-0.52136752
71,280,351,0.68554688,-0.5954416
57,285,342,0.66796875,-0.66666667
73,264,337,0.65820312,-0.56676558
49,305,354,0.69140625,-0.72316384
70,269,339,0.66210938,-0.58702065
76,283,359,0.70117188,-0.57660167
64,288,352,0.6875,-0.63636364
77,267,344,0.671875,-0.55232558
79,272,351,0.68554688,-0.54985755
83,247,330,0.64453125,-0.4969697
83,256,339,0.66210938,-0.51032448
42,295,337,0.65820312,-0.75074184
31,315,346,0.67578125,-0.82080925
32,316,348,0.6796875,-0.81609195
12,338,350,0.68359375,-0.93142857
4,338,342,0.66796875,-0.97660819
0,354,354,0.69140625,-1
11,333,344,0.671875,-0.93604651
0,345,345,0.67382812,-1
32,305,337,0.65820312,-0.81008902
27,319,346,0.67578125,-0.84393064
7,351,358,0.69921875,-0.96089385
3,341,344,0.671875,-0.98255814
15,342,357,0.69726562,-0.91596639
9,341,350,0.68359375,-0.94857143
0,362,362,0.70703125,-1
1,350,351,0.68554688,-0.99430199
2,355,357,0.69726562,-0.98879552
0,352,352,0.6875,-1
1,352,353,0.68945312,-0.99433428
13,324,337,0.65820312,-0.92284866
22,323,345,0.67382812,-0.87246377
38,308,346,0.67578125,-0.78034682
42,307,349,0.68164062,-0.75931232
28,318,346,0.67578125,-0.83815029
9,337,346,0.67578125,-0.94797688
10,344,354,0.69140625,-0.94350282
26,325,351,0.68554688,-0.85185185
17,326,343,0.66992188,-0.90087464
13,337,350,0.68359375,-0.92571429
13,347,360,0.703125,-0.92777778
2,359,361,0.70507812,-0.98891967
12,343,355,0.69335938,-0.93239437
23,328,351,0.68554688,-0.86894587
5,330,335,0.65429688,-0.97014925
10,342,352,0.6875,-0.94318182
1,351,352,0.6875,-0.99431818
3,337,340,0.6640625,-0.98235294
1,359,360,0.703125,-0.99444444
10,332,342,0.66796875,-0.94152047
6,348,354,0.69140625,-0.96610169
0,350,350,0.68359375,-1
23,316,339,0.66210938,-0.86430678
19,315,334,0.65234375,-0.88622754
6,353,359,0.70117188,-0.96657382
7,349,356,0.6953125,-0.96067416
0,352,352,0.6875,-1
2,352,354,0.69140625,-0.98870056
19,327,346,0.67578125,-0.89017341
14,331,345,0.67382812,-0.91884058
18,328,346,0.67578125,-0.89595376
5,344,349,0.68164062,-0.9713467
4,331,335,0.65429688,-0.9761194
2,345,347,0.67773438,-0.98847262
3,348,351,0.68554688,-0.98290598
11,342,353,0.68945312,-0.93767705
14,339,353,0.68945312,-0.92067989
25,328,353,0.68945312,-0.85835694
18,329,347,0.67773438,-0.8962536
5,352,357,0.69726562,-0.9719888
9,341,350,0.68359375,-0.94857143
12,336,348,0.6796875,-0.93103448
30,316,346,0.67578125,-0.8265896
37,309,346,0.67578125,-0.78612717
50,291,341,0.66601562,-0.70674487
40,301,341,0.66601562,-0.76539589
27,316,343,0.66992188,-0.8425656
24,319,343,0.66992188,-0.86005831
9,344,353,0.68945312,-0.9490085
0,348,348,0.6796875,-1
34,306,340,0.6640625,-0.8
43,311,354,0.69140625,-0.75706215
31,310,341,0.66601562,-0.81818182
16,332,348,0.6796875,-0.90804598
13,325,338,0.66015625,-0.92307692
3,349,352,0.6875,-0.98295455
8,339,347,0.67773438,-0.95389049
43,289,332,0.6484375,-0.74096386
41,304,345,0.67382812,-0.76231884
39,307,346,0.67578125,-0.77456647
1,341,342,0.66796875,-0.99415205
12,336,348,0.6796875,-0.93103448
2,346,348,0.6796875,-0.98850575
2,351,353,0.68945312,-0.98866856
2,346,348,0.6796875,-0.98850575
3,350,353,0.68945312,-0.98300283
22,334,356,0.6953125,-0.87640449
25,332,357,0.69726562,-0.85994398
24,310,334,0.65234375,-0.85628743
13,338,351,0.68554688,-0.92592593
22,323,345,0.67382812,-0.87246377
35,318,353,0.68945312,-0.80169972
35,309,344,0.671875,-0.79651163
30,323,353,0.68945312,-0.83002833
32,318,350,0.68359375,-0.81714286
30,330,360,0.703125,-0.83333333
31,315,346,0.67578125,-0.82080925
16,338,354,0.69140625,-0.90960452
10,344,354,0.69140625,-0.94350282
2,352,354,0.69140625,-0.98870056
22,320,342,0.66796875,-0.87134503
3,350,353,0.68945312,-0.98300283
0,355,355,0.69335938,-1
4,352,356,0.6953125,-0.97752809
22,325,347,0.67773438,-0.87319885
12,335,347,0.67773438,-0.93083573
20,327,347,0.67773438,-0.88472622
0,350,350,0.68359375,-1
14,336,350,0.68359375,-0.92
12,341,353,0.68945312,-0.93201133
17,322,339,0.66210938,-0.89970501
10,343,353,0.68945312,-0.94334278
0,349,349,0.68164062,-1
10,330,340,0.6640625,-0.94117647
11,340,351,0.68554688,-0.93732194
0,348,348,0.6796875,-1
6,346,352,0.6875,-0.96590909
21,321,342,0.66796875,-0.87719298
24,328,352,0.6875,-0.86363636
17,335,352,0.6875,-0.90340909
7,340,347,0.67773438,-0.95965418
17,332,349,0.68164062,-0.9025788
8,347,355,0.69335938,-0.95492958
7,345,352,0.6875,-0.96022727
1,341,342,0.66796875,-0.99415205
2,348,350,0.68359375,-0.98857143
1,338,339,0.66210938,-0.99410029
4,347,351,0.68554688,-0.97720798
0,345,345,0.67382812,-1
1,351,352,0.6875,-0.99431818
4,346,350,0.68359375,-0.97714286
33,320,353,0.68945312,-0.81303116
27,319,346,0.67578125,-0.84393064
17,332,349,0.68164062,-0.9025788
10,339,349,0.68164062,-0.94269341
1,347,348,0.6796875,-0.99425287
2,345,347,0.67773438,-0.98847262
8,338,346,0.67578125,-0.95375723
4,353,357,0.69726562,-0.97759104
18,326,344,0.671875,-0.89534884
7,341,348,0.6796875,-0.95977011
14,333,347,0.67773438,-0.91930836
25,318,343,0.66992188,-0.85422741
15,330,345,0.67382812,-0.91304348
5,333,338,0.66015625,-0.9704142
9,346,355,0.69335938,-0.94929577
9,330,339,0.66210938,-0.94690265
2,359,361,0.70507812,-0.98891967
4,349,353,0.68945312,-0.97733711
7,338,345,0.67382812,-0.95942029
1,353,354,0.69140625,-0.99435028
10,328,338,0.66015625,-0.9408284
24,329,353,0.68945312,-0.86402266
6,336,342,0.66796875,-0.96491228
11,343,354,0.69140625,-0.93785311
15,326,341,0.66601562,-0.91202346
9,326,335,0.65429688,-0.94626866
8,339,347,0.67773438,-0.95389049
10,351,361,0.70507812,-0.94459834
11,340,351,0.68554688,-0.93732194
0,361,361,0.70507812,-1
13,329,342,0.66796875,-0.92397661
10,342,352,0.6875,-0.94318182
6,351,357,0.69726562,-0.96638655
21,313,334,0.65234375,-0.8742515
25,334,359,0.70117188,-0.86072423
34,310,344,0.671875,-0.80232558
22,325,347,0.67773438,-0.87319885
2,346,348,0.6796875,-0.98850575
3,355,358,0.69921875,-0.98324022
4,345,349,0.68164062,-0.97707736
8,337,345,0.67382812,-0.95362319
0,349,349,0.68164062,-1
0,350,350,0.68359375,-1
19,336,355,0.69335938,-0.89295775
24,324,348,0.6796875,-0.86206897
0,337,337,0.65820312,-1
5,334,339,0.66210938,-0.97050147
9,326,335,0.65429688,-0.94626866
11,339,350,0.68359375,-0.93714286
3,335,338,0.66015625,-0.98224852
5,350,355,0.69335938,-0.97183099
6,359,365,0.71289062,-0.96712329
26,326,352,0.6875,-0.85227273
30,300,330,0.64453125,-0.81818182
45,308,353,0.68945312,-0.74504249
63,266,329,0.64257812,-0.61702128
123,209,332,0.6484375,-0.25903614
103,236,339,0.66210938,-0.39233038
97,239,336,0.65625,-0.42261905
104,237,341,0.66601562,-0.39002933
73,270,343,0.66992188,-0.57434402
62,285,347,0.67773438,-0.6426513
108,230,338,0.66015625,-0.36094675
71,273,344,0.671875,-0.5872093
66,270,336,0.65625,-0.60714286
81,261,342,0.66796875,-0.52631579
58,294,352,0.6875,-0.67045455
51,296,347,0.67773438,-0.70605187
52,297,349,0.68164062,-0.70200573
46,299,345,0.67382812,-0.73333333
57,284,341,0.66601562,-0.66568915
71,262,333,0.65039062,-0.57357357
78,274,352,0.6875,-0.55681818
47,305,352,0.6875,-0.73295455
25,331,356,0.6953125,-0.85955056
14,330,344,0.671875,-0.91860465
7,342,349,0.68164062,-0.95988539
9,344,353,0.68945312,-0.9490085
10,330,340,0.6640625,-0.94117647
3,341,344,0.671875,-0.98255814
0,346,346,0.67578125,-1
0,350,350,0.68359375,-1
24,330,354,0.69140625,-0.86440678
37,312,349,0.68164062,-0.78796562
22,319,341,0.66601562,-0.87096774
1,347,348,0.6796875,-0.99425287
1,343,344,0.671875,-0.99418605
5,341,346,0.67578125,-0.97109827
0,357,357,0.69726562,-1
10,328,338,0.66015625,-0.9408284
5,337,342,0.66796875,-0.97076023
8,342,350,0.68359375,-0.95428571
17,337,354,0.69140625,-0.9039548
24,315,339,0.66210938,-0.85840708
2,346,348,0.6796875,-0.98850575
9,340,349,0.68164062,-0.94842407
14,337,351,0.68554688,-0.92022792
30,317,347,0.67773438,-0.82708934
7,339,346,0.67578125,-0.95953757
1,354,355,0.69335938,-0.9943662
11,334,345,0.67382812,-0.93623188
19,328,347,0.67773438,-0.89048991
25,326,351,0.68554688,-0.85754986
11,340,351,0.68554688,-0.93732194
18,335,353,0.68945312,-0.898017
34,301,335,0.65429688,-0.79701493
27,315,342,0.66796875,-0.84210526
21,333,354,0.69140625,-0.88135593
29,315,344,0.671875,-0.83139535
27,321,348,0.6796875,-0.84482759
16,324,340,0.6640625,-0.90588235
6,344,350,0.68359375,-0.96571429
2,350,352,0.6875,-0.98863636
8,333,341,0.66601562,-0.95307918
9,339,348,0.6796875,-0.94827586
1,351,352,0.6875,-0.99431818
4,333,337,0.65820312,-0.97626113
7,343,350,0.68359375,-0.96
11,344,355,0.69335938,-0.93802817
15,341,356,0.6953125,-0.91573034
15,328,343,0.66992188,-0.91253644
1,341,342,0.66796875,-0.99415205
9,340,349,0.68164062,-0.94842407
41,301,342,0.66796875,-0.76023392
42,299,341,0.66601562,-0.75366569
51,300,351,0.68554688,-0.70940171
15,347,362,0.70703125,-0.91712707
4,343,347,0.67773438,-0.97694524
8,337,345,0.67382812,-0.95362319
20,321,341,0.66601562,-0.88269795
1,346,347,0.67773438,-0.99423631
3,338,341,0.66601562,-0.98240469
20,337,357,0.69726562,-0.88795518
8,348,356,0.6953125,-0.95505618
2,358,360,0.703125,-0.98888889
5,349,354,0.69140625,-0.97175141
16,329,345,0.67382812,-0.90724638
5,330,335,0.65429688,-0.97014925
9,346,355,0.69335938,-0.94929577
5,359,364,0.7109375,-0.97252747
1,345,346,0.67578125,-0.99421965
1,346,347,0.67773438,-0.99423631
0,341,341,0.66601562,-1
0,346,346,0.67578125,-1
3,343,346,0.67578125,-0.98265896
0,347,347,0.67773438,-1
2,344,346,0.67578125,-0.98843931
17,329,346,0.67578125,-0.9017341
8,344,352,0.6875,-0.95454545
3,360,363,0.70898438,-0.98347107
9,336,345,0.67382812,-0.94782609
39,314,353,0.68945312,-0.77903683
40,318,358,0.69921875,-0.77653631
62,287,349,0.68164062,-0.64469914
44,298,342,0.66796875,-0.74269006
47,308,355,0.69335938,-0.73521127
37,294,331,0.64648438,-0.77643505
16,326,342,0.66796875,-0.90643275
20,332,352,0.6875,-0.88636364
0,350,350,0.68359375,-1
1,349,350,0.68359375,-0.99428571
4,347,351,0.68554688,-0.97720798
0,347,347,0.67773438,-1
2,362,364,0.7109375,-0.98901099
3,349,352,0.6875,-0.98295455
0,353,353,0.68945312,-1
0,361,361,0.70507812,-1
4,349,353,0.68945312,-0.97733711
2,352,354,0.69140625,-0.98870056
15,339,354,0.69140625,-0.91525424
49,296,345,0.67382812,-0.71594203
54,299,353,0.68945312,-0.69405099
57,277,334,0.65234375,-0.65868263
87,262,349,0.68164062,-0.50143266
50,290,340,0.6640625,-0.70588235
28,318,346,0.67578125,-0.83815029
29,314,343,0.66992188,-0.83090379
29,327,356,0.6953125,-0.83707865
15,330,345,0.67382812,-0.91304348
15,325,340,0.6640625,-0.91176471
9,341,350,0.68359375,-0.94857143
12,340,352,0.6875,-0.93181818
10,345,355,0.69335938,-0.94366197
8,339,347,0.67773438,-0.95389049
5,349,354,0.69140625,-0.97175141
3,352,355,0.69335938,-0.98309859
8,338,346,0.67578125,-0.95375723
9,338,347,0.67773438,-0.9481268
25,331,356,0.6953125,-0.85955056
25,325,350,0.68359375,-0.85714286
18,332,350,0.68359375,-0.89714286
15,327,342,0.66796875,-0.9122807
39,312,351,0.68554688,-0.77777778
19,328,347,0.67773438,-0.89048991
1,349,350,0.68359375,-0.99428571
3,351,354,0.69140625,-0.98305085
2,353,355,0.69335938,-0.98873239
0,346,346,0.67578125,-1
9,347,356,0.6953125,-0.9494382
0,347,347,0.67773438,-1
0,352,352,0.6875,-1
5,346,351,0.68554688,-0.97150997
17,332,349,0.68164062,-0.9025788
0,354,354,0.69140625,-1
13,339,352,0.6875,-0.92613636
21,332,353,0.68945312,-0.88101983
29,318,347,0.67773438,-0.83285303
35,316,351,0.68554688,-0.8005698
4,345,349,0.68164062,-0.97707736
14,342,356,0.6953125,-0.92134831
8,344,352,0.6875,-0.95454545
4,349,353,0.68945312,-0.97733711
5,347,352,0.6875,-0.97159091
3,344,347,0.67773438,-0.98270893
2,349,351,0.68554688,-0.98860399
7,346,353,0.68945312,-0.96033994
0,349,349,0.68164062,-1
5,341,346,0.67578125,-0.97109827
0,346,346,0.67578125,-1
15,331,346,0.67578125,-0.9132948
7,353,360,0.703125,-0.96111111
8,345,353,0.68945312,-0.95467422
9,342,351,0.68554688,-0.94871795
4,342,346,0.67578125,-0.97687861
11,339,350,0.68359375,-0.93714286
6,345,351,0.68554688,-0.96581197
7,334,341,0.66601562,-0.95894428
24,316,340,0.6640625,-0.85882353
14,342,356,0.6953125,-0.92134831
5,334,339,0.66210938,-0.97050147
7,338,345,0.67382812,-0.95942029
3,348,351,0.68554688,-0.98290598
9,345,354,0.69140625,-0.94915254
5,344,349,0.68164062,-0.9713467
0,356,356,0.6953125,-1
9,335,344,0.671875,-0.94767442
3,342,345,0.67382812,-0.9826087
0,339,339,0.66210938,-1
1,363,364,0.7109375,-0.99450549
6,331,337,0.65820312,-0.96439169
2,353,355,0.69335938,-0.98873239
5,337,342,0.66796875,-0.97076023
6,345,351,0.68554688,-0.96581197
0,348,348,0.6796875,-1
1,355,356,0.6953125,-0.99438202
6,349,355,0.69335938,-0.96619718
2,346,348,0.6796875,-0.98850575
4,344,348,0.6796875,-0.97701149
12,338,350,0.68359375,-0.93142857
32,328,360,0.703125,-0.82222222
45,295,340,0.6640625,-0.73529412
59,279,338,0.66015625,-0.65088757
59,283,342,0.66796875,-0.65497076
51,299,350,0.68359375,-0.70857143
32,309,341,0.66601562,-0.81231672
16,332,348,0.6796875,-0.90804598
15,341,356,0.6953125,-0.91573034
10,349,359,0.70117188,-0.94428969
18,311,329,0.64257812,-0.89057751
35,302,337,0.65820312,-0.79228487
26,323,349,0.68164062,-0.85100287
3,343,346,0.67578125,-0.98265896
0,358,358,0.69921875,-1
6,334,340,0.6640625,-0.96470588
1,349,350,0.68359375,-0.99428571
9,343,352,0.6875,-0.94886364
5,347,352,0.6875,-0.97159091
7,342,349,0.68164062,-0.95988539
1,350,351,0.68554688,-0.99430199
0,357,357,0.69726562,-1
1,352,353,0.68945312,-0.99433428
4,341,345,0.67382812,-0.97681159
3,350,353,0.68945312,-0.98300283
23,319,342,0.66796875,-0.86549708
18,324,342,0.66796875,-0.89473684
10,344,354,0.69140625,-0.94350282
12,336,348,0.6796875,-0.93103448
8,342,350,0.68359375,-0.95428571
10,352,362,0.70703125,-0.94475138
15,336,351,0.68554688,-0.91452991
32,318,350,0.68359375,-0.81714286
15,327,342,0.66796875,-0.9122807
6,339,345,0.67382812,-0.96521739
5,343,348,0.6796875,-0.97126437
2,339,341,0.66601562,-0.98826979
12,335,347,0.67773438,-0.93083573
14,330,344,0.671875,-0.91860465
6,330,336,0.65625,-0.96428571
13,335,348,0.6796875,-0.92528736
15,329,344,0.671875,-0.9127907
10,337,347,0.67773438,-0.94236311
2,352,354,0.69140625,-0.98870056
0,354,354,0.69140625,-1
10,354,364,0.7109375,-0.94505495
10,338,348,0.6796875,-0.94252874
10,338,348,0.6796875,-0.94252874
7,337,344,0.671875,-0.95930233
4,344,348,0.6796875,-0.97701149
7,333,340,0.6640625,-0.95882353
0,347,347,0.67773438,-1
5,343,348,0.6796875,-0.97126437
20,338,358,0.69921875,-0.88826816
43,306,349,0.68164062,-0.75358166
28,322,350,0.68359375,-0.84
41,304,345,0.67382812,-0.76231884
39,309,348,0.6796875,-0.77586207
30,320,350,0.68359375,-0.82857143
69,258,327,0.63867188,-0.57798165
76,272,348,0.6796875,-0.56321839
85,265,350,0.68359375,-0.51428571
87,258,345,0.67382812,-0.49565217
88,254,342,0.66796875,-0.48538012
95,241,336,0.65625,-0.43452381
101,237,338,0.66015625,-0.40236686
124,223,347,0.67773438,-0.28530259
124,218,342,0.66796875,-0.2748538
108,231,339,0.66210938,-0.36283186
104,233,337,0.65820312,-0.38278932
107,234,341,0.66601562,-0.37243402
104,243,347,0.67773438,-0.40057637
115,221,336,0.65625,-0.31547619
91,255,346,0.67578125,-0.47398844
103,223,326,0.63671875,-0.36809816
128,211,339,0.66210938,-0.24483776
149,197,346,0.67578125,-0.13872832
143,203,346,0.67578125,-0.1734104
134,208,342,0.66796875,-0.21637427
126,213,339,0.66210938,-0.25663717
144,201,345,0.67382812,-0.16521739
108,216,324,0.6328125,-0.33333333
83,260,343,0.66992188,-0.51603499
40,303,343,0.66992188,-0.76676385
26,314,340,0.6640625,-0.84705882
26,324,350,0.68359375,-0.85142857
1,344,345,0.67382812,-0.9942029
0,350,350,0.68359375,-1
0,346,346,0.67578125,-1
3,344,347,0.67773438,-0.98270893
10,326,336,0.65625,-0.94047619
2,341,343,0.66992188,-0.98833819
21,322,343,0.66992188,-0.87755102
3,350,353,0.68945312,-0.98300283
10,348,358,0.69921875,-0.94413408
6,347,353,0.68945312,-0.96600567
31,318,349,0.68164062,-0.82234957
11,323,334,0.65234375,-0.93413174
8,345,353,0.68945312,-0.95467422
14,323,337,0.65820312,-0.91691395
10,339,349,0.68164062,-0.94269341
16,337,353,0.68945312,-0.90934844
17,315,332,0.6484375,-0.89759036
1,356,357,0.69726562,-0.99439776
4,349,353,0.68945312,-0.97733711
6,330,336,0.65625,-0.96428571
20,336,356,0.6953125,-0.88764045
14,333,347,0.67773438,-0.91930836
6,339,345,0.67382812,-0.96521739
0,341,341,0.66601562,-1
5,343,348,0.6796875,-0.97126437
10,335,345,0.67382812,-0.94202899
12,340,352,0.6875,-0.93181818
1,343,344,0.671875,-0.99418605
0,361,361,0.70507812,-1
14,324,338,0.66015625,-0.91715976
24,330,354,0.69140625,-0.86440678
38,316,354,0.69140625,-0.78531073
11,343,354,0.69140625,-0.93785311
13,342,355,0.69335938,-0.92676056
5,343,348,0.6796875,-0.97126437
0,352,352,0.6875,-1
0,343,343,0.66992188,-1
9,344,353,0.68945312,-0.9490085
11,346,357,0.69726562,-0.93837535
19,334,353,0.68945312,-0.89235127
0,343,343,0.66992188,-1
11,335,346,0.67578125,-0.93641618
14,323,337,0.65820312,-0.91691395
18,324,342,0.66796875,-0.89473684
5,334,339,0.66210938,-0.97050147
5,345,350,0.68359375,-0.97142857
9,343,352,0.6875,-0.94886364
11,345,356,0.6953125,-0.93820225
21,321,342,0.66796875,-0.87719298
22,313,335,0.65429688,-0.86865672
19,322,341,0.66601562,-0.88856305
6,341,347,0.67773438,-0.96541787
5,340,345,0.67382812,-0.97101449
18,330,348,0.6796875,-0.89655172
0,350,350,0.68359375,-1
7,343,350,0.68359375,-0.96
3,346,349,0.68164062,-0.98280802
9,347,356,0.6953125,-0.9494382
19,328,347,0.67773438,-0.89048991
34,306,340,0.6640625,-0.8
15,329,344,0.671875,-0.9127907
11,335,346,0.67578125,-0.93641618
8,348,356,0.6953125,-0.95505618
4,335,339,0.66210938,-0.97640118
8,336,344,0.671875,-0.95348837
13,326,339,0.66210938,-0.92330383
11,333,344,0.671875,-0.93604651
0,351,351,0.68554688,-1
2,340,342,0.66796875,-0.98830409
5,350,355,0.69335938,-0.97183099
11,338,349,0.68164062,-0.93696275
4,351,355,0.69335938,-0.97746479
1,346,347,0.67773438,-0.99423631
3,346,349,0.68164062,-0.98280802
0,362,362,0.70703125,-1
0,346,346,0.67578125,-1
2,346,348,0.6796875,-0.98850575
1,326,327,0.63867188,-0.99388379
8,351,359,0.70117188,-0.95543175
14,347,361,0.70507812,-0.92243767
0,352,352,0.6875,-1
0,357,357,0.69726562,-1
0,345,345,0.67382812,-1
14,327,341,0.66601562,-0.91788856
2,339,341,0.66601562,-0.98826979
5,344,349,0.68164062,-0.9713467
5,346,351,0.68554688,-0.97150997
11,338,349,0.68164062,-0.93696275
6,339,345,0.67382812,-0.96521739
1,346,347,0.67773438,-0.99423631
7,347,354,0.69140625,-0.96045198
19,323,342,0.66796875,-0.88888889
17,329,346,0.67578125,-0.9017341
27,320,347,0.67773438,-0.8443804
6,350,356,0.6953125,-0.96629213
8,348,356,0.6953125,-0.95505618
2,348,350,0.68359375,-0.98857143
18,324,342,0.66796875,-0.89473684
26,335,361,0.70507812,-0.85595568
26,315,341,0.66601562,-0.84750733
23,332,355,0.69335938,-0.87042254
22,332,354,0.69140625,-0.87570621
7,339,346,0.67578125,-0.95953757
1,346,347,0.67773438,-0.99423631
10,333,343,0.66992188,-0.94169096
9,343,352,0.6875,-0.94886364
9,346,355,0.69335938,-0.94929577
10,347,357,0.69726562,-0.94397759
3,357,360,0.703125,-0.98333333
4,342,346,0.67578125,-0.97687861
4,358,362,0.70703125,-0.97790055
3,357,360,0.703125,-0.98333333
6,340,346,0.67578125,-0.96531792
3,337,340,0.6640625,-0.98235294
4,354,358,0.69921875,-0.97765363
10,337,347,0.67773438,-0.94236311
8,340,348,0.6796875,-0.95402299
6,341,347,0.67773438,-0.96541787
1,346,347,0.67773438,-0.99423631
5,344,349,0.68164062,-0.9713467
28,318,346,0.67578125,-0.83815029
7,343,350,0.68359375,-0.96
2,346,348,0.6796875,-0.98850575
2,354,356,0.6953125,-0.98876404
6,347,353,0.68945312,-0.96600567
12,336,348,0.6796875,-0.93103448
18,333,351,0.68554688,-0.8974359
6,337,343,0.66992188,-0.96501458
2,350,352,0.6875,-0.98863636
7,338,345,0.67382812,-0.95942029
3,351,354,0.69140625,-0.98305085
4,348,352,0.6875,-0.97727273
0,353,353,0.68945312,-1
2,348,350,0.68359375,-0.98857143
4,341,345,0.67382812,-0.97681159
5,339,344,0.671875,-0.97093023
9,326,335,0.65429688,-0.94626866
8,345,353,0.68945312,-0.95467422
17,333,350,0.68359375,-0.90285714
13,317,330,0.64453125,-0.92121212
12,333,345,0.67382812,-0.93043478
11,338,349,0.68164062,-0.93696275
14,330,344,0.671875,-0.91860465
7,332,339,0.66210938,-0.95870206
3,349,352,0.6875,-0.98295455
1,353,354,0.69140625,-0.99435028
13,323,336,0.65625,-0.92261905
1,341,342,0.66796875,-0.99415205
0,352,352,0.6875,-1
13,336,349,0.68164062,-0.92550143
25,321,346,0.67578125,-0.85549133
8,344,352,0.6875,-0.95454545
2,347,349,0.68164062,-0.98853868
8,335,343,0.66992188,-0.95335277
16,332,348,0.6796875,-0.90804598
22,332,354,0.69140625,-0.87570621
10,334,344,0.671875,-0.94186047
1,349,350,0.68359375,-0.99428571
0,348,348,0.6796875,-1
20,333,353,0.68945312,-0.88668555
11,338,349,0.68164062,-0.93696275
26,311,337,0.65820312,-0.84569733
33,314,347,0.67773438,-0.80979827
15,337,352,0.6875,-0.91477273
27,318,345,0.67382812,-0.84347826
33,332,365,0.71289062,-0.81917808
16,333,349,0.68164062,-0.90830946
26,318,344,0.671875,-0.84883721
19,309,328,0.640625,-0.88414634
12,327,339,0.66210938,-0.92920354
4,342,346,0.67578125,-0.97687861
9,330,339,0.66210938,-0.94690265
6,328,334,0.65234375,-0.96407186
2,340,342,0.66796875,-0.98830409
1,348,349,0.68164062,-0.99426934
0,357,357,0.69726562,-1
1,351,352,0.6875,-0.99431818
6,351,357,0.69726562,-0.96638655
8,351,359,0.70117188,-0.95543175
4,346,350,0.68359375,-0.97714286
4,342,346,0.67578125,-0.97687861
9,335,344,0.671875,-0.94767442
2,352,354,0.69140625,-0.98870056
10,337,347,0.67773438,-0.94236311
30,314,344,0.671875,-0.8255814
35,313,348,0.6796875,-0.79885057
41,310,351,0.68554688,-0.76638177
34,317,351,0.68554688,-0.80626781
37,298,335,0.65429688,-0.77910448
62,270,332,0.6484375,-0.62650602
78,248,326,0.63671875,-0.52147239
106,234,340,0.6640625,-0.37647059
134,212,346,0.67578125,-0.22543353
126,228,354,0.69140625,-0.28813559
129,217,346,0.67578125,-0.25433526
139,207,346,0.67578125,-0.19653179
210,133,343,0.66992188,0.2244898
224,116,340,0.6640625,0.31764706
226,122,348,0.6796875,0.29885057
243,109,352,0.6875,0.38068182
265,80,345,0.67382812,0.53623188
251,94,345,0.67382812,0.45507246
296,43,339,0.66210938,0.74631268
306,41,347,0.67773438,0.76368876
330,23,353,0.68945312,0.86968839
325,22,347,0.67773438,0.87319885
323,21,344,0.671875,0.87790698
316,28,344,0.671875,0.8372093
316,17,333,0.65039062,0.8978979
349,8,357,0.69726562,0.95518207
330,17,347,0.67773438,0.90201729
340,5,345,0.67382812,0.97101449
346,3,349,0.68164062,0.98280802
342,6,348,0.6796875,0.96551724
323,32,355,0.69335938,0.81971831
320,18,338,0.66015625,0.89349112
342,14,356,0.6953125,0.92134831
330,10,340,0.6640625,0.94117647
308,23,331,0.64648438,0.86102719
318,19,337,0.65820312,0.88724036
335,7,342,0.66796875,0.95906433
341,13,354,0.69140625,0.92655367
334,15,349,0.68164062,0.91404011
338,14,352,0.6875,0.92045455
336,11,347,0.67773438,0.93659942
336,8,344,0.671875,0.95348837
345,12,357,0.69726562,0.93277311
326,12,338,0.66015625,0.92899408
352,5,357,0.69726562,0.9719888
366,1,367,0.71679688,0.99455041
342,4,346,0.67578125,0.97687861
337,3,340,0.6640625,0.98235294
318,20,338,0.66015625,0.8816568
350,1,351,0.68554688,0.99430199
314,30,344,0.671875,0.8255814
318,37,355,0.69335938,0.7915493
299,41,340,0.6640625,0.75882353
314,36,350,0.68359375,0.79428571
330,19,349,0.68164062,0.89111748
338,8,346,0.67578125,0.95375723
362,2,364,0.7109375,0.98901099
332,17,349,0.68164062,0.9025788
333,19,352,0.6875,0.89204545
341,6,347,0.67773438,0.96541787
344,10,354,0.69140625,0.94350282
327,23,350,0.68359375,0.86857143
303,31,334,0.65234375,0.81437126
293,46,339,0.66210938,0.72861357
316,33,349,0.68164062,0.81088825
315,44,359,0.70117188,0.75487465
320,31,351,0.68554688,0.82336182
297,39,336,0.65625,0.76785714
335,20,355,0.69335938,0.88732394
322,24,346,0.67578125,0.86127168
334,14,348,0.6796875,0.91954023
347,5,352,0.6875,0.97159091
334,9,343,0.66992188,0.94752187
359,6,365,0.71289062,0.96712329
346,7,353,0.68945312,0.96033994
347,2,349,0.68164062,0.98853868
348,10,358,0.69921875,0.94413408
337,5,342,0.66796875,0.97076023
347,1,348,0.6796875,0.99425287
350,1,351,0.68554688,0.99430199
336,9,345,0.67382812,0.94782609
345,9,354,0.69140625,0.94915254
342,11,353,0.68945312,0.93767705
333,11,344,0.671875,0.93604651
334,2,336,0.65625,0.98809524
333,15,348,0.6796875,0.9137931
352,6,358,0.69921875,0.96648045
336,5,341,0.66601562,0.97067449
336,5,341,0.66601562,0.97067449
356,5,361,0.70507812,0.97229917
326,17,343,0.66992188,0.90087464
351,0,351,0.68554688,1
341,4,345,0.67382812,0.97681159
347,9,356,0.6953125,0.9494382
337,15,352,0.6875,0.91477273
318,21,339,0.66210938,0.87610619
331,25,356,0.6953125,0.85955056
324,12,336,0.65625,0.92857143
337,16,353,0.68945312,0.90934844
312,38,350,0.68359375,0.78285714
330,18,348,0.6796875,0.89655172
342,8,350,0.68359375,0.95428571
343,6,349,0.68164062,0.96561605
325,10,335,0.65429688,0.94029851
353,0,353,0.68945312,1
346,10,356,0.6953125,0.94382022
333,9,342,0.66796875,0.94736842
327,16,343,0.66992188,0.90670554
335,9,344,0.671875,0.94767442
333,12,345,0.67382812,0.93043478
331,5,336,0.65625,0.9702381
350,4,354,0.69140625,0.97740113
341,7,348,0.6796875,0.95977011
338,3,341,0.66601562,0.98240469
344,7,351,0.68554688,0.96011396
345,10,355,0.69335938,0.94366197
333,4,337,0.65820312,0.97626113
333,14,347,0.67773438,0.91930836
343,9,352,0.6875,0.94886364
334,12,346,0.67578125,0.93063584
343,6,349,0.68164062,0.96561605
317,27,344,0.671875,0.84302326
302,38,340,0.6640625,0.77647059
323,25,348,0.6796875,0.85632184
340,9,349,0.68164062,0.94842407
323,17,340,0.6640625,0.9
329,16,345,0.67382812,0.90724638
318,28,346,0.67578125,0.83815029
330,20,350,0.68359375,0.88571429
320,17,337,0.65820312,0.89910979
344,2,346,0.67578125,0.98843931
353,1,354,0.69140625,0.99435028
351,1,352,0.6875,0.99431818
343,10,353,0.68945312,0.94334278
339,11,350,0.68359375,0.93714286
346,8,354,0.69140625,0.95480226
342,14,356,0.6953125,0.92134831
337,7,344,0.671875,0.95930233
347,6,353,0.68945312,0.96600567
329,13,342,0.66796875,0.92397661
345,4,349,0.68164062,0.97707736
348,0,348,0.6796875,1
359,0,359,0.70117188,1
340,16,356,0.6953125,0.91011236
335,17,352,0.6875,0.90340909
334,7,341,0.66601562,0.95894428
352,2,354,0.69140625,0.98870056
347,6,353,0.68945312,0.96600567
335,13,348,0.6796875,0.92528736
337,9,346,0.67578125,0.94797688
347,5,352,0.6875,0.97159091
346,7,353,0.68945312,0.96033994
348,2,350,0.68359375,0.98857143
367,0,367,0.71679688,1
352,4,356,0.6953125,0.97752809
346,2,348,0.6796875,0.98850575
351,6,357,0.69726562,0.96638655
355,0,355,0.69335938,1
345,6,351,0.68554688,0.96581197
340,8,348,0.6796875,0.95402299
340,3,343,0.66992188,0.98250729
362,0,362,0.70703125,1
345,1,346,0.67578125,0.99421965
355,1,356,0.6953125,0.99438202
335,3,338,0.66015625,0.98224852
327,4,331,0.64648438,0.97583082
345,4,349,0.68164062,0.97707736
353,7,360,0.703125,0.96111111
336,12,348,0.6796875,0.93103448
338,13,351,0.68554688,0.92592593
345,4,349,0.68164062,0.97707736
352,0,352,0.6875,1
356,0,356,0.6953125,1
336,11,347,0.67773438,0.93659942
356,0,356,0.6953125,1
340,11,351,0.68554688,0.93732194
362,0,362,0.70703125,1
338,8,346,0.67578125,0.95375723
342,0,342,0.66796875,1
357,0,357,0.69726562,1
351,0,351,0.68554688,1
351,1,352,0.6875,0.99431818
331,5,336,0.65625,0.9702381
342,3,345,0.67382812,0.9826087
327,11,338,0.66015625,0.93491124
341,15,356,0.6953125,0.91573034
342,8,350,0.68359375,0.95428571
349,6,355,0.69335938,0.96619718
327,13,340,0.6640625,0.92352941
350,1,351,0.68554688,0.99430199
325,17,342,0.66796875,0.9005848
335,8,343,0.66992188,0.95335277
334,12,346,0.67578125,0.93063584
327,18,345,0.67382812,0.89565217
329,18,347,0.67773438,0.8962536
331,11,342,0.66796875,0.93567251
346,7,353,0.68945312,0.96033994
363,1,364,0.7109375,0.99450549
328,17,345,0.67382812,0.90144928
338,14,352,0.6875,0.92045455
342,8,350,0.68359375,0.95428571
341,6,347,0.67773438,0.96541787
338,6,344,0.671875,0.96511628
332,12,344,0.671875,0.93023256
315,27,342,0.66796875,0.84210526
327,29,356,0.6953125,0.83707865
309,30,339,0.66210938,0.82300885
306,35,341,0.66601562,0.79472141
288,52,340,0.6640625,0.69411765
258,80,338,0.66015625,0.52662722
244,89,333,0.65039062,0.46546547
208,130,338,0.66015625,0.23076923
219,125,344,0.671875,0.27325581
239,113,352,0.6875,0.35795455
205,133,338,0.66015625,0.21301775
207,132,339,0.66210938,0.22123894
198,134,332,0.6484375,0.19277108
202,138,340,0.6640625,0.18823529
199,147,346,0.67578125,0.15028902
186,160,346,0.67578125,0.075144509
152,192,344,0.671875,-0.11627907
165,174,339,0.66210938,-0.026548673
177,160,337,0.65820312,0.050445104
211,140,351,0.68554688,0.2022792
223,110,333,0.65039062,0.33933934
251,92,343,0.66992188,0.46355685
282,64,346,0.67578125,0.6300578
299,41,340,0.6640625,0.75882353
319,19,338,0.66015625,0.88757396
317,17,334,0.65234375,0.89820359
350,3,353,0.68945312,0.98300283
352,3,355,0.69335938,0.98309859
349,1,350,0.68359375,0.99428571
340,17,357,0.69726562,0.9047619
343,12,355,0.69335938,0.93239437
332,14,346,0.67578125,0.91907514
343,10,353,0.68945312,0.94334278
351,1,352,0.6875,0.99431818
352,5,357,0.69726562,0.9719888
345,5,350,0.68359375,0.97142857
345,0,345,0.67382812,1
338,8,346,0.67578125,0.95375723
343,10,353,0.68945312,0.94334278
346,5,351,0.68554688,0.97150997
348,0,348,0.6796875,1
343,5,348,0.6796875,0.97126437
349,3,352,0.6875,0.98295455
356,4,360,0.703125,0.97777778
345,1,346,0.67578125,0.99421965
334,11,345,0.67382812,0.93623188
329,21,350,0.68359375,0.88
342,11,353,0.68945312,0.93767705
349,7,356,0.6953125,0.96067416
343,1,344,0.671875,0.99418605
359,0,359,0.70117188,1
341,11,352,0.6875,0.9375
321,35,356,0.6953125,0.80337079
333,22,355,0.69335938,0.87605634
340,8,348,0.6796875,0.95402299
337,6,343,0.66992188,0.96501458
308,37,345,0.67382812,0.78550725
328,18,346,0.67578125,0.89595376
325,25,350,0.68359375,0.85714286
349,4,353,0.68945312,0.97733711
335,15,350,0.68359375,0.91428571
325,31,356,0.6953125,0.8258427
349,1,350,0.68359375,0.99428571
353,2,355,0.69335938,0.98873239
336,9,345,0.67382812,0.94782609
356,0,356,0.6953125,1
346,4,350,0.68359375,0.97714286
335,12,347,0.67773438,0.93083573
342,7,349,0.68164062,0.95988539
345,6,351,0.68554688,0.96581197
359,1,360,0.703125,0.99444444
329,23,352,0.6875,0.86931818
330,26,356,0.6953125,0.85393258
322,26,348,0.6796875,0.85057471
342,11,353,0.68945312,0.93767705
338,5,343,0.66992188,0.97084548
343,12,355,0.69335938,0.93239437
361,7,368,0.71875,0.96195652
341,5,346,0.67578125,0.97109827
328,7,335,0.65429688,0.95820896
346,12,358,0.69921875,0.93296089
359,0,359,0.70117188,1
328,14,342,0.66796875,0.91812865
347,5,352,0.6875,0.97159091
345,0,345,0.67382812,1
343,6,349,0.68164062,0.96561605
330,22,352,0.6875,0.875
327,19,346,0.67578125,0.89017341
342,18,360,0.703125,0.9
348,3,351,0.68554688,0.98290598
349,5,354,0.69140625,0.97175141
353,0,353,0.68945312,1
348,2,350,0.68359375,0.98857143
337,7,344,0.671875,0.95930233
341,8,349,0.68164062,0.95415473
310,31,341,0.66601562,0.81818182
350,3,353,0.68945312,0.98300283
325,9,334,0.65234375,0.94610778
337,15,352,0.6875,0.91477273
342,2,344,0.671875,0.98837209
350,2,352,0.6875,0.98863636
351,1,352,0.6875,0.99431818
352,0,352,0.6875,1
344,6,350,0.68359375,0.96571429
348,2,350,0.68359375,0.98857143
346,9,355,0.69335938,0.94929577
321,22,343,0.66992188,0.87172012
307,31,338,0.66015625,0.81656805
302,33,335,0.65429688,0.80298507
338,13,351,0.68554688,0.92592593
333,17,350,0.68359375,0.90285714
346,1,347,0.67773438,0.99423631
338,14,352,0.6875,0.92045455
353,8,361,0.70507812,0.95567867
356,3,359,0.70117188,0.98328691
337,10,347,0.67773438,0.94236311
331,9,340,0.6640625,0.94705882
333,11,344,0.671875,0.93604651
320,9,329,0.64257812,0.94528875
326,11,337,0.65820312,0.9347181
333,22,355,0.69335938,0.87605634
347,9,356,0.6953125,0.9494382
349,5,354,0.69140625,0.97175141
356,4,360,0.703125,0.97777778
337,9,346,0.67578125,0.94797688
342,13,355,0.69335938,0.92676056
335,2,337,0.65820312,0.98813056
333,18,351,0.68554688,0.8974359
341,11,352,0.6875,0.9375
343,5,348,0.6796875,0.97126437
342,6,348,0.6796875,0.96551724
336,8,344,0.671875,0.95348837
332,17,349,0.68164062,0.9025788
345,6,351,0.68554688,0.96581197
339,12,351,0.68554688,0.93162393
333,17,350,0.68359375,0.90285714
341,10,351,0.68554688,0.94301994
338,10,348,0.6796875,0.94252874
350,7,357,0.69726562,0.96078431
337,10,347,0.67773438,0.94236311
328,25,353,0.68945312,0.85835694
328,22,350,0.68359375,0.87428571
326,30,356,0.6953125,0.83146067
320,26,346,0.67578125,0.84971098
290,58,348,0.6796875,0.66666667
272,61,333,0.65039062,0.63363363
290,48,338,0.66015625,0.71597633
311,38,349,0.68164062,0.78223496
306,33,339,0.66210938,0.80530973
343,2,345,0.67382812,0.9884058
310,23,333,0.65039062,0.86186186
315,28,343,0.66992188,0.83673469
350,17,367,0.71679688,0.90735695
333,17,350,0.68359375,0.90285714
335,16,351,0.68554688,0.90883191
322,11,333,0.65039062,0.93393393
316,18,334,0.65234375,0.89221557
343,14,357,0.69726562,0.92156863
344,14,358,0.69921875,0.92178771
318,26,344,0.671875,0.84883721
346,1,347,0.67773438,0.99423631
348,1,349,0.68164062,0.99426934
340,4,344,0.671875,0.97674419
357,0,357,0.69726562,1
336,2,338,0.66015625,0.98816568
352,0,352,0.6875,1
339,1,340,0.6640625,0.99411765
337,10,347,0.67773438,0.94236311
347,0,347,0.67773438,1
362,0,362,0.70703125,1
354,1,355,0.69335938,0.9943662
333,15,348,0.6796875,0.9137931
318,22,340,0.6640625,0.87058824
327,19,346,0.67578125,0.89017341
345,15,360,0.703125,0.91666667
288,49,337,0.65820312,0.70919881
278,60,338,0.66015625,0.64497041
281,71,352,0.6875,0.59659091
297,59,356,0.6953125,0.66853933
308,38,346,0.67578125,0.78034682
327,22,349,0.68164062,0.8739255
309,33,342,0.66796875,0.80701754
309,37,346,0.67578125,0.78612717
312,33,345,0.67382812,0.80869565
314,33,347,0.67773438,0.80979827
308,32,340,0.6640625,0.81176471
312,30,342,0.66796875,0.8245614
319,19,338,0.66015625,0.88757396
337,12,349,0.68164062,0.93123209
357,2,359,0.70117188,0.98885794
346,3,349,0.68164062,0.98280802
338,9,347,0.67773438,0.9481268
334,18,352,0.6875,0.89772727
355,1,356,0.6953125,0.99438202
339,8,347,0.67773438,0.95389049
344,10,354,0.69140625,0.94350282
319,24,343,0.66992188,0.86005831
340,11,351,0.68554688,0.93732194
337,11,348,0.6796875,0.93678161
342,9,351,0.68554688,0.94871795
338,8,346,0.67578125,0.95375723
353,1,354,0.69140625,0.99435028
344,3,347,0.67773438,0.98270893
345,0,345,0.67382812,1
330,18,348,0.6796875,0.89655172
356,7,363,0.70898438,0.96143251
338,1,339,0.66210938,0.99410029
356,3,359,0.70117188,0.98328691
347,4,351,0.68554688,0.97720798
349,6,355,0.69335938,0.96619718
329,11,340,0.6640625,0.93529412
318,30,348,0.6796875,0.82758621
345,5,350,0.68359375,0.97142857
355,7,362,0.70703125,0.96132597
322,22,344,0.671875,0.87209302
339,5,344,0.671875,0.97093023
338,8,346,0.67578125,0.95375723
341,8,349,0.68164062,0.95415473
322,20,342,0.66796875,0.88304094
299,44,343,0.66992188,0.74344023
325,26,351,0.68554688,0.85185185
335,10,345,0.67382812,0.94202899
322,29,351,0.68554688,0.83475783
304,32,336,0.65625,0.80952381
347,7,354,0.69140625,0.96045198
334,9,343,0.66992188,0.94752187
340,2,342,0.66796875,0.98830409
354,1,355,0.69335938,0.9943662
357,1,358,0.69921875,0.99441341
353,0,353,0.68945312,1
319,28,347,0.67773438,0.83861671
344,11,355,0.69335938,0.93802817
337,7,344,0.671875,0.95930233
338,6,344,0.671875,0.96511628
355,0,355,0.69335938,1
341,0,341,0.66601562,1
353,1,354,0.69140625,0.99435028
337,9,346,0.67578125,0.94797688
363,0,363,0.70898438,1
347,1,348,0.6796875,0.99425287
350,8,358,0.69921875,0.95530726
339,5,344,0.671875,0.97093023
335,4,339,0.66210938,0.97640118
353,0,353,0.68945312,1
349,2,351,0.68554688,0.98860399
329,7,336,0.65625,0.95833333
350,0,350,0.68359375,1
328,14,342,0.66796875,0.91812865
336,18,354,0.69140625,0.89830508
341,10,351,0.68554688,0.94301994
346,1,347,0.67773438,0.99423631
347,6,353,0.68945312,0.96600567
355,1,356,0.6953125,0.99438202
356,0,356,0.6953125,1
342,23,365,0.71289062,0.8739726
332,20,352,0.6875,0.88636364
326,22,348,0.6796875,0.87356322
354,3,357,0.69726562,0.98319328
332,14,346,0.67578125,0.91907514
354,2,356,0.6953125,0.98876404
343,7,350,0.68359375,0.96
350,4,354,0.69140625,0.97740113
341,1,342,0.66796875,0.99415205
348,0,348,0.6796875,1
355,0,355,0.69335938,1
343,18,361,0.70507812,0.90027701
338,16,354,0.69140625,0.90960452
326,12,338,0.66015625,0.92899408
339,8,347,0.67773438,0.95389049
348,0,348,0.6796875,1
363,0,363,0.70898438,1
343,24,367,0.71679688,0.86920981
297,47,344,0.671875,0.72674419
321,28,349,0.68164062,0.83954155
322,19,341,0.66601562,0.88856305
332,11,343,0.66992188,0.93586006
357,0,357,0.69726562,1
343,8,351,0.68554688,0.95441595
328,10,338,0.66015625,0.9408284
343,8,351,0.68554688,0.95441595
341,0,341,0.66601562,1
343,16,359,0.70117188,0.91086351
350,0,350,0.68359375,1
340,0,340,0.6640625,1
349,0,349,0.68164062,1
343,6,349,0.68164062,0.96561605
346,10,356,0.6953125,0.94382022
324,22,346,0.67578125,0.87283237
294,39,333,0.65039062,0.76576577
288,51,339,0.66210938,0.69911504
311,43,354,0.69140625,0.75706215
322,29,351,0.68554688,0.83475783
333,11,344,0.671875,0.93604651
340,8,348,0.6796875,0.95402299
336,6,342,0.66796875,0.96491228
333,10,343,0.66992188,0.94169096
351,0,351,0.68554688,1
340,4,344,0.671875,0.97674419
356,0,356,0.6953125,1
321,18,339,0.66210938,0.89380531
352,6,358,0.69921875,0.96648045
319,32,351,0.68554688,0.81766382
309,39,348,0.6796875,0.77586207
286,58,344,0.671875,0.6627907
268,75,343,0.66992188,0.56268222
281,59,340,0.6640625,0.65294118
285,47,332,0.6484375,0.71686747
299,44,343,0.66992188,0.74344023
320,22,342,0.66796875,0.87134503
323,32,355,0.69335938,0.81971831
288,44,332,0.6484375,0.73493976
307,44,351,0.68554688,0.74928775
311,33,344,0.671875,0.80813953
313,30,343,0.66992188,0.82507289
354,2,356,0.6953125,0.98876404
336,18,354,0.69140625,0.89830508
345,3,348,0.6796875,0.98275862
356,1,357,0.69726562,0.99439776
339,14,353,0.68945312,0.92067989
338,8,346,0.67578125,0.95375723
355,2,357,0.69726562,0.98879552
343,8,351,0.68554688,0.95441595
348,7,355,0.69335938,0.96056338
336,7,343,0.66992188,0.95918367
360,1,361,0.70507812,0.99445983
354,4,358,0.69921875,0.97765363
326,12,338,0.66015625,0.92899408
350,12,362,0.70703125,0.93370166
352,0,352,0.6875,1
344,0,344,0.671875,1
340,2,342,0.66796875,0.98830409
340,6,346,0.67578125,0.96531792
331,15,346,0.67578125,0.9132948
317,25,342,0.66796875,0.85380117
364,0,364,0.7109375,1
330,10,340,0.6640625,0.94117647
352,1,353,0.68945312,0.99433428
338,7,345,0.67382812,0.95942029
344,6,350,0.68359375,0.96571429
355,0,355,0.69335938,1
331,18,349,0.68164062,0.89684814
327,15,342,0.66796875,0.9122807
321,33,354,0.69140625,0.81355932
288,47,335,0.65429688,0.71940299
302,44,346,0.67578125,0.74566474
317,32,349,0.68164062,0.81661891
306,35,341,0.66601562,0.79472141
320,34,354,0.69140625,0.8079096
330,30,360,0.703125,0.83333333
350,13,363,0.70898438,0.92837466
337,4,341,0.66601562,0.97653959
329,22,351,0.68554688,0.87464387
324,16,340,0.6640625,0.90588235
327,17,344,0.671875,0.90116279
322,24,346,0.67578125,0.86127168
338,16,354,0.69140625,0.90960452
325,7,332,0.6484375,0.95783133
331,14,345,0.67382812,0.91884058
352,2,354,0.69140625,0.98870056
329,10,339,0.66210938,0.94100295
335,12,347,0.67773438,0.93083573
328,12,340,0.6640625,0.92941176
337,2,339,0.66210938,0.98820059
351,0,351,0.68554688,1
339,6,345,0.67382812,0.96521739
325,24,349,0.68164062,0.86246418
341,8,349,0.68164062,0.95415473
333,23,356,0.6953125,0.87078652
331,12,343,0.66992188,0.93002915
332,9,341,0.66601562,0.94721408
327,17,344,0.671875,0.90116279
315,24,339,0.66210938,0.85840708
323,24,347,0.67773438,0.86167147
325,37,362,0.70703125,0.79558011
343,10,353,0.68945312,0.94334278
347,3,350,0.68359375,0.98285714
352,3,355,0.69335938,0.98309859
336,4,340,0.6640625,0.97647059
336,10,346,0.67578125,0.94219653
347,8,355,0.69335938,0.95492958
349,4,353,0.68945312,0.97733711
332,14,346,0.67578125,0.91907514
359,1,360,0.703125,0.99444444
332,6,338,0.66015625,0.96449704
335,8,343,0.66992188,0.95335277
346,0,346,0.67578125,1
346,0,346,0.67578125,1
338,15,353,0.68945312,0.91501416
320,18,338,0.66015625,0.89349112
340,12,352,0.6875,0.93181818
343,3,346,0.67578125,0.98265896
334,8,342,0.66796875,0.95321637
334,20,354,0.69140625,0.88700565
325,10,335,0.65429688,0.94029851
280,56,336,0.65625,0.66666667
319,27,346,0.67578125,0.84393064
333,18,351,0.68554688,0.8974359
321,34,355,0.69335938,0.8084507
298,44,342,0.66796875,0.74269006
306,47,353,0.68945312,0.73371105
297,35,332,0.6484375,0.78915663
324,16,340,0.6640625,0.90588235
339,3,342,0.66796875,0.98245614
339,9,348,0.6796875,0.94827586
338,7,345,0.67382812,0.95942029
362,0,362,0.70703125,1
331,12,343,0.66992188,0.93002915
339,11,350,0.68359375,0.93714286
338,4,342,0.66796875,0.97660819
351,0,351,0.68554688,1
340,2,342,0.66796875,0.98830409
339,3,342,0.66796875,0.98245614
344,5,349,0.68164062,0.9713467
337,13,350,0.68359375,0.92571429
335,10,345,0.67382812,0.94202899
318,34,352,0.6875,0.80681818
320,22,342,0.66796875,0.87134503
301,36,337,0.65820312,0.78635015
328,15,343,0.66992188,0.91253644
329,21,350,0.68359375,0.88
350,3,353,0.68945312,0.98300283
353,5,358,0.69921875,0.97206704
346,9,355,0.69335938,0.94929577
329,13,342,0.66796875,0.92397661
332,18,350,0.68359375,0.89714286
344,6,350,0.68359375,0.96571429
344,7,351,0.68554688,0.96011396
342,12,354,0.69140625,0.93220339
363,2,365,0.71289062,0.9890411
343,6,349,0.68164062,0.96561605
348,3,351,0.68554688,0.98290598
344,6,350,0.68359375,0.96571429
353,3,356,0.6953125,0.98314607
342,6,348,0.6796875,0.96551724
325,13,338,0.66015625,0.92307692
341,6,347,0.67773438,0.96541787
342,2,344,0.671875,0.98837209
337,6,343,0.66992188,0.96501458
352,0,352,0.6875,1
340,2,342,0.66796875,0.98830409
344,0,344,0.671875,1
345,7,352,0.6875,0.96022727
358,5,363,0.70898438,0.97245179
329,15,344,0.671875,0.9127907
326,20,346,0.67578125,0.88439306
348,5,353,0.68945312,0.97167139
326,9,335,0.65429688,0.94626866
335,8,343,0.66992188,0.95335277
320,9,329,0.64257812,0.94528875
341,4,345,0.67382812,0.97681159
358,1,359,0.70117188,0.99442897
348,0,348,0.6796875,1
360,2,362,0.70703125,0.98895028
336,11,347,0.67773438,0.93659942
315,34,349,0.68164062,0.80515759
329,10,339,0.66210938,0.94100295
353,1,354,0.69140625,0.99435028
345,7,352,0.6875,0.96022727
345,3,348,0.6796875,0.98275862
338,10,348,0.6796875,0.94252874
324,29,353,0.68945312,0.83569405
317,29,346,0.67578125,0.83236994
298,43,341,0.66601562,0.74780059
288,53,341,0.66601562,0.68914956
295,49,344,0.671875,0.71511628
327,34,361,0.70507812,0.81163435
328,18,346,0.67578125,0.89595376
297,39,336,0.65625,0.76785714
290,55,345,0.67382812,0.68115942
300,47,347,0.67773438,0.72910663
321,36,357,0.69726562,0.79831933
305,47,352,0.6875,0.73295455
283,68,351,0.68554688,0.61253561
278,70,348,0.6796875,0.59770115
278,61,339,0.66210938,0.64011799
286,56,342,0.66796875,0.67251462
296,48,344,0.671875,0.72093023
333,21,354,0.69140625,0.88135593
322,18,340,0.6640625,0.89411765
357,0,357,0.69726562,1
355,1,356,0.6953125,0.99438202
333,13,346,0.67578125,0.92485549
348,5,353,0.68945312,0.97167139
338,4,342,0.66796875,0.97660819
337,14,351,0.68554688,0.92022792
336,10,346,0.67578125,0.94219653
327,14,341,0.66601562,0.91788856
340,2,342,0.66796875,0.98830409
324,12,336,0.65625,0.92857143
342,3,345,0.67382812,0.9826087
341,13,354,0.69140625,0.92655367
353,3,356,0.6953125,0.98314607
346,16,362,0.70703125,0.91160221
349,11,360,0.703125,0.93888889
349,0,349,0.68164062,1
315,23,338,0.66015625,0.86390533
304,30,334,0.65234375,0.82035928
339,13,352,0.6875,0.92613636
328,28,356,0.6953125,0.84269663
321,23,344,0.671875,0.86627907
342,15,357,0.69726562,0.91596639
350,9,359,0.70117188,0.94986072
352,0,352,0.6875,1
353,1,354,0.69140625,0.99435028
352,8,360,0.703125,0.95555556
333,16,349,0.68164062,0.90830946
346,3,349,0.68164062,0.98280802
349,1,350,0.68359375,0.99428571
336,3,339,0.66210938,0.98230088
352,4,356,0.6953125,0.97752809
343,6,349,0.68164062,0.96561605
333,12,345,0.67382812,0.93043478
346,6,352,0.6875,0.96590909
350,7,357,0.69726562,0.96078431
353,0,353,0.68945312,1
336,6,342,0.66796875,0.96491228
361,0,361,0.70507812,1
334,10,344,0.671875,0.94186047
343,0,343,0.66992188,1
338,3,341,0.66601562,0.98240469
343,5,348,0.6796875,0.97126437
335,2,337,0.65820312,0.98813056
346,7,353,0.68945312,0.96033994
350,1,351,0.68554688,0.99430199
362,0,362,0.70703125,1
350,7,357,0.69726562,0.96078431
327,9,336,0.65625,0.94642857
337,11,348,0.6796875,0.93678161
345,0,345,0.67382812,1
342,6,348,0.6796875,0.96551724
344,4,348,0.6796875,0.97701149
329,18,347,0.67773438,0.8962536
317,22,339,0.66210938,0.87020649
336,9,345,0.67382812,0.94782609
336,18,354,0.69140625,0.89830508
345,15,360,0.703125,0.91666667
337,17,354,0.69140625,0.9039548
351,11,362,0.70703125,0.93922652
345,4,349,0.68164062,0.97707736
346,3,349,0.68164062,0.98280802
349,0,349,0.68164062,1
351,2,353,0.68945312,0.98866856
342,11,353,0.68945312,0.93767705
336,17,353,0.68945312,0.90368272
341,9,350,0.68359375,0.94857143
325,13,338,0.66015625,0.92307692
340,7,347,0.67773438,0.95965418
339,12,351,0.68554688,0.93162393
352,2,354,0.69140625,0.98870056
359,1,360,0.703125,0.99444444
339,16,355,0.69335938,0.90985915
327,21,348,0.6796875,0.87931034
318,20,338,0.66015625,0.8816568
350,4,354,0.69140625,0.97740113
326,13,339,0.66210938,0.92330383
355,1,356,0.6953125,0.99438202
337,4,341,0.66601562,0.97653959
336,11,347,0.67773438,0.93659942
349,6,355,0.69335938,0.96619718
342,11,353,0.68945312,0.93767705
341,6,347,0.67773438,0.96541787
345,5,350,0.68359375,0.97142857
332,12,344,0.671875,0.93023256
334,10,344,0.671875,0.94186047
324,25,349,0.68164062,0.85673352
312,33,345,0.67382812,0.80869565
332,21,353,0.68945312,0.88101983
309,37,346,0.67578125,0.78612717
326,21,347,0.67773438,0.87896254
322,22,344,0.671875,0.87209302
332,19,351,0.68554688,0.89173789
345,23,368,0.71875,0.875
335,5,340,0.6640625,0.97058824
341,4,345,0.67382812,0.97681159
327,4,331,0.64648438,0.97583082
322,25,347,0.67773438,0.85590778
321,17,338,0.66015625,0.89940828
295,38,333,0.65039062,0.77177177
319,29,348,0.6796875,0.83333333
314,35,349,0.68164062,0.79942693
311,31,342,0.66796875,0.81871345
315,31,346,0.67578125,0.82080925
303,37,340,0.6640625,0.78235294
336,13,349,0.68164062,0.92550143
340,7,347,0.67773438,0.95965418
354,4,358,0.69921875,0.97765363
352,2,354,0.69140625,0.98870056
341,7,348,0.6796875,0.95977011
335,17,352,0.6875,0.90340909
327,22,349,0.68164062,0.8739255
324,23,347,0.67773438,0.86743516
331,8,339,0.66210938,0.95280236
344,0,344,0.671875,1
339,2,341,0.66601562,0.98826979
350,0,350,0.68359375,1
338,4,342,0.66796875,0.97660819
334,6,340,0.6640625,0.96470588
313,16,329,0.64257812,0.90273556
312,19,331,0.64648438,0.88519637
340,19,359,0.70117188,0.89415042
355,0,355,0.69335938,1
356,3,359,0.70117188,0.98328691
339,14,353,0.68945312,0.92067989
335,20,355,0.69335938,0.88732394
322,23,345,0.67382812,0.86666667
336,13,349,0.68164062,0.92550143
313,32,345,0.67382812,0.81449275
308,39,347,0.67773438,0.77521614
303,42,345,0.67382812,0.75652174
331,26,357,0.69726562,0.85434174
336,7,343,0.66992188,0.95918367
335,14,349,0.68164062,0.91977077
308,38,346,0.67578125,0.78034682
333,17,350,0.68359375,0.90285714
321,23,344,0.671875,0.86627907
303,31,334,0.65234375,0.81437126
324,20,344,0.671875,0.88372093
329,13,342,0.66796875,0.92397661
350,4,354,0.69140625,0.97740113
339,9,348,0.6796875,0.94827586
357,1,358,0.69921875,0.99441341
350,3,353,0.68945312,0.98300283
355,3,358,0.69921875,0.98324022
339,9,348,0.6796875,0.94827586
347,2,349,0.68164062,0.98853868
341,8,349,0.68164062,0.95415473
313,29,342,0.66796875,0.83040936
326,21,347,0.67773438,0.87896254
326,21,347,0.67773438,0.87896254
335,7,342,0.66796875,0.95906433
351,5,356,0.6953125,0.97191011
325,21,346,0.67578125,0.87861272
300,48,348,0.6796875,0.72413793
300,46,346,0.67578125,0.73410405
313,34,347,0.67773438,0.80403458
309,44,353,0.68945312,0.75070822
331,19,350,0.68359375,0.89142857
321,27,348,0.6796875,0.84482759
326,20,346,0.67578125,0.88439306
346,9,355,0.69335938,0.94929577
331,16,347,0.67773438,0.90778098
335,16,351,0.68554688,0.90883191
317,22,339,0.66210938,0.87020649
340,4,344,0.671875,0.97674419
337,12,349,0.68164062,0.93123209
317,24,341,0.66601562,0.85923754
334,8,342,0.66796875,0.95321637
346,0,346,0.67578125,1
353,3,356,0.6953125,0.98314607
342,10,352,0.6875,0.94318182
324,22,346,0.67578125,0.87283237
337,12,349,0.68164062,0.93123209
328,14,342,0.66796875,0.91812865
345,10,355,0.69335938,0.94366197
323,24,347,0.67773438,0.86167147
287,57,344,0.671875,0.66860465
294,49,343,0.66992188,0.71428571
291,46,337,0.65820312,0.72700297
310,33,343,0.66992188,0.80758017
316,27,343,0.66992188,0.8425656
305,47,352,0.6875,0.73295455
309,40,349,0.68164062,0.77077364
292,57,349,0.68164062,0.67335244
284,50,334,0.65234375,0.7005988
313,32,345,0.67382812,0.81449275
343,9,352,0.6875,0.94886364
331,12,343,0.66992188,0.93002915
348,10,358,0.69921875,0.94413408
340,3,343,0.66992188,0.98250729
339,3,342,0.66796875,0.98245614
350,8,358,0.69921875,0.95530726
346,5,351,0.68554688,0.97150997
339,0,339,0.66210938,1
353,1,354,0.69140625,0.99435028
349,0,349,0.68164062,1
354,0,354,0.69140625,1
331,9,340,0.6640625,0.94705882
341,10,351,0.68554688,0.94301994
345,12,357,0.69726562,0.93277311
344,1,345,0.67382812,0.9942029
343,6,349,0.68164062,0.96561605
337,2,339,0.66210938,0.98820059
304,37,341,0.66601562,0.7829912
316,21,337,0.65820312,0.87537092
347,2,349,0.68164062,0.98853868
340,6,346,0.67578125,0.96531792
356,2,358,0.69921875,0.98882682
321,20,341,0.66601562,0.88269795
340,13,353,0.68945312,0.92634561
353,2,355,0.69335938,0.98873239
349,2,351,0.68554688,0.98860399
329,19,348,0.6796875,0.8908046
355,0,355,0.69335938,1
323,26,349,0.68164062,0.85100287
322,23,345,0.67382812,0.86666667
345,0,345,0.67382812,1
352,1,353,0.68945312,0.99433428
359,4,363,0.70898438,0.97796143
363,0,363,0.70898438,1
350,4,354,0.69140625,0.97740113
345,8,353,0.68945312,0.95467422
323,21,344,0.671875,0.87790698
327,16,343,0.66992188,0.90670554
345,8,353,0.68945312,0.95467422
355,3,358,0.69921875,0.98324022
338,1,339,0.66210938,0.99410029
340,0,340,0.6640625,1
345,3,348,0.6796875,0.98275862
337,4,341,0.66601562,0.97653959
351,3,354,0.69140625,0.98305085
348,0,348,0.6796875,1
356,0,356,0.6953125,1
350,2,352,0.6875,0.98863636
338,1,339,0.66210938,0.99410029
355,0,355,0.69335938,1
328,17,345,0.67382812,0.90144928
333,5,338,0.66015625,0.9704142
342,11,353,0.68945312,0.93767705
326,12,338,0.66015625,0.92899408
346,2,348,0.6796875,0.98850575
361,2,363,0.70898438,0.98898072
343,0,343,0.66992188,1
346,7,353,0.68945312,0.96033994
351,2,353,0.68945312,0.98866856
348,4,352,0.6875,0.97727273
338,7,345,0.67382812,0.95942029
344,4,348,0.6796875,0.97701149
351,14,365,0.71289062,0.92328767
345,8,353,0.68945312,0.95467422
344,1,345,0.67382812,0.9942029
333,6,339,0.66210938,0.96460177
342,4,346,0.67578125,0.97687861
344,7,351,0.68554688,0.96011396
346,4,350,0.68359375,0.97714286
355,2,357,0.69726562,0.98879552
340,17,357,0.69726562,0.9047619
348,10,358,0.69921875,0.94413408
338,4,342,0.66796875,0.97660819
327,11,338,0.66015625,0.93491124
321,23,344,0.671875,0.86627907
329,18,347,0.67773438,0.8962536
334,11,345,0.67382812,0.93623188
339,16,355,0.69335938,0.90985915
354,2,356,0.6953125,0.98876404
341,1,342,0.66796875,0.99415205
348,5,353,0.68945312,0.97167139
341,8,349,0.68164062,0.95415473
326,25,351,0.68554688,0.85754986
277,72,349,0.68164062,0.58739255
280,69,349,0.68164062,0.60458453
328,29,357,0.69726562,0.83753501
327,23,350,0.68359375,0.86857143
298,39,337,0.65820312,0.76854599
330,12,342,0.66796875,0.92982456
346,6,352,0.6875,0.96590909
322,20,342,0.66796875,0.88304094
324,31,355,0.69335938,0.82535211
319,25,344,0.671875,0.85465116
312,36,348,0.6796875,0.79310345
329,21,350,0.68359375,0.88
333,25,358,0.69921875,0.8603352
319,33,352,0.6875,0.8125
324,25,349,0.68164062,0.85673352
358,2,360,0.703125,0.98888889
346,4,350,0.68359375,0.97714286
342,7,349,0.68164062,0.95988539
349,3,352,0.6875,0.98295455
351,4,355,0.69335938,0.97746479
341,8,349,0.68164062,0.95415473
334,6,340,0.6640625,0.96470588
341,7,348,0.6796875,0.95977011
350,2,352,0.6875,0.98863636
343,5,348,0.6796875,0.97126437
347,3,350,0.68359375,0.98285714
352,0,352,0.6875,1
346,1,347,0.67773438,0.99423631
333,7,340,0.6640625,0.95882353
348,2,350,0.68359375,0.98857143
348,0,348,0.6796875,1
327,16,343,0.66992188,0.90670554
349,6,355,0.69335938,0.96619718
340,15,355,0.69335938,0.91549296
301,35,336,0.65625,0.79166667
309,36,345,0.67382812,0.79130435
318,28,346,0.67578125,0.83815029
334,8,342,0.66796875,0.95321637
315,25,340,0.6640625,0.85294118
305,28,333,0.65039062,0.83183183
326,22,348,0.6796875,0.87356322
324,18,342,0.66796875,0.89473684
323,14,337,0.65820312,0.91691395
341,9,350,0.68359375,0.94857143
315,37,352,0.6875,0.78977273
309,33,342,0.66796875,0.80701754
323,23,346,0.67578125,0.86705202
334,19,353,0.68945312,0.89235127
294,42,336,0.65625,0.75
312,27,339,0.66210938,0.84070796
316,30,346,0.67578125,0.8265896
316,22,338,0.66015625,0.86982249
298,42,340,0.6640625,0.75294118
264,68,332,0.6484375,0.59036145
301,27,328,0.640625,0.83536585
325,20,345,0.67382812,0.88405797
353,4,357,0.69726562,0.97759104
352,10,362,0.70703125,0.94475138
355,6,361,0.70507812,0.966759
344,10,354,0.69140625,0.94350282
332,15,347,0.67773438,0.91354467
339,8,347,0.67773438,0.95389049
317,26,343,0.66992188,0.8483965
322,25,347,0.67773438,0.85590778
326,14,340,0.6640625,0.91764706
342,15,357,0.69726562,0.91596639
308,30,338,0.66015625,0.82248521
325,16,341,0.66601562,0.90615836
329,20,349,0.68164062,0.88538682
305,39,344,0.671875,0.77325581
323,23,346,0.67578125,0.86705202
334,13,347,0.67773438,0.92507205
342,3,345,0.67382812,0.9826087
346,10,356,0.6953125,0.94382022
335,8,343,0.66992188,0.95335277
341,16,357,0.69726562,0.91036415
328,12,340,0.6640625,0.92941176
328,18,346,0.67578125,0.89595376
309,35,344,0.671875,0.79651163
311,42,353,0.68945312,0.76203966
304,50,354,0.69140625,0.71751412
278,59,337,0.65820312,0.64985163
295,54,349,0.68164062,0.69054441
308,37,345,0.67382812,0.78550725
302,46,348,0.6796875,0.73563218
289,57,346,0.67578125,0.67052023
311,36,347,0.67773438,0.7925072
321,29,350,0.68359375,0.83428571
342,7,349,0.68164062,0.95988539
350,0,350,0.68359375,1
359,0,359,0.70117188,1
353,4,357,0.69726562,0.97759104
343,6,349,0.68164062,0.96561605
363,0,363,0.70898438,1
351,0,351,0.68554688,1
339,0,339,0.66210938,1
360,0,360,0.703125,1
343,8,351,0.68554688,0.95441595
327,14,341,0.66601562,0.91788856
350,5,355,0.69335938,0.97183099
351,1,352,0.6875,0.99431818
336,11,347,0.67773438,0.93659942
346,2,348,0.6796875,0.98850575
355,6,361,0.70507812,0.966759
348,0,348,0.6796875,1
360,2,362,0.70703125,0.98895028
344,6,350,0.68359375,0.96571429
355,2,357,0.69726562,0.98879552
341,4,345,0.67382812,0.97681159
331,27,358,0.69921875,0.84916201
337,17,354,0.69140625,0.9039548
337,18,355,0.69335938,0.89859155
319,20,339,0.66210938,0.8820059
327,22,349,0.68164062,0.8739255
283,63,346,0.67578125,0.63583815
309,36,345,0.67382812,0.79130435
334,11,345,0.67382812,0.93623188
351,0,351,0.68554688,1
342,0,342,0.66796875,1
337,5,342,0.66796875,0.97076023
351,5,356,0.6953125,0.97191011
346,3,349,0.68164062,0.98280802
332,15,347,0.67773438,0.91354467
311,25,336,0.65625,0.85119048
328,10,338,0.66015625,0.9408284
328,19,347,0.67773438,0.89048991
358,7,365,0.71289062,0.96164384
358,0,358,0.69921875,1
349,2,351,0.68554688,0.98860399
351,0,351,0.68554688,1
339,9,348,0.6796875,0.94827586
356,1,357,0.69726562,0.99439776
351,4,355,0.69335938,0.97746479
335,21,356,0.6953125,0.88202247
322,29,351,0.68554688,0.83475783
336,17,353,0.68945312,0.90368272
333,14,347,0.67773438,0.91930836
344,2,346,0.67578125,0.98843931
350,5,355,0.69335938,0.97183099
358,3,361,0.70507812,0.9833795
343,10,353,0.68945312,0.94334278
339,10,349,0.68164062,0.94269341
339,9,348,0.6796875,0.94827586
352,12,364,0.7109375,0.93406593
316,24,340,0.6640625,0.85882353
341,6,347,0.67773438,0.96541787
346,3,349,0.68164062,0.98280802
332,26,358,0.69921875,0.8547486
309,36,345,0.67382812,0.79130435
316,28,344,0.671875,0.8372093
298,51,349,0.68164062,0.70773639
294,45,339,0.66210938,0.73451327
320,22,342,0.66796875,0.87134503
338,17,355,0.69335938,0.90422535
339,16,355,0.69335938,0.90985915
335,9,344,0.671875,0.94767442
317,23,340,0.6640625,0.86470588
316,28,344,0.671875,0.8372093
326,24,350,0.68359375,0.86285714
320,31,351,0.68554688,0.82336182
308,24,332,0.6484375,0.85542169
323,24,347,0.67773438,0.86167147
345,6,351,0.68554688,0.96581197
306,44,350,0.68359375,0.74857143
312,30,342,0.66796875,0.8245614
305,40,345,0.67382812,0.76811594
331,5,336,0.65625,0.9702381
345,7,352,0.6875,0.96022727
351,3,354,0.69140625,0.98305085
353,4,357,0.69726562,0.97759104
355,1,356,0.6953125,0.99438202
336,7,343,0.66992188,0.95918367
343,9,352,0.6875,0.94886364
362,0,362,0.70703125,1
357,5,362,0.70703125,0.97237569
346,11,357,0.69726562,0.93837535
332,12,344,0.671875,0.93023256
357,3,360,0.703125,0.98333333
343,1,344,0.671875,0.99418605
339,6,345,0.67382812,0.96521739
349,3,352,0.6875,0.98295455
349,4,353,0.68945312,0.97733711
336,13,349,0.68164062,0.92550143
331,7,338,0.66015625,0.95857988
328,18,346,0.67578125,0.89595376
348,2,350,0.68359375,0.98857143
324,21,345,0.67382812,0.87826087
321,23,344,0.671875,0.86627907
323,32,355,0.69335938,0.81971831
332,13,345,0.67382812,0.92463768
333,19,352,0.6875,0.89204545
346,8,354,0.69140625,0.95480226
326,17,343,0.66992188,0.90087464
345,6,351,0.68554688,0.96581197
309,35,344,0.671875,0.79651163
325,22,347,0.67773438,0.87319885
328,8,336,0.65625,0.95238095
340,6,346,0.67578125,0.96531792
337,2,339,0.66210938,0.98820059
327,15,342,0.66796875,0.9122807
348,1,349,0.68164062,0.99426934
347,3,350,0.68359375,0.98285714
354,0,354,0.69140625,1
336,18,354,0.69140625,0.89830508
335,10,345,0.67382812,0.94202899
323,21,344,0.671875,0.87790698
324,27,351,0.68554688,0.84615385
337,11,348,0.6796875,0.93678161
322,22,344,0.671875,0.87209302
338,11,349,0.68164062,0.93696275
332,14,346,0.67578125,0.91907514
333,10,343,0.66992188,0.94169096
348,7,355,0.69335938,0.96056338
343,4,347,0.67773438,0.97694524
337,7,344,0.671875,0.95930233
350,5,355,0.69335938,0.97183099
339,3,342,0.66796875,0.98245614
331,11,342,0.66796875,0.93567251
352,1,353,0.68945312,0.99433428
330,15,345,0.67382812,0.91304348
335,3,338,0.66015625,0.98224852
344,0,344,0.671875,1
342,1,343,0.66992188,0.9941691
340,11,351,0.68554688,0.93732194
339,1,340,0.6640625,0.99411765
355,1,356,0.6953125,0.99438202
341,8,349,0.68164062,0.95415473
353,2,355,0.69335938,0.98873239
318,24,342,0.66796875,0.85964912
304,36,340,0.6640625,0.78823529
345,2,347,0.67773438,0.98847262
358,0,358,0.69921875,1
347,5,352,0.6875,0.97159091
334,8,342,0.66796875,0.95321637
330,4,334,0.65234375,0.9760479
337,11,348,0.6796875,0.93678161
350,0,350,0.68359375,1
336,6,342,0.66796875,0.96491228
356,11,367,0.71679688,0.9400545
335,15,350,0.68359375,0.91428571
361,3,364,0.7109375,0.98351648
316,22,338,0.66015625,0.86982249
337,15,352,0.6875,0.91477273
349,0,349,0.68164062,1
344,6,350,0.68359375,0.96571429
343,1,344,0.671875,0.99418605
335,12,347,0.67773438,0.93083573
347,1,348,0.6796875,0.99425287
343,10,353,0.68945312,0.94334278
338,12,350,0.68359375,0.93142857
353,2,355,0.69335938,0.98873239
354,6,360,0.703125,0.96666667
336,6,342,0.66796875,0.96491228
329,14,343,0.66992188,0.91836735
322,18,340,0.6640625,0.89411765
352,4,356,0.6953125,0.97752809
357,3,360,0.703125,0.98333333
332,12,344,0.671875,0.93023256
327,17,344,0.671875,0.90116279
299,39,338,0.66015625,0.76923077
308,38,346,0.67578125,0.78034682
285,55,340,0.6640625,0.67647059
295,68,363,0.70898438,0.62534435
301,42,343,0.66992188,0.75510204
276,66,342,0.66796875,0.61403509
301,58,359,0.70117188,0.67688022
300,57,357,0.69726562,0.68067227
267,71,338,0.66015625,0.57988166
262,88,350,0.68359375,0.49714286
272,72,344,0.671875,0.58139535
260,77,337,0.65820312,0.54302671
272,68,340,0.6640625,0.6
281,71,352,0.6875,0.59659091
271,67,338,0.66015625,0.6035503
307,40,347,0.67773438,0.76945245
345,6,351,0.68554688,0.96581197
341,5,346,0.67578125,0.97109827
342,7,349,0.68164062,0.95988539
341,1,342,0.66796875,0.99415205
344,0,344,0.671875,1
345,1,346,0.67578125,0.99421965
338,16,354,0.69140625,0.90960452
331,10,341,0.66601562,0.94134897
321,33,354,0.69140625,0.81355932
336,20,356,0.6953125,0.88764045
319,19,338,0.66015625,0.88757396
303,38,341,0.66601562,0.7771261
333,19,352,0.6875,0.89204545
333,10,343,0.66992188,0.94169096
331,7,338,0.66015625,0.95857988
344,14,358,0.69921875,0.92178771
337,9,346,0.67578125,0.94797688
327,22,349,0.68164062,0.8739255
338,12,350,0.68359375,0.93142857
330,13,343,0.66992188,0.92419825
346,1,347,0.67773438,0.99423631
344,9,353,0.68945312,0.9490085
345,4,349,0.68164062,0.97707736
344,12,356,0.6953125,0.93258427
319,31,350,0.68359375,0.82285714
296,54,350,0.68359375,0.69142857
338,13,351,0.68554688,0.92592593
334,13,347,0.67773438,0.92507205
351,4,355,0.69335938,0.97746479
343,1,344,0.671875,0.99418605
360,2,362,0.70703125,0.98895028
349,12,361,0.70507812,0.93351801
321,24,345,0.67382812,0.86086957
347,14,361,0.70507812,0.92243767
350,6,356,0.6953125,0.96629213
346,5,351,0.68554688,0.97150997
351,3,354,0.69140625,0.98305085
347,5,352,0.6875,0.97159091
356,0,356,0.6953125,1
318,21,339,0.66210938,0.87610619
307,39,346,0.67578125,0.77456647
303,45,348,0.6796875,0.74137931
331,25,356,0.6953125,0.85955056
339,17,356,0.6953125,0.90449438
323,21,344,0.671875,0.87790698
325,18,343,0.66992188,0.89504373
326,8,334,0.65234375,0.95209581
313,31,344,0.671875,0.81976744
349,5,354,0.69140625,0.97175141
343,10,353,0.68945312,0.94334278
338,7,345,0.67382812,0.95942029
320,24,344,0.671875,0.86046512
310,35,345,0.67382812,0.79710145
328,28,356,0.6953125,0.84269663
303,28,331,0.64648438,0.83081571
315,31,346,0.67578125,0.82080925
334,13,347,0.67773438,0.92507205
330,12,342,0.66796875,0.92982456
346,5,351,0.68554688,0.97150997
344,7,351,0.68554688,0.96011396
335,7,342,0.66796875,0.95906433
329,22,351,0.68554688,0.87464387
348,1,349,0.68164062,0.99426934
334,13,347,0.67773438,0.92507205
346,5,351,0.68554688,0.97150997
343,1,344,0.671875,0.99418605
360,2,362,0.70703125,0.98895028
348,1,349,0.68164062,0.99426934
345,4,349,0.68164062,0.97707736
335,18,353,0.68945312,0.898017
312,29,341,0.66601562,0.82991202
334,6,340,0.6640625,0.96470588
324,25,349,0.68164062,0.85673352
314,36,350,0.68359375,0.79428571
357,3,360,0.703125,0.98333333
343,2,345,0.67382812,0.9884058
342,5,347,0.67773438,0.97118156
327,14,341,0.66601562,0.91788856
331,12,343,0.66992188,0.93002915
349,3,352,0.6875,0.98295455
351,0,351,0.68554688,1
351,1,352,0.6875,0.99431818
309,32,341,0.66601562,0.81231672
324,29,353,0.68945312,0.83569405
314,36,350,0.68359375,0.79428571
320,27,347,0.67773438,0.8443804
314,18,332,0.6484375,0.89156627
312,37,349,0.68164062,0.78796562
290,62,352,0.6875,0.64772727
283,58,341,0.66601562,0.65982405
288,62,350,0.68359375,0.64571429
321,18,339,0.66210938,0.89380531
338,9,347,0.67773438,0.9481268
333,9,342,0.66796875,0.94736842
332,20,352,0.6875,0.88636364
316,17,333,0.65039062,0.8978979
346,3,349,0.68164062,0.98280802
353,0,353,0.68945312,1
342,0,342,0.66796875,1
344,11,355,0.69335938,0.93802817
324,25,349,0.68164062,0.85673352
334,4,338,0.66015625,0.97633136
341,10,351,0.68554688,0.94301994
338,7,345,0.67382812,0.95942029
352,1,353,0.68945312,0.99433428
355,0,355,0.69335938,1
336,19,355,0.69335938,0.89295775
323,25,348,0.6796875,0.85632184
331,17,348,0.6796875,0.90229885
331,25,356,0.6953125,0.85955056
322,18,340,0.6640625,0.89411765
339,2,341,0.66601562,0.98826979
337,8,345,0.67382812,0.95362319
346,9,355,0.69335938,0.94929577
358,0,358,0.69921875,1
345,10,355,0.69335938,0.94366197
349,2,351,0.68554688,0.98860399
337,12,349,0.68164062,0.93123209
341,6,347,0.67773438,0.96541787
352,1,353,0.68945312,0.99433428
358,9,367,0.71679688,0.95095368
340,6,346,0.67578125,0.96531792
328,17,345,0.67382812,0.90144928
345,4,349,0.68164062,0.97707736
353,0,353,0.68945312,1
346,1,347,0.67773438,0.99423631
350,3,353,0.68945312,0.98300283
341,3,344,0.671875,0.98255814
324,14,338,0.66015625,0.91715976
313,22,335,0.65429688,0.86865672
319,27,346,0.67578125,0.84393064
323,28,351,0.68554688,0.84045584
325,8,333,0.65039062,0.95195195
331,22,353,0.68945312,0.87535411
327,15,342,0.66796875,0.9122807
361,0,361,0.70507812,1
342,14,356,0.6953125,0.92134831
344,6,350,0.68359375,0.96571429
344,12,356,0.6953125,0.93258427
336,13,349,0.68164062,0.92550143
344,3,347,0.67773438,0.98270893
346,2,348,0.6796875,0.98850575
341,11,352,0.6875,0.9375
334,13,347,0.67773438,0.92507205
341,2,343,0.66992188,0.98833819
332,18,350,0.68359375,0.89714286
333,14,347,0.67773438,0.91930836
321,20,341,0.66601562,0.88269795
329,20,349,0.68164062,0.88538682
341,11,352,0.6875,0.9375
324,12,336,0.65625,0.92857143
328,2,330,0.64453125,0.98787879
345,8,353,0.68945312,0.95467422
350,6,356,0.6953125,0.96629213
337,10,347,0.67773438,0.94236311
344,6,350,0.68359375,0.96571429
345,5,350,0.68359375,0.97142857
335,6,341,0.66601562,0.96480938
350,4,354,0.69140625,0.97740113
346,5,351,0.68554688,0.97150997
354,3,357,0.69726562,0.98319328
335,19,354,0.69140625,0.89265537
337,19,356,0.6953125,0.89325843
353,5,358,0.69921875,0.97206704
350,4,354,0.69140625,0.97740113
344,5,349,0.68164062,0.9713467
335,5,340,0.6640625,0.97058824
350,6,356,0.6953125,0.96629213
340,7,347,0.67773438,0.95965418
340,4,344,0.671875,0.97674419
330,18,348,0.6796875,0.89655172
340,13,353,0.68945312,0.92634561
322,21,343,0.66992188,0.87755102
324,16,340,0.6640625,0.90588235
349,4,353,0.68945312,0.97733711
348,1,349,0.68164062,0.99426934
352,4,356,0.6953125,0.97752809
357,0,357,0.69726562,1
356,7,363,0.70898438,0.96143251
309,29,338,0.66015625,0.82840237
304,37,341,0.66601562,0.7829912
337,13,350,0.68359375,0.92571429
354,1,355,0.69335938,0.9943662
353,0,353,0.68945312,1
348,10,358,0.69921875,0.94413408
333,13,346,0.67578125,0.92485549
341,5,346,0.67578125,0.97109827
322,23,345,0.67382812,0.86666667
322,31,353,0.68945312,0.82436261
342,13,355,0.69335938,0.92676056
358,4,362,0.70703125,0.97790055
339,7,346,0.67578125,0.95953757
338,12,350,0.68359375,0.93142857
330,14,344,0.671875,0.91860465
337,10,347,0.67773438,0.94236311
352,0,352,0.6875,1
345,1,346,0.67578125,0.99421965
360,5,365,0.71289062,0.97260274
340,12,352,0.6875,0.93181818
327,21,348,0.6796875,0.87931034
336,11,347,0.67773438,0.93659942
347,4,351,0.68554688,0.97720798
346,3,349,0.68164062,0.98280802
353,0,353,0.68945312,1
337,5,342,0.66796875,0.97076023
349,0,349,0.68164062,1
340,1,341,0.66601562,0.9941349
347,2,349,0.68164062,0.98853868
348,5,353,0.68945312,0.97167139
344,4,348,0.6796875,0.97701149
342,2,344,0.671875,0.98837209
356,0,356,0.6953125,1
352,0,352,0.6875,1
336,8,344,0.671875,0.95348837
323,16,339,0.66210938,0.90560472
342,5,347,0.67773438,0.97118156
311,31,342,0.66796875,0.81871345
326,17,343,0.66992188,0.90087464
342,5,347,0.67773438,0.97118156
346,5,351,0.68554688,0.97150997
349,0,349,0.68164062,1
344,0,344,0.671875,1
365,2,367,0.71679688,0.98910082
358,0,358,0.69921875,1
338,8,346,0.67578125,0.95375723
331,6,337,0.65820312,0.96439169
353,0,353,0.68945312,1
334,15,349,0.68164062,0.91404011
316,22,338,0.66015625,0.86982249
322,21,343,0.66992188,0.87755102
289,48,337,0.65820312,0.71513353
303,48,351,0.68554688,0.72649573
325,28,353,0.68945312,0.84135977
338,20,358,0.69921875,0.88826816
331,22,353,0.68945312,0.87535411
342,5,347,0.67773438,0.97118156
339,16,355,0.69335938,0.90985915
305,40,345,0.67382812,0.76811594
325,26,351,0.68554688,0.85185185
341,9,350,0.68359375,0.94857143
344,6,350,0.68359375,0.96571429
335,11,346,0.67578125,0.93641618
352,2,354,0.69140625,0.98870056
349,7,356,0.6953125,0.96067416
350,12,362,0.70703125,0.93370166
330,18,348,0.6796875,0.89655172
354,2,356,0.6953125,0.98876404
332,17,349,0.68164062,0.9025788
331,10,341,0.66601562,0.94134897
338,4,342,0.66796875,0.97660819
347,5,352,0.6875,0.97159091
351,1,352,0.6875,0.99431818
327,18,345,0.67382812,0.89565217
333,13,346,0.67578125,0.92485549
321,27,348,0.6796875,0.84482759
317,27,344,0.671875,0.84302326
344,13,357,0.69726562,0.92717087
328,13,341,0.66601562,0.92375367
335,15,350,0.68359375,0.91428571
302,40,342,0.66796875,0.76608187
285,51,336,0.65625,0.69642857
307,49,356,0.6953125,0.7247191
322,27,349,0.68164062,0.84527221
330,17,347,0.67773438,0.90201729
314,21,335,0.65429688,0.87462687
318,32,350,0.68359375,0.81714286
322,23,345,0.67382812,0.86666667
334,14,348,0.6796875,0.91954023
348,2,350,0.68359375,0.98857143
348,2,350,0.68359375,0.98857143
347,1,348,0.6796875,0.99425287
325,21,346,0.67578125,0.87861272
331,25,356,0.6953125,0.85955056
348,9,357,0.69726562,0.94957983
369,1,370,0.72265625,0.99459459
344,11,355,0.69335938,0.93802817
344,10,354,0.69140625,0.94350282
353,0,353,0.68945312,1
363,2,365,0.71289062,0.9890411
328,16,344,0.671875,0.90697674
333,14,347,0.67773438,0.91930836
329,7,336,0.65625,0.95833333
350,2,352,0.6875,0.98863636
350,3,353,0.68945312,0.98300283
355,0,355,0.69335938,1
349,10,359,0.70117188,0.94428969
354,2,356,0.6953125,0.98876404
335,8,343,0.66992188,0.95335277
339,2,341,0.66601562,0.98826979
348,2,350,0.68359375,0.98857143
323,19,342,0.66796875,0.88888889
335,10,345,0.67382812,0.94202899
354,0,354,0.69140625,1
345,9,354,0.69140625,0.94915254
344,6,350,0.68359375,0.96571429
321,12,333,0.65039062,0.92792793
341,8,349,0.68164062,0.95415473
322,20,342,0.66796875,0.88304094
343,6,349,0.68164062,0.96561605
341,1,342,0.66796875,0.99415205
294,44,338,0.66015625,0.73964497
305,38,343,0.66992188,0.77842566
283,64,347,0.67773438,0.63112392
315,36,351,0.68554688,0.79487179
321,30,351,0.68554688,0.82905983
356,3,359,0.70117188,0.98328691
346,5,351,0.68554688,0.97150997
333,14,347,0.67773438,0.91930836
353,0,353,0.68945312,1
354,0,354,0.69140625,1
336,7,343,0.66992188,0.95918367
339,4,343,0.66992188,0.97667638
349,0,349,0.68164062,1
334,1,335,0.65429688,0.99402985
353,2,355,0.69335938,0.98873239
352,2,354,0.69140625,0.98870056
337,0,337,0.65820312,1
357,2,359,0.70117188,0.98885794
336,14,350,0.68359375,0.92
317,17,334,0.65234375,0.89820359
315,30,345,0.67382812,0.82608696
340,11,351,0.68554688,0.93732194
334,9,343,0.66992188,0.94752187
320,16,336,0.65625,0.9047619
326,19,345,0.67382812,0.88985507
342,11,353,0.68945312,0.93767705
332,15,347,0.67773438,0.91354467
348,15,363,0.70898438,0.91735537
340,8,348,0.6796875,0.95402299
355,0,355,0.69335938,1
336,16,352,0.6875,0.90909091
343,11,354,0.69140625,0.93785311
351,0,351,0.68554688,1
349,0,349,0.68164062,1
323,15,338,0.66015625,0.9112426
345,16,361,0.70507812,0.91135734
342,7,349,0.68164062,0.95988539
329,14,343,0.66992188,0.91836735
319,17,336,0.65625,0.89880952
351,10,361,0.70507812,0.94459834
345,13,358,0.69921875,0.9273743
332,8,340,0.6640625,0.95294118
338,10,348,0.6796875,0.94252874
343,11,354,0.69140625,0.93785311
342,1,343,0.66992188,0.9941691
344,2,346,0.67578125,0.98843931
349,1,350,0.68359375,0.99428571
347,0,347,0.67773438,1
352,1,353,0.68945312,0.99433428
357,2,359,0.70117188,0.98885794
350,2,352,0.6875,0.98863636
350,7,357,0.69726562,0.96078431
346,1,347,0.67773438,0.99423631
336,2,338,0.66015625,0.98816568
340,3,343,0.66992188,0.98250729
348,2,350,0.68359375,0.98857143
339,17,356,0.6953125,0.90449438
340,17,357,0.69726562,0.9047619
338,5,343,0.66992188,0.97084548
351,7,358,0.69921875,0.96089385
342,9,351,0.68554688,0.94871795
329,13,342,0.66796875,0.92397661
326,21,347,0.67773438,0.87896254
328,16,344,0.671875,0.90697674
347,15,362,0.70703125,0.91712707
350,12,362,0.70703125,0.93370166
356,0,356,0.6953125,1
332,18,350,0.68359375,0.89714286
341,6,347,0.67773438,0.96541787
346,8,354,0.69140625,0.95480226
315,27,342,0.66796875,0.84210526
319,26,345,0.67382812,0.84927536
320,34,354,0.69140625,0.8079096
290,46,336,0.65625,0.72619048
319,37,356,0.6953125,0.79213483
333,17,350,0.68359375,0.90285714
338,7,345,0.67382812,0.95942029
343,3,346,0.67578125,0.98265896
334,11,345,0.67382812,0.93623188
343,2,345,0.67382812,0.9884058
345,6,351,0.68554688,0.96581197
335,6,341,0.66601562,0.96480938
338,11,349,0.68164062,0.93696275
339,20,359,0.70117188,0.88857939
339,11,350,0.68359375,0.93714286
349,3,352,0.6875,0.98295455
352,3,355,0.69335938,0.98309859
327,7,334,0.65234375,0.95808383
331,17,348,0.6796875,0.90229885
327,21,348,0.6796875,0.87931034
322,22,344,0.671875,0.87209302
337,10,347,0.67773438,0.94236311
314,29,343,0.66992188,0.83090379
336,10,346,0.67578125,0.94219653
344,5,349,0.68164062,0.9713467
350,3,353,0.68945312,0.98300283
347,1,348,0.6796875,0.99425287
342,6,348,0.6796875,0.96551724
357,0,357,0.69726562,1
345,4,349,0.68164062,0.97707736
332,10,342,0.66796875,0.94152047
358,5,363,0.70898438,0.97245179
337,7,344,0.671875,0.95930233
349,2,351,0.68554688,0.98860399
341,5,346,0.67578125,0.97109827
339,12,351,0.68554688,0.93162393
334,18,352,0.6875,0.89772727
310,36,346,0.67578125,0.79190751
314,43,357,0.69726562,0.75910364
302,49,351,0.68554688,0.72079772
298,44,342,0.66796875,0.74269006
319,30,349,0.68164062,0.82808023
331,11,342,0.66796875,0.93567251
342,9,351,0.68554688,0.94871795
355,1,356,0.6953125,0.99438202
351,0,351,0.68554688,1
354,3,357,0.69726562,0.98319328
321,10,331,0.64648438,0.93957704
350,10,360,0.703125,0.94444444
345,18,363,0.70898438,0.90082645
307,37,344,0.671875,0.78488372
332,25,357,0.69726562,0.85994398
300,39,339,0.66210938,0.7699115
316,35,351,0.68554688,0.8005698
321,20,341,0.66601562,0.88269795
329,18,347,0.67773438,0.8962536
337,12,349,0.68164062,0.93123209
341,13,354,0.69140625,0.92655367
339,9,348,0.6796875,0.94827586
325,20,345,0.67382812,0.88405797
338,12,350,0.68359375,0.93142857
331,13,344,0.671875,0.9244186
338,17,355,0.69335938,0.90422535
326,24,350,0.68359375,0.86285714
331,20,351,0.68554688,0.88603989
305,42,347,0.67773438,0.75792507
277,62,339,0.66210938,0.63421829
315,37,352,0.6875,0.78977273
333,5,338,0.66015625,0.9704142
335,14,349,0.68164062,0.91977077
349,0,349,0.68164062,1
355,0,355,0.69335938,1
333,7,340,0.6640625,0.95882353
320,28,348,0.6796875,0.83908046
309,40,349,0.68164062,0.77077364
281,55,336,0.65625,0.67261905
326,27,353,0.68945312,0.8470255
331,19,350,0.68359375,0.89142857
337,11,348,0.6796875,0.93678161
337,5,342,0.66796875,0.97076023
343,1,344,0.671875,0.99418605
341,7,348,0.6796875,0.95977011
345,6,351,0.68554688,0.96581197
320,25,345,0.67382812,0.85507246
329,16,345,0.67382812,0.90724638
340,7,347,0.67773438,0.95965418
331,7,338,0.66015625,0.95857988
341,12,353,0.68945312,0.93201133
328,14,342,0.66796875,0.91812865
354,3,357,0.69726562,0.98319328
340,12,352,0.6875,0.93181818
341,3,344,0.671875,0.98255814
331,3,334,0.65234375,0.98203593
323,17,340,0.6640625,0.9
325,15,340,0.6640625,0.91176471
352,9,361,0.70507812,0.9501385
329,19,348,0.6796875,0.8908046
336,14,350,0.68359375,0.92
334,21,355,0.69335938,0.88169014
318,31,349,0.68164062,0.82234957
301,41,342,0.66796875,0.76023392
288,45,333,0.65039062,0.72972973
322,20,342,0.66796875,0.88304094
341,19,360,0.703125,0.89444444
342,17,359,0.70117188,0.90529248
348,6,354,0.69140625,0.96610169
345,2,347,0.67773438,0.98847262
349,2,351,0.68554688,0.98860399
338,7,345,0.67382812,0.95942029
339,0,339,0.66210938,1
341,0,341,0.66601562,1
345,1,346,0.67578125,0.99421965
350,0,350,0.68359375,1
332,18,350,0.68359375,0.89714286
309,35,344,0.671875,0.79651163
306,41,347,0.67773438,0.76368876
293,52,345,0.67382812,0.69855072
313,32,345,0.67382812,0.81449275
340,9,349,0.68164062,0.94842407
332,16,348,0.6796875,0.90804598
311,28,339,0.66210938,0.83480826
306,32,338,0.66015625,0.81065089
345,5,350,0.68359375,0.97142857
348,8,356,0.6953125,0.95505618
337,7,344,0.671875,0.95930233
332,13,345,0.67382812,0.92463768
317,16,333,0.65039062,0.9039039
329,19,348,0.6796875,0.8908046
322,19,341,0.66601562,0.88856305
331,6,337,0.65820312,0.96439169
348,9,357,0.69726562,0.94957983
343,12,355,0.69335938,0.93239437
348,0,348,0.6796875,1
339,4,343,0.66992188,0.97667638
348,13,361,0.70507812,0.92797784
329,10,339,0.66210938,0.94100295
340,12,352,0.6875,0.93181818
343,15,358,0.69921875,0.91620112
337,13,350,0.68359375,0.92571429
336,2,338,0.66015625,0.98816568
348,1,349,0.68164062,0.99426934
352,2,354,0.69140625,0.98870056
341,2,343,0.66992188,0.98833819
333,14,347,0.67773438,0.91930836
345,5,350,0.68359375,0.97142857
349,2,351,0.68554688,0.98860399
326,8,334,0.65234375,0.95209581
350,1,351,0.68554688,0.99430199
349,3,352,0.6875,0.98295455
348,4,352,0.6875,0.97727273
332,0,332,0.6484375,1
348,7,355,0.69335938,0.96056338
343,2,345,0.67382812,0.9884058
339,16,355,0.69335938,0.90985915
345,1,346,0.67578125,0.99421965
346,10,356,0.6953125,0.94382022
349,9,358,0.69921875,0.94972067
339,4,343,0.66992188,0.97667638
344,6,350,0.68359375,0.96571429
337,2,339,0.66210938,0.98820059
349,7,356,0.6953125,0.96067416
349,0,349,0.68164062,1
333,12,345,0.67382812,0.93043478
323,11,334,0.65234375,0.93413174
356,0,356,0.6953125,1
358,4,362,0.70703125,0.97790055
350,2,352,0.6875,0.98863636
342,1,343,0.66992188,0.9941691
349,1,350,0.68359375,0.99428571
350,10,360,0.703125,0.94444444
352,3,355,0.69335938,0.98309859
345,6,351,0.68554688,0.96581197
339,5,344,0.671875,0.97093023
356,3,359,0.70117188,0.98328691
346,8,354,0.69140625,0.95480226
340,17,357,0.69726562,0.9047619
338,9,347,0.67773438,0.9481268
332,14,346,0.67578125,0.91907514
292,57,349,0.68164062,0.67335244
318,32,350,0.68359375,0.81714286
344,0,344,0.671875,1
337,7,344,0.671875,0.95930233
333,13,346,0.67578125,0.92485549
356,0,356,0.6953125,1
342,7,349,0.68164062,0.95988539
326,8,334,0.65234375,0.95209581
335,18,353,0.68945312,0.898017
341,2,343,0.66992188,0.98833819
337,2,339,0.66210938,0.98820059
337,13,350,0.68359375,0.92571429
295,36,331,0.64648438,0.78247734
322,20,342,0.66796875,0.88304094
337,19,356,0.6953125,0.89325843
341,14,355,0.69335938,0.92112676
310,25,335,0.65429688,0.85074627
328,26,354,0.69140625,0.85310734
328,17,345,0.67382812,0.90144928
310,40,350,0.68359375,0.77142857
307,42,349,0.68164062,0.75931232
305,45,350,0.68359375,0.74285714
299,39,338,0.66015625,0.76923077
327,31,358,0.69921875,0.82681564
323,15,338,0.66015625,0.9112426
326,22,348,0.6796875,0.87356322
331,12,343,0.66992188,0.93002915
343,1,344,0.671875,0.99418605
338,2,340,0.6640625,0.98823529
347,5,352,0.6875,0.97159091
339,20,359,0.70117188,0.88857939
321,25,346,0.67578125,0.85549133
326,16,342,0.66796875,0.90643275
330,18,348,0.6796875,0.89655172
335,17,352,0.6875,0.90340909
348,3,351,0.68554688,0.98290598
353,2,355,0.69335938,0.98873239
341,9,350,0.68359375,0.94857143
320,26,346,0.67578125,0.84971098
299,52,351,0.68554688,0.7037037
292,46,338,0.66015625,0.72781065
286,54,340,0.6640625,0.68235294
318,32,350,0.68359375,0.81714286
313,27,340,0.6640625,0.84117647
324,20,344,0.671875,0.88372093
328,8,336,0.65625,0.95238095
330,26,356,0.6953125,0.85393258
324,28,352,0.6875,0.84090909
308,38,346,0.67578125,0.78034682
306,38,344,0.671875,0.77906977
325,23,348,0.6796875,0.86781609
321,19,340,0.6640625,0.88823529
336,27,363,0.70898438,0.85123967
326,36,362,0.70703125,0.80110497
288,58,346,0.67578125,0.66473988
304,47,351,0.68554688,0.73219373
332,26,358,0.69921875,0.8547486
316,14,330,0.64453125,0.91515152
331,8,339,0.66210938,0.95280236
337,6,343,0.66992188,0.96501458
338,19,357,0.69726562,0.89355742
335,21,356,0.6953125,0.88202247
315,21,336,0.65625,0.875
338,4,342,0.66796875,0.97660819
333,11,344,0.671875,0.93604651
337,8,345,0.67382812,0.95362319
351,1,352,0.6875,0.99431818
322,23,345,0.67382812,0.86666667
341,11,352,0.6875,0.9375
339,17,356,0.6953125,0.90449438
340,12,352,0.6875,0.93181818
350,6,356,0.6953125,0.96629213
337,13,350,0.68359375,0.92571429
345,9,354,0.69140625,0.94915254
340,12,352,0.6875,0.93181818
331,18,349,0.68164062,0.89684814
349,7,356,0.6953125,0.96067416
328,13,341,0.66601562,0.92375367
324,20,344,0.671875,0.88372093
331,5,336,0.65625,0.9702381
332,11,343,0.66992188,0.93586006
328,17,345,0.67382812,0.90144928
324,24,348,0.6796875,0.86206897
329,17,346,0.67578125,0.9017341
339,9,348,0.6796875,0.94827586
338,8,346,0.67578125,0.95375723
339,4,343,0.66992188,0.97667638
353,0,353,0.68945312,1
349,8,357,0.69726562,0.95518207
355,0,355,0.69335938,1
353,2,355,0.69335938,0.98873239
363,0,363,0.70898438,1
341,17,358,0.69921875,0.90502793
331,13,344,0.671875,0.9244186
338,9,347,0.67773438,0.9481268
345,7,352,0.6875,0.96022727
338,14,352,0.6875,0.92045455
348,0,348,0.6796875,1
354,0,354,0.69140625,1
345,6,351,0.68554688,0.96581197
346,6,352,0.6875,0.96590909
353,2,355,0.69335938,0.98873239
352,0,352,0.6875,1
318,32,350,0.68359375,0.81714286
354,10,364,0.7109375,0.94505495
348,1,349,0.68164062,0.99426934
351,4,355,0.69335938,0.97746479
326,11,337,0.65820312,0.9347181
329,13,342,0.66796875,0.92397661
358,0,358,0.69921875,1
338,14,352,0.6875,0.92045455
328,7,335,0.65429688,0.95820896
335,2,337,0.65820312,0.98813056
343,5,348,0.6796875,0.97126437
354,5,359,0.70117188,0.97214485
331,7,338,0.66015625,0.95857988
314,31,345,0.67382812,0.82028986
327,31,358,0.69921875,0.82681564
312,29,341,0.66601562,0.82991202
350,16,366,0.71484375,0.91256831
355,2,357,0.69726562,0.98879552
343,11,354,0.69140625,0.93785311
349,2,351,0.68554688,0.98860399
355,2,357,0.69726562,0.98879552
355,2,357,0.69726562,0.98879552
330,11,341,0.66601562,0.93548387
313,37,350,0.68359375,0.78857143
280,57,337,0.65820312,0.66172107
273,63,336,0.65625,0.625
250,88,338,0.66015625,0.47928994
273,60,333,0.65039062,0.63963964
283,61,344,0.671875,0.64534884
326,13,339,0.66210938,0.92330383
359,1,360,0.703125,0.99444444
344,1,345,0.67382812,0.9942029
335,11,346,0.67578125,0.93641618
338,10,348,0.6796875,0.94252874
322,23,345,0.67382812,0.86666667
365,0,365,0.71289062,1
354,5,359,0.70117188,0.97214485
356,2,358,0.69921875,0.98882682
338,14,352,0.6875,0.92045455
324,12,336,0.65625,0.92857143
331,19,350,0.68359375,0.89142857
307,23,330,0.64453125,0.86060606
335,12,347,0.67773438,0.93083573
339,1,340,0.6640625,0.99411765
335,5,340,0.6640625,0.97058824
335,5,340,0.6640625,0.97058824
331,22,353,0.68945312,0.87535411
310,33,343,0.66992188,0.80758017
309,32,341,0.66601562,0.81231672
344,7,351,0.68554688,0.96011396
342,5,347,0.67773438,0.97118156
349,3,352,0.6875,0.98295455
339,11,350,0.68359375,0.93714286
352,9,361,0.70507812,0.9501385
338,8,346,0.67578125,0.95375723
340,4,344,0.671875,0.97674419
348,2,350,0.68359375,0.98857143
358,3,361,0.70507812,0.9833795
351,4,355,0.69335938,0.97746479
317,26,343,0.66992188,0.8483965
333,11,344,0.671875,0.93604651
342,4,346,0.67578125,0.97687861
355,2,357,0.69726562,0.98879552
319,15,334,0.65234375,0.91017964
353,5,358,0.69921875,0.97206704
347,5,352,0.6875,0.97159091
343,11,354,0.69140625,0.93785311
316,22,338,0.66015625,0.86982249
332,19,351,0.68554688,0.89173789
332,13,345,0.67382812,0.92463768
345,2,347,0.67773438,0.98847262
349,1,350,0.68359375,0.99428571
343,6,349,0.68164062,0.96561605
327,8,335,0.65429688,0.95223881
332,11,343,0.66992188,0.93586006
342,3,345,0.67382812,0.9826087
347,2,349,0.68164062,0.98853868
348,4,352,0.6875,0.97727273
334,10,344,0.671875,0.94186047
346,8,354,0.69140625,0.95480226
340,4,344,0.671875,0.97674419
339,8,347,0.67773438,0.95389049
355,1,356,0.6953125,0.99438202
360,2,362,0.70703125,0.98895028
338,11,349,0.68164062,0.93696275
330,11,341,0.66601562,0.93548387
337,13,350,0.68359375,0.92571429
332,12,344,0.671875,0.93023256
327,15,342,0.66796875,0.9122807
354,0,354,0.69140625,1
345,0,345,0.67382812,1
341,5,346,0.67578125,0.97109827
353,6,359,0.70117188,0.96657382
336,8,344,0.671875,0.95348837
354,1,355,0.69335938,0.9943662
336,5,341,0.66601562,0.97067449
350,0,350,0.68359375,1
362,0,362,0.70703125,1
339,2,341,0.66601562,0.98826979
343,10,353,0.68945312,0.94334278
332,16,348,0.6796875,0.90804598
349,7,356,0.6953125,0.96067416
317,26,343,0.66992188,0.8483965
293,34,327,0.63867188,0.79204893
318,33,351,0.68554688,0.81196581
301,32,333,0.65039062,0.80780781
346,6,352,0.6875,0.96590909
320,22,342,0.66796875,0.87134503
323,21,344,0.671875,0.87790698
336,5,341,0.66601562,0.97067449
335,6,341,0.66601562,0.96480938
323,18,341,0.66601562,0.89442815
337,7,344,0.671875,0.95930233
348,2,350,0.68359375,0.98857143
348,3,351,0.68554688,0.98290598
330,14,344,0.671875,0.91860465
343,9,352,0.6875,0.94886364
323,16,339,0.66210938,0.90560472
342,13,355,0.69335938,0.92676056
324,25,349,0.68164062,0.85673352
286,48,334,0.65234375,0.71257485
330,9,339,0.66210938,0.94690265
328,18,346,0.67578125,0.89595376
338,10,348,0.6796875,0.94252874
326,13,339,0.66210938,0.92330383
316,27,343,0.66992188,0.8425656
330,27,357,0.69726562,0.8487395
315,33,348,0.6796875,0.81034483
307,41,348,0.6796875,0.76436782
288,57,345,0.67382812,0.66956522
312,35,347,0.67773438,0.79827089
343,13,356,0.6953125,0.92696629
343,16,359,0.70117188,0.91086351
328,20,348,0.6796875,0.88505747
340,13,353,0.68945312,0.92634561
350,3,353,0.68945312,0.98300283
339,4,343,0.66992188,0.97667638
340,9,349,0.68164062,0.94842407
346,8,354,0.69140625,0.95480226
341,13,354,0.69140625,0.92655367
344,3,347,0.67773438,0.98270893
337,9,346,0.67578125,0.94797688
315,35,350,0.68359375,0.8
319,34,353,0.68945312,0.80736544
292,47,339,0.66210938,0.72271386
305,39,344,0.671875,0.77325581
316,27,343,0.66992188,0.8425656
353,6,359,0.70117188,0.96657382
353,1,354,0.69140625,0.99435028
346,4,350,0.68359375,0.97714286
348,5,353,0.68945312,0.97167139
347,9,356,0.6953125,0.9494382
340,1,341,0.66601562,0.9941349
352,2,354,0.69140625,0.98870056
349,2,351,0.68554688,0.98860399
330,26,356,0.6953125,0.85393258
321,22,343,0.66992188,0.87172012
319,31,350,0.68359375,0.82285714
337,13,350,0.68359375,0.92571429
346,0,346,0.67578125,1
341,8,349,0.68164062,0.95415473
331,20,351,0.68554688,0.88603989
326,23,349,0.68164062,0.86819484
331,20,351,0.68554688,0.88603989
358,1,359,0.70117188,0.99442897
341,12,353,0.68945312,0.93201133
326,15,341,0.66601562,0.91202346
347,6,353,0.68945312,0.96600567
340,5,345,0.67382812,0.97101449
352,8,360,0.703125,0.95555556
339,2,341,0.66601562,0.98826979
356,0,356,0.6953125,1
357,1,358,0.69921875,0.99441341
356,0,356,0.6953125,1
338,6,344,0.671875,0.96511628
333,2,335,0.65429688,0.9880597
347,6,353,0.68945312,0.96600567
360,0,360,0.703125,1
348,4,352,0.6875,0.97727273
336,15,351,0.68554688,0.91452991
317,24,341,0.66601562,0.85923754
343,0,343,0.66992188,1
339,8,347,0.67773438,0.95389049
346,3,349,0.68164062,0.98280802
337,11,348,0.6796875,0.93678161
345,8,353,0.68945312,0.95467422
346,3,349,0.68164062,0.98280802
350,3,353,0.68945312,0.98300283
361,0,361,0.70507812,1
329,11,340,0.6640625,0.93529412
356,0,356,0.6953125,1
340,3,343,0.66992188,0.98250729
333,12,345,0.67382812,0.93043478
339,11,350,0.68359375,0.93714286
330,5,335,0.65429688,0.97014925
351,1,352,0.6875,0.99431818
329,11,340,0.6640625,0.93529412
334,13,347,0.67773438,0.92507205
345,5,350,0.68359375,0.97142857
345,7,352,0.6875,0.96022727
349,0,349,0.68164062,1
351,1,352,0.6875,0.99431818
327,13,340,0.6640625,0.92352941
347,11,358,0.69921875,0.93854749
343,6,349,0.68164062,0.96561605
348,0,348,0.6796875,1
350,0,350,0.68359375,1
352,0,352,0.6875,1
339,7,346,0.67578125,0.95953757
339,8,347,0.67773438,0.95389049
331,16,347,0.67773438,0.90778098
363,1,364,0.7109375,0.99450549
354,3,357,0.69726562,0.98319328
356,0,356,0.6953125,1
360,4,364,0.7109375,0.97802198
341,9,350,0.68359375,0.94857143
335,6,341,0.66601562,0.96480938
357,1,358,0.69921875,0.99441341
343,0,343,0.66992188,1
351,2,353,0.68945312,0.98866856
355,0,355,0.69335938,1
345,7,352,0.6875,0.96022727
337,5,342,0.66796875,0.97076023
337,18,355,0.69335938,0.89859155
353,0,353,0.68945312,1
346,15,361,0.70507812,0.91689751
334,18,352,0.6875,0.89772727
350,14,364,0.7109375,0.92307692
336,19,355,0.69335938,0.89295775
319,11,330,0.64453125,0.93333333
342,7,349,0.68164062,0.95988539
340,6,346,0.67578125,0.96531792
349,9,358,0.69921875,0.94972067
342,9,351,0.68554688,0.94871795
334,6,340,0.6640625,0.96470588
338,11,349,0.68164062,0.93696275
355,0,355,0.69335938,1
331,14,345,0.67382812,0.91884058
322,38,360,0.703125,0.78888889
320,27,347,0.67773438,0.8443804
312,37,349,0.68164062,0.78796562
336,9,345,0.67382812,0.94782609
341,15,356,0.6953125,0.91573034
346,7,353,0.68945312,0.96033994
352,0,352,0.6875,1
341,7,348,0.6796875,0.95977011
348,8,356,0.6953125,0.95505618
322,31,353,0.68945312,0.82436261
323,20,343,0.66992188,0.88338192
344,4,348,0.6796875,0.97701149
353,0,353,0.68945312,1
344,11,355,0.69335938,0.93802817
336,13,349,0.68164062,0.92550143
330,17,347,0.67773438,0.90201729
324,22,346,0.67578125,0.87283237
317,34,351,0.68554688,0.80626781
343,11,354,0.69140625,0.93785311
339,2,341,0.66601562,0.98826979
347,3,350,0.68359375,0.98285714
345,18,363,0.70898438,0.90082645
342,14,356,0.6953125,0.92134831
325,19,344,0.671875,0.88953488
330,23,353,0.68945312,0.86968839
324,19,343,0.66992188,0.88921283
325,22,347,0.67773438,0.87319885
314,28,342,0.66796875,0.83625731
331,15,346,0.67578125,0.9132948
318,33,351,0.68554688,0.81196581
315,28,343,0.66992188,0.83673469
299,39,338,0.66015625,0.76923077
297,51,348,0.6796875,0.70689655
320,24,344,0.671875,0.86046512
321,33,354,0.69140625,0.81355932
325,17,342,0.66796875,0.9005848
342,4,346,0.67578125,0.97687861
323,21,344,0.671875,0.87790698
338,17,355,0.69335938,0.90422535
336,10,346,0.67578125,0.94219653
339,11,350,0.68359375,0.93714286
342,5,347,0.67773438,0.97118156
352,10,362,0.70703125,0.94475138
343,15,358,0.69921875,0.91620112
348,4,352,0.6875,0.97727273
342,10,352,0.6875,0.94318182
342,4,346,0.67578125,0.97687861
333,15,348,0.6796875,0.9137931
337,15,352,0.6875,0.91477273
346,4,350,0.68359375,0.97714286
338,7,345,0.67382812,0.95942029
324,19,343,0.66992188,0.88921283
318,25,343,0.66992188,0.85422741
305,32,337,0.65820312,0.81008902
321,31,352,0.6875,0.82386364
324,19,343,0.66992188,0.88921283
338,12,350,0.68359375,0.93142857
330,13,343,0.66992188,0.92419825
352,2,354,0.69140625,0.98870056
336,12,348,0.6796875,0.93103448
329,18,347,0.67773438,0.8962536
334,9,343,0.66992188,0.94752187
353,2,355,0.69335938,0.98873239
331,13,344,0.671875,0.9244186
350,9,359,0.70117188,0.94986072
350,0,350,0.68359375,1
325,8,333,0.65039062,0.95195195
357,0,357,0.69726562,1
347,3,350,0.68359375,0.98285714
340,7,347,0.67773438,0.95965418
336,3,339,0.66210938,0.98230088
339,6,345,0.67382812,0.96521739
338,6,344,0.671875,0.96511628
335,17,352,0.6875,0.90340909
333,13,346,0.67578125,0.92485549
340,13,353,0.68945312,0.92634561
337,12,349,0.68164062,0.93123209
343,2,345,0.67382812,0.9884058
346,4,350,0.68359375,0.97714286
317,15,332,0.6484375,0.90963855
325,7,332,0.6484375,0.95783133
351,0,351,0.68554688,1
352,0,352,0.6875,1
334,9,343,0.66992188,0.94752187
341,12,353,0.68945312,0.93201133
340,4,344,0.671875,0.97674419
322,13,335,0.65429688,0.92238806
326,19,345,0.67382812,0.88985507
301,36,337,0.65820312,0.78635015
324,29,353,0.68945312,0.83569405
328,21,349,0.68164062,0.87965616
370,1,371,0.72460938,0.99460916
338,11,349,0.68164062,0.93696275
336,7,343,0.66992188,0.95918367
333,7,340,0.6640625,0.95882353
327,21,348,0.6796875,0.87931034
334,14,348,0.6796875,0.91954023
336,3,339,0.66210938,0.98230088
368,1,369,0.72070312,0.99457995
348,15,363,0.70898438,0.91735537
348,5,353,0.68945312,0.97167139
343,5,348,0.6796875,0.97126437
355,1,356,0.6953125,0.99438202
347,10,357,0.69726562,0.94397759
318,26,344,0.671875,0.84883721
323,32,355,0.69335938,0.81971831
295,50,345,0.67382812,0.71014493
292,47,339,0.66210938,0.72271386
310,35,345,0.67382812,0.79710145
342,14,356,0.6953125,0.92134831
354,2,356,0.6953125,0.98876404
340,12,352,0.6875,0.93181818
362,1,363,0.70898438,0.99449036
350,2,352,0.6875,0.98863636
354,0,354,0.69140625,1
328,18,346,0.67578125,0.89595376
333,10,343,0.66992188,0.94169096
339,11,350,0.68359375,0.93714286
341,13,354,0.69140625,0.92655367
355,6,361,0.70507812,0.966759
333,10,343,0.66992188,0.94169096
343,3,346,0.67578125,0.98265896
342,1,343,0.66992188,0.9941691
352,3,355,0.69335938,0.98309859
339,1,340,0.6640625,0.99411765
333,6,339,0.66210938,0.96460177
350,6,356,0.6953125,0.96629213
347,6,353,0.68945312,0.96600567
367,1,368,0.71875,0.99456522
328,11,339,0.66210938,0.93510324
334,9,343,0.66992188,0.94752187
356,3,359,0.70117188,0.98328691
343,2,345,0.67382812,0.9884058
348,0,348,0.6796875,1
346,0,346,0.67578125,1
342,8,350,0.68359375,0.95428571
337,11,348,0.6796875,0.93678161
350,0,350,0.68359375,1
346,4,350,0.68359375,0.97714286
346,8,354,0.69140625,0.95480226
356,0,356,0.6953125,1
335,7,342,0.66796875,0.95906433
358,1,359,0.70117188,0.99442897
341,9,350,0.68359375,0.94857143
350,5,355,0.69335938,0.97183099
353,0,353,0.68945312,1
351,2,353,0.68945312,0.98866856
340,9,349,0.68164062,0.94842407
345,16,361,0.70507812,0.91135734
334,10,344,0.671875,0.94186047
351,7,358,0.69921875,0.96089385
338,13,351,0.68554688,0.92592593
346,7,353,0.68945312,0.96033994
319,9,328,0.640625,0.94512195
356,0,356,0.6953125,1
371,0,371,0.72460938,1
357,4,361,0.70507812,0.97783934
339,7,346,0.67578125,0.95953757
345,2,347,0.67773438,0.98847262
340,8,348,0.6796875,0.95402299
351,5,356,0.6953125,0.97191011
339,3,342,0.66796875,0.98245614
345,5,350,0.68359375,0.97142857
355,1,356,0.6953125,0.99438202
335,14,349,0.68164062,0.91977077
298,41,339,0.66210938,0.75811209
317,25,342,0.66796875,0.85380117
333,13,346,0.67578125,0.92485549
347,3,350,0.68359375,0.98285714
335,4,339,0.66210938,0.97640118
341,15,356,0.6953125,0.91573034
323,17,340,0.6640625,0.9
335,16,351,0.68554688,0.90883191
348,2,350,0.68359375,0.98857143
323,14,337,0.65820312,0.91691395
346,14,360,0.703125,0.92222222
344,0,344,0.671875,1
343,7,350,0.68359375,0.96
341,1,342,0.66796875,0.99415205
345,7,352,0.6875,0.96022727
336,9,345,0.67382812,0.94782609
347,1,348,0.6796875,0.99425287
324,19,343,0.66992188,0.88921283
342,7,349,0.68164062,0.95988539
335,4,339,0.66210938,0.97640118
342,2,344,0.671875,0.98837209
356,1,357,0.69726562,0.99439776
349,16,365,0.71289062,0.91232877
317,28,345,0.67382812,0.83768116
335,20,355,0.69335938,0.88732394
340,8,348,0.6796875,0.95402299
350,5,355,0.69335938,0.97183099
339,17,356,0.6953125,0.90449438
350,6,356,0.6953125,0.96629213
334,15,349,0.68164062,0.91404011
330,20,350,0.68359375,0.88571429
326,11,337,0.65820312,0.9347181
342,9,351,0.68554688,0.94871795
332,9,341,0.66601562,0.94721408
326,11,337,0.65820312,0.9347181
347,0,347,0.67773438,1
341,12,353,0.68945312,0.93201133
355,0,355,0.69335938,1
347,8,355,0.69335938,0.95492958
347,6,353,0.68945312,0.96600567
323,20,343,0.66992188,0.88338192
332,7,339,0.66210938,0.95870206
336,9,345,0.67382812,0.94782609
339,9,348,0.6796875,0.94827586
345,5,350,0.68359375,0.97142857
310,30,340,0.6640625,0.82352941
328,31,359,0.70117188,0.82729805
289,52,341,0.66601562,0.69501466
303,39,342,0.66796875,0.77192982
307,44,351,0.68554688,0.74928775
315,36,351,0.68554688,0.79487179
306,50,356,0.6953125,0.71910112
298,50,348,0.6796875,0.71264368
297,49,346,0.67578125,0.71676301
273,63,336,0.65625,0.625
283,67,350,0.68359375,0.61714286
296,60,356,0.6953125,0.66292135
259,76,335,0.65429688,0.54626866
261,78,339,0.66210938,0.53982301
269,69,338,0.66015625,0.59171598
255,82,337,0.65820312,0.51335312
298,49,347,0.67773438,0.71757925
276,66,342,0.66796875,0.61403509
307,53,360,0.703125,0.70555556
290,52,342,0.66796875,0.69590643
294,54,348,0.6796875,0.68965517
328,29,357,0.69726562,0.83753501
331,28,359,0.70117188,0.84401114
321,22,343,0.66992188,0.87172012
324,23,347,0.67773438,0.86743516
324,19,343,0.66992188,0.88921283
292,49,341,0.66601562,0.71260997
326,15,341,0.66601562,0.91202346
350,4,354,0.69140625,0.97740113
352,10,362,0.70703125,0.94475138
326,14,340,0.6640625,0.91764706
324,24,348,0.6796875,0.86206897
348,14,362,0.70703125,0.92265193
327,20,347,0.67773438,0.88472622
334,19,353,0.68945312,0.89235127
316,34,350,0.68359375,0.80571429
285,55,340,0.6640625,0.67647059
301,44,345,0.67382812,0.74492754
314,41,355,0.69335938,0.76901408
309,40,349,0.68164062,0.77077364
313,29,342,0.66796875,0.83040936
305,34,339,0.66210938,0.79941003
338,14,352,0.6875,0.92045455
338,11,349,0.68164062,0.93696275
298,46,344,0.671875,0.73255814
293,43,336,0.65625,0.74404762
288,53,341,0.66601562,0.68914956
312,36,348,0.6796875,0.79310345
292,50,342,0.66796875,0.70760234
302,49,351,0.68554688,0.72079772
315,22,337,0.65820312,0.8694362
321,33,354,0.69140625,0.81355932
339,12,351,0.68554688,0.93162393
339,16,355,0.69335938,0.90985915
327,19,346,0.67578125,0.89017341
337,12,349,0.68164062,0.93123209
329,27,356,0.6953125,0.84831461
325,20,345,0.67382812,0.88405797
327,26,353,0.68945312,0.85269122
352,1,353,0.68945312,0.99433428
347,8,355,0.69335938,0.95492958
336,9,345,0.67382812,0.94782609
354,1,355,0.69335938,0.9943662
334,19,353,0.68945312,0.89235127
312,33,345,0.67382812,0.80869565
325,29,354,0.69140625,0.83615819
313,30,343,0.66992188,0.82507289
318,32,350,0.68359375,0.81714286
328,29,357,0.69726562,0.83753501
314,39,353,0.68945312,0.77903683
313,28,341,0.66601562,0.83577713
318,38,356,0.6953125,0.78651685
322,16,338,0.66015625,0.90532544
334,10,344,0.671875,0.94186047
323,13,336,0.65625,0.92261905
350,4,354,0.69140625,0.97740113
342,4,346,0.67578125,0.97687861
339,5,344,0.671875,0.97093023
338,5,343,0.66992188,0.97084548
349,0,349,0.68164062,1
339,10,349,0.68164062,0.94269341
353,4,357,0.69726562,0.97759104
343,3,346,0.67578125,0.98265896
352,4,356,0.6953125,0.97752809
345,3,348,0.6796875,0.98275862
309,25,334,0.65234375,0.8502994
354,0,354,0.69140625,1
337,0,337,0.65820312,1
351,0,351,0.68554688,1
329,9,338,0.66015625,0.94674556
322,21,343,0.66992188,0.87755102
317,24,341,0.66601562,0.85923754
332,26,358,0.69921875,0.8547486
324,24,348,0.6796875,0.86206897
320,28,348,0.6796875,0.83908046
338,18,356,0.6953125,0.8988764
319,32,351,0.68554688,0.81766382
342,4,346,0.67578125,0.97687861
318,25,343,0.66992188,0.85422741
333,19,352,0.6875,0.89204545
341,15,356,0.6953125,0.91573034
330,12,342,0.66796875,0.92982456
359,2,361,0.70507812,0.98891967
343,5,348,0.6796875,0.97126437
335,10,345,0.67382812,0.94202899
347,7,354,0.69140625,0.96045198
346,5,351,0.68554688,0.97150997
353,0,353,0.68945312,1
355,5,360,0.703125,0.97222222
334,17,351,0.68554688,0.9031339
325,17,342,0.66796875,0.9005848
320,22,342,0.66796875,0.87134503
341,14,355,0.69335938,0.92112676
307,40,347,0.67773438,0.76945245
310,34,344,0.671875,0.80232558
327,12,339,0.66210938,0.92920354
342,9,351,0.68554688,0.94871795
334,14,348,0.6796875,0.91954023
325,13,338,0.66015625,0.92307692
305,47,352,0.6875,0.73295455
323,24,347,0.67773438,0.86167147
342,2,344,0.671875,0.98837209
340,8,348,0.6796875,0.95402299
340,7,347,0.67773438,0.95965418
344,2,346,0.67578125,0.98843931
328,12,340,0.6640625,0.92941176
331,5,336,0.65625,0.9702381
355,0,355,0.69335938,1
329,17,346,0.67578125,0.9017341
353,2,355,0.69335938,0.98873239
331,11,342,0.66796875,0.93567251
338,5,343,0.66992188,0.97084548
340,3,343,0.66992188,0.98250729
344,5,349,0.68164062,0.9713467
344,1,345,0.67382812,0.9942029
351,2,353,0.68945312,0.98866856
346,1,347,0.67773438,0.99423631
343,0,343,0.66992188,1
344,10,354,0.69140625,0.94350282
341,15,356,0.6953125,0.91573034
351,0,351,0.68554688,1
353,3,356,0.6953125,0.98314607
339,5,344,0.671875,0.97093023
351,3,354,0.69140625,0.98305085
358,0,358,0.69921875,1
350,8,358,0.69921875,0.95530726
332,14,346,0.67578125,0.91907514
343,2,345,0.67382812,0.9884058
337,8,345,0.67382812,0.95362319
336,17,353,0.68945312,0.90368272
341,15,356,0.6953125,0.91573034
347,2,349,0.68164062,0.98853868
341,5,346,0.67578125,0.97109827
328,10,338,0.66015625,0.9408284
340,16,356,0.6953125,0.91011236
342,6,348,0.6796875,0.96551724
354,1,355,0.69335938,0.9943662
351,8,359,0.70117188,0.95543175
358,0,358,0.69921875,1
331,12,343,0.66992188,0.93002915
348,4,352,0.6875,0.97727273
351,7,358,0.69921875,0.96089385
349,2,351,0.68554688,0.98860399
362,0,362,0.70703125,1
336,5,341,0.66601562,0.97067449
339,15,354,0.69140625,0.91525424
345,7,352,0.6875,0.96022727
349,0,349,0.68164062,1
358,0,358,0.69921875,1
343,4,347,0.67773438,0.97694524
338,12,350,0.68359375,0.93142857
343,12,355,0.69335938,0.93239437
333,16,349,0.68164062,0.90830946
335,14,349,0.68164062,0.91977077
345,10,355,0.69335938,0.94366197
340,11,351,0.68554688,0.93732194
314,26,340,0.6640625,0.84705882
337,12,349,0.68164062,0.93123209
335,11,346,0.67578125,0.93641618
342,6,348,0.6796875,0.96551724
330,17,347,0.67773438,0.90201729
291,54,345,0.67382812,0.68695652
328,25,353,0.68945312,0.85835694
317,30,347,0.67773438,0.82708934
342,13,355,0.69335938,0.92676056
328,12,340,0.6640625,0.92941176
363,0,363,0.70898438,1
351,0,351,0.68554688,1
346,6,352,0.6875,0.96590909
351,1,352,0.6875,0.99431818
357,2,359,0.70117188,0.98885794
348,1,349,0.68164062,0.99426934
349,0,349,0.68164062,1
330,12,342,0.66796875,0.92982456
338,10,348,0.6796875,0.94252874
348,5,353,0.68945312,0.97167139
344,4,348,0.6796875,0.97701149
354,2,356,0.6953125,0.98876404
340,13,353,0.68945312,0.92634561
343,9,352,0.6875,0.94886364
340,11,351,0.68554688,0.93732194
334,15,349,0.68164062,0.91404011
352,0,352,0.6875,1
355,1,356,0.6953125,0.99438202
352,1,353,0.68945312,0.99433428
340,4,344,0.671875,0.97674419
349,10,359,0.70117188,0.94428969
347,7,354,0.69140625,0.96045198
326,20,346,0.67578125,0.88439306
346,5,351,0.68554688,0.97150997
341,1,342,0.66796875,0.99415205
322,21,343,0.66992188,0.87755102
348,0,348,0.6796875,1
341,13,354,0.69140625,0.92655367
348,12,360,0.703125,0.93333333
351,4,355,0.69335938,0.97746479
365,0,365,0.71289062,1
336,11,347,0.67773438,0.93659942
331,10,341,0.66601562,0.94134897
344,4,348,0.6796875,0.97701149
351,1,352,0.6875,0.99431818
327,13,340,0.6640625,0.92352941
329,7,336,0.65625,0.95833333
353,0,353,0.68945312,1
340,10,350,0.68359375,0.94285714
341,9,350,0.68359375,0.94857143
352,0,352,0.6875,1
344,4,348,0.6796875,0.97701149
339,8,347,0.67773438,0.95389049
343,6,349,0.68164062,0.96561605
355,0,355,0.69335938,1
341,16,357,0.69726562,0.91036415
347,3,350,0.68359375,0.98285714
354,1,355,0.69335938,0.9943662
350,0,350,0.68359375,1
347,6,353,0.68945312,0.96600567
347,1,348,0.6796875,0.99425287
334,10,344,0.671875,0.94186047
326,15,341,0.66601562,0.91202346
345,12,357,0.69726562,0.93277311
327,18,345,0.67382812,0.89565217
339,8,347,0.67773438,0.95389049
349,3,352,0.6875,0.98295455
350,0,350,0.68359375,1
349,11,360,0.703125,0.93888889
354,9,363,0.70898438,0.95041322
350,0,350,0.68359375,1
346,7,353,0.68945312,0.96033994
355,2,357,0.69726562,0.98879552
347,1,348,0.6796875,0.99425287
337,20,357,0.69726562,0.88795518
338,8,346,0.67578125,0.95375723
332,10,342,0.66796875,0.94152047
342,6,348,0.6796875,0.96551724
327,9,336,0.65625,0.94642857
343,6,349,0.68164062,0.96561605
348,3,351,0.68554688,0.98290598
333,10,343,0.66992188,0.94169096
348,4,352,0.6875,0.97727273
355,0,355,0.69335938,1
357,5,362,0.70703125,0.97237569
341,3,344,0.671875,0.98255814
338,12,350,0.68359375,0.93142857
350,3,353,0.68945312,0.98300283
315,26,341,0.66601562,0.84750733
359,0,359,0.70117188,1
354,0,354,0.69140625,1
344,1,345,0.67382812,0.9942029
335,12,347,0.67773438,0.93083573
340,16,356,0.6953125,0.91011236
339,17,356,0.6953125,0.90449438
348,10,358,0.69921875,0.94413408
340,6,346,0.67578125,0.96531792
361,0,361,0.70507812,1
344,7,351,0.68554688,0.96011396
325,23,348,0.6796875,0.86781609
336,8,344,0.671875,0.95348837
352,2,354,0.69140625,0.98870056
330,12,342,0.66796875,0.92982456
345,1,346,0.67578125,0.99421965
359,0,359,0.70117188,1
329,21,350,0.68359375,0.88
330,21,351,0.68554688,0.88034188
320,30,350,0.68359375,0.82857143
291,52,343,0.66992188,0.696793
337,18,355,0.69335938,0.89859155
343,13,356,0.6953125,0.92696629
336,15,351,0.68554688,0.91452991
350,0,350,0.68359375,1
357,7,364,0.7109375,0.96153846
344,12,356,0.6953125,0.93258427
350,5,355,0.69335938,0.97183099
351,2,353,0.68945312,0.98866856
347,2,349,0.68164062,0.98853868
306,34,340,0.6640625,0.8
324,26,350,0.68359375,0.85142857
307,24,331,0.64648438,0.85498489
355,4,359,0.70117188,0.97771588
349,4,353,0.68945312,0.97733711
336,7,343,0.66992188,0.95918367
350,0,350,0.68359375,1
349,3,352,0.6875,0.98295455
340,11,351,0.68554688,0.93732194
325,22,347,0.67773438,0.87319885
313,24,337,0.65820312,0.85756677
344,0,344,0.671875,1
341,8,349,0.68164062,0.95415473
341,18,359,0.70117188,0.89972145
339,10,349,0.68164062,0.94269341
325,17,342,0.66796875,0.9005848
323,15,338,0.66015625,0.9112426
341,12,353,0.68945312,0.93201133
340,10,350,0.68359375,0.94285714
328,14,342,0.66796875,0.91812865
343,8,351,0.68554688,0.95441595
345,2,347,0.67773438,0.98847262
346,0,346,0.67578125,1
350,0,350,0.68359375,1
352,5,357,0.69726562,0.9719888
341,0,341,0.66601562,1
356,3,359,0.70117188,0.98328691
343,10,353,0.68945312,0.94334278
338,12,350,0.68359375,0.93142857
318,24,342,0.66796875,0.85964912
339,12,351,0.68554688,0.93162393
327,21,348,0.6796875,0.87931034
320,8,328,0.640625,0.95121951
336,5,341,0.66601562,0.97067449
365,2,367,0.71679688,0.98910082
330,18,348,0.6796875,0.89655172
307,35,342,0.66796875,0.79532164
319,28,347,0.67773438,0.83861671
351,5,356,0.6953125,0.97191011
339,11,350,0.68359375,0.93714286
314,24,338,0.66015625,0.85798817
348,3,351,0.68554688,0.98290598
345,4,349,0.68164062,0.97707736
327,19,346,0.67578125,0.89017341
323,26,349,0.68164062,0.85100287
327,18,345,0.67382812,0.89565217
322,23,345,0.67382812,0.86666667
322,37,359,0.70117188,0.79387187
339,18,357,0.69726562,0.89915966
352,11,363,0.70898438,0.93939394
343,2,345,0.67382812,0.9884058
338,1,339,0.66210938,0.99410029
332,12,344,0.671875,0.93023256
330,14,344,0.671875,0.91860465
359,0,359,0.70117188,1
327,11,338,0.66015625,0.93491124
339,6,345,0.67382812,0.96521739
343,9,352,0.6875,0.94886364
334,17,351,0.68554688,0.9031339
347,10,357,0.69726562,0.94397759
318,31,349,0.68164062,0.82234957
330,25,355,0.69335938,0.85915493
320,27,347,0.67773438,0.8443804
335,6,341,0.66601562,0.96480938
343,6,349,0.68164062,0.96561605
355,0,355,0.69335938,1
324,16,340,0.6640625,0.90588235
326,21,347,0.67773438,0.87896254
342,12,354,0.69140625,0.93220339
329,11,340,0.6640625,0.93529412
332,6,338,0.66015625,0.96449704
342,6,348,0.6796875,0.96551724
352,0,352,0.6875,1
354,1,355,0.69335938,0.9943662
337,8,345,0.67382812,0.95362319
304,41,345,0.67382812,0.76231884
297,43,340,0.6640625,0.74705882
270,54,324,0.6328125,0.66666667
224,120,344,0.671875,0.30232558
221,117,338,0.66015625,0.30769231
256,78,334,0.65234375,0.53293413
289,57,346,0.67578125,0.67052023
318,20,338,0.66015625,0.8816568
323,18,341,0.66601562,0.89442815
352,3,355,0.69335938,0.98309859
331,17,348,0.6796875,0.90229885
354,0,354,0.69140625,1
305,27,332,0.6484375,0.8373494
332,23,355,0.69335938,0.87042254
344,6,350,0.68359375,0.96571429
354,2,356,0.6953125,0.98876404
349,4,353,0.68945312,0.97733711
349,0,349,0.68164062,1
338,11,349,0.68164062,0.93696275
355,3,358,0.69921875,0.98324022
334,13,347,0.67773438,0.92507205
364,0,364,0.7109375,1
340,8,348,0.6796875,0.95402299
337,4,341,0.66601562,0.97653959
355,0,355,0.69335938,1
350,2,352,0.6875,0.98863636
352,0,352,0.6875,1
344,8,352,0.6875,0.95454545
357,0,357,0.69726562,1
346,10,356,0.6953125,0.94382022
341,6,347,0.67773438,0.96541787
342,0,342,0.66796875,1
350,0,350,0.68359375,1
336,15,351,0.68554688,0.91452991
331,23,354,0.69140625,0.8700565
326,16,342,0.66796875,0.90643275
331,12,343,0.66992188,0.93002915
351,0,351,0.68554688,1
337,1,338,0.66015625,0.99408284
328,16,344,0.671875,0.90697674
332,13,345,0.67382812,0.92463768
309,30,339,0.66210938,0.82300885
336,9,345,0.67382812,0.94782609
333,18,351,0.68554688,0.8974359
338,4,342,0.66796875,0.97660819
359,1,360,0.703125,0.99444444
345,1,346,0.67578125,0.99421965
349,2,351,0.68554688,0.98860399
350,0,350,0.68359375,1
343,6,349,0.68164062,0.96561605
356,0,356,0.6953125,1
337,13,350,0.68359375,0.92571429
341,7,348,0.6796875,0.95977011
351,7,358,0.69921875,0.96089385
358,1,359,0.70117188,0.99442897
343,14,357,0.69726562,0.92156863
338,4,342,0.66796875,0.97660819
338,0,338,0.66015625,1
332,6,338,0.66015625,0.96449704
338,11,349,0.68164062,0.93696275
361,0,361,0.70507812,1
364,0,364,0.7109375,1
328,16,344,0.671875,0.90697674
313,27,340,0.6640625,0.84117647
302,31,333,0.65039062,0.81381381
321,30,351,0.68554688,0.82905983
339,17,356,0.6953125,0.90449438
340,14,354,0.69140625,0.92090395
331,10,341,0.66601562,0.94134897
351,6,357,0.69726562,0.96638655
349,0,349,0.68164062,1
335,23,358,0.69921875,0.87150838
322,24,346,0.67578125,0.86127168
340,18,358,0.69921875,0.89944134
342,2,344,0.671875,0.98837209
329,8,337,0.65820312,0.95252226
317,24,341,0.66601562,0.85923754
350,2,352,0.6875,0.98863636
350,10,360,0.703125,0.94444444
344,0,344,0.671875,1
346,6,352,0.6875,0.96590909
349,4,353,0.68945312,0.97733711
326,2,328,0.640625,0.98780488
344,6,350,0.68359375,0.96571429
346,13,359,0.70117188,0.9275766
333,16,349,0.68164062,0.90830946
349,9,358,0.69921875,0.94972067
341,13,354,0.69140625,0.92655367
345,11,356,0.6953125,0.93820225
354,0,354,0.69140625,1
342,3,345,0.67382812,0.9826087
331,13,344,0.671875,0.9244186
352,0,352,0.6875,1
335,4,339,0.66210938,0.97640118
356,0,356,0.6953125,1
340,11,351,0.68554688,0.93732194
348,3,351,0.68554688,0.98290598
330,5,335,0.65429688,0.97014925
343,1,344,0.671875,0.99418605
347,4,351,0.68554688,0.97720798
357,0,357,0.69726562,1
325,9,334,0.65234375,0.94610778
334,14,348,0.6796875,0.91954023
325,17,342,0.66796875,0.9005848
316,33,349,0.68164062,0.81088825
339,22,361,0.70507812,0.87811634
334,0,334,0.65234375,1
346,15,361,0.70507812,0.91689751
324,19,343,0.66992188,0.88921283
328,23,351,0.68554688,0.86894587
332,19,351,0.68554688,0.89173789
319,39,358,0.69921875,0.78212291
332,13,345,0.67382812,0.92463768
334,13,347,0.67773438,0.92507205
325,24,349,0.68164062,0.86246418
319,21,340,0.6640625,0.87647059
337,12,349,0.68164062,0.93123209
355,0,355,0.69335938,1
353,0,353,0.68945312,1
348,4,352,0.6875,0.97727273
347,7,354,0.69140625,0.96045198
332,16,348,0.6796875,0.90804598
330,25,355,0.69335938,0.85915493
328,18,346,0.67578125,0.89595376
324,26,350,0.68359375,0.85142857
346,10,356,0.6953125,0.94382022
343,7,350,0.68359375,0.96
337,9,346,0.67578125,0.94797688
352,0,352,0.6875,1
338,7,345,0.67382812,0.95942029
346,6,352,0.6875,0.96590909
349,4,353,0.68945312,0.97733711
357,2,359,0.70117188,0.98885794
339,3,342,0.66796875,0.98245614
332,13,345,0.67382812,0.92463768
350,4,354,0.69140625,0.97740113
347,1,348,0.6796875,0.99425287
342,11,353,0.68945312,0.93767705
332,13,345,0.67382812,0.92463768
354,4,358,0.69921875,0.97765363
332,18,350,0.68359375,0.89714286
333,19,352,0.6875,0.89204545
317,28,345,0.67382812,0.83768116
318,31,349,0.68164062,0.82234957
317,29,346,0.67578125,0.83236994
316,35,351,0.68554688,0.8005698
320,25,345,0.67382812,0.85507246
352,2,354,0.69140625,0.98870056
348,3,351,0.68554688,0.98290598
340,5,345,0.67382812,0.97101449
352,0,352,0.6875,1
349,2,351,0.68554688,0.98860399
353,0,353,0.68945312,1
349,0,349,0.68164062,1
338,5,343,0.66992188,0.97084548
359,0,359,0.70117188,1
337,7,344,0.671875,0.95930233
328,15,343,0.66992188,0.91253644
335,14,349,0.68164062,0.91977077
324,23,347,0.67773438,0.86743516
336,5,341,0.66601562,0.97067449
327,1,328,0.640625,0.99390244
336,18,354,0.69140625,0.89830508
344,11,355,0.69335938,0.93802817
346,9,355,0.69335938,0.94929577
350,2,352,0.6875,0.98863636
349,7,356,0.6953125,0.96067416
320,25,345,0.67382812,0.85507246
343,5,348,0.6796875,0.97126437
333,10,343,0.66992188,0.94169096
345,7,352,0.6875,0.96022727
358,0,358,0.69921875,1
356,0,356,0.6953125,1
357,0,357,0.69726562,1
341,2,343,0.66992188,0.98833819
347,10,357,0.69726562,0.94397759
331,24,355,0.69335938,0.86478873
338,13,351,0.68554688,0.92592593
325,13,338,0.66015625,0.92307692
335,20,355,0.69335938,0.88732394
343,13,356,0.6953125,0.92696629
354,1,355,0.69335938,0.9943662
328,11,339,0.66210938,0.93510324
358,0,358,0.69921875,1
343,4,347,0.67773438,0.97694524
346,0,346,0.67578125,1
348,7,355,0.69335938,0.96056338
351,1,352,0.6875,0.99431818
352,6,358,0.69921875,0.96648045
343,4,347,0.67773438,0.97694524
321,7,328,0.640625,0.95731707
339,12,351,0.68554688,0.93162393
342,10,352,0.6875,0.94318182
337,11,348,0.6796875,0.93678161
333,17,350,0.68359375,0.90285714
314,30,344,0.671875,0.8255814
301,43,344,0.671875,0.75
285,59,344,0.671875,0.65697674
269,75,344,0.671875,0.56395349
256,83,339,0.66210938,0.51032448
226,125,351,0.68554688,0.28774929
205,131,336,0.65625,0.2202381
236,101,337,0.65820312,0.40059347
241,99,340,0.6640625,0.41764706
191,146,337,0.65820312,0.13353116
173,172,345,0.67382812,0.0028985507
202,127,329,0.64257812,0.22796353
206,127,333,0.65039062,0.23723724
214,120,334,0.65234375,0.28143713
184,155,339,0.66210938,0.085545723
152,193,345,0.67382812,-0.11884058
100,240,340,0.6640625,-0.41176471
115,219,334,0.65234375,-0.31137725
79,242,321,0.62695312,-0.50778816
58,283,341,0.66601562,-0.65982405
70,256,326,0.63671875,-0.57055215
56,280,336,0.65625,-0.66666667
41,301,342,0.66796875,-0.76023392
24,332,356,0.6953125,-0.86516854
23,329,352,0.6875,-0.86931818
18,336,354,0.69140625,-0.89830508
4,347,351,0.68554688,-0.97720798
1,363,364,0.7109375,-0.99450549
22,330,352,0.6875,-0.875
32,314,346,0.67578125,-0.8150289
32,304,336,0.65625,-0.80952381
22,335,357,0.69726562,-0.8767507
13,342,355,0.69335938,-0.92676056
0,365,365,0.71289062,-1
0,341,341,0.66601562,-1
0,347,347,0.67773438,-1
2,348,350,0.68359375,-0.98857143
9,353,362,0.70703125,-0.95027624
3,339,342,0.66796875,-0.98245614
1,350,351,0.68554688,-0.99430199
1,354,355,0.69335938,-0.9943662
5,355,360,0.703125,-0.97222222
0,361,361,0.70507812,-1
16,342,358,0.69921875,-0.91061453
13,341,354,0.69140625,-0.92655367
12,341,353,0.68945312,-0.93201133
3,343,346,0.67578125,-0.98265896
8,337,345,0.67382812,-0.95362319
15,331,346,0.67578125,-0.9132948
10,340,350,0.68359375,-0.94285714
10,334,344,0.671875,-0.94186047
14,325,339,0.66210938,-0.91740413
6,335,341,0.66601562,-0.96480938
7,337,344,0.671875,-0.95930233
2,350,352,0.6875,-0.98863636
3,349,352,0.6875,-0.98295455
7,350,357,0.69726562,-0.96078431
1,349,350,0.68359375,-0.99428571
0,362,362,0.70703125,-1
13,327,340,0.6640625,-0.92352941
22,320,342,0.66796875,-0.87134503
3,334,337,0.65820312,-0.98219585
9,342,351,0.68554688,-0.94871795
0,348,348,0.6796875,-1
0,348,348,0.6796875,-1
5,343,348,0.6796875,-0.97126437
9,336,345,0.67382812,-0.94782609
17,327,344,0.671875,-0.90116279
25,328,353,0.68945312,-0.85835694
15,325,340,0.6640625,-0.91176471
24,333,357,0.69726562,-0.86554622
0,350,350,0.68359375,-1
1,347,348,0.6796875,-0.99425287
6,345,351,0.68554688,-0.96581197
14,329,343,0.66992188,-0.91836735
8,346,354,0.69140625,-0.95480226
0,354,354,0.69140625,-1
3,348,351,0.68554688,-0.98290598
1,355,356,0.6953125,-0.99438202
5,352,357,0.69726562,-0.9719888
0,367,367,0.71679688,-1
10,340,350,0.68359375,-0.94285714
12,328,340,0.6640625,-0.92941176
3,344,347,0.67773438,-0.98270893
3,347,350,0.68359375,-0.98285714
16,335,351,0.68554688,-0.90883191
12,337,349,0.68164062,-0.93123209
2,350,352,0.6875,-0.98863636
25,319,344,0.671875,-0.85465116
40,316,356,0.6953125,-0.7752809
1,348,349,0.68164062,-0.99426934
2,346,348,0.6796875,-0.98850575
0,360,360,0.703125,-1
0,345,345,0.67382812,-1
3,345,348,0.6796875,-0.98275862
4,355,359,0.70117188,-0.97771588
2,348,350,0.68359375,-0.98857143
16,326,342,0.66796875,-0.90643275
46,296,342,0.66796875,-0.73099415
34,316,350,0.68359375,-0.80571429
4,344,348,0.6796875,-0.97701149
9,336,345,0.67382812,-0.94782609
8,344,352,0.6875,-0.95454545
6,336,342,0.66796875,-0.96491228
2,356,358,0.69921875,-0.98882682
14,340,354,0.69140625,-0.92090395
10,334,344,0.671875,-0.94186047
4,337,341,0.66601562,-0.97653959
9,335,344,0.671875,-0.94767442
5,337,342,0.66796875,-0.97076023
16,346,362,0.70703125,-0.91160221
4,344,348,0.6796875,-0.97701149
11,335,346,0.67578125,-0.93641618
18,332,350,0.68359375,-0.89714286
42,293,335,0.65429688,-0.74925373
34,316,350,0.68359375,-0.80571429
9,336,345,0.67382812,-0.94782609
3,349,352,0.6875,-0.98295455
27,317,344,0.671875,-0.84302326
33,313,346,0.67578125,-0.80924855
38,324,362,0.70703125,-0.79005525
23,329,352,0.6875,-0.86931818
28,325,353,0.68945312,-0.84135977
27,318,345,0.67382812,-0.84347826
12,338,350,0.68359375,-0.93142857
0,347,347,0.67773438,-1
29,316,345,0.67382812,-0.83188406
9,343,352,0.6875,-0.94886364
11,339,350,0.68359375,-0.93714286
0,354,354,0.69140625,-1
0,354,354,0.69140625,-1
4,345,349,0.68164062,-0.97707736
0,354,354,0.69140625,-1
0,353,353,0.68945312,-1
8,337,345,0.67382812,-0.95362319
12,333,345,0.67382812,-0.93043478
32,310,342,0.66796875,-0.8128655
19,328,347,0.67773438,-0.89048991
14,327,341,0.66601562,-0.91788856
20,326,346,0.67578125,-0.88439306
17,323,340,0.6640625,-0.9
14,338,352,0.6875,-0.92045455
8,336,344,0.671875,-0.95348837
4,357,361,0.70507812,-0.97783934
15,340,355,0.69335938,-0.91549296
1,351,352,0.6875,-0.99431818
0,351,351,0.68554688,-1
0,360,360,0.703125,-1
3,348,351,0.68554688,-0.98290598
35,308,343,0.66992188,-0.79591837
9,332,341,0.66601562,-0.94721408
1,350,351,0.68554688,-0.99430199
1,350,351,0.68554688,-0.99430199
18,330,348,0.6796875,-0.89655172
8,345,353,0.68945312,-0.95467422
19,326,345,0.67382812,-0.88985507
17,341,358,0.69921875,-0.90502793
10,348,358,0.69921875,-0.94413408
15,324,339,0.66210938,-0.91150442
37,312,349,0.68164062,-0.78796562
44,293,337,0.65820312,-0.7388724
36,300,336,0.65625,-0.78571429
29,309,338,0.66015625,-0.82840237
24,323,347,0.67773438,-0.86167147
13,341,354,0.69140625,-0.92655367
4,344,348,0.6796875,-0.97701149
3,352,355,0.69335938,-0.98309859
0,356,356,0.6953125,-1
7,330,337,0.65820312,-0.95845697
3,336,339,0.66210938,-0.98230088
1,353,354,0.69140625,-0.99435028
0,346,346,0.67578125,-1
1,350,351,0.68554688,-0.99430199
0,350,350,0.68359375,-1
16,327,343,0.66992188,-0.90670554
0,357,357,0.69726562,-1
7,331,338,0.66015625,-0.95857988
16,329,345,0.67382812,-0.90724638
23,339,362,0.70703125,-0.87292818
17,338,355,0.69335938,-0.90422535
12,326,338,0.66015625,-0.92899408
12,333,345,0.67382812,-0.93043478
0,345,345,0.67382812,-1
4,343,347,0.67773438,-0.97694524
7,339,346,0.67578125,-0.95953757
0,364,364,0.7109375,-1
24,318,342,0.66796875,-0.85964912
2,350,352,0.6875,-0.98863636
10,333,343,0.66992188,-0.94169096
9,348,357,0.69726562,-0.94957983
8,342,350,0.68359375,-0.95428571
1,340,341,0.66601562,-0.9941349
0,343,343,0.66992188,-1
0,351,351,0.68554688,-1
18,325,343,0.66992188,-0.89504373
14,345,359,0.70117188,-0.92200557
7,345,352,0.6875,-0.96022727
1,350,351,0.68554688,-0.99430199
7,343,350,0.68359375,-0.96
0,343,343,0.66992188,-1
4,338,342,0.66796875,-0.97660819
21,322,343,0.66992188,-0.87755102
13,335,348,0.6796875,-0.92528736
13,334,347,0.67773438,-0.92507205
20,326,346,0.67578125,-0.88439306
29,321,350,0.68359375,-0.83428571
12,338,350,0.68359375,-0.93142857
17,333,350,0.68359375,-0.90285714
18,336,354,0.69140625,-0.89830508
9,343,352,0.6875,-0.94886364
2,363,365,0.71289062,-0.9890411
5,358,363,0.70898438,-0.97245179
5,335,340,0.6640625,-0.97058824
7,340,347,0.67773438,-0.95965418
18,326,344,0.671875,-0.89534884
8,346,354,0.69140625,-0.95480226
2,345,347,0.67773438,-0.98847262
6,340,346,0.67578125,-0.96531792
0,352,352,0.6875,-1
0,362,362,0.70703125,-1
6,352,358,0.69921875,-0.96648045
2,341,343,0.66992188,-0.98833819
2,350,352,0.6875,-0.98863636
7,340,347,0.67773438,-0.95965418
9,337,346,0.67578125,-0.94797688
3,334,337,0.65820312,-0.98219585
8,344,352,0.6875,-0.95454545
11,349,360,0.703125,-0.93888889
6,341,347,0.67773438,-0.96541787
15,322,337,0.65820312,-0.91097923
34,301,335,0.65429688,-0.79701493
21,334,355,0.69335938,-0.88169014
28,321,349,0.68164062,-0.83954155
43,287,330,0.64453125,-0.73939394
36,312,348,0.6796875,-0.79310345
14,331,345,0.67382812,-0.91884058
12,334,346,0.67578125,-0.93063584
11,338,349,0.68164062,-0.93696275
19,321,340,0.6640625,-0.88823529
22,320,342,0.66796875,-0.87134503
11,338,349,0.68164062,-0.93696275
20,319,339,0.66210938,-0.8820059
10,338,348,0.6796875,-0.94252874
13,330,343,0.66992188,-0.92419825
13,336,349,0.68164062,-0.92550143
18,328,346,0.67578125,-0.89595376
2,348,350,0.68359375,-0.98857143
1,345,346,0.67578125,-0.99421965
7,344,351,0.68554688,-0.96011396
5,340,345,0.67382812,-0.97101449
1,346,347,0.67773438,-0.99423631
4,339,343,0.66992188,-0.97667638
8,345,353,0.68945312,-0.95467422
18,328,346,0.67578125,-0.89595376
7,341,348,0.6796875,-0.95977011
9,343,352,0.6875,-0.94886364
24,326,350,0.68359375,-0.86285714
42,295,337,0.65820312,-0.75074184
63,283,346,0.67578125,-0.63583815
62,286,348,0.6796875,-0.64367816
68,288,356,0.6953125,-0.61797753
57,290,347,0.67773438,-0.67146974
75,261,336,0.65625,-0.55357143
76,256,332,0.6484375,-0.54216867
86,259,345,0.67382812,-0.50144928
70,282,352,0.6875,-0.60227273
23,307,330,0.64453125,-0.86060606
4,339,343,0.66992188,-0.97667638
2,340,342,0.66796875,-0.98830409
23,325,348,0.6796875,-0.86781609
11,339,350,0.68359375,-0.93714286
24,322,346,0.67578125,-0.86127168
2,353,355,0.69335938,-0.98873239
1,344,345,0.67382812,-0.9942029
7,342,349,0.68164062,-0.95988539
27,325,352,0.6875,-0.84659091
4,342,346,0.67578125,-0.97687861
7,345,352,0.6875,-0.96022727
15,335,350,0.68359375,-0.91428571
3,359,362,0.70703125,-0.98342541
16,337,353,0.68945312,-0.90934844
8,328,336,0.65625,-0.95238095
13,323,336,0.65625,-0.92261905
4,341,345,0.67382812,-0.97681159
17,330,347,0.67773438,-0.90201729
9,338,347,0.67773438,-0.9481268
16,325,341,0.66601562,-0.90615836
24,328,352,0.6875,-0.86363636
25,322,347,0.67773438,-0.85590778
14,318,332,0.6484375,-0.91566265
12,344,356,0.6953125,-0.93258427
21,323,344,0.671875,-0.87790698
25,330,355,0.69335938,-0.85915493
22,341,363,0.70898438,-0.87878788
23,328,351,0.68554688,-0.86894587
6,346,352,0.6875,-0.96590909
12,324,336,0.65625,-0.92857143
23,319,342,0.66796875,-0.86549708
17,322,339,0.66210938,-0.89970501
17,338,355,0.69335938,-0.90422535
6,356,362,0.70703125,-0.96685083
10,339,349,0.68164062,-0.94269341
1,358,359,0.70117188,-0.99442897
5,352,357,0.69726562,-0.9719888
19,343,362,0.70703125,-0.89502762
7,343,350,0.68359375,-0.96
2,341,343,0.66992188,-0.98833819
6,330,336,0.65625,-0.96428571
6,336,342,0.66796875,-0.96491228
11,340,351,0.68554688,-0.93732194
7,332,339,0.66210938,-0.95870206
25,332,357,0.69726562,-0.85994398
3,346,349,0.68164062,-0.98280802
10,343,353,0.68945312,-0.94334278
9,339,348,0.6796875,-0.94827586
19,340,359,0.70117188,-0.89415042
20,329,349,0.68164062,-0.88538682
44,300,344,0.671875,-0.74418605
67,274,341,0.66601562,-0.60703812
56,285,341,0.66601562,-0.67155425
42,299,341,0.66601562,-0.75366569
34,308,342,0.66796875,-0.80116959
15,341,356,0.6953125,-0.91573034
18,320,338,0.66015625,-0.89349112
16,333,349,0.68164062,-0.90830946
3,355,358,0.69921875,-0.98324022
12,335,347,0.67773438,-0.93083573
2,354,356,0.6953125,-0.98876404
8,347,355,0.69335938,-0.95492958
6,339,345,0.67382812,-0.96521739
3,345,348,0.6796875,-0.98275862
6,344,350,0.68359375,-0.96571429
26,321,347,0.67773438,-0.85014409
1,346,347,0.67773438,-0.99423631
15,342,357,0.69726562,-0.91596639
13,328,341,0.66601562,-0.92375367
9,326,335,0.65429688,-0.94626866
9,334,343,0.66992188,-0.94752187
0,363,363,0.70898438,-1
4,347,351,0.68554688,-0.97720798
2,352,354,0.69140625,-0.98870056
0,349,349,0.68164062,-1
4,347,351,0.68554688,-0.97720798
5,337,342,0.66796875,-0.97076023
11,340,351,0.68554688,-0.93732194
11,335,346,0.67578125,-0.93641618
6,348,354,0.69140625,-0.96610169
23,329,352,0.6875,-0.86931818
5,343,348,0.6796875,-0.97126437
4,339,343,0.66992188,-0.97667638
1,359,360,0.703125,-0.99444444
0,355,355,0.69335938,-1
0,347,347,0.67773438,-1
4,341,345,0.67382812,-0.97681159
0,340,340,0.6640625,-1
8,359,367,0.71679688,-0.95640327
4,333,337,0.65820312,-0.97626113
3,356,359,0.70117188,-0.98328691
7,348,355,0.69335938,-0.96056338
16,331,347,0.67773438,-0.90778098
14,329,343,0.66992188,-0.91836735
5,344,349,0.68164062,-0.9713467
7,328,335,0.65429688,-0.95820896
0,351,351,0.68554688,-1
7,335,342,0.66796875,-0.95906433
6,346,352,0.6875,-0.96590909
16,323,339,0.66210938,-0.90560472
3,344,347,0.67773438,-0.98270893
0,349,349,0.68164062,-1
0,347,347,0.67773438,-1
5,344,349,0.68164062,-0.9713467
2,340,342,0.66796875,-0.98830409
24,317,341,0.66601562,-0.85923754
19,325,344,0.671875,-0.88953488
6,336,342,0.66796875,-0.96491228
0,355,355,0.69335938,-1
4,343,347,0.67773438,-0.97694524
32,313,345,0.67382812,-0.81449275
7,341,348,0.6796875,-0.95977011
9,340,349,0.68164062,-0.94842407
2,355,357,0.69726562,-0.98879552
6,349,355,0.69335938,-0.96619718
16,334,350,0.68359375,-0.90857143
6,348,354,0.69140625,-0.96610169
6,332,338,0.66015625,-0.96449704
0,355,355,0.69335938,-1
25,334,359,0.70117188,-0.86072423
49,286,335,0.65429688,-0.70746269
34,315,349,0.68164062,-0.80515759
35,305,340,0.6640625,-0.79411765
24,330,354,0.69140625,-0.86440678
39,296,335,0.65429688,-0.76716418
27,319,346,0.67578125,-0.84393064
10,326,336,0.65625,-0.94047619
20,326,346,0.67578125,-0.88439306
19,339,358,0.69921875,-0.89385475
20,336,356,0.6953125,-0.88764045
2,354,356,0.6953125,-0.98876404
7,336,343,0.66992188,-0.95918367
7,349,356,0.6953125,-0.96067416
15,329,344,0.671875,-0.9127907
11,338,349,0.68164062,-0.93696275
3,333,336,0.65625,-0.98214286
17,326,343,0.66992188,-0.90087464
17,330,347,0.67773438,-0.90201729
11,335,346,0.67578125,-0.93641618
21,323,344,0.671875,-0.87790698
23,339,362,0.70703125,-0.87292818
29,313,342,0.66796875,-0.83040936
42,305,347,0.67773438,-0.75792507
19,323,342,0.66796875,-0.88888889
16,329,345,0.67382812,-0.90724638
15,332,347,0.67773438,-0.91354467
28,323,351,0.68554688,-0.84045584
4,343,347,0.67773438,-0.97694524
2,350,352,0.6875,-0.98863636
7,338,345,0.67382812,-0.95942029
28,324,352,0.6875,-0.84090909
8,354,362,0.70703125,-0.9558011
3,351,354,0.69140625,-0.98305085
4,351,355,0.69335938,-0.97746479
3,343,346,0.67578125,-0.98265896
2,347,349,0.68164062,-0.98853868
13,335,348,0.6796875,-0.92528736
15,340,355,0.69335938,-0.91549296
10,336,346,0.67578125,-0.94219653
27,321,348,0.6796875,-0.84482759
33,324,357,0.69726562,-0.81512605
32,328,360,0.703125,-0.82222222
25,324,349,0.68164062,-0.85673352
6,340,346,0.67578125,-0.96531792
10,352,362,0.70703125,-0.94475138
0,344,344,0.671875,-1
10,345,355,0.69335938,-0.94366197
0,354,354,0.69140625,-1
22,329,351,0.68554688,-0.87464387
27,312,339,0.66210938,-0.84070796
30,327,357,0.69726562,-0.83193277
20,308,328,0.640625,-0.87804878
23,333,356,0.6953125,-0.87078652
19,332,351,0.68554688,-0.89173789
18,341,359,0.70117188,-0.89972145
29,326,355,0.69335938,-0.83661972
24,327,351,0.68554688,-0.86324786
30,321,351,0.68554688,-0.82905983
23,329,352,0.6875,-0.86931818
20,335,355,0.69335938,-0.88732394
33,315,348,0.6796875,-0.81034483
50,299,349,0.68164062,-0.71346705
36,316,352,0.6875,-0.79545455
65,271,336,0.65625,-0.61309524
50,292,342,0.66796875,-0.70760234
65,273,338,0.66015625,-0.61538462
48,298,346,0.67578125,-0.72254335
40,300,340,0.6640625,-0.76470588
36,303,339,0.66210938,-0.78761062
19,325,344,0.671875,-0.88953488
12,332,344,0.671875,-0.93023256
21,332,353,0.68945312,-0.88101983
24,324,348,0.6796875,-0.86206897
29,315,344,0.671875,-0.83139535
20,325,345,0.67382812,-0.88405797
16,326,342,0.66796875,-0.90643275
5,334,339,0.66210938,-0.97050147
20,324,344,0.671875,-0.88372093
18,314,332,0.6484375,-0.89156627
8,335,343,0.66992188,-0.95335277
5,340,345,0.67382812,-0.97101449
6,332,338,0.66015625,-0.96449704
18,335,353,0.68945312,-0.898017
11,340,351,0.68554688,-0.93732194
30,321,351,0.68554688,-0.82905983
4,344,348,0.6796875,-0.97701149
9,332,341,0.66601562,-0.94721408
8,342,350,0.68359375,-0.95428571
13,340,353,0.68945312,-0.92634561
20,323,343,0.66992188,-0.88338192
30,312,342,0.66796875,-0.8245614
24,331,355,0.69335938,-0.86478873
3,353,356,0.6953125,-0.98314607
1,343,344,0.671875,-0.99418605
1,354,355,0.69335938,-0.9943662
7,345,352,0.6875,-0.96022727
4,348,352,0.6875,-0.97727273
1,346,347,0.67773438,-0.99423631
2,350,352,0.6875,-0.98863636
5,336,341,0.66601562,-0.97067449
1,351,352,0.6875,-0.99431818
7,340,347,0.67773438,-0.95965418
3,349,352,0.6875,-0.98295455
8,353,361,0.70507812,-0.95567867
6,341,347,0.67773438,-0.96541787
7,341,348,0.6796875,-0.95977011
0,343,343,0.66992188,-1
4,352,356,0.6953125,-0.97752809
0,363,363,0.70898438,-1
0,361,361,0.70507812,-1
15,333,348,0.6796875,-0.9137931
14,330,344,0.671875,-0.91860465
6,335,341,0.66601562,-0.96480938
1,347,348,0.6796875,-0.99425287
6,337,343,0.66992188,-0.96501458
3,353,356,0.6953125,-0.98314607
2,348,350,0.68359375,-0.98857143
0,349,349,0.68164062,-1
14,323,337,0.65820312,-0.91691395
10,331,341,0.66601562,-0.94134897
6,351,357,0.69726562,-0.96638655
22,316,338,0.66015625,-0.86982249
12,342,354,0.69140625,-0.93220339
0,345,345,0.67382812,-1
2,354,356,0.6953125,-0.98876404
0,355,355,0.69335938,-1
4,336,340,0.6640625,-0.97647059
1,344,345,0.67382812,-0.9942029
4,354,358,0.69921875,-0.97765363
0,353,353,0.68945312,-1
8,339,347,0.67773438,-0.95389049
0,342,342,0.66796875,-1
1,359,360,0.703125,-0.99444444
4,352,356,0.6953125,-0.97752809
13,329,342,0.66796875,-0.92397661
23,320,343,0.66992188,-0.86588921
22,328,350,0.68359375,-0.87428571
6,345,351,0.68554688,-0.96581197
2,353,355,0.69335938,-0.98873239
2,333,335,0.65429688,-0.9880597
15,344,359,0.70117188,-0.91643454
36,311,347,0.67773438,-0.7925072
43,295,338,0.66015625,-0.74556213
74,270,344,0.671875,-0.56976744
55,282,337,0.65820312,-0.6735905
60,296,356,0.6953125,-0.66292135
62,282,344,0.671875,-0.63953488
53,304,357,0.69726562,-0.70308123
38,309,347,0.67773438,-0.78097983
30,309,339,0.66210938,-0.82300885
36,307,343,0.66992188,-0.79008746
44,305,349,0.68164062,-0.747851
57,293,350,0.68359375,-0.67428571
47,290,337,0.65820312,-0.72106825
62,282,344,0.671875,-0.63953488
66,272,338,0.66015625,-0.60946746
63,287,350,0.68359375,-0.64
64,276,340,0.6640625,-0.62352941
49,292,341,0.66601562,-0.71260997
65,289,354,0.69140625,-0.63276836
59,280,339,0.66210938,-0.6519174
52,302,354,0.69140625,-0.70621469
30,312,342,0.66796875,-0.8245614
40,308,348,0.6796875,-0.77011494
34,314,348,0.6796875,-0.8045977
58,291,349,0.68164062,-0.66762178
42,294,336,0.65625,-0.75
24,328,352,0.6875,-0.86363636
23,328,351,0.68554688,-0.86894587
11,335,346,0.67578125,-0.93641618
18,317,335,0.65429688,-0.89253731
15,339,354,0.69140625,-0.91525424
17,332,349,0.68164062,-0.9025788
1,355,356,0.6953125,-0.99438202
0,345,345,0.67382812,-1
10,338,348,0.6796875,-0.94252874
3,341,344,0.671875,-0.98255814
0,359,359,0.70117188,-1
1,360,361,0.70507812,-0.99445983
0,353,353,0.68945312,-1
10,339,349,0.68164062,-0.94269341
2,354,356,0.6953125,-0.98876404
0,354,354,0.69140625,-1
0,341,341,0.66601562,-1
1,354,355,0.69335938,-0.9943662
6,340,346,0.67578125,-0.96531792
40,309,349,0.68164062,-0.77077364
7,331,338,0.66015625,-0.95857988
3,355,358,0.69921875,-0.98324022
3,343,346,0.67578125,-0.98265896
1,345,346,0.67578125,-0.99421965
8,334,342,0.66796875,-0.95321637
27,315,342,0.66796875,-0.84210526
6,341,347,0.67773438,-0.96541787
20,324,344,0.671875,-0.88372093
12,337,349,0.68164062,-0.93123209
20,329,349,0.68164062,-0.88538682
9,334,343,0.66992188,-0.94752187
4,344,348,0.6796875,-0.97701149
9,340,349,0.68164062,-0.94842407
7,345,352,0.6875,-0.96022727
3,354,357,0.69726562,-0.98319328
0,356,356,0.6953125,-1
2,355,357,0.69726562,-0.98879552
2,352,354,0.69140625,-0.98870056
7,350,357,0.69726562,-0.96078431
8,333,341,0.66601562,-0.95307918
10,340,350,0.68359375,-0.94285714
5,338,343,0.66992188,-0.97084548
3,353,356,0.6953125,-0.98314607
9,345,354,0.69140625,-0.94915254
20,328,348,0.6796875,-0.88505747
19,332,351,0.68554688,-0.89173789
28,309,337,0.65820312,-0.83382789
23,328,351,0.68554688,-0.86894587
14,346,360,0.703125,-0.92222222
46,311,357,0.69726562,-0.74229692
24,331,355,0.69335938,-0.86478873
30,325,355,0.69335938,-0.83098592
45,300,345,0.67382812,-0.73913043
41,295,336,0.65625,-0.75595238
40,289,329,0.64257812,-0.75683891
30,323,353,0.68945312,-0.83002833
32,302,334,0.65234375,-0.80838323
8,347,355,0.69335938,-0.95492958
21,328,349,0.68164062,-0.87965616
12,344,356,0.6953125,-0.93258427
4,355,359,0.70117188,-0.97771588
15,336,351,0.68554688,-0.91452991
25,317,342,0.66796875,-0.85380117
36,312,348,0.6796875,-0.79310345
19,336,355,0.69335938,-0.89295775
8,334,342,0.66796875,-0.95321637
0,355,355,0.69335938,-1
17,335,352,0.6875,-0.90340909
25,324,349,0.68164062,-0.85673352
2,348,350,0.68359375,-0.98857143
10,324,334,0.65234375,-0.94011976
2,350,352,0.6875,-0.98863636
7,344,351,0.68554688,-0.96011396
0,349,349,0.68164062,-1
6,344,350,0.68359375,-0.96571429
15,328,343,0.66992188,-0.91253644
29,334,363,0.70898438,-0.84022039
29,317,346,0.67578125,-0.83236994
35,307,342,0.66796875,-0.79532164
2,349,351,0.68554688,-0.98860399
1,349,350,0.68359375,-0.99428571
6,335,341,0.66601562,-0.96480938
0,347,347,0.67773438,-1
0,349,349,0.68164062,-1
6,342,348,0.6796875,-0.96551724
16,337,353,0.68945312,-0.90934844
11,342,353,0.68945312,-0.93767705
14,331,345,0.67382812,-0.91884058
19,330,349,0.68164062,-0.89111748
8,334,342,0.66796875,-0.95321637
2,342,344,0.671875,-0.98837209
4,354,358,0.69921875,-0.97765363
11,329,340,0.6640625,-0.93529412
16,331,347,0.67773438,-0.90778098
6,345,351,0.68554688,-0.96581197
4,336,340,0.6640625,-0.97647059
0,353,353,0.68945312,-1
10,340,350,0.68359375,-0.94285714
6,341,347,0.67773438,-0.96541787
29,317,346,0.67578125,-0.83236994
18,335,353,0.68945312,-0.898017
30,321,351,0.68554688,-0.82905983
15,329,344,0.671875,-0.9127907
14,332,346,0.67578125,-0.91907514
17,341,358,0.69921875,-0.90502793
15,335,350,0.68359375,-0.91428571
7,333,340,0.6640625,-0.95882353
4,354,358,0.69921875,-0.97765363
11,330,341,0.66601562,-0.93548387
17,333,350,0.68359375,-0.90285714
24,320,344,0.671875,-0.86046512
13,333,346,0.67578125,-0.92485549
11,348,359,0.70117188,-0.93871866
2,356,358,0.69921875,-0.98882682
20,333,353,0.68945312,-0.88668555
36,304,340,0.6640625,-0.78823529
61,275,336,0.65625,-0.63690476
39,313,352,0.6875,-0.77840909
58,294,352,0.6875,-0.67045455
42,302,344,0.671875,-0.75581395
29,311,340,0.6640625,-0.82941176
21,327,348,0.6796875,-0.87931034
6,350,356,0.6953125,-0.96629213
3,346,349,0.68164062,-0.98280802
5,344,349,0.68164062,-0.9713467
5,341,346,0.67578125,-0.97109827
12,332,344,0.671875,-0.93023256
26,326,352,0.6875,-0.85227273
25,326,351,0.68554688,-0.85754986
22,331,353,0.68945312,-0.87535411
15,337,352,0.6875,-0.91477273
16,324,340,0.6640625,-0.90588235
15,324,339,0.66210938,-0.91150442
6,336,342,0.66796875,-0.96491228
4,340,344,0.671875,-0.97674419
7,346,353,0.68945312,-0.96033994
10,340,350,0.68359375,-0.94285714
11,338,349,0.68164062,-0.93696275
13,338,351,0.68554688,-0.92592593
16,344,360,0.703125,-0.91111111
40,302,342,0.66796875,-0.76608187
43,308,351,0.68554688,-0.75498575
32,317,349,0.68164062,-0.81661891
20,325,345,0.67382812,-0.88405797
20,335,355,0.69335938,-0.88732394
20,326,346,0.67578125,-0.88439306
19,336,355,0.69335938,-0.89295775
17,336,353,0.68945312,-0.90368272
12,348,360,0.703125,-0.93333333
5,350,355,0.69335938,-0.97183099
0,347,347,0.67773438,-1
4,350,354,0.69140625,-0.97740113
1,339,340,0.6640625,-0.99411765
9,334,343,0.66992188,-0.94752187
7,343,350,0.68359375,-0.96
5,339,344,0.671875,-0.97093023
0,350,350,0.68359375,-1
13,337,350,0.68359375,-0.92571429
7,342,349,0.68164062,-0.95988539
12,344,356,0.6953125,-0.93258427
28,314,342,0.66796875,-0.83625731
7,352,359,0.70117188,-0.96100279
4,356,360,0.703125,-0.97777778
2,344,346,0.67578125,-0.98843931
19,325,344,0.671875,-0.88953488
1,347,348,0.6796875,-0.99425287
6,350,356,0.6953125,-0.96629213
17,340,357,0.69726562,-0.9047619
6,354,360,0.703125,-0.96666667
14,333,347,0.67773438,-0.91930836
4,351,355,0.69335938,-0.97746479
3,356,359,0.70117188,-0.98328691
8,339,347,0.67773438,-0.95389049
0,359,359,0.70117188,-1
11,345,356,0.6953125,-0.93820225
4,338,342,0.66796875,-0.97660819
3,351,354,0.69140625,-0.98305085
2,348,350,0.68359375,-0.98857143
6,345,351,0.68554688,-0.96581197
10,329,339,0.66210938,-0.94100295
14,331,345,0.67382812,-0.91884058
14,325,339,0.66210938,-0.91740413
63,296,359,0.70117188,-0.64902507
68,266,334,0.65234375,-0.59281437
72,272,344,0.671875,-0.58139535
48,294,342,0.66796875,-0.71929825
57,278,335,0.65429688,-0.65970149
42,302,344,0.671875,-0.75581395
34,307,341,0.66601562,-0.80058651
36,319,355,0.69335938,-0.7971831
23,325,348,0.6796875,-0.86781609
21,330,351,0.68554688,-0.88034188
4,328,332,0.6484375,-0.97590361
0,346,346,0.67578125,-1
0,360,360,0.703125,-1
0,334,334,0.65234375,-1
4,340,344,0.671875,-0.97674419
2,352,354,0.69140625,-0.98870056
28,322,350,0.68359375,-0.84
34,320,354,0.69140625,-0.8079096
13,325,338,0.66015625,-0.92307692
6,340,346,0.67578125,-0.96531792
5,352,357,0.69726562,-0.9719888
2,343,345,0.67382812,-0.9884058
4,342,346,0.67578125,-0.97687861
29,312,341,0.66601562,-0.82991202
3,340,343,0.66992188,-0.98250729
2,348,350,0.68359375,-0.98857143
9,330,339,0.66210938,-0.94690265
28,313,341,0.66601562,-0.83577713
32,315,347,0.67773438,-0.81556196
13,340,353,0.68945312,-0.92634561
45,294,339,0.66210938,-0.73451327
57,278,335,0.65429688,-0.65970149
41,304,345,0.67382812,-0.76231884
79,266,345,0.67382812,-0.54202899
96,243,339,0.66210938,-0.43362832
87,256,343,0.66992188,-0.49271137
36,329,365,0.71289062,-0.80273973
9,338,347,0.67773438,-0.9481268
14,342,356,0.6953125,-0.92134831
0,348,348,0.6796875,-1
8,330,338,0.66015625,-0.95266272
6,350,356,0.6953125,-0.96629213
1,340,341,0.66601562,-0.9941349
2,345,347,0.67773438,-0.98847262
0,351,351,0.68554688,-1
0,352,352,0.6875,-1
9,330,339,0.66210938,-0.94690265
0,351,351,0.68554688,-1
4,340,344,0.671875,-0.97674419
13,318,331,0.64648438,-0.92145015
7,343,350,0.68359375,-0.96
0,348,348,0.6796875,-1
0,346,346,0.67578125,-1
0,352,352,0.6875,-1
9,340,349,0.68164062,-0.94842407
1,361,362,0.70703125,-0.99447514
3,347,350,0.68359375,-0.98285714
7,335,342,0.66796875,-0.95906433
3,340,343,0.66992188,-0.98250729
0,349,349,0.68164062,-1
7,344,351,0.68554688,-0.96011396
14,333,347,0.67773438,-0.91930836
18,331,349,0.68164062,-0.89684814
12,340,352,0.6875,-0.93181818
15,337,352,0.6875,-0.91477273
18,322,340,0.6640625,-0.89411765
1,350,351,0.68554688,-0.99430199
5,353,358,0.69921875,-0.97206704
0,358,358,0.69921875,-1
7,336,343,0.66992188,-0.95918367
6,337,343,0.66992188,-0.96501458
13,333,346,0.67578125,-0.92485549
5,334,339,0.66210938,-0.97050147
6,341,347,0.67773438,-0.96541787
2,335,337,0.65820312,-0.98813056
8,338,346,0.67578125,-0.95375723
3,354,357,0.69726562,-0.98319328
8,337,345,0.67382812,-0.95362319
5,345,350,0.68359375,-0.97142857
0,348,348,0.6796875,-1
4,341,345,0.67382812,-0.97681159
1,341,342,0.66796875,-0.99415205
1,346,347,0.67773438,-0.99423631
8,346,354,0.69140625,-0.95480226
7,341,348,0.6796875,-0.95977011
17,338,355,0.69335938,-0.90422535
22,324,346,0.67578125,-0.87283237
6,349,355,0.69335938,-0.96619718
8,336,344,0.671875,-0.95348837
14,341,355,0.69335938,-0.92112676
17,325,342,0.66796875,-0.9005848
29,326,355,0.69335938,-0.83661972
17,323,340,0.6640625,-0.9
8,338,346,0.67578125,-0.95375723
16,336,352,0.6875,-0.90909091
0,363,363,0.70898438,-1
1,361,362,0.70703125,-0.99447514
3,348,351,0.68554688,-0.98290598
0,348,348,0.6796875,-1
2,347,349,0.68164062,-0.98853868
11,342,353,0.68945312,-0.93767705
14,330,344,0.671875,-0.91860465
7,344,351,0.68554688,-0.96011396
2,352,354,0.69140625,-0.98870056
10,340,350,0.68359375,-0.94285714
9,338,347,0.67773438,-0.9481268
8,337,345,0.67382812,-0.95362319
2,365,367,0.71679688,-0.98910082
0,349,349,0.68164062,-1
10,342,352,0.6875,-0.94318182
12,330,342,0.66796875,-0.92982456
6,341,347,0.67773438,-0.96541787
1,357,358,0.69921875,-0.99441341
0,356,356,0.6953125,-1
0,346,346,0.67578125,-1
11,341,352,0.6875,-0.9375
8,352,360,0.703125,-0.95555556
5,340,345,0.67382812,-0.97101449
3,355,358,0.69921875,-0.98324022
15,318,333,0.65039062,-0.90990991
6,342,348,0.6796875,-0.96551724
32,324,356,0.6953125,-0.82022472
15,327,342,0.66796875,-0.9122807
18,327,345,0.67382812,-0.89565217
0,352,352,0.6875,-1
0,351,351,0.68554688,-1
4,342,346,0.67578125,-0.97687861
19,325,344,0.671875,-0.88953488
0,347,347,0.67773438,-1
5,346,351,0.68554688,-0.97150997
4,344,348,0.6796875,-0.97701149
4,352,356,0.6953125,-0.97752809
23,328,351,0.68554688,-0.86894587
13,338,351,0.68554688,-0.92592593
5,347,352,0.6875,-0.97159091
55,295,350,0.68359375,-0.68571429
39,302,341,0.66601562,-0.771261
19,326,345,0.67382812,-0.88985507
19,333,352,0.6875,-0.89204545
5,343,348,0.6796875,-0.97126437
8,345,353,0.68945312,-0.95467422
11,342,353,0.68945312,-0.93767705
12,336,348,0.6796875,-0.93103448
14,330,344,0.671875,-0.91860465
5,342,347,0.67773438,-0.97118156
19,321,340,0.6640625,-0.88823529
4,359,363,0.70898438,-0.97796143
12,334,346,0.67578125,-0.93063584
5,352,357,0.69726562,-0.9719888
8,341,349,0.68164062,-0.95415473
0,349,349,0.68164062,-1
2,349,351,0.68554688,-0.98860399
10,328,338,0.66015625,-0.9408284
0,354,354,0.69140625,-1
0,355,355,0.69335938,-1
12,335,347,0.67773438,-0.93083573
9,344,353,0.68945312,-0.9490085
8,329,337,0.65820312,-0.95252226
7,325,332,0.6484375,-0.95783133
6,343,349,0.68164062,-0.96561605
11,340,351,0.68554688,-0.93732194
9,346,355,0.69335938,-0.94929577
16,328,344,0.671875,-0.90697674
7,337,344,0.671875,-0.95930233
7,335,342,0.66796875,-0.95906433
14,326,340,0.6640625,-0.91764706
5,346,351,0.68554688,-0.97150997
2,344,346,0.67578125,-0.98843931
8,343,351,0.68554688,-0.95441595
13,337,350,0.68359375,-0.92571429
19,335,354,0.69140625,-0.89265537
10,335,345,0.67382812,-0.94202899
17,331,348,0.6796875,-0.90229885
16,337,353,0.68945312,-0.90934844
21,325,346,0.67578125,-0.87861272
8,339,347,0.67773438,-0.95389049
5,334,339,0.66210938,-0.97050147
5,347,352,0.6875,-0.97159091
1,346,347,0.67773438,-0.99423631
12,339,351,0.68554688,-0.93162393
10,335,345,0.67382812,-0.94202899
15,334,349,0.68164062,-0.91404011
8,347,355,0.69335938,-0.95492958
2,338,340,0.6640625,-0.98823529
0,344,344,0.671875,-1
14,330,344,0.671875,-0.91860465
9,345,354,0.69140625,-0.94915254
6,362,368,0.71875,-0.9673913
16,342,358,0.69921875,-0.91061453
6,347,353,0.68945312,-0.96600567
0,346,346,0.67578125,-1
9,338,347,0.67773438,-0.9481268
19,319,338,0.66015625,-0.88757396
4,343,347,0.67773438,-0.97694524
0,352,352,0.6875,-1
20,331,351,0.68554688,-0.88603989
11,333,344,0.671875,-0.93604651
21,320,341,0.66601562,-0.87683284
25,328,353,0.68945312,-0.85835694
45,302,347,0.67773438,-0.74063401
8,345,353,0.68945312,-0.95467422
9,341,350,0.68359375,-0.94857143
11,332,343,0.66992188,-0.93586006
3,354,357,0.69726562,-0.98319328
0,358,358,0.69921875,-1
0,350,350,0.68359375,-1
6,337,343,0.66992188,-0.96501458
8,334,342,0.66796875,-0.95321637
2,340,342,0.66796875,-0.98830409
10,343,353,0.68945312,-0.94334278
1,354,355,0.69335938,-0.9943662
4,338,342,0.66796875,-0.97660819
6,339,345,0.67382812,-0.96521739
1,352,353,0.68945312,-0.99433428
3,359,362,0.70703125,-0.98342541
15,329,344,0.671875,-0.9127907
23,312,335,0.65429688,-0.86268657
18,331,349,0.68164062,-0.89684814
6,353,359,0.70117188,-0.96657382
17,334,351,0.68554688,-0.9031339
8,350,358,0.69921875,-0.95530726
5,342,347,0.67773438,-0.97118156
27,316,343,0.66992188,-0.8425656
40,312,352,0.6875,-0.77272727
23,315,338,0.66015625,-0.86390533
6,339,345,0.67382812,-0.96521739
0,350,350,0.68359375,-1
1,354,355,0.69335938,-0.9943662
2,350,352,0.6875,-0.98863636
2,339,341,0.66601562,-0.98826979
18,329,347,0.67773438,-0.8962536
21,329,350,0.68359375,-0.88
21,323,344,0.671875,-0.87790698
31,307,338,0.66015625,-0.81656805
28,318,346,0.67578125,-0.83815029
22,323,345,0.67382812,-0.87246377
4,349,353,0.68945312,-0.97733711
6,344,350,0.68359375,-0.96571429
9,331,340,0.6640625,-0.94705882
5,341,346,0.67578125,-0.97109827
1,364,365,0.71289062,-0.99452055
12,345,357,0.69726562,-0.93277311
22,338,360,0.703125,-0.87777778
17,338,355,0.69335938,-0.90422535
10,333,343,0.66992188,-0.94169096
1,344,345,0.67382812,-0.9942029
12,320,332,0.6484375,-0.92771084
14,337,351,0.68554688,-0.92022792
3,352,355,0.69335938,-0.98309859
9,346,355,0.69335938,-0.94929577
8,338,346,0.67578125,-0.95375723
4,350,354,0.69140625,-0.97740113
3,364,367,0.71679688,-0.98365123
7,344,351,0.68554688,-0.96011396
7,353,360,0.703125,-0.96111111
4,345,349,0.68164062,-0.97707736
9,335,344,0.671875,-0.94767442
0,341,341,0.66601562,-1
8,339,347,0.67773438,-0.95389049
11,339,350,0.68359375,-0.93714286
1,351,352,0.6875,-0.99431818
9,350,359,0.70117188,-0.94986072
11,338,349,0.68164062,-0.93696275
12,335,347,0.67773438,-0.93083573
7,343,350,0.68359375,-0.96
8,351,359,0.70117188,-0.95543175
8,351,359,0.70117188,-0.95543175
20,321,341,0.66601562,-0.88269795
20,329,349,0.68164062,-0.88538682
18,326,344,0.671875,-0.89534884
32,299,331,0.64648438,-0.80664653
34,317,351,0.68554688,-0.80626781
29,316,345,0.67382812,-0.83188406
29,314,343,0.66992188,-0.83090379
14,339,353,0.68945312,-0.92067989
14,330,344,0.671875,-0.91860465
29,323,352,0.6875,-0.83522727
16,341,357,0.69726562,-0.91036415
4,353,357,0.69726562,-0.97759104
0,337,337,0.65820312,-1
20,325,345,0.67382812,-0.88405797
12,332,344,0.671875,-0.93023256
23,326,349,0.68164062,-0.86819484
24,328,352,0.6875,-0.86363636
14,339,353,0.68945312,-0.92067989
12,346,358,0.69921875,-0.93296089
17,344,361,0.70507812,-0.90581717
16,325,341,0.66601562,-0.90615836
2,347,349,0.68164062,-0.98853868
10,341,351,0.68554688,-0.94301994
23,319,342,0.66796875,-0.86549708
14,333,347,0.67773438,-0.91930836
10,331,341,0.66601562,-0.94134897
22,329,351,0.68554688,-0.87464387
32,299,331,0.64648438,-0.80664653
51,299,350,0.68359375,-0.70857143
74,274,348,0.6796875,-0.57471264
51,294,345,0.67382812,-0.70434783
25,327,352,0.6875,-0.85795455
41,305,346,0.67578125,-0.76300578
60,280,340,0.6640625,-0.64705882
61,284,345,0.67382812,-0.64637681
83,259,342,0.66796875,-0.51461988
80,258,338,0.66015625,-0.52662722
64,285,349,0.68164062,-0.63323782
42,304,346,0.67578125,-0.75722543
40,314,354,0.69140625,-0.7740113
52,282,334,0.65234375,-0.68862275
43,300,343,0.66992188,-0.74927114
9,347,356,0.6953125,-0.9494382
14,344,358,0.69921875,-0.92178771
15,335,350,0.68359375,-0.91428571
12,339,351,0.68554688,-0.93162393
10,346,356,0.6953125,-0.94382022
24,328,352,0.6875,-0.86363636
40,306,346,0.67578125,-0.76878613
35,309,344,0.671875,-0.79651163
20,336,356,0.6953125,-0.88764045
7,349,356,0.6953125,-0.96067416
0,351,351,0.68554688,-1
24,318,342,0.66796875,-0.85964912
6,346,352,0.6875,-0.96590909
1,359,360,0.703125,-0.99444444
4,346,350,0.68359375,-0.97714286
10,336,346,0.67578125,-0.94219653
9,323,332,0.6484375,-0.94578313
17,340,357,0.69726562,-0.9047619
13,339,352,0.6875,-0.92613636
22,328,350,0.68359375,-0.87428571
20,333,353,0.68945312,-0.88668555
27,316,343,0.66992188,-0.8425656
11,345,356,0.6953125,-0.93820225
8,326,334,0.65234375,-0.95209581
0,352,352,0.6875,-1
3,345,348,0.6796875,-0.98275862
0,367,367,0.71679688,-1
0,343,343,0.66992188,-1
1,349,350,0.68359375,-0.99428571
7,347,354,0.69140625,-0.96045198
6,348,354,0.69140625,-0.96610169
21,326,347,0.67773438,-0.87896254
11,354,365,0.71289062,-0.93972603
21,322,343,0.66992188,-0.87755102
22,323,345,0.67382812,-0.87246377
23,316,339,0.66210938,-0.86430678
27,307,334,0.65234375,-0.83832335
7,339,346,0.67578125,-0.95953757
6,343,349,0.68164062,-0.96561605
24,323,347,0.67773438,-0.86167147
6,343,349,0.68164062,-0.96561605
16,331,347,0.67773438,-0.90778098
29,315,344,0.671875,-0.83139535
17,327,344,0.671875,-0.90116279
24,316,340,0.6640625,-0.85882353
32,305,337,0.65820312,-0.81008902
45,309,354,0.69140625,-0.74576271
36,300,336,0.65625,-0.78571429
0,349,349,0.68164062,-1
3,351,354,0.69140625,-0.98305085
1,351,352,0.6875,-0.99431818
0,362,362,0.70703125,-1
0,346,346,0.67578125,-1
5,352,357,0.69726562,-0.9719888
0,347,347,0.67773438,-1
5,340,345,0.67382812,-0.97101449
3,353,356,0.6953125,-0.98314607
4,355,359,0.70117188,-0.97771588
17,336,353,0.68945312,-0.90368272
13,342,355,0.69335938,-0.92676056
5,342,347,0.67773438,-0.97118156
5,339,344,0.671875,-0.97093023
1,345,346,0.67578125,-0.99421965
0,336,336,0.65625,-1
0,338,338,0.66015625,-1
3,348,351,0.68554688,-0.98290598
5,358,363,0.70898438,-0.97245179
3,338,341,0.66601562,-0.98240469
3,346,349,0.68164062,-0.98280802
9,341,350,0.68359375,-0.94857143
4,349,353,0.68945312,-0.97733711
9,349,358,0.69921875,-0.94972067
1,347,348,0.6796875,-0.99425287
5,347,352,0.6875,-0.97159091
13,341,354,0.69140625,-0.92655367
6,328,334,0.65234375,-0.96407186
18,333,351,0.68554688,-0.8974359
13,339,352,0.6875,-0.92613636
16,332,348,0.6796875,-0.90804598
11,337,348,0.6796875,-0.93678161
16,334,350,0.68359375,-0.90857143
3,349,352,0.6875,-0.98295455
8,338,346,0.67578125,-0.95375723
3,346,349,0.68164062,-0.98280802
11,336,347,0.67773438,-0.93659942
29,323,352,0.6875,-0.83522727
14,334,348,0.6796875,-0.91954023
7,347,354,0.69140625,-0.96045198
4,352,356,0.6953125,-0.97752809
2,352,354,0.69140625,-0.98870056
4,343,347,0.67773438,-0.97694524
3,348,351,0.68554688,-0.98290598
12,330,342,0.66796875,-0.92982456
2,350,352,0.6875,-0.98863636
9,341,350,0.68359375,-0.94857143
14,333,347,0.67773438,-0.91930836
20,336,356,0.6953125,-0.88764045
1,356,357,0.69726562,-0.99439776
0,349,349,0.68164062,-1
12,331,343,0.66992188,-0.93002915
20,324,344,0.671875,-0.88372093
11,332,343,0.66992188,-0.93586006
4,342,346,0.67578125,-0.97687861
6,339,345,0.67382812,-0.96521739
9,337,346,0.67578125,-0.94797688
12,343,355,0.69335938,-0.93239437
7,353,360,0.703125,-0.96111111
1,352,353,0.68945312,-0.99433428
13,332,345,0.67382812,-0.92463768
15,332,347,0.67773438,-0.91354467
3,347,350,0.68359375,-0.98285714
8,338,346,0.67578125,-0.95375723
0,340,340,0.6640625,-1
8,334,342,0.66796875,-0.95321637
12,329,341,0.66601562,-0.92961877
2,339,341,0.66601562,-0.98826979
0,356,356,0.6953125,-1
28,315,343,0.66992188,-0.83673469
6,350,356,0.6953125,-0.96629213
2,352,354,0.69140625,-0.98870056
8,327,335,0.65429688,-0.95223881
17,328,345,0.67382812,-0.90144928
32,321,353,0.68945312,-0.81869688
15,337,352,0.6875,-0.91477273
13,327,340,0.6640625,-0.92352941
10,336,346,0.67578125,-0.94219653
3,360,363,0.70898438,-0.98347107
10,346,356,0.6953125,-0.94382022
2,337,339,0.66210938,-0.98820059
1,349,350,0.68359375,-0.99428571
6,325,331,0.64648438,-0.96374622
12,339,351,0.68554688,-0.93162393
10,340,350,0.68359375,-0.94285714
12,329,341,0.66601562,-0.92961877
20,314,334,0.65234375,-0.88023952
0,361,361,0.70507812,-1
1,338,339,0.66210938,-0.99410029
0,358,358,0.69921875,-1
10,347,357,0.69726562,-0.94397759
5,352,357,0.69726562,-0.9719888
3,340,343,0.66992188,-0.98250729
11,335,346,0.67578125,-0.93641618
10,338,348,0.6796875,-0.94252874
8,339,347,0.67773438,-0.95389049
8,342,350,0.68359375,-0.95428571
8,341,349,0.68164062,-0.95415473
9,329,338,0.66015625,-0.94674556
8,345,353,0.68945312,-0.95467422
8,344,352,0.6875,-0.95454545
7,344,351,0.68554688,-0.96011396
0,354,354,0.69140625,-1
15,335,350,0.68359375,-0.91428571
23,323,346,0.67578125,-0.86705202
21,324,345,0.67382812,-0.87826087
42,301,343,0.66992188,-0.75510204
16,323,339,0.66210938,-0.90560472
23,318,341,0.66601562,-0.86510264
11,339,350,0.68359375,-0.93714286
23,329,352,0.6875,-0.86931818
5,337,342,0.66796875,-0.97076023
0,351,351,0.68554688,-1
14,333,347,0.67773438,-0.91930836
40,314,354,0.69140625,-0.7740113
13,348,361,0.70507812,-0.92797784
0,364,364,0.7109375,-1
2,358,360,0.703125,-0.98888889
15,327,342,0.66796875,-0.9122807
45,296,341,0.66601562,-0.73607038
32,313,345,0.67382812,-0.81449275
29,323,352,0.6875,-0.83522727
11,327,338,0.66015625,-0.93491124
9,336,345,0.67382812,-0.94782609
13,336,349,0.68164062,-0.92550143
19,322,341,0.66601562,-0.88856305
16,329,345,0.67382812,-0.90724638
8,349,357,0.69726562,-0.95518207
13,337,350,0.68359375,-0.92571429
20,335,355,0.69335938,-0.88732394
4,334,338,0.66015625,-0.97633136
14,324,338,0.66015625,-0.91715976
31,314,345,0.67382812,-0.82028986
10,353,363,0.70898438,-0.94490358
21,328,349,0.68164062,-0.87965616
28,327,355,0.69335938,-0.84225352
18,329,347,0.67773438,-0.8962536
35,292,327,0.63867188,-0.78593272
7,337,344,0.671875,-0.95930233
1,364,365,0.71289062,-0.99452055
19,328,347,0.67773438,-0.89048991
0,356,356,0.6953125,-1
9,348,357,0.69726562,-0.94957983
3,353,356,0.6953125,-0.98314607
7,349,356,0.6953125,-0.96067416
3,348,351,0.68554688,-0.98290598
16,327,343,0.66992188,-0.90670554
20,335,355,0.69335938,-0.88732394
0,359,359,0.70117188,-1
4,354,358,0.69921875,-0.97765363
9,342,351,0.68554688,-0.94871795
4,351,355,0.69335938,-0.97746479
9,340,349,0.68164062,-0.94842407
30,313,343,0.66992188,-0.82507289
29,315,344,0.671875,-0.83139535
18,334,352,0.6875,-0.89772727
6,347,353,0.68945312,-0.96600567
0,356,356,0.6953125,-1
2,353,355,0.69335938,-0.98873239
8,342,350,0.68359375,-0.95428571
9,354,363,0.70898438,-0.95041322
8,336,344,0.671875,-0.95348837
5,353,358,0.69921875,-0.97206704
17,333,350,0.68359375,-0.90285714
16,327,343,0.66992188,-0.90670554
0,354,354,0.69140625,-1
6,342,348,0.6796875,-0.96551724
24,331,355,0.69335938,-0.86478873
10,312,322,0.62890625,-0.9378882
4,348,352,0.6875,-0.97727273
0,353,353,0.68945312,-1
0,338,338,0.66015625,-1
13,352,365,0.71289062,-0.92876712
22,323,345,0.67382812,-0.87246377
2,347,349,0.68164062,-0.98853868
0,344,344,0.671875,-1
2,353,355,0.69335938,-0.98873239
0,360,360,0.703125,-1
2,358,360,0.703125,-0.98888889
5,337,342,0.66796875,-0.97076023
16,331,347,0.67773438,-0.90778098
6,335,341,0.66601562,-0.96480938
11,330,341,0.66601562,-0.93548387
1,345,346,0.67578125,-0.99421965
8,350,358,0.69921875,-0.95530726
10,327,337,0.65820312,-0.94065282
2,349,351,0.68554688,-0.98860399
16,327,343,0.66992188,-0.90670554
8,344,352,0.6875,-0.95454545
1,336,337,0.65820312,-0.99406528
1,353,354,0.69140625,-0.99435028
4,356,360,0.703125,-0.97777778
0,356,356,0.6953125,-1
11,339,350,0.68359375,-0.93714286
12,336,348,0.6796875,-0.93103448
26,325,351,0.68554688,-0.85185185
26,323,349,0.68164062,-0.85100287
5,351,356,0.6953125,-0.97191011
0,355,355,0.69335938,-1
4,339,343,0.66992188,-0.97667638
1,347,348,0.6796875,-0.99425287
5,344,349,0.68164062,-0.9713467
2,331,333,0.65039062,-0.98798799
5,348,353,0.68945312,-0.97167139
2,348,350,0.68359375,-0.98857143
8,344,352,0.6875,-0.95454545
9,355,364,0.7109375,-0.95054945
10,325,335,0.65429688,-0.94029851
11,344,355,0.69335938,-0.93802817
23,325,348,0.6796875,-0.86781609
0,349,349,0.68164062,-1
8,349,357,0.69726562,-0.95518207
17,325,342,0.66796875,-0.9005848
2,347,349,0.68164062,-0.98853868
4,350,354,0.69140625,-0.97740113
1,355,356,0.6953125,-0.99438202
2,328,330,0.64453125,-0.98787879
15,334,349,0.68164062,-0.91404011
33,312,345,0.67382812,-0.80869565
45,300,345,0.67382812,-0.73913043
42,300,342,0.66796875,-0.75438596
42,313,355,0.69335938,-0.76338028
28,321,349,0.68164062,-0.83954155
8,349,357,0.69726562,-0.95518207
8,332,340,0.6640625,-0.95294118
2,342,344,0.671875,-0.98837209
3,350,353,0.68945312,-0.98300283
17,328,345,0.67382812,-0.90144928
17,337,354,0.69140625,-0.9039548
2,352,354,0.69140625,-0.98870056
8,350,358,0.69921875,-0.95530726
9,346,355,0.69335938,-0.94929577
3,347,350,0.68359375,-0.98285714
0,348,348,0.6796875,-1
0,357,357,0.69726562,-1
27,326,353,0.68945312,-0.8470255
39,302,341,0.66601562,-0.771261
24,328,352,0.6875,-0.86363636
26,320,346,0.67578125,-0.84971098
19,328,347,0.67773438,-0.89048991
7,340,347,0.67773438,-0.95965418
32,319,351,0.68554688,-0.81766382
17,322,339,0.66210938,-0.89970501
4,350,354,0.69140625,-0.97740113
12,329,341,0.66601562,-0.92961877
11,338,349,0.68164062,-0.93696275
10,347,357,0.69726562,-0.94397759
27,332,359,0.70117188,-0.84958217
16,327,343,0.66992188,-0.90670554
17,330,347,0.67773438,-0.90201729
3,336,339,0.66210938,-0.98230088
0,350,350,0.68359375,-1
1,351,352,0.6875,-0.99431818
1,355,356,0.6953125,-0.99438202
17,334,351,0.68554688,-0.9031339
14,331,345,0.67382812,-0.91884058
2,356,358,0.69921875,-0.98882682
3,342,345,0.67382812,-0.9826087
4,345,349,0.68164062,-0.97707736
2,352,354,0.69140625,-0.98870056
12,327,339,0.66210938,-0.92920354
11,340,351,0.68554688,-0.93732194
0,354,354,0.69140625,-1
15,326,341,0.66601562,-0.91202346
29,307,336,0.65625,-0.82738095
14,341,355,0.69335938,-0.92112676
29,313,342,0.66796875,-0.83040936
40,312,352,0.6875,-0.77272727
58,287,345,0.67382812,-0.66376812
73,273,346,0.67578125,-0.57803468
65,260,325,0.63476562,-0.6
77,266,343,0.66992188,-0.55102041
102,237,339,0.66210938,-0.39823009
98,246,344,0.671875,-0.43023256
85,258,343,0.66992188,-0.50437318
76,265,341,0.66601562,-0.5542522
57,288,345,0.67382812,-0.66956522
48,292,340,0.6640625,-0.71764706
24,318,342,0.66796875,-0.85964912
19,322,341,0.66601562,-0.88856305
22,327,349,0.68164062,-0.8739255
13,345,358,0.69921875,-0.9273743
28,309,337,0.65820312,-0.83382789
20,326,346,0.67578125,-0.88439306
16,330,346,0.67578125,-0.90751445
7,330,337,0.65820312,-0.95845697
29,319,348,0.6796875,-0.83333333
34,301,335,0.65429688,-0.79701493
20,339,359,0.70117188,-0.88857939
10,338,348,0.6796875,-0.94252874
7,339,346,0.67578125,-0.95953757
5,345,350,0.68359375,-0.97142857
1,355,356,0.6953125,-0.99438202
8,340,348,0.6796875,-0.95402299
0,357,357,0.69726562,-1
7,339,346,0.67578125,-0.95953757
3,350,353,0.68945312,-0.98300283
9,337,346,0.67578125,-0.94797688
5,354,359,0.70117188,-0.97214485
9,329,338,0.66015625,-0.94674556
2,350,352,0.6875,-0.98863636
8,336,344,0.671875,-0.95348837
2,337,339,0.66210938,-0.98820059
0,353,353,0.68945312,-1
7,353,360,0.703125,-0.96111111
6,349,355,0.69335938,-0.96619718
20,326,346,0.67578125,-0.88439306
20,333,353,0.68945312,-0.88668555
29,316,345,0.67382812,-0.83188406
20,331,351,0.68554688,-0.88603989
2,346,348,0.6796875,-0.98850575
4,351,355,0.69335938,-0.97746479
2,347,349,0.68164062,-0.98853868
5,346,351,0.68554688,-0.97150997
5,348,353,0.68945312,-0.97167139
1,347,348,0.6796875,-0.99425287
9,337,346,0.67578125,-0.94797688
4,335,339,0.66210938,-0.97640118
1,344,345,0.67382812,-0.9942029
3,342,345,0.67382812,-0.9826087
4,341,345,0.67382812,-0.97681159
4,343,347,0.67773438,-0.97694524
2,355,357,0.69726562,-0.98879552
2,370,372,0.7265625,-0.98924731
0,349,349,0.68164062,-1
10,334,344,0.671875,-0.94186047
19,338,357,0.69726562,-0.89355742
11,329,340,0.6640625,-0.93529412
4,345,349,0.68164062,-0.97707736
0,360,360,0.703125,-1
1,341,342,0.66796875,-0.99415205
14,344,358,0.69921875,-0.92178771
6,348,354,0.69140625,-0.96610169
17,329,346,0.67578125,-0.9017341
20,320,340,0.6640625,-0.88235294
12,335,347,0.67773438,-0.93083573
4,346,350,0.68359375,-0.97714286
7,353,360,0.703125,-0.96111111
14,326,340,0.6640625,-0.91764706
7,338,345,0.67382812,-0.95942029
9,350,359,0.70117188,-0.94986072
5,348,353,0.68945312,-0.97167139
0,351,351,0.68554688,-1
3,345,348,0.6796875,-0.98275862
21,317,338,0.66015625,-0.87573964
25,331,356,0.6953125,-0.85955056
12,333,345,0.67382812,-0.93043478
24,313,337,0.65820312,-0.85756677
60,304,364,0.7109375,-0.67032967
51,287,338,0.66015625,-0.69822485
27,321,348,0.6796875,-0.84482759
50,298,348,0.6796875,-0.71264368
29,317,346,0.67578125,-0.83236994
2,351,353,0.68945312,-0.98866856
4,344,348,0.6796875,-0.97701149
18,329,347,0.67773438,-0.8962536
29,312,341,0.66601562,-0.82991202
16,328,344,0.671875,-0.90697674
28,312,340,0.6640625,-0.83529412
18,326,344,0.671875,-0.89534884
1,358,359,0.70117188,-0.99442897
0,337,337,0.65820312,-1
3,345,348,0.6796875,-0.98275862
1,337,338,0.66015625,-0.99408284
3,344,347,0.67773438,-0.98270893
0,356,356,0.6953125,-1
13,344,357,0.69726562,-0.92717087
20,334,354,0.69140625,-0.88700565
5,339,344,0.671875,-0.97093023
16,339,355,0.69335938,-0.90985915
15,336,351,0.68554688,-0.91452991
28,318,346,0.67578125,-0.83815029
3,347,350,0.68359375,-0.98285714
1,356,357,0.69726562,-0.99439776
8,331,339,0.66210938,-0.95280236
16,332,348,0.6796875,-0.90804598
6,343,349,0.68164062,-0.96561605
19,341,360,0.703125,-0.89444444
5,346,351,0.68554688,-0.97150997
1,348,349,0.68164062,-0.99426934
0,363,363,0.70898438,-1
1,340,341,0.66601562,-0.9941349
5,358,363,0.70898438,-0.97245179
1,351,352,0.6875,-0.99431818
9,325,334,0.65234375,-0.94610778
5,345,350,0.68359375,-0.97142857
14,345,359,0.70117188,-0.92200557
29,318,347,0.67773438,-0.83285303
15,333,348,0.6796875,-0.9137931
21,326,347,0.67773438,-0.87896254
16,336,352,0.6875,-0.90909091
0,353,353,0.68945312,-1
7,347,354,0.69140625,-0.96045198
8,337,345,0.67382812,-0.95362319
18,319,337,0.65820312,-0.89317507
1,352,353,0.68945312,-0.99433428
8,342,350,0.68359375,-0.95428571
2,347,349,0.68164062,-0.98853868
0,354,354,0.69140625,-1
1,351,352,0.6875,-0.99431818
4,351,355,0.69335938,-0.97746479
6,343,349,0.68164062,-0.96561605
3,344,347,0.67773438,-0.98270893
11,332,343,0.66992188,-0.93586006
12,338,350,0.68359375,-0.93142857
13,332,345,0.67382812,-0.92463768
14,328,342,0.66796875,-0.91812865
1,350,351,0.68554688,-0.99430199
0,335,335,0.65429688,-1
4,329,333,0.65039062,-0.97597598
33,318,351,0.68554688,-0.81196581
30,315,345,0.67382812,-0.82608696
16,325,341,0.66601562,-0.90615836
57,283,340,0.6640625,-0.66470588
62,275,337,0.65820312,-0.63204748
47,298,345,0.67382812,-0.72753623
40,313,353,0.68945312,-0.7733711
50,281,331,0.64648438,-0.6978852
68,274,342,0.66796875,-0.60233918
89,254,343,0.66992188,-0.48104956
102,226,328,0.640625,-0.37804878
131,207,338,0.66015625,-0.22485207
100,242,342,0.66796875,-0.41520468
123,210,333,0.65039062,-0.26126126
122,209,331,0.64648438,-0.26283988
125,216,341,0.66601562,-0.26686217
121,217,338,0.66015625,-0.28402367
176,174,350,0.68359375,0.0057142857
165,173,338,0.66015625,-0.023668639
219,114,333,0.65039062,0.31531532
245,94,339,0.66210938,0.44542773
272,84,356,0.6953125,0.52808989
287,64,351,0.68554688,0.63532764
295,59,354,0.69140625,0.66666667
281,71,352,0.6875,0.59659091
287,51,338,0.66015625,0.69822485
294,48,342,0.66796875,0.71929825
313,43,356,0.6953125,0.75842697
302,36,338,0.66015625,0.78698225
323,13,336,0.65625,0.92261905
333,12,345,0.67382812,0.93043478
345,5,350,0.68359375,0.97142857
343,9,352,0.6875,0.94886364
347,1,348,0.6796875,0.99425287
334,1,335,0.65429688,0.99402985
357,0,357,0.69726562,1
362,0,362,0.70703125,1
354,0,354,0.69140625,1
341,7,348,0.6796875,0.95977011
353,5,358,0.69921875,0.97206704
338,5,343,0.66992188,0.97084548
323,32,355,0.69335938,0.81971831
341,6,347,0.67773438,0.96541787
341,0,341,0.66601562,1
339,5,344,0.671875,0.97093023
349,8,357,0.69726562,0.95518207
358,7,365,0.71289062,0.96164384
335,11,346,0.67578125,0.93641618
348,2,350,0.68359375,0.98857143
330,14,344,0.671875,0.91860465
300,30,330,0.64453125,0.81818182
328,18,346,0.67578125,0.89595376
328,19,347,0.67773438,0.89048991
344,12,356,0.6953125,0.93258427
325,15,340,0.6640625,0.91176471
333,18,351,0.68554688,0.8974359
343,17,360,0.703125,0.90555556
329,11,340,0.6640625,0.93529412
336,22,358,0.69921875,0.87709497
341,16,357,0.69726562,0.91036415
343,6,349,0.68164062,0.96561605
344,3,347,0.67773438,0.98270893
338,3,341,0.66601562,0.98240469
339,17,356,0.6953125,0.90449438
322,17,339,0.66210938,0.89970501
319,28,347,0.67773438,0.83861671
314,34,348,0.6796875,0.8045977
282,54,336,0.65625,0.67857143
316,33,349,0.68164062,0.81088825
323,31,354,0.69140625,0.82485876
325,20,345,0.67382812,0.88405797
338,12,350,0.68359375,0.93142857
356,0,356,0.6953125,1
355,7,362,0.70703125,0.96132597
342,11,353,0.68945312,0.93767705
341,4,345,0.67382812,0.97681159
357,0,357,0.69726562,1
338,10,348,0.6796875,0.94252874
338,8,346,0.67578125,0.95375723
356,2,358,0.69921875,0.98882682
328,14,342,0.66796875,0.91812865
342,11,353,0.68945312,0.93767705
360,1,361,0.70507812,0.99445983
336,8,344,0.671875,0.95348837
346,2,348,0.6796875,0.98850575
341,6,347,0.67773438,0.96541787
315,25,340,0.6640625,0.85294118
336,17,353,0.68945312,0.90368272
346,4,350,0.68359375,0.97714286
327,25,352,0.6875,0.85795455
331,5,336,0.65625,0.9702381
339,8,347,0.67773438,0.95389049
328,20,348,0.6796875,0.88505747
329,12,341,0.66601562,0.92961877
342,3,345,0.67382812,0.9826087
351,8,359,0.70117188,0.95543175
343,3,346,0.67578125,0.98265896
345,3,348,0.6796875,0.98275862
320,27,347,0.67773438,0.8443804
303,45,348,0.6796875,0.74137931
313,30,343,0.66992188,0.82507289
318,38,356,0.6953125,0.78651685
286,47,333,0.65039062,0.71771772
273,77,350,0.68359375,0.56
236,109,345,0.67382812,0.36811594
266,81,347,0.67773438,0.53314121
295,44,339,0.66210938,0.74041298
289,56,345,0.67382812,0.67536232
293,48,341,0.66601562,0.71847507
308,30,338,0.66015625,0.82248521
307,36,343,0.66992188,0.79008746
315,30,345,0.67382812,0.82608696
331,6,337,0.65820312,0.96439169
347,4,351,0.68554688,0.97720798
331,13,344,0.671875,0.9244186
325,23,348,0.6796875,0.86781609
332,20,352,0.6875,0.88636364
350,5,355,0.69335938,0.97183099
342,2,344,0.671875,0.98837209
346,0,346,0.67578125,1
342,3,345,0.67382812,0.9826087
333,7,340,0.6640625,0.95882353
341,5,346,0.67578125,0.97109827
343,5,348,0.6796875,0.97126437
333,15,348,0.6796875,0.9137931
328,9,337,0.65820312,0.94658754
339,4,343,0.66992188,0.97667638
340,16,356,0.6953125,0.91011236
346,0,346,0.67578125,1
324,26,350,0.68359375,0.85142857
353,0,353,0.68945312,1
349,0,349,0.68164062,1
358,1,359,0.70117188,0.99442897
335,8,343,0.66992188,0.95335277
347,0,347,0.67773438,1
339,6,345,0.67382812,0.96521739
346,5,351,0.68554688,0.97150997
325,23,348,0.6796875,0.86781609
347,5,352,0.6875,0.97159091
346,6,352,0.6875,0.96590909
346,10,356,0.6953125,0.94382022
331,17,348,0.6796875,0.90229885
342,7,349,0.68164062,0.95988539
343,13,356,0.6953125,0.92696629
352,0,352,0.6875,1
329,14,343,0.66992188,0.91836735
351,6,357,0.69726562,0.96638655
343,10,353,0.68945312,0.94334278
349,0,349,0.68164062,1
347,20,367,0.71679688,0.89100817
333,7,340,0.6640625,0.95882353
342,1,343,0.66992188,0.9941691
331,8,339,0.66210938,0.95280236
339,9,348,0.6796875,0.94827586
343,15,358,0.69921875,0.91620112
333,25,358,0.69921875,0.8603352
302,31,333,0.65039062,0.81381381
330,20,350,0.68359375,0.88571429
316,31,347,0.67773438,0.82132565
335,14,349,0.68164062,0.91977077
321,26,347,0.67773438,0.85014409
316,24,340,0.6640625,0.85882353
324,26,350,0.68359375,0.85142857
338,9,347,0.67773438,0.9481268
339,14,353,0.68945312,0.92067989
339,11,350,0.68359375,0.93714286
341,13,354,0.69140625,0.92655367
352,2,354,0.69140625,0.98870056
353,0,353,0.68945312,1
354,1,355,0.69335938,0.9943662
326,25,351,0.68554688,0.85754986
330,14,344,0.671875,0.91860465
355,0,355,0.69335938,1
354,1,355,0.69335938,0.9943662
351,3,354,0.69140625,0.98305085
358,3,361,0.70507812,0.9833795
346,0,346,0.67578125,1
340,9,349,0.68164062,0.94842407
329,12,341,0.66601562,0.92961877
343,4,347,0.67773438,0.97694524
339,5,344,0.671875,0.97093023
339,9,348,0.6796875,0.94827586
333,8,341,0.66601562,0.95307918
346,6,352,0.6875,0.96590909
329,21,350,0.68359375,0.88
337,18,355,0.69335938,0.89859155
350,0,350,0.68359375,1
356,7,363,0.70898438,0.96143251
346,4,350,0.68359375,0.97714286
356,0,356,0.6953125,1
340,14,354,0.69140625,0.92090395
330,14,344,0.671875,0.91860465
354,1,355,0.69335938,0.9943662
354,1,355,0.69335938,0.9943662
351,3,354,0.69140625,0.98305085
351,5,356,0.6953125,0.97191011
359,0,359,0.70117188,1
335,7,342,0.66796875,0.95906433
340,9,349,0.68164062,0.94842407
339,6,345,0.67382812,0.96521739
312,27,339,0.66210938,0.84070796
322,22,344,0.671875,0.87209302
327,15,342,0.66796875,0.9122807
311,36,347,0.67773438,0.7925072
331,22,353,0.68945312,0.87535411
335,17,352,0.6875,0.90340909
349,6,355,0.69335938,0.96619718
339,14,353,0.68945312,0.92067989
352,0,352,0.6875,1
352,4,356,0.6953125,0.97752809
349,4,353,0.68945312,0.97733711
333,16,349,0.68164062,0.90830946
348,2,350,0.68359375,0.98857143
335,9,344,0.671875,0.94767442
350,0,350,0.68359375,1
341,12,353,0.68945312,0.93201133
339,5,344,0.671875,0.97093023
335,15,350,0.68359375,0.91428571
334,5,339,0.66210938,0.97050147
333,10,343,0.66992188,0.94169096
313,27,340,0.6640625,0.84117647
323,17,340,0.6640625,0.9
326,20,346,0.67578125,0.88439306
338,14,352,0.6875,0.92045455
313,31,344,0.671875,0.81976744
348,11,359,0.70117188,0.93871866
354,5,359,0.70117188,0.97214485
351,0,351,0.68554688,1
333,4,337,0.65820312,0.97626113
326,11,337,0.65820312,0.9347181
346,9,355,0.69335938,0.94929577
347,10,357,0.69726562,0.94397759
334,12,346,0.67578125,0.93063584
330,21,351,0.68554688,0.88034188
349,5,354,0.69140625,0.97175141
337,4,341,0.66601562,0.97653959
348,7,355,0.69335938,0.96056338
328,21,349,0.68164062,0.87965616
340,3,343,0.66992188,0.98250729
342,5,347,0.67773438,0.97118156
346,7,353,0.68945312,0.96033994
350,1,351,0.68554688,0.99430199
320,26,346,0.67578125,0.84971098
332,15,347,0.67773438,0.91354467
304,46,350,0.68359375,0.73714286
325,20,345,0.67382812,0.88405797
305,29,334,0.65234375,0.82634731
336,9,345,0.67382812,0.94782609
334,14,348,0.6796875,0.91954023
310,35,345,0.67382812,0.79710145
351,6,357,0.69726562,0.96638655
348,1,349,0.68164062,0.99426934
355,3,358,0.69921875,0.98324022
352,1,353,0.68945312,0.99433428
340,7,347,0.67773438,0.95965418
334,7,341,0.66601562,0.95894428
302,37,339,0.66210938,0.78171091
326,26,352,0.6875,0.85227273
323,30,353,0.68945312,0.83002833
316,35,351,0.68554688,0.8005698
301,41,342,0.66796875,0.76023392
293,57,350,0.68359375,0.67428571
295,61,356,0.6953125,0.65730337
282,62,344,0.671875,0.63953488
319,28,347,0.67773438,0.83861671
334,17,351,0.68554688,0.9031339
343,7,350,0.68359375,0.96
327,16,343,0.66992188,0.90670554
332,22,354,0.69140625,0.87570621
352,5,357,0.69726562,0.9719888
353,10,363,0.70898438,0.94490358
323,30,353,0.68945312,0.83002833
294,45,339,0.66210938,0.73451327
295,49,344,0.671875,0.71511628
278,64,342,0.66796875,0.62573099
324,22,346,0.67578125,0.87283237
347,11,358,0.69921875,0.93854749
325,15,340,0.6640625,0.91176471
336,6,342,0.66796875,0.96491228
327,4,331,0.64648438,0.97583082
353,3,356,0.6953125,0.98314607
317,22,339,0.66210938,0.87020649
305,49,354,0.69140625,0.72316384
310,30,340,0.6640625,0.82352941
311,34,345,0.67382812,0.80289855
345,9,354,0.69140625,0.94915254
337,4,341,0.66601562,0.97653959
342,9,351,0.68554688,0.94871795
326,26,352,0.6875,0.85227273
293,56,349,0.68164062,0.67908309
301,32,333,0.65039062,0.80780781
281,63,344,0.671875,0.63372093
304,46,350,0.68359375,0.73714286
241,97,338,0.66015625,0.4260355
273,62,335,0.65429688,0.62985075
280,59,339,0.66210938,0.6519174
292,41,333,0.65039062,0.75375375
321,25,346,0.67578125,0.85549133
331,21,352,0.6875,0.88068182
333,29,362,0.70703125,0.83977901
317,40,357,0.69726562,0.77591036
327,32,359,0.70117188,0.82172702
338,19,357,0.69726562,0.89355742
338,10,348,0.6796875,0.94252874
324,20,344,0.671875,0.88372093
315,28,343,0.66992188,0.83673469
320,18,338,0.66015625,0.89349112
342,9,351,0.68554688,0.94871795
315,30,345,0.67382812,0.82608696
315,30,345,0.67382812,0.82608696
317,27,344,0.671875,0.84302326
325,21,346,0.67578125,0.87861272
320,21,341,0.66601562,0.87683284
340,13,353,0.68945312,0.92634561
356,0,356,0.6953125,1
330,0,330,0.64453125,1
350,0,350,0.68359375,1
340,3,343,0.66992188,0.98250729
330,21,351,0.68554688,0.88034188
335,21,356,0.6953125,0.88202247
337,6,343,0.66992188,0.96501458
321,19,340,0.6640625,0.88823529
348,8,356,0.6953125,0.95505618
337,21,358,0.69921875,0.88268156
313,25,338,0.66015625,0.85207101
314,42,356,0.6953125,0.76404494
332,23,355,0.69335938,0.87042254
329,17,346,0.67578125,0.9017341
329,30,359,0.70117188,0.83286908
333,26,359,0.70117188,0.8551532
338,7,345,0.67382812,0.95942029
344,10,354,0.69140625,0.94350282
305,37,342,0.66796875,0.78362573
316,36,352,0.6875,0.79545455
324,21,345,0.67382812,0.87826087
328,18,346,0.67578125,0.89595376
350,2,352,0.6875,0.98863636
356,1,357,0.69726562,0.99439776
327,17,344,0.671875,0.90116279
343,15,358,0.69921875,0.91620112
341,18,359,0.70117188,0.89972145
332,13,345,0.67382812,0.92463768
339,14,353,0.68945312,0.92067989
326,21,347,0.67773438,0.87896254
342,3,345,0.67382812,0.9826087
342,9,351,0.68554688,0.94871795
347,3,350,0.68359375,0.98285714
328,16,344,0.671875,0.90697674
326,23,349,0.68164062,0.86819484
310,43,353,0.68945312,0.75637394
308,40,348,0.6796875,0.77011494
322,34,356,0.6953125,0.80898876
325,24,349,0.68164062,0.86246418
333,10,343,0.66992188,0.94169096
348,2,350,0.68359375,0.98857143
356,0,356,0.6953125,1
346,1,347,0.67773438,0.99423631
341,5,346,0.67578125,0.97109827
338,7,345,0.67382812,0.95942029
340,9,349,0.68164062,0.94842407
331,7,338,0.66015625,0.95857988
349,7,356,0.6953125,0.96067416
342,1,343,0.66992188,0.9941691
352,5,357,0.69726562,0.9719888
341,2,343,0.66992188,0.98833819
334,10,344,0.671875,0.94186047
347,6,353,0.68945312,0.96600567
343,2,345,0.67382812,0.9884058
347,3,350,0.68359375,0.98285714
344,2,346,0.67578125,0.98843931
349,0,349,0.68164062,1
336,3,339,0.66210938,0.98230088
344,4,348,0.6796875,0.97701149
346,6,352,0.6875,0.96590909
357,5,362,0.70703125,0.97237569
354,0,354,0.69140625,1
341,0,341,0.66601562,1
348,6,354,0.69140625,0.96610169
346,3,349,0.68164062,0.98280802
355,0,355,0.69335938,1
340,3,343,0.66992188,0.98250729
351,0,351,0.68554688,1
347,0,347,0.67773438,1
342,6,348,0.6796875,0.96551724
329,9,338,0.66015625,0.94674556
325,23,348,0.6796875,0.86781609
347,0,347,0.67773438,1
343,5,348,0.6796875,0.97126437
352,2,354,0.69140625,0.98870056
354,2,356,0.6953125,0.98876404
347,1,348,0.6796875,0.99425287
359,0,359,0.70117188,1
349,3,352,0.6875,0.98295455
334,10,344,0.671875,0.94186047
338,5,343,0.66992188,0.97084548
335,7,342,0.66796875,0.95906433
347,5,352,0.6875,0.97159091
357,0,357,0.69726562,1
347,11,358,0.69921875,0.93854749
341,10,351,0.68554688,0.94301994
347,12,359,0.70117188,0.93314763
318,24,342,0.66796875,0.85964912
332,11,343,0.66992188,0.93586006
320,31,351,0.68554688,0.82336182
333,9,342,0.66796875,0.94736842
336,10,346,0.67578125,0.94219653
358,1,359,0.70117188,0.99442897
348,3,351,0.68554688,0.98290598
338,4,342,0.66796875,0.97660819
331,7,338,0.66015625,0.95857988
352,6,358,0.69921875,0.96648045
338,14,352,0.6875,0.92045455
325,14,339,0.66210938,0.91740413
322,25,347,0.67773438,0.85590778
313,37,350,0.68359375,0.78857143
322,32,354,0.69140625,0.81920904
308,38,346,0.67578125,0.78034682
325,20,345,0.67382812,0.88405797
321,28,349,0.68164062,0.83954155
331,13,344,0.671875,0.9244186
328,19,347,0.67773438,0.89048991
334,7,341,0.66601562,0.95894428
336,4,340,0.6640625,0.97647059
344,11,355,0.69335938,0.93802817
321,17,338,0.66015625,0.89940828
341,13,354,0.69140625,0.92655367
335,13,348,0.6796875,0.92528736
324,24,348,0.6796875,0.86206897
345,7,352,0.6875,0.96022727
360,1,361,0.70507812,0.99445983
340,13,353,0.68945312,0.92634561
323,12,335,0.65429688,0.92835821
338,14,352,0.6875,0.92045455
334,4,338,0.66015625,0.97633136
347,8,355,0.69335938,0.95492958
356,3,359,0.70117188,0.98328691
345,0,345,0.67382812,1
354,1,355,0.69335938,0.9943662
340,12,352,0.6875,0.93181818
338,6,344,0.671875,0.96511628
338,7,345,0.67382812,0.95942029
339,16,355,0.69335938,0.90985915
324,13,337,0.65820312,0.92284866
354,2,356,0.6953125,0.98876404
353,0,353,0.68945312,1
337,8,345,0.67382812,0.95362319
350,3,353,0.68945312,0.98300283
343,4,347,0.67773438,0.97694524
356,0,356,0.6953125,1
341,8,349,0.68164062,0.95415473
352,0,352,0.6875,1
352,13,365,0.71289062,0.92876712
317,24,341,0.66601562,0.85923754
339,7,346,0.67578125,0.95953757
349,0,349,0.68164062,1
364,0,364,0.7109375,1
353,8,361,0.70507812,0.95567867
332,13,345,0.67382812,0.92463768
337,16,353,0.68945312,0.90934844
326,29,355,0.69335938,0.83661972
319,33,352,0.6875,0.8125
302,50,352,0.6875,0.71590909
324,27,351,0.68554688,0.84615385
314,26,340,0.6640625,0.84705882
322,24,346,0.67578125,0.86127168
322,28,350,0.68359375,0.84
320,17,337,0.65820312,0.89910979
318,27,345,0.67382812,0.84347826
332,21,353,0.68945312,0.88101983
326,23,349,0.68164062,0.86819484
314,31,345,0.67382812,0.82028986
280,66,346,0.67578125,0.61849711
304,47,351,0.68554688,0.73219373
285,53,338,0.66015625,0.68639053
328,27,355,0.69335938,0.84788732
316,27,343,0.66992188,0.8425656
341,11,352,0.6875,0.9375
327,16,343,0.66992188,0.90670554
331,16,347,0.67773438,0.90778098
349,1,350,0.68359375,0.99428571
345,7,352,0.6875,0.96022727
337,24,361,0.70507812,0.86703601
320,32,352,0.6875,0.81818182
325,19,344,0.671875,0.88953488
358,0,358,0.69921875,1
341,1,342,0.66796875,0.99415205
342,13,355,0.69335938,0.92676056
327,17,344,0.671875,0.90116279
342,7,349,0.68164062,0.95988539
332,17,349,0.68164062,0.9025788
341,8,349,0.68164062,0.95415473
341,2,343,0.66992188,0.98833819
341,6,347,0.67773438,0.96541787
347,0,347,0.67773438,1
341,2,343,0.66992188,0.98833819
333,5,338,0.66015625,0.9704142
355,3,358,0.69921875,0.98324022
348,1,349,0.68164062,0.99426934
357,0,357,0.69726562,1
353,6,359,0.70117188,0.96657382
359,1,360,0.703125,0.99444444
366,2,368,0.71875,0.98913043
331,18,349,0.68164062,0.89684814
325,21,346,0.67578125,0.87861272
343,9,352,0.6875,0.94886364
353,4,357,0.69726562,0.97759104
349,1,350,0.68359375,0.99428571
349,9,358,0.69921875,0.94972067
329,18,347,0.67773438,0.8962536
336,9,345,0.67382812,0.94782609
316,15,331,0.64648438,0.90936556
345,10,355,0.69335938,0.94366197
315,29,344,0.671875,0.83139535
335,13,348,0.6796875,0.92528736
353,0,353,0.68945312,1
346,3,349,0.68164062,0.98280802
334,12,346,0.67578125,0.93063584
334,14,348,0.6796875,0.91954023
332,13,345,0.67382812,0.92463768
353,9,362,0.70703125,0.95027624
352,0,352,0.6875,1
328,10,338,0.66015625,0.9408284
335,1,336,0.65625,0.99404762
335,16,351,0.68554688,0.90883191
331,24,355,0.69335938,0.86478873
333,3,336,0.65625,0.98214286
347,0,347,0.67773438,1
336,9,345,0.67382812,0.94782609
331,15,346,0.67578125,0.9132948
348,0,348,0.6796875,1
348,0,348,0.6796875,1
357,0,357,0.69726562,1
348,0,348,0.6796875,1
351,10,361,0.70507812,0.94459834
344,4,348,0.6796875,0.97701149
333,9,342,0.66796875,0.94736842
345,3,348,0.6796875,0.98275862
333,19,352,0.6875,0.89204545
337,15,352,0.6875,0.91477273
346,4,350,0.68359375,0.97714286
348,1,349,0.68164062,0.99426934
335,13,348,0.6796875,0.92528736
351,5,356,0.6953125,0.97191011
330,22,352,0.6875,0.875
325,16,341,0.66601562,0.90615836
330,18,348,0.6796875,0.89655172
328,21,349,0.68164062,0.87965616
329,29,358,0.69921875,0.83798883
319,25,344,0.671875,0.85465116
318,27,345,0.67382812,0.84347826
297,48,345,0.67382812,0.72173913
304,46,350,0.68359375,0.73714286
325,21,346,0.67578125,0.87861272
322,27,349,0.68164062,0.84527221
309,29,338,0.66015625,0.82840237
344,3,347,0.67773438,0.98270893
345,4,349,0.68164062,0.97707736
349,5,354,0.69140625,0.97175141
346,6,352,0.6875,0.96590909
353,4,357,0.69726562,0.97759104
331,8,339,0.66210938,0.95280236
355,2,357,0.69726562,0.98879552
332,12,344,0.671875,0.93023256
347,3,350,0.68359375,0.98285714
347,0,347,0.67773438,1
344,2,346,0.67578125,0.98843931
330,15,345,0.67382812,0.91304348
348,4,352,0.6875,0.97727273
356,0,356,0.6953125,1
339,11,350,0.68359375,0.93714286
321,21,342,0.66796875,0.87719298
336,13,349,0.68164062,0.92550143
331,27,358,0.69921875,0.84916201
299,31,330,0.64453125,0.81212121
247,96,343,0.66992188,0.44023324
231,105,336,0.65625,0.375
252,89,341,0.66601562,0.47800587
269,71,340,0.6640625,0.58235294
234,100,334,0.65234375,0.4011976
220,114,334,0.65234375,0.31736527
258,91,349,0.68164062,0.47851003
267,89,356,0.6953125,0.5
316,37,353,0.68945312,0.79036827
315,24,339,0.66210938,0.85840708
324,15,339,0.66210938,0.91150442
325,19,344,0.671875,0.88953488
333,10,343,0.66992188,0.94169096
329,14,343,0.66992188,0.91836735
336,14,350,0.68359375,0.92
331,19,350,0.68359375,0.89142857
317,35,352,0.6875,0.80113636
347,7,354,0.69140625,0.96045198
343,1,344,0.671875,0.99418605
352,0,352,0.6875,1
322,28,350,0.68359375,0.84
354,7,361,0.70507812,0.96121884
347,1,348,0.6796875,0.99425287
333,14,347,0.67773438,0.91930836
334,11,345,0.67382812,0.93623188
317,27,344,0.671875,0.84302326
337,12,349,0.68164062,0.93123209
337,13,350,0.68359375,0.92571429
316,18,334,0.65234375,0.89221557
317,25,342,0.66796875,0.85380117
304,41,345,0.67382812,0.76231884
315,23,338,0.66015625,0.86390533
332,12,344,0.671875,0.93023256
347,7,354,0.69140625,0.96045198
337,8,345,0.67382812,0.95362319
351,3,354,0.69140625,0.98305085
346,2,348,0.6796875,0.98850575
324,22,346,0.67578125,0.87283237
332,14,346,0.67578125,0.91907514
336,12,348,0.6796875,0.93103448
337,21,358,0.69921875,0.88268156
322,17,339,0.66210938,0.89970501
344,15,359,0.70117188,0.91643454
340,7,347,0.67773438,0.95965418
338,10,348,0.6796875,0.94252874
330,7,337,0.65820312,0.95845697
333,13,346,0.67578125,0.92485549
361,0,361,0.70507812,1
339,15,354,0.69140625,0.91525424
333,18,351,0.68554688,0.8974359
335,16,351,0.68554688,0.90883191
352,10,362,0.70703125,0.94475138
333,4,337,0.65820312,0.97626113
335,13,348,0.6796875,0.92528736
348,6,354,0.69140625,0.96610169
339,8,347,0.67773438,0.95389049
319,23,342,0.66796875,0.86549708
321,32,353,0.68945312,0.81869688
328,17,345,0.67382812,0.90144928
336,14,350,0.68359375,0.92
325,9,334,0.65234375,0.94610778
332,30,362,0.70703125,0.83425414
307,40,347,0.67773438,0.76945245
294,36,330,0.64453125,0.78181818
316,18,334,0.65234375,0.89221557
297,36,333,0.65039062,0.78378378
317,13,330,0.64453125,0.92121212
348,4,352,0.6875,0.97727273
340,4,344,0.671875,0.97674419
338,6,344,0.671875,0.96511628
339,11,350,0.68359375,0.93714286
332,15,347,0.67773438,0.91354467
335,9,344,0.671875,0.94767442
330,11,341,0.66601562,0.93548387
350,5,355,0.69335938,0.97183099
339,10,349,0.68164062,0.94269341
357,0,357,0.69726562,1
339,12,351,0.68554688,0.93162393
346,5,351,0.68554688,0.97150997
332,14,346,0.67578125,0.91907514
331,18,349,0.68164062,0.89684814
357,0,357,0.69726562,1
351,2,353,0.68945312,0.98866856
353,4,357,0.69726562,0.97759104
318,17,335,0.65429688,0.89850746
327,12,339,0.66210938,0.92920354
326,23,349,0.68164062,0.86819484
324,28,352,0.6875,0.84090909
350,4,354,0.69140625,0.97740113
334,7,341,0.66601562,0.95894428
335,19,354,0.69140625,0.89265537
334,14,348,0.6796875,0.91954023
348,3,351,0.68554688,0.98290598
345,1,346,0.67578125,0.99421965
353,4,357,0.69726562,0.97759104
353,2,355,0.69335938,0.98873239
351,0,351,0.68554688,1
338,10,348,0.6796875,0.94252874
326,26,352,0.6875,0.85227273
330,14,344,0.671875,0.91860465
347,0,347,0.67773438,1
345,8,353,0.68945312,0.95467422
343,1,344,0.671875,0.99418605
350,1,351,0.68554688,0.99430199
332,10,342,0.66796875,0.94152047
353,0,353,0.68945312,1
339,15,354,0.69140625,0.91525424
327,22,349,0.68164062,0.8739255
336,8,344,0.671875,0.95348837
349,5,354,0.69140625,0.97175141
337,2,339,0.66210938,0.98820059
347,2,349,0.68164062,0.98853868
347,3,350,0.68359375,0.98285714
339,7,346,0.67578125,0.95953757
338,11,349,0.68164062,0.93696275
339,13,352,0.6875,0.92613636
338,10,348,0.6796875,0.94252874
326,15,341,0.66601562,0.91202346
336,5,341,0.66601562,0.97067449
329,24,353,0.68945312,0.86402266
340,6,346,0.67578125,0.96531792
335,14,349,0.68164062,0.91977077
327,14,341,0.66601562,0.91788856
346,8,354,0.69140625,0.95480226
359,1,360,0.703125,0.99444444
354,5,359,0.70117188,0.97214485
336,20,356,0.6953125,0.88764045
342,12,354,0.69140625,0.93220339
339,10,349,0.68164062,0.94269341
351,3,354,0.69140625,0.98305085
326,18,344,0.671875,0.89534884
318,23,341,0.66601562,0.86510264
338,15,353,0.68945312,0.91501416
300,43,343,0.66992188,0.74927114
348,16,364,0.7109375,0.91208791
328,14,342,0.66796875,0.91812865
320,22,342,0.66796875,0.87134503
316,38,354,0.69140625,0.78531073
292,59,351,0.68554688,0.66381766
278,65,343,0.66992188,0.62099125
254,86,340,0.6640625,0.49411765
264,78,342,0.66796875,0.54385965
262,89,351,0.68554688,0.49287749
253,82,335,0.65429688,0.51044776
253,76,329,0.64257812,0.53799392
261,78,339,0.66210938,0.53982301
217,117,334,0.65234375,0.2994012
236,103,339,0.66210938,0.39233038
259,83,342,0.66796875,0.51461988
279,73,352,0.6875,0.58522727
289,59,348,0.6796875,0.66091954
267,80,347,0.67773438,0.5389049
266,79,345,0.67382812,0.54202899
286,54,340,0.6640625,0.68235294
279,59,338,0.66015625,0.65088757
320,30,350,0.68359375,0.82857143
314,41,355,0.69335938,0.76901408
317,28,345,0.67382812,0.83768116
331,20,351,0.68554688,0.88603989
330,16,346,0.67578125,0.90751445
341,18,359,0.70117188,0.89972145
346,0,346,0.67578125,1
341,12,353,0.68945312,0.93201133
345,7,352,0.6875,0.96022727
346,0,346,0.67578125,1
344,10,354,0.69140625,0.94350282
348,7,355,0.69335938,0.96056338
334,11,345,0.67382812,0.93623188
330,6,336,0.65625,0.96428571
350,7,357,0.69726562,0.96078431
336,11,347,0.67773438,0.93659942
344,8,352,0.6875,0.95454545
334,14,348,0.6796875,0.91954023
345,7,352,0.6875,0.96022727
322,17,339,0.66210938,0.89970501
321,23,344,0.671875,0.86627907
335,16,351,0.68554688,0.90883191
340,11,351,0.68554688,0.93732194
352,3,355,0.69335938,0.98309859
360,0,360,0.703125,1
350,3,353,0.68945312,0.98300283
347,5,352,0.6875,0.97159091
334,10,344,0.671875,0.94186047
338,12,350,0.68359375,0.93142857
329,23,352,0.6875,0.86931818
325,26,351,0.68554688,0.85185185
341,13,354,0.69140625,0.92655367
326,23,349,0.68164062,0.86819484
323,31,354,0.69140625,0.82485876
318,23,341,0.66601562,0.86510264
300,53,353,0.68945312,0.69971671
318,40,358,0.69921875,0.77653631
332,6,338,0.66015625,0.96449704
352,6,358,0.69921875,0.96648045
339,3,342,0.66796875,0.98245614
321,21,342,0.66796875,0.87719298
328,7,335,0.65429688,0.95820896
340,16,356,0.6953125,0.91011236
338,18,356,0.6953125,0.8988764
348,18,366,0.71484375,0.90163934
321,24,345,0.67382812,0.86086957
343,1,344,0.671875,0.99418605
323,22,345,0.67382812,0.87246377
305,39,344,0.671875,0.77325581
284,54,338,0.66015625,0.68047337
292,43,335,0.65429688,0.74328358
314,31,345,0.67382812,0.82028986
327,26,353,0.68945312,0.85269122
319,28,347,0.67773438,0.83861671
327,30,357,0.69726562,0.83193277
309,26,335,0.65429688,0.84477612
340,11,351,0.68554688,0.93732194
329,21,350,0.68359375,0.88
333,19,352,0.6875,0.89204545
339,14,353,0.68945312,0.92067989
348,9,357,0.69726562,0.94957983
340,11,351,0.68554688,0.93732194
341,8,349,0.68164062,0.95415473
319,19,338,0.66015625,0.88757396
355,2,357,0.69726562,0.98879552
344,8,352,0.6875,0.95454545
345,3,348,0.6796875,0.98275862
341,0,341,0.66601562,1
319,21,340,0.6640625,0.87647059
343,13,356,0.6953125,0.92696629
315,24,339,0.66210938,0.85840708
351,0,351,0.68554688,1
351,1,352,0.6875,0.99431818
331,7,338,0.66015625,0.95857988
330,14,344,0.671875,0.91860465
335,7,342,0.66796875,0.95906433
330,20,350,0.68359375,0.88571429
327,27,354,0.69140625,0.84745763
301,40,341,0.66601562,0.76539589
316,35,351,0.68554688,0.8005698
317,20,337,0.65820312,0.88130564
318,37,355,0.69335938,0.7915493
322,34,356,0.6953125,0.80898876
289,59,348,0.6796875,0.66091954
299,49,348,0.6796875,0.7183908
312,34,346,0.67578125,0.80346821
319,29,348,0.6796875,0.83333333
313,37,350,0.68359375,0.78857143
327,23,350,0.68359375,0.86857143
340,10,350,0.68359375,0.94285714
318,23,341,0.66601562,0.86510264
320,26,346,0.67578125,0.84971098
313,33,346,0.67578125,0.80924855
310,27,337,0.65820312,0.83976261
307,35,342,0.66796875,0.79532164
300,43,343,0.66992188,0.74927114
341,8,349,0.68164062,0.95415473
357,11,368,0.71875,0.94021739
342,9,351,0.68554688,0.94871795
347,1,348,0.6796875,0.99425287
341,5,346,0.67578125,0.97109827
329,22,351,0.68554688,0.87464387
296,49,345,0.67382812,0.71594203
301,42,343,0.66992188,0.75510204
317,28,345,0.67382812,0.83768116
322,36,358,0.69921875,0.79888268
315,38,353,0.68945312,0.78470255
298,45,343,0.66992188,0.73760933
270,67,337,0.65820312,0.60237389
284,60,344,0.671875,0.65116279
289,42,331,0.64648438,0.74622356
311,37,348,0.6796875,0.78735632
297,52,349,0.68164062,0.70200573
300,48,348,0.6796875,0.72413793
298,29,327,0.63867188,0.82262997
335,12,347,0.67773438,0.93083573
351,2,353,0.68945312,0.98866856
345,9,354,0.69140625,0.94915254
313,27,340,0.6640625,0.84117647
340,14,354,0.69140625,0.92090395
352,3,355,0.69335938,0.98309859
361,0,361,0.70507812,1
359,1,360,0.703125,0.99444444
332,8,340,0.6640625,0.95294118
335,0,335,0.65429688,1
337,7,344,0.671875,0.95930233
344,17,361,0.70507812,0.90581717
343,1,344,0.671875,0.99418605
349,3,352,0.6875,0.98295455
352,5,357,0.69726562,0.9719888
337,6,343,0.66992188,0.96501458
340,6,346,0.67578125,0.96531792
357,0,357,0.69726562,1
344,2,346,0.67578125,0.98843931
334,15,349,0.68164062,0.91404011
336,6,342,0.66796875,0.96491228
344,7,351,0.68554688,0.96011396
338,6,344,0.671875,0.96511628
346,6,352,0.6875,0.96590909
344,9,353,0.68945312,0.9490085
346,12,358,0.69921875,0.93296089
330,16,346,0.67578125,0.90751445
348,1,349,0.68164062,0.99426934
338,10,348,0.6796875,0.94252874
357,0,357,0.69726562,1
340,5,345,0.67382812,0.97101449
356,2,358,0.69921875,0.98882682
334,12,346,0.67578125,0.93063584
335,20,355,0.69335938,0.88732394
319,26,345,0.67382812,0.84927536
325,23,348,0.6796875,0.86781609
338,18,356,0.6953125,0.8988764
334,20,354,0.69140625,0.88700565
330,12,342,0.66796875,0.92982456
346,6,352,0.6875,0.96590909
340,8,348,0.6796875,0.95402299
342,2,344,0.671875,0.98837209
344,0,344,0.671875,1
339,12,351,0.68554688,0.93162393
348,3,351,0.68554688,0.98290598
349,2,351,0.68554688,0.98860399
343,13,356,0.6953125,0.92696629
333,12,345,0.67382812,0.93043478
345,9,354,0.69140625,0.94915254
348,5,353,0.68945312,0.97167139
340,7,347,0.67773438,0.95965418
343,9,352,0.6875,0.94886364
339,8,347,0.67773438,0.95389049
361,0,361,0.70507812,1
349,2,351,0.68554688,0.98860399
331,21,352,0.6875,0.88068182
338,14,352,0.6875,0.92045455
358,2,360,0.703125,0.98888889
344,2,346,0.67578125,0.98843931
361,0,361,0.70507812,1
343,5,348,0.6796875,0.97126437
335,18,353,0.68945312,0.898017
309,36,345,0.67382812,0.79130435
313,37,350,0.68359375,0.78857143
309,34,343,0.66992188,0.80174927
295,44,339,0.66210938,0.74041298
292,48,340,0.6640625,0.71764706
285,51,336,0.65625,0.69642857
307,32,339,0.66210938,0.81120944
334,13,347,0.67773438,0.92507205
348,5,353,0.68945312,0.97167139
333,12,345,0.67382812,0.93043478
348,6,354,0.69140625,0.96610169
348,5,353,0.68945312,0.97167139
338,2,340,0.6640625,0.98823529
339,2,341,0.66601562,0.98826979
344,7,351,0.68554688,0.96011396
325,11,336,0.65625,0.93452381
350,0,350,0.68359375,1
350,2,352,0.6875,0.98863636
331,12,343,0.66992188,0.93002915
347,4,351,0.68554688,0.97720798
331,10,341,0.66601562,0.94134897
335,6,341,0.66601562,0.96480938
349,0,349,0.68164062,1
361,0,361,0.70507812,1
344,8,352,0.6875,0.95454545
336,2,338,0.66015625,0.98816568
353,4,357,0.69726562,0.97759104
334,13,347,0.67773438,0.92507205
338,7,345,0.67382812,0.95942029
336,16,352,0.6875,0.90909091
352,11,363,0.70898438,0.93939394
350,9,359,0.70117188,0.94986072
342,10,352,0.6875,0.94318182
351,9,360,0.703125,0.95
321,26,347,0.67773438,0.85014409
329,11,340,0.6640625,0.93529412
322,20,342,0.66796875,0.88304094
334,25,359,0.70117188,0.86072423
343,11,354,0.69140625,0.93785311
322,23,345,0.67382812,0.86666667
343,8,351,0.68554688,0.95441595
315,18,333,0.65039062,0.89189189
328,16,344,0.671875,0.90697674
301,45,346,0.67578125,0.73988439
302,44,346,0.67578125,0.74566474
297,49,346,0.67578125,0.71676301
288,58,346,0.67578125,0.66473988
300,51,351,0.68554688,0.70940171
315,35,350,0.68359375,0.8
309,28,337,0.65820312,0.83382789
329,17,346,0.67578125,0.9017341
320,18,338,0.66015625,0.89349112
316,22,338,0.66015625,0.86982249
337,7,344,0.671875,0.95930233
325,5,330,0.64453125,0.96969697
345,6,351,0.68554688,0.96581197
346,0,346,0.67578125,1
354,0,354,0.69140625,1
335,8,343,0.66992188,0.95335277
359,0,359,0.70117188,1
339,8,347,0.67773438,0.95389049
338,6,344,0.671875,0.96511628
331,6,337,0.65820312,0.96439169
338,19,357,0.69726562,0.89355742
336,9,345,0.67382812,0.94782609
330,5,335,0.65429688,0.97014925
336,11,347,0.67773438,0.93659942
332,7,339,0.66210938,0.95870206
336,1,337,0.65820312,0.99406528
347,2,349,0.68164062,0.98853868
361,1,362,0.70703125,0.99447514
332,17,349,0.68164062,0.9025788
350,9,359,0.70117188,0.94986072
348,0,348,0.6796875,1
329,15,344,0.671875,0.9127907
340,8,348,0.6796875,0.95402299
353,2,355,0.69335938,0.98873239
328,16,344,0.671875,0.90697674
327,16,343,0.66992188,0.90670554
326,10,336,0.65625,0.94047619
304,28,332,0.6484375,0.8313253
344,10,354,0.69140625,0.94350282
355,0,355,0.69335938,1
346,5,351,0.68554688,0.97150997
332,16,348,0.6796875,0.90804598
327,8,335,0.65429688,0.95223881
358,0,358,0.69921875,1
348,3,351,0.68554688,0.98290598
342,11,353,0.68945312,0.93767705
344,13,357,0.69726562,0.92717087
320,9,329,0.64257812,0.94528875
339,1,340,0.6640625,0.99411765
354,10,364,0.7109375,0.94505495
335,19,354,0.69140625,0.89265537
339,10,349,0.68164062,0.94269341
343,7,350,0.68359375,0.96
322,25,347,0.67773438,0.85590778
325,16,341,0.66601562,0.90615836
333,16,349,0.68164062,0.90830946
332,6,338,0.66015625,0.96449704
352,1,353,0.68945312,0.99433428
343,3,346,0.67578125,0.98265896
345,0,345,0.67382812,1
347,7,354,0.69140625,0.96045198
325,12,337,0.65820312,0.92878338
318,29,347,0.67773438,0.83285303
330,31,361,0.70507812,0.82825485
312,36,348,0.6796875,0.79310345
281,58,339,0.66210938,0.65781711
291,48,339,0.66210938,0.71681416
324,25,349,0.68164062,0.85673352
320,32,352,0.6875,0.81818182
322,31,353,0.68945312,0.82436261
301,31,332,0.6484375,0.81325301
321,20,341,0.66601562,0.88269795
325,20,345,0.67382812,0.88405797
343,2,345,0.67382812,0.9884058
343,8,351,0.68554688,0.95441595
319,23,342,0.66796875,0.86549708
331,12,343,0.66992188,0.93002915
332,13,345,0.67382812,0.92463768
345,6,351,0.68554688,0.96581197
344,7,351,0.68554688,0.96011396
327,10,337,0.65820312,0.94065282
351,5,356,0.6953125,0.97191011
359,0,359,0.70117188,1
330,8,338,0.66015625,0.95266272
317,27,344,0.671875,0.84302326
323,26,349,0.68164062,0.85100287
332,14,346,0.67578125,0.91907514
350,0,350,0.68359375,1
362,0,362,0.70703125,1
340,0,340,0.6640625,1
355,10,365,0.71289062,0.94520548
343,5,348,0.6796875,0.97126437
342,7,349,0.68164062,0.95988539
329,16,345,0.67382812,0.90724638
276,57,333,0.65039062,0.65765766
321,37,358,0.69921875,0.79329609
323,29,352,0.6875,0.83522727
347,10,357,0.69726562,0.94397759
347,7,354,0.69140625,0.96045198
339,4,343,0.66992188,0.97667638
339,12,351,0.68554688,0.93162393
351,8,359,0.70117188,0.95543175
338,15,353,0.68945312,0.91501416
336,13,349,0.68164062,0.92550143
347,1,348,0.6796875,0.99425287
346,1,347,0.67773438,0.99423631
349,4,353,0.68945312,0.97733711
344,4,348,0.6796875,0.97701149
333,8,341,0.66601562,0.95307918
362,0,362,0.70703125,1
344,3,347,0.67773438,0.98270893
344,0,344,0.671875,1
338,14,352,0.6875,0.92045455
319,22,341,0.66601562,0.87096774
350,8,358,0.69921875,0.95530726
349,7,356,0.6953125,0.96067416
328,18,346,0.67578125,0.89595376
333,15,348,0.6796875,0.9137931
335,11,346,0.67578125,0.93641618
336,11,347,0.67773438,0.93659942
362,0,362,0.70703125,1
344,5,349,0.68164062,0.9713467
332,10,342,0.66796875,0.94152047
339,5,344,0.671875,0.97093023
345,6,351,0.68554688,0.96581197
314,29,343,0.66992188,0.83090379
301,42,343,0.66992188,0.75510204
320,25,345,0.67382812,0.85507246
329,17,346,0.67578125,0.9017341
348,1,349,0.68164062,0.99426934
367,0,367,0.71679688,1
340,5,345,0.67382812,0.97101449
340,8,348,0.6796875,0.95402299
318,16,334,0.65234375,0.90419162
338,10,348,0.6796875,0.94252874
346,2,348,0.6796875,0.98850575
324,18,342,0.66796875,0.89473684
302,31,333,0.65039062,0.81381381
337,14,351,0.68554688,0.92022792
351,2,353,0.68945312,0.98866856
340,11,351,0.68554688,0.93732194
362,0,362,0.70703125,1
335,20,355,0.69335938,0.88732394
300,36,336,0.65625,0.78571429
341,5,346,0.67578125,0.97109827
359,0,359,0.70117188,1
340,12,352,0.6875,0.93181818
359,0,359,0.70117188,1
338,11,349,0.68164062,0.93696275
355,8,363,0.70898438,0.95592287
339,9,348,0.6796875,0.94827586
349,10,359,0.70117188,0.94428969
344,8,352,0.6875,0.95454545
328,12,340,0.6640625,0.92941176
345,11,356,0.6953125,0.93820225
344,10,354,0.69140625,0.94350282
339,13,352,0.6875,0.92613636
328,23,351,0.68554688,0.86894587
334,12,346,0.67578125,0.93063584
345,8,353,0.68945312,0.95467422
347,17,364,0.7109375,0.90659341
350,10,360,0.703125,0.94444444
330,17,347,0.67773438,0.90201729
333,10,343,0.66992188,0.94169096
328,26,354,0.69140625,0.85310734
318,27,345,0.67382812,0.84347826
294,41,335,0.65429688,0.75522388
303,29,332,0.6484375,0.8253012
333,17,350,0.68359375,0.90285714
298,42,340,0.6640625,0.75294118
324,26,350,0.68359375,0.85142857
327,15,342,0.66796875,0.9122807
344,8,352,0.6875,0.95454545
348,3,351,0.68554688,0.98290598
332,17,349,0.68164062,0.9025788
325,19,344,0.671875,0.88953488
315,21,336,0.65625,0.875
333,11,344,0.671875,0.93604651
335,17,352,0.6875,0.90340909
327,17,344,0.671875,0.90116279
295,42,337,0.65820312,0.75074184
321,24,345,0.67382812,0.86086957
347,4,351,0.68554688,0.97720798
335,17,352,0.6875,0.90340909
331,9,340,0.6640625,0.94705882
346,5,351,0.68554688,0.97150997
332,12,344,0.671875,0.93023256
331,20,351,0.68554688,0.88603989
347,5,352,0.6875,0.97159091
333,6,339,0.66210938,0.96460177
350,0,350,0.68359375,1
345,3,348,0.6796875,0.98275862
329,5,334,0.65234375,0.97005988
353,0,353,0.68945312,1
346,5,351,0.68554688,0.97150997
329,15,344,0.671875,0.9127907
360,0,360,0.703125,1
348,1,349,0.68164062,0.99426934
341,0,341,0.66601562,1
332,6,338,0.66015625,0.96449704
327,17,344,0.671875,0.90116279
347,5,352,0.6875,0.97159091
338,11,349,0.68164062,0.93696275
351,0,351,0.68554688,1
346,9,355,0.69335938,0.94929577
321,16,337,0.65820312,0.90504451
319,13,332,0.6484375,0.92168675
335,26,361,0.70507812,0.85595568
333,16,349,0.68164062,0.90830946
320,32,352,0.6875,0.81818182
346,14,360,0.703125,0.92222222
351,2,353,0.68945312,0.98866856
322,19,341,0.66601562,0.88856305
351,3,354,0.69140625,0.98305085
346,9,355,0.69335938,0.94929577
325,19,344,0.671875,0.88953488
328,10,338,0.66015625,0.9408284
315,36,351,0.68554688,0.79487179
327,12,339,0.66210938,0.92920354
353,0,353,0.68945312,1
341,10,351,0.68554688,0.94301994
332,11,343,0.66992188,0.93586006
347,6,353,0.68945312,0.96600567
351,0,351,0.68554688,1
339,16,355,0.69335938,0.90985915
330,15,345,0.67382812,0.91304348
327,20,347,0.67773438,0.88472622
328,16,344,0.671875,0.90697674
315,23,338,0.66015625,0.86390533
308,36,344,0.671875,0.79069767
326,13,339,0.66210938,0.92330383
348,4,352,0.6875,0.97727273
351,4,355,0.69335938,0.97746479
334,13,347,0.67773438,0.92507205
340,5,345,0.67382812,0.97101449
354,3,357,0.69726562,0.98319328
358,4,362,0.70703125,0.97790055
340,0,340,0.6640625,1
343,5,348,0.6796875,0.97126437
344,9,353,0.68945312,0.9490085
357,1,358,0.69921875,0.99441341
348,6,354,0.69140625,0.96610169
364,0,364,0.7109375,1
345,8,353,0.68945312,0.95467422
330,8,338,0.66015625,0.95266272
344,3,347,0.67773438,0.98270893
358,2,360,0.703125,0.98888889
347,2,349,0.68164062,0.98853868
338,12,350,0.68359375,0.93142857
336,6,342,0.66796875,0.96491228
332,8,340,0.6640625,0.95294118
327,21,348,0.6796875,0.87931034
331,16,347,0.67773438,0.90778098
330,8,338,0.66015625,0.95266272
328,18,346,0.67578125,0.89595376
315,27,342,0.66796875,0.84210526
326,16,342,0.66796875,0.90643275
332,14,346,0.67578125,0.91907514
340,20,360,0.703125,0.88888889
325,19,344,0.671875,0.88953488
334,14,348,0.6796875,0.91954023
324,21,345,0.67382812,0.87826087
357,0,357,0.69726562,1
352,0,352,0.6875,1
350,1,351,0.68554688,0.99430199
337,11,348,0.6796875,0.93678161
356,5,361,0.70507812,0.97229917
342,6,348,0.6796875,0.96551724
341,8,349,0.68164062,0.95415473
347,2,349,0.68164062,0.98853868
349,1,350,0.68359375,0.99428571
344,11,355,0.69335938,0.93802817
349,11,360,0.703125,0.93888889
338,18,356,0.6953125,0.8988764
333,14,347,0.67773438,0.91930836
355,0,355,0.69335938,1
361,0,361,0.70507812,1
341,2,343,0.66992188,0.98833819
339,14,353,0.68945312,0.92067989
314,26,340,0.6640625,0.84705882
340,21,361,0.70507812,0.88365651
346,8,354,0.69140625,0.95480226
345,5,350,0.68359375,0.97142857
358,2,360,0.703125,0.98888889
333,18,351,0.68554688,0.8974359
350,10,360,0.703125,0.94444444
339,2,341,0.66601562,0.98826979
338,3,341,0.66601562,0.98240469
344,9,353,0.68945312,0.9490085
343,7,350,0.68359375,0.96
347,4,351,0.68554688,0.97720798
351,8,359,0.70117188,0.95543175
345,0,345,0.67382812,1
354,0,354,0.69140625,1
339,12,351,0.68554688,0.93162393
343,9,352,0.6875,0.94886364
334,16,350,0.68359375,0.90857143
321,24,345,0.67382812,0.86086957
330,18,348,0.6796875,0.89655172
323,11,334,0.65234375,0.93413174
346,12,358,0.69921875,0.93296089
350,0,350,0.68359375,1
337,7,344,0.671875,0.95930233
342,13,355,0.69335938,0.92676056
347,7,354,0.69140625,0.96045198
331,15,346,0.67578125,0.9132948
321,21,342,0.66796875,0.87719298
339,14,353,0.68945312,0.92067989
324,26,350,0.68359375,0.85142857
304,36,340,0.6640625,0.78823529
312,26,338,0.66015625,0.84615385
335,18,353,0.68945312,0.898017
343,4,347,0.67773438,0.97694524
348,4,352,0.6875,0.97727273
353,6,359,0.70117188,0.96657382
346,3,349,0.68164062,0.98280802
346,0,346,0.67578125,1
344,3,347,0.67773438,0.98270893
339,2,341,0.66601562,0.98826979
355,5,360,0.703125,0.97222222
343,8,351,0.68554688,0.95441595
350,2,352,0.6875,0.98863636
356,2,358,0.69921875,0.98882682
350,1,351,0.68554688,0.99430199
341,3,344,0.671875,0.98255814
332,11,343,0.66992188,0.93586006
335,9,344,0.671875,0.94767442
348,8,356,0.6953125,0.95505618
342,2,344,0.671875,0.98837209
345,8,353,0.68945312,0.95467422
329,12,341,0.66601562,0.92961877
341,2,343,0.66992188,0.98833819
345,3,348,0.6796875,0.98275862
326,16,342,0.66796875,0.90643275
346,5,351,0.68554688,0.97150997
359,1,360,0.703125,0.99444444
346,4,350,0.68359375,0.97714286
343,5,348,0.6796875,0.97126437
310,23,333,0.65039062,0.86186186
333,19,352,0.6875,0.89204545
339,13,352,0.6875,0.92613636
339,19,358,0.69921875,0.89385475
330,25,355,0.69335938,0.85915493
328,15,343,0.66992188,0.91253644
323,28,351,0.68554688,0.84045584
328,22,350,0.68359375,0.87428571
335,5,340,0.6640625,0.97058824
353,0,353,0.68945312,1
336,17,353,0.68945312,0.90368272
355,5,360,0.703125,0.97222222
343,4,347,0.67773438,0.97694524
349,1,350,0.68359375,0.99428571
343,6,349,0.68164062,0.96561605
322,24,346,0.67578125,0.86127168
328,19,347,0.67773438,0.89048991
342,7,349,0.68164062,0.95988539
324,10,334,0.65234375,0.94011976
334,10,344,0.671875,0.94186047
336,12,348,0.6796875,0.93103448
310,35,345,0.67382812,0.79710145
335,19,354,0.69140625,0.89265537
304,43,347,0.67773438,0.75216138
308,30,338,0.66015625,0.82248521
316,39,355,0.69335938,0.78028169
316,27,343,0.66992188,0.8425656
314,29,343,0.66992188,0.83090379
335,24,359,0.70117188,0.86629526
344,12,356,0.6953125,0.93258427
349,3,352,0.6875,0.98295455
350,2,352,0.6875,0.98863636
334,0,334,0.65234375,1
338,1,339,0.66210938,0.99410029
352,2,354,0.69140625,0.98870056
327,18,345,0.67382812,0.89565217
342,1,343,0.66992188,0.9941691
340,11,351,0.68554688,0.93732194
338,5,343,0.66992188,0.97084548
351,1,352,0.6875,0.99431818
348,5,353,0.68945312,0.97167139
327,13,340,0.6640625,0.92352941
337,20,357,0.69726562,0.88795518
323,16,339,0.66210938,0.90560472
334,18,352,0.6875,0.89772727
346,9,355,0.69335938,0.94929577
347,3,350,0.68359375,0.98285714
342,8,350,0.68359375,0.95428571
342,5,347,0.67773438,0.97118156
350,2,352,0.6875,0.98863636
353,0,353,0.68945312,1
316,27,343,0.66992188,0.8425656
325,15,340,0.6640625,0.91176471
328,26,354,0.69140625,0.85310734
333,21,354,0.69140625,0.88135593
329,20,349,0.68164062,0.88538682
330,13,343,0.66992188,0.92419825
345,6,351,0.68554688,0.96581197
343,8,351,0.68554688,0.95441595
333,13,346,0.67578125,0.92485549
336,14,350,0.68359375,0.92
315,35,350,0.68359375,0.8
356,0,356,0.6953125,1
359,0,359,0.70117188,1
361,0,361,0.70507812,1
339,3,342,0.66796875,0.98245614
353,1,354,0.69140625,0.99435028
344,7,351,0.68554688,0.96011396
343,3,346,0.67578125,0.98265896
314,27,341,0.66601562,0.84164223
305,35,340,0.6640625,0.79411765
340,12,352,0.6875,0.93181818
290,53,343,0.66992188,0.6909621
302,36,338,0.66015625,0.78698225
314,19,333,0.65039062,0.88588589
329,20,349,0.68164062,0.88538682
309,35,344,0.671875,0.79651163
315,44,359,0.70117188,0.75487465
331,24,355,0.69335938,0.86478873
302,49,351,0.68554688,0.72079772
326,19,345,0.67382812,0.88985507
328,26,354,0.69140625,0.85310734
326,33,359,0.70117188,0.81615599
291,56,347,0.67773438,0.67723343
314,39,353,0.68945312,0.77903683
332,19,351,0.68554688,0.89173789
353,7,360,0.703125,0.96111111
326,13,339,0.66210938,0.92330383
333,24,357,0.69726562,0.86554622
338,21,359,0.70117188,0.88300836
336,12,348,0.6796875,0.93103448
347,1,348,0.6796875,0.99425287
339,19,358,0.69921875,0.89385475
337,7,344,0.671875,0.95930233
322,22,344,0.671875,0.87209302
356,2,358,0.69921875,0.98882682
352,2,354,0.69140625,0.98870056
332,21,353,0.68945312,0.88101983
337,4,341,0.66601562,0.97653959
348,2,350,0.68359375,0.98857143
339,1,340,0.6640625,0.99411765
352,1,353,0.68945312,0.99433428
345,0,345,0.67382812,1
346,2,348,0.6796875,0.98850575
357,2,359,0.70117188,0.98885794
348,6,354,0.69140625,0.96610169
332,20,352,0.6875,0.88636364
327,12,339,0.66210938,0.92920354
324,18,342,0.66796875,0.89473684
324,13,337,0.65820312,0.92284866
349,2,351,0.68554688,0.98860399
343,1,344,0.671875,0.99418605
341,3,344,0.671875,0.98255814
340,4,344,0.671875,0.97674419
341,3,344,0.671875,0.98255814
351,0,351,0.68554688,1
350,1,351,0.68554688,0.99430199
343,8,351,0.68554688,0.95441595
333,20,353,0.68945312,0.88668555
314,22,336,0.65625,0.86904762
342,7,349,0.68164062,0.95988539
344,2,346,0.67578125,0.98843931
356,1,357,0.69726562,0.99439776
354,0,354,0.69140625,1
333,2,335,0.65429688,0.9880597
362,0,362,0.70703125,1
347,5,352,0.6875,0.97159091
350,6,356,0.6953125,0.96629213
363,1,364,0.7109375,0.99450549
351,2,353,0.68945312,0.98866856
358,13,371,0.72460938,0.92991914
349,0,349,0.68164062,1
352,0,352,0.6875,1
325,16,341,0.66601562,0.90615836
326,17,343,0.66992188,0.90087464
317,33,350,0.68359375,0.81142857
341,14,355,0.69335938,0.92112676
337,9,346,0.67578125,0.94797688
344,7,351,0.68554688,0.96011396
346,9,355,0.69335938,0.94929577
351,4,355,0.69335938,0.97746479
348,4,352,0.6875,0.97727273
348,2,350,0.68359375,0.98857143
348,1,349,0.68164062,0.99426934
345,16,361,0.70507812,0.91135734
357,8,365,0.71289062,0.95616438
329,10,339,0.66210938,0.94100295
345,14,359,0.70117188,0.92200557
352,3,355,0.69335938,0.98309859
333,11,344,0.671875,0.93604651
341,7,348,0.6796875,0.95977011
335,23,358,0.69921875,0.87150838
297,41,338,0.66015625,0.75739645
300,38,338,0.66015625,0.77514793
302,44,346,0.67578125,0.74566474
332,20,352,0.6875,0.88636364
341,5,346,0.67578125,0.97109827
336,12,348,0.6796875,0.93103448
340,1,341,0.66601562,0.9941349
345,6,351,0.68554688,0.96581197
355,5,360,0.703125,0.97222222
344,4,348,0.6796875,0.97701149
335,18,353,0.68945312,0.898017
315,35,350,0.68359375,0.8
329,20,349,0.68164062,0.88538682
316,22,338,0.66015625,0.86982249
327,16,343,0.66992188,0.90670554
338,11,349,0.68164062,0.93696275
333,17,350,0.68359375,0.90285714
351,1,352,0.6875,0.99431818
344,3,347,0.67773438,0.98270893
337,12,349,0.68164062,0.93123209
322,27,349,0.68164062,0.84527221
315,39,354,0.69140625,0.77966102
310,29,339,0.66210938,0.82890855
320,29,349,0.68164062,0.83381089
302,37,339,0.66210938,0.78171091
343,14,357,0.69726562,0.92156863
350,4,354,0.69140625,0.97740113
351,5,356,0.6953125,0.97191011
339,6,345,0.67382812,0.96521739
300,48,348,0.6796875,0.72413793
266,72,338,0.66015625,0.5739645
257,94,351,0.68554688,0.46438746
285,61,346,0.67578125,0.64739884
278,66,344,0.671875,0.61627907
290,57,347,0.67773438,0.67146974
276,79,355,0.69335938,0.55492958
238,99,337,0.65820312,0.41246291
245,102,347,0.67773438,0.41210375
244,102,346,0.67578125,0.41040462
259,78,337,0.65820312,0.53709199
291,57,348,0.6796875,0.67241379
301,49,350,0.68359375,0.72
317,37,354,0.69140625,0.79096045
314,26,340,0.6640625,0.84705882
314,42,356,0.6953125,0.76404494
314,26,340,0.6640625,0.84705882
325,22,347,0.67773438,0.87319885
356,4,360,0.703125,0.97777778
346,0,346,0.67578125,1
343,7,350,0.68359375,0.96
341,9,350,0.68359375,0.94857143
351,0,351,0.68554688,1
346,1,347,0.67773438,0.99423631
344,11,355,0.69335938,0.93802817
338,14,352,0.6875,0.92045455
340,10,350,0.68359375,0.94285714
355,1,356,0.6953125,0.99438202
334,21,355,0.69335938,0.88169014
329,21,350,0.68359375,0.88
328,10,338,0.66015625,0.9408284
350,0,350,0.68359375,1
334,9,343,0.66992188,0.94752187
331,23,354,0.69140625,0.8700565
285,62,347,0.67773438,0.6426513
342,17,359,0.70117188,0.90529248
349,1,350,0.68359375,0.99428571
332,7,339,0.66210938,0.95870206
332,19,351,0.68554688,0.89173789
344,6,350,0.68359375,0.96571429
330,13,343,0.66992188,0.92419825
351,5,356,0.6953125,0.97191011
348,2,350,0.68359375,0.98857143
358,0,358,0.69921875,1
349,1,350,0.68359375,0.99428571
332,15,347,0.67773438,0.91354467
354,6,360,0.703125,0.96666667
321,13,334,0.65234375,0.92215569
320,41,361,0.70507812,0.77285319
316,26,342,0.66796875,0.84795322
321,20,341,0.66601562,0.88269795
337,9,346,0.67578125,0.94797688
335,15,350,0.68359375,0.91428571
326,24,350,0.68359375,0.86285714
352,6,358,0.69921875,0.96648045
326,13,339,0.66210938,0.92330383
327,12,339,0.66210938,0.92920354
324,16,340,0.6640625,0.90588235
349,4,353,0.68945312,0.97733711
346,1,347,0.67773438,0.99423631
346,13,359,0.70117188,0.9275766
338,2,340,0.6640625,0.98823529
353,4,357,0.69726562,0.97759104
356,1,357,0.69726562,0.99439776
346,5,351,0.68554688,0.97150997
332,2,334,0.65234375,0.98802395
347,11,358,0.69921875,0.93854749
370,3,373,0.72851562,0.98391421
356,3,359,0.70117188,0.98328691
340,18,358,0.69921875,0.89944134
326,24,350,0.68359375,0.86285714
328,9,337,0.65820312,0.94658754
330,10,340,0.6640625,0.94117647
353,1,354,0.69140625,0.99435028
343,7,350,0.68359375,0.96
327,20,347,0.67773438,0.88472622
350,0,350,0.68359375,1
335,16,351,0.68554688,0.90883191
337,5,342,0.66796875,0.97076023
345,2,347,0.67773438,0.98847262
348,5,353,0.68945312,0.97167139
339,10,349,0.68164062,0.94269341
345,8,353,0.68945312,0.95467422
322,33,355,0.69335938,0.81408451
341,10,351,0.68554688,0.94301994
354,1,355,0.69335938,0.9943662
350,3,353,0.68945312,0.98300283
356,4,360,0.703125,0.97777778
339,8,347,0.67773438,0.95389049
313,24,337,0.65820312,0.85756677
311,30,341,0.66601562,0.82404692
341,14,355,0.69335938,0.92112676
348,7,355,0.69335938,0.96056338
331,20,351,0.68554688,0.88603989
349,0,349,0.68164062,1
337,12,349,0.68164062,0.93123209
344,12,356,0.6953125,0.93258427
338,9,347,0.67773438,0.9481268
332,26,358,0.69921875,0.8547486
326,24,350,0.68359375,0.86285714
321,18,339,0.66210938,0.89380531
338,8,346,0.67578125,0.95375723
339,12,351,0.68554688,0.93162393
336,13,349,0.68164062,0.92550143
347,13,360,0.703125,0.92777778
356,0,356,0.6953125,1
348,0,348,0.6796875,1
348,10,358,0.69921875,0.94413408
340,10,350,0.68359375,0.94285714
348,2,350,0.68359375,0.98857143
325,15,340,0.6640625,0.91176471
341,7,348,0.6796875,0.95977011
336,19,355,0.69335938,0.89295775
342,10,352,0.6875,0.94318182
345,6,351,0.68554688,0.96581197
313,24,337,0.65820312,0.85756677
296,43,339,0.66210938,0.74631268
273,68,341,0.66601562,0.60117302
292,54,346,0.67578125,0.68786127
294,47,341,0.66601562,0.72434018
306,39,345,0.67382812,0.77391304
318,31,349,0.68164062,0.82234957
314,29,343,0.66992188,0.83090379
334,18,352,0.6875,0.89772727
348,11,359,0.70117188,0.93871866
333,24,357,0.69726562,0.86554622
315,35,350,0.68359375,0.8
313,24,337,0.65820312,0.85756677
344,15,359,0.70117188,0.91643454
315,19,334,0.65234375,0.88622754
315,39,354,0.69140625,0.77966102
316,36,352,0.6875,0.79545455
316,33,349,0.68164062,0.81088825
290,50,340,0.6640625,0.70588235
305,31,336,0.65625,0.81547619
312,33,345,0.67382812,0.80869565
341,0,341,0.66601562,1
345,0,345,0.67382812,1
351,6,357,0.69726562,0.96638655
358,0,358,0.69921875,1
334,3,337,0.65820312,0.98219585
345,9,354,0.69140625,0.94915254
350,6,356,0.6953125,0.96629213
352,4,356,0.6953125,0.97752809
338,3,341,0.66601562,0.98240469
346,4,350,0.68359375,0.97714286
331,19,350,0.68359375,0.89142857
356,0,356,0.6953125,1
337,13,350,0.68359375,0.92571429
352,4,356,0.6953125,0.97752809
347,5,352,0.6875,0.97159091
345,14,359,0.70117188,0.92200557
321,15,336,0.65625,0.91071429
308,38,346,0.67578125,0.78034682
291,52,343,0.66992188,0.696793
301,41,342,0.66796875,0.76023392
324,30,354,0.69140625,0.83050847
325,29,354,0.69140625,0.83615819
346,2,348,0.6796875,0.98850575
345,10,355,0.69335938,0.94366197
346,8,354,0.69140625,0.95480226
351,0,351,0.68554688,1
354,3,357,0.69726562,0.98319328
337,6,343,0.66992188,0.96501458
334,4,338,0.66015625,0.97633136
349,3,352,0.6875,0.98295455
360,0,360,0.703125,1
349,4,353,0.68945312,0.97733711
340,13,353,0.68945312,0.92634561
344,1,345,0.67382812,0.9942029
335,10,345,0.67382812,0.94202899
358,4,362,0.70703125,0.97790055
341,2,343,0.66992188,0.98833819
343,12,355,0.69335938,0.93239437
331,14,345,0.67382812,0.91884058
338,1,339,0.66210938,0.99410029
352,7,359,0.70117188,0.96100279
347,9,356,0.6953125,0.9494382
345,7,352,0.6875,0.96022727
357,2,359,0.70117188,0.98885794
350,2,352,0.6875,0.98863636
328,12,340,0.6640625,0.92941176
329,13,342,0.66796875,0.92397661
328,20,348,0.6796875,0.88505747
345,3,348,0.6796875,0.98275862
332,13,345,0.67382812,0.92463768
351,0,351,0.68554688,1
349,6,355,0.69335938,0.96619718
354,0,354,0.69140625,1
352,7,359,0.70117188,0.96100279
354,1,355,0.69335938,0.9943662
349,0,349,0.68164062,1
338,6,344,0.671875,0.96511628
350,3,353,0.68945312,0.98300283
328,10,338,0.66015625,0.9408284
317,19,336,0.65625,0.88690476
356,1,357,0.69726562,0.99439776
343,0,343,0.66992188,1
348,2,350,0.68359375,0.98857143
345,0,345,0.67382812,1
333,11,344,0.671875,0.93604651
339,6,345,0.67382812,0.96521739
338,2,340,0.6640625,0.98823529
328,7,335,0.65429688,0.95820896
355,9,364,0.7109375,0.95054945
344,7,351,0.68554688,0.96011396
319,26,345,0.67382812,0.84927536
327,22,349,0.68164062,0.8739255
280,55,335,0.65429688,0.67164179
336,8,344,0.671875,0.95348837
352,4,356,0.6953125,0.97752809
346,0,346,0.67578125,1
352,0,352,0.6875,1
321,27,348,0.6796875,0.84482759
312,34,346,0.67578125,0.80346821
349,4,353,0.68945312,0.97733711
332,2,334,0.65234375,0.98802395
323,23,346,0.67578125,0.86705202
350,9,359,0.70117188,0.94986072
318,18,336,0.65625,0.89285714
351,7,358,0.69921875,0.96089385
330,18,348,0.6796875,0.89655172
346,9,355,0.69335938,0.94929577
331,8,339,0.66210938,0.95280236
344,5,349,0.68164062,0.9713467
337,15,352,0.6875,0.91477273
348,1,349,0.68164062,0.99426934
334,12,346,0.67578125,0.93063584
321,20,341,0.66601562,0.88269795
311,12,323,0.63085938,0.92569659
348,6,354,0.69140625,0.96610169
345,6,351,0.68554688,0.96581197
330,9,339,0.66210938,0.94690265
338,4,342,0.66796875,0.97660819
344,3,347,0.67773438,0.98270893
340,10,350,0.68359375,0.94285714
357,0,357,0.69726562,1
351,0,351,0.68554688,1
344,5,349,0.68164062,0.9713467
355,0,355,0.69335938,1
332,20,352,0.6875,0.88636364
343,22,365,0.71289062,0.87945205
347,2,349,0.68164062,0.98853868
342,10,352,0.6875,0.94318182
347,3,350,0.68359375,0.98285714
335,11,346,0.67578125,0.93641618
360,5,365,0.71289062,0.97260274
336,8,344,0.671875,0.95348837
329,12,341,0.66601562,0.92961877
349,1,350,0.68359375,0.99428571
354,0,354,0.69140625,1
332,15,347,0.67773438,0.91354467
340,3,343,0.66992188,0.98250729
351,2,353,0.68945312,0.98866856
337,8,345,0.67382812,0.95362319
336,5,341,0.66601562,0.97067449
321,11,332,0.6484375,0.93373494
354,4,358,0.69921875,0.97765363
353,2,355,0.69335938,0.98873239
323,14,337,0.65820312,0.91691395
337,11,348,0.6796875,0.93678161
312,24,336,0.65625,0.85714286
320,26,346,0.67578125,0.84971098
307,21,328,0.640625,0.87195122
344,7,351,0.68554688,0.96011396
346,7,353,0.68945312,0.96033994
332,13,345,0.67382812,0.92463768
348,5,353,0.68945312,0.97167139
337,6,343,0.66992188,0.96501458
345,6,351,0.68554688,0.96581197
355,1,356,0.6953125,0.99438202
346,3,349,0.68164062,0.98280802
354,5,359,0.70117188,0.97214485
351,0,351,0.68554688,1
326,16,342,0.66796875,0.90643275
350,0,350,0.68359375,1
358,0,358,0.69921875,1
324,15,339,0.66210938,0.91150442
351,5,356,0.6953125,0.97191011
341,12,353,0.68945312,0.93201133
328,10,338,0.66015625,0.9408284
342,16,358,0.69921875,0.91061453
327,11,338,0.66015625,0.93491124
338,19,357,0.69726562,0.89355742
332,26,358,0.69921875,0.8547486
317,26,343,0.66992188,0.8483965
335,16,351,0.68554688,0.90883191
341,8,349,0.68164062,0.95415473
343,10,353,0.68945312,0.94334278
337,4,341,0.66601562,0.97653959
350,3,353,0.68945312,0.98300283
343,7,350,0.68359375,0.96
369,0,369,0.72070312,1
341,1,342,0.66796875,0.99415205
324,15,339,0.66210938,0.91150442
313,29,342,0.66796875,0.83040936
337,11,348,0.6796875,0.93678161
344,6,350,0.68359375,0.96571429
314,26,340,0.6640625,0.84705882
319,25,344,0.671875,0.85465116
340,8,348,0.6796875,0.95402299
356,0,356,0.6953125,1
338,2,340,0.6640625,0.98823529
347,8,355,0.69335938,0.95492958
332,22,354,0.69140625,0.87570621
344,7,351,0.68554688,0.96011396
328,15,343,0.66992188,0.91253644
352,11,363,0.70898438,0.93939394
348,3,351,0.68554688,0.98290598
353,0,353,0.68945312,1
325,14,339,0.66210938,0.91740413
326,22,348,0.6796875,0.87356322
327,20,347,0.67773438,0.88472622
316,29,345,0.67382812,0.83188406
305,36,341,0.66601562,0.7888563
314,28,342,0.66796875,0.83625731
314,35,349,0.68164062,0.79942693
311,38,349,0.68164062,0.78223496
317,30,347,0.67773438,0.82708934
307,37,344,0.671875,0.78488372
334,26,360,0.703125,0.85555556
318,28,346,0.67578125,0.83815029
318,28,346,0.67578125,0.83815029
309,36,345,0.67382812,0.79130435
311,37,348,0.6796875,0.78735632
326,29,355,0.69335938,0.83661972
336,4,340,0.6640625,0.97647059
357,0,357,0.69726562,1
356,4,360,0.703125,0.97777778
355,1,356,0.6953125,0.99438202
349,13,362,0.70703125,0.9281768
321,12,333,0.65039062,0.92792793
317,27,344,0.671875,0.84302326
331,16,347,0.67773438,0.90778098
334,13,347,0.67773438,0.92507205
330,14,344,0.671875,0.91860465
331,21,352,0.6875,0.88068182
335,15,350,0.68359375,0.91428571
323,23,346,0.67578125,0.86705202
350,9,359,0.70117188,0.94986072
325,13,338,0.66015625,0.92307692
344,1,345,0.67382812,0.9942029
349,3,352,0.6875,0.98295455
351,10,361,0.70507812,0.94459834
340,6,346,0.67578125,0.96531792
351,3,354,0.69140625,0.98305085
310,11,321,0.62695312,0.93146417
360,0,360,0.703125,1
352,0,352,0.6875,1
343,6,349,0.68164062,0.96561605
350,1,351,0.68554688,0.99430199
351,6,357,0.69726562,0.96638655
349,6,355,0.69335938,0.96619718
329,9,338,0.66015625,0.94674556
347,6,353,0.68945312,0.96600567
339,16,355,0.69335938,0.90985915
331,17,348,0.6796875,0.90229885
322,21,343,0.66992188,0.87755102
324,27,351,0.68554688,0.84615385
333,17,350,0.68359375,0.90285714
347,2,349,0.68164062,0.98853868
349,4,353,0.68945312,0.97733711
342,4,346,0.67578125,0.97687861
342,8,350,0.68359375,0.95428571
340,4,344,0.671875,0.97674419
347,1,348,0.6796875,0.99425287
327,18,345,0.67382812,0.89565217
323,21,344,0.671875,0.87790698
315,34,349,0.68164062,0.80515759
309,32,341,0.66601562,0.81231672
333,17,350,0.68359375,0.90285714
327,13,340,0.6640625,0.92352941
337,12,349,0.68164062,0.93123209
344,5,349,0.68164062,0.9713467
338,13,351,0.68554688,0.92592593
341,5,346,0.67578125,0.97109827
333,19,352,0.6875,0.89204545
291,52,343,0.66992188,0.696793
330,26,356,0.6953125,0.85393258
323,36,359,0.70117188,0.7994429
329,16,345,0.67382812,0.90724638
345,1,346,0.67578125,0.99421965
341,7,348,0.6796875,0.95977011
338,5,343,0.66992188,0.97084548
342,3,345,0.67382812,0.9826087
350,2,352,0.6875,0.98863636
345,7,352,0.6875,0.96022727
349,8,357,0.69726562,0.95518207
327,21,348,0.6796875,0.87931034
336,12,348,0.6796875,0.93103448
350,8,358,0.69921875,0.95530726
349,2,351,0.68554688,0.98860399
349,1,350,0.68359375,0.99428571
344,5,349,0.68164062,0.9713467
323,14,337,0.65820312,0.91691395
354,4,358,0.69921875,0.97765363
335,15,350,0.68359375,0.91428571
338,11,349,0.68164062,0.93696275
337,3,340,0.6640625,0.98235294
334,19,353,0.68945312,0.89235127
315,30,345,0.67382812,0.82608696
316,23,339,0.66210938,0.86430678
322,16,338,0.66015625,0.90532544
297,42,339,0.66210938,0.75221239
306,46,352,0.6875,0.73863636
312,37,349,0.68164062,0.78796562
316,41,357,0.69726562,0.77030812
319,35,354,0.69140625,0.80225989
324,33,357,0.69726562,0.81512605
318,19,337,0.65820312,0.88724036
348,2,350,0.68359375,0.98857143
339,13,352,0.6875,0.92613636
331,14,345,0.67382812,0.91884058
353,0,353,0.68945312,1
337,0,337,0.65820312,1
348,6,354,0.69140625,0.96610169
335,13,348,0.6796875,0.92528736
348,12,360,0.703125,0.93333333
330,25,355,0.69335938,0.85915493
339,9,348,0.6796875,0.94827586
332,14,346,0.67578125,0.91907514
344,9,353,0.68945312,0.9490085
340,5,345,0.67382812,0.97101449
344,18,362,0.70703125,0.90055249
338,12,350,0.68359375,0.93142857
325,16,341,0.66601562,0.90615836
350,2,352,0.6875,0.98863636
332,5,337,0.65820312,0.97032641
333,13,346,0.67578125,0.92485549
328,17,345,0.67382812,0.90144928
342,4,346,0.67578125,0.97687861
353,0,353,0.68945312,1
338,8,346,0.67578125,0.95375723
343,7,350,0.68359375,0.96
320,17,337,0.65820312,0.89910979
340,9,349,0.68164062,0.94842407
322,20,342,0.66796875,0.88304094
342,19,361,0.70507812,0.89473684
321,23,344,0.671875,0.86627907
328,19,347,0.67773438,0.89048991
351,11,362,0.70703125,0.93922652
318,24,342,0.66796875,0.85964912
337,1,338,0.66015625,0.99408284
347,1,348,0.6796875,0.99425287
350,5,355,0.69335938,0.97183099
344,10,354,0.69140625,0.94350282
326,22,348,0.6796875,0.87356322
340,12,352,0.6875,0.93181818
337,7,344,0.671875,0.95930233
338,1,339,0.66210938,0.99410029
325,15,340,0.6640625,0.91176471
343,3,346,0.67578125,0.98265896
337,8,345,0.67382812,0.95362319
331,18,349,0.68164062,0.89684814
308,39,347,0.67773438,0.77521614
333,15,348,0.6796875,0.9137931
358,2,360,0.703125,0.98888889
341,3,344,0.671875,0.98255814
367,0,367,0.71679688,1
351,0,351,0.68554688,1
352,6,358,0.69921875,0.96648045
365,0,365,0.71289062,1
333,17,350,0.68359375,0.90285714
347,0,347,0.67773438,1
340,7,347,0.67773438,0.95965418
353,1,354,0.69140625,0.99435028
347,0,347,0.67773438,1
334,17,351,0.68554688,0.9031339
322,26,348,0.6796875,0.85057471
335,14,349,0.68164062,0.91977077
361,1,362,0.70703125,0.99447514
347,0,347,0.67773438,1
346,10,356,0.6953125,0.94382022
343,2,345,0.67382812,0.9884058
323,28,351,0.68554688,0.84045584
317,34,351,0.68554688,0.80626781
337,10,347,0.67773438,0.94236311
342,1,343,0.66992188,0.9941691
342,9,351,0.68554688,0.94871795
332,12,344,0.671875,0.93023256
357,1,358,0.69921875,0.99441341
351,1,352,0.6875,0.99431818
353,0,353,0.68945312,1
350,1,351,0.68554688,0.99430199
351,7,358,0.69921875,0.96089385
342,5,347,0.67773438,0.97118156
343,8,351,0.68554688,0.95441595
337,20,357,0.69726562,0.88795518
330,19,349,0.68164062,0.89111748
343,7,350,0.68359375,0.96
346,8,354,0.69140625,0.95480226
323,32,355,0.69335938,0.81971831
320,32,352,0.6875,0.81818182
310,27,337,0.65820312,0.83976261
341,11,352,0.6875,0.9375
357,2,359,0.70117188,0.98885794
350,2,352,0.6875,0.98863636
342,9,351,0.68554688,0.94871795
354,0,354,0.69140625,1
356,2,358,0.69921875,0.98882682
342,1,343,0.66992188,0.9941691
344,3,347,0.67773438,0.98270893
346,2,348,0.6796875,0.98850575
350,0,350,0.68359375,1
338,9,347,0.67773438,0.9481268
352,3,355,0.69335938,0.98309859
334,13,347,0.67773438,0.92507205
328,22,350,0.68359375,0.87428571
331,21,352,0.6875,0.88068182
348,6,354,0.69140625,0.96610169
336,16,352,0.6875,0.90909091
317,30,347,0.67773438,0.82708934
321,25,346,0.67578125,0.85549133
347,8,355,0.69335938,0.95492958
353,4,357,0.69726562,0.97759104
351,1,352,0.6875,0.99431818
354,4,358,0.69921875,0.97765363
330,9,339,0.66210938,0.94690265
340,10,350,0.68359375,0.94285714
359,1,360,0.703125,0.99444444
354,1,355,0.69335938,0.9943662
368,5,373,0.72851562,0.97319035
359,3,362,0.70703125,0.98342541
331,14,345,0.67382812,0.91884058
324,8,332,0.6484375,0.95180723
326,15,341,0.66601562,0.91202346
338,17,355,0.69335938,0.90422535
317,29,346,0.67578125,0.83236994
320,34,354,0.69140625,0.8079096
328,15,343,0.66992188,0.91253644
323,16,339,0.66210938,0.90560472
343,4,347,0.67773438,0.97694524
349,10,359,0.70117188,0.94428969
331,9,340,0.6640625,0.94705882
353,4,357,0.69726562,0.97759104
317,24,341,0.66601562,0.85923754
307,45,352,0.6875,0.74431818
331,22,353,0.68945312,0.87535411
349,2,351,0.68554688,0.98860399
352,2,354,0.69140625,0.98870056
357,1,358,0.69921875,0.99441341
342,8,350,0.68359375,0.95428571
349,4,353,0.68945312,0.97733711
331,19,350,0.68359375,0.89142857
356,1,357,0.69726562,0.99439776
362,0,362,0.70703125,1
332,9,341,0.66601562,0.94721408
348,0,348,0.6796875,1
344,5,349,0.68164062,0.9713467
349,5,354,0.69140625,0.97175141
361,3,364,0.7109375,0.98351648
338,7,345,0.67382812,0.95942029
339,4,343,0.66992188,0.97667638
345,5,350,0.68359375,0.97142857
346,2,348,0.6796875,0.98850575
324,18,342,0.66796875,0.89473684
315,19,334,0.65234375,0.88622754
337,5,342,0.66796875,0.97076023
341,0,341,0.66601562,1
342,1,343,0.66992188,0.9941691
342,7,349,0.68164062,0.95988539
326,26,352,0.6875,0.85227273
338,11,349,0.68164062,0.93696275
319,10,329,0.64257812,0.93920973
339,11,350,0.68359375,0.93714286
333,11,344,0.671875,0.93604651
341,12,353,0.68945312,0.93201133
328,15,343,0.66992188,0.91253644
330,14,344,0.671875,0.91860465
328,18,346,0.67578125,0.89595376
335,6,341,0.66601562,0.96480938
352,2,354,0.69140625,0.98870056
345,9,354,0.69140625,0.94915254
350,1,351,0.68554688,0.99430199
349,9,358,0.69921875,0.94972067
352,6,358,0.69921875,0.96648045
335,13,348,0.6796875,0.92528736
330,20,350,0.68359375,0.88571429
341,14,355,0.69335938,0.92112676
315,31,346,0.67578125,0.82080925
332,27,359,0.70117188,0.84958217
315,34,349,0.68164062,0.80515759
332,25,357,0.69726562,0.85994398
359,0,359,0.70117188,1
338,10,348,0.6796875,0.94252874
347,0,347,0.67773438,1
345,9,354,0.69140625,0.94915254
339,10,349,0.68164062,0.94269341
335,8,343,0.66992188,0.95335277
339,10,349,0.68164062,0.94269341
348,9,357,0.69726562,0.94957983
322,20,342,0.66796875,0.88304094
335,15,350,0.68359375,0.91428571
334,6,340,0.6640625,0.96470588
343,6,349,0.68164062,0.96561605
347,2,349,0.68164062,0.98853868
329,9,338,0.66015625,0.94674556
340,4,344,0.671875,0.97674419
341,9,350,0.68359375,0.94857143
342,10,352,0.6875,0.94318182
347,1,348,0.6796875,0.99425287
347,2,349,0.68164062,0.98853868
349,0,349,0.68164062,1
327,14,341,0.66601562,0.91788856
358,0,358,0.69921875,1
358,0,358,0.69921875,1
361,3,364,0.7109375,0.98351648
329,13,342,0.66796875,0.92397661
340,11,351,0.68554688,0.93732194
334,6,340,0.6640625,0.96470588
359,4,363,0.70898438,0.97796143
320,14,334,0.65234375,0.91616766
340,9,349,0.68164062,0.94842407
328,17,345,0.67382812,0.90144928
362,3,365,0.71289062,0.98356164
325,15,340,0.6640625,0.91176471
322,34,356,0.6953125,0.80898876
319,22,341,0.66601562,0.87096774
326,23,349,0.68164062,0.86819484
295,43,338,0.66015625,0.74556213
274,65,339,0.66210938,0.61651917
292,53,345,0.67382812,0.69275362
317,32,349,0.68164062,0.81661891
321,33,354,0.69140625,0.81355932
311,22,333,0.65039062,0.86786787
306,37,343,0.66992188,0.78425656
342,15,357,0.69726562,0.91596639
317,30,347,0.67773438,0.82708934
325,33,358,0.69921875,0.81564246
352,0,352,0.6875,1
341,8,349,0.68164062,0.95415473
326,21,347,0.67773438,0.87896254
329,21,350,0.68359375,0.88
357,8,365,0.71289062,0.95616438
327,20,347,0.67773438,0.88472622
342,15,357,0.69726562,0.91596639
322,19,341,0.66601562,0.88856305
311,35,346,0.67578125,0.79768786
361,0,361,0.70507812,1
353,0,353,0.68945312,1
333,14,347,0.67773438,0.91930836
358,1,359,0.70117188,0.99442897
344,4,348,0.6796875,0.97701149
340,11,351,0.68554688,0.93732194
361,1,362,0.70703125,0.99447514
337,14,351,0.68554688,0.92022792
317,21,338,0.66015625,0.87573964
288,48,336,0.65625,0.71428571
309,36,345,0.67382812,0.79130435
284,56,340,0.6640625,0.67058824
306,44,350,0.68359375,0.74857143
325,8,333,0.65039062,0.95195195
332,12,344,0.671875,0.93023256
341,9,350,0.68359375,0.94857143
364,0,364,0.7109375,1
330,16,346,0.67578125,0.90751445
343,14,357,0.69726562,0.92156863
327,10,337,0.65820312,0.94065282
349,1,350,0.68359375,0.99428571
342,6,348,0.6796875,0.96551724
342,0,342,0.66796875,1
329,21,350,0.68359375,0.88
299,35,334,0.65234375,0.79041916
316,35,351,0.68554688,0.8005698
328,26,354,0.69140625,0.85310734
318,34,352,0.6875,0.80681818
309,32,341,0.66601562,0.81231672
304,39,343,0.66992188,0.77259475
286,48,334,0.65234375,0.71257485
319,29,348,0.6796875,0.83333333
323,19,342,0.66796875,0.88888889
333,20,353,0.68945312,0.88668555
307,33,340,0.6640625,0.80588235
328,9,337,0.65820312,0.94658754
343,11,354,0.69140625,0.93785311
330,17,347,0.67773438,0.90201729
312,25,337,0.65820312,0.85163205
326,32,358,0.69921875,0.82122905
331,17,348,0.6796875,0.90229885
345,8,353,0.68945312,0.95467422
343,6,349,0.68164062,0.96561605
341,5,346,0.67578125,0.97109827
338,7,345,0.67382812,0.95942029
325,28,353,0.68945312,0.84135977
322,22,344,0.671875,0.87209302
345,6,351,0.68554688,0.96581197
351,6,357,0.69726562,0.96638655
345,1,346,0.67578125,0.99421965
328,17,345,0.67382812,0.90144928
343,9,352,0.6875,0.94886364
348,0,348,0.6796875,1
337,6,343,0.66992188,0.96501458
353,0,353,0.68945312,1
342,1,343,0.66992188,0.9941691
347,0,347,0.67773438,1
331,17,348,0.6796875,0.90229885
356,0,356,0.6953125,1
341,7,348,0.6796875,0.95977011
338,14,352,0.6875,0.92045455
336,24,360,0.703125,0.86666667
338,9,347,0.67773438,0.9481268
326,12,338,0.66015625,0.92899408
339,9,348,0.6796875,0.94827586
325,20,345,0.67382812,0.88405797
316,26,342,0.66796875,0.84795322
327,13,340,0.6640625,0.92352941
333,7,340,0.6640625,0.95882353
338,4,342,0.66796875,0.97660819
350,2,352,0.6875,0.98863636
347,6,353,0.68945312,0.96600567
349,4,353,0.68945312,0.97733711
345,13,358,0.69921875,0.9273743
322,21,343,0.66992188,0.87755102
314,36,350,0.68359375,0.79428571
266,61,327,0.63867188,0.62691131
297,43,340,0.6640625,0.74705882
329,16,345,0.67382812,0.90724638
337,16,353,0.68945312,0.90934844
325,18,343,0.66992188,0.89504373
283,55,338,0.66015625,0.67455621
275,78,353,0.68945312,0.55807365
277,63,340,0.6640625,0.62941176
316,33,349,0.68164062,0.81088825
305,42,347,0.67773438,0.75792507
302,53,355,0.69335938,0.70140845
292,45,337,0.65820312,0.73293769
339,3,342,0.66796875,0.98245614
351,2,353,0.68945312,0.98866856
358,0,358,0.69921875,1
338,3,341,0.66601562,0.98240469
350,9,359,0.70117188,0.94986072
338,14,352,0.6875,0.92045455
342,7,349,0.68164062,0.95988539
357,1,358,0.69921875,0.99441341
340,10,350,0.68359375,0.94285714
327,10,337,0.65820312,0.94065282
352,5,357,0.69726562,0.9719888
344,15,359,0.70117188,0.91643454
342,15,357,0.69726562,0.91596639
335,21,356,0.6953125,0.88202247
328,21,349,0.68164062,0.87965616
315,25,340,0.6640625,0.85294118
337,10,347,0.67773438,0.94236311
335,9,344,0.671875,0.94767442
343,0,343,0.66992188,1
344,12,356,0.6953125,0.93258427
317,29,346,0.67578125,0.83236994
330,26,356,0.6953125,0.85393258
325,11,336,0.65625,0.93452381
315,22,337,0.65820312,0.8694362
340,16,356,0.6953125,0.91011236
342,7,349,0.68164062,0.95988539
343,9,352,0.6875,0.94886364
347,2,349,0.68164062,0.98853868
348,5,353,0.68945312,0.97167139
328,17,345,0.67382812,0.90144928
346,0,346,0.67578125,1
340,4,344,0.671875,0.97674419
338,6,344,0.671875,0.96511628
340,6,346,0.67578125,0.96531792
354,0,354,0.69140625,1
340,4,344,0.671875,0.97674419
362,3,365,0.71289062,0.98356164
332,5,337,0.65820312,0.97032641
352,1,353,0.68945312,0.99433428
348,8,356,0.6953125,0.95505618
342,6,348,0.6796875,0.96551724
345,9,354,0.69140625,0.94915254
354,8,362,0.70703125,0.9558011
322,21,343,0.66992188,0.87755102
346,8,354,0.69140625,0.95480226
332,12,344,0.671875,0.93023256
355,0,355,0.69335938,1
347,2,349,0.68164062,0.98853868
355,6,361,0.70507812,0.966759
351,1,352,0.6875,0.99431818
332,11,343,0.66992188,0.93586006
355,0,355,0.69335938,1
348,0,348,0.6796875,1
334,0,334,0.65234375,1
348,0,348,0.6796875,1
351,4,355,0.69335938,0.97746479
349,2,351,0.68554688,0.98860399
334,18,352,0.6875,0.89772727
291,42,333,0.65039062,0.74774775
300,38,338,0.66015625,0.77514793
326,29,355,0.69335938,0.83661972
313,31,344,0.671875,0.81976744
320,25,345,0.67382812,0.85507246
335,18,353,0.68945312,0.898017
345,11,356,0.6953125,0.93820225
352,3,355,0.69335938,0.98309859
346,0,346,0.67578125,1
353,4,357,0.69726562,0.97759104
361,1,362,0.70703125,0.99447514
319,27,346,0.67578125,0.84393064
340,9,349,0.68164062,0.94842407
317,23,340,0.6640625,0.86470588
325,12,337,0.65820312,0.92878338
351,1,352,0.6875,0.99431818
328,19,347,0.67773438,0.89048991
329,6,335,0.65429688,0.9641791
320,26,346,0.67578125,0.84971098
321,18,339,0.66210938,0.89380531
343,6,349,0.68164062,0.96561605
320,23,343,0.66992188,0.86588921
326,23,349,0.68164062,0.86819484
333,16,349,0.68164062,0.90830946
340,9,349,0.68164062,0.94842407
333,15,348,0.6796875,0.9137931
345,4,349,0.68164062,0.97707736
352,0,352,0.6875,1
348,5,353,0.68945312,0.97167139
345,2,347,0.67773438,0.98847262
341,0,341,0.66601562,1
345,10,355,0.69335938,0.94366197
322,11,333,0.65039062,0.93393393
322,11,333,0.65039062,0.93393393
329,23,352,0.6875,0.86931818
333,11,344,0.671875,0.93604651
340,6,346,0.67578125,0.96531792
344,2,346,0.67578125,0.98843931
318,29,347,0.67773438,0.83285303
329,19,348,0.6796875,0.8908046
347,4,351,0.68554688,0.97720798
349,8,357,0.69726562,0.95518207
351,0,351,0.68554688,1
354,3,357,0.69726562,0.98319328
341,3,344,0.671875,0.98255814
353,7,360,0.703125,0.96111111
346,8,354,0.69140625,0.95480226
349,7,356,0.6953125,0.96067416
333,17,350,0.68359375,0.90285714
306,26,332,0.6484375,0.84337349
333,11,344,0.671875,0.93604651
339,5,344,0.671875,0.97093023
331,18,349,0.68164062,0.89684814
335,14,349,0.68164062,0.91977077
345,2,347,0.67773438,0.98847262
354,2,356,0.6953125,0.98876404
338,10,348,0.6796875,0.94252874
343,8,351,0.68554688,0.95441595
359,0,359,0.70117188,1
356,2,358,0.69921875,0.98882682
331,10,341,0.66601562,0.94134897
336,22,358,0.69921875,0.87709497
338,14,352,0.6875,0.92045455
337,7,344,0.671875,0.95930233
358,4,362,0.70703125,0.97790055
318,27,345,0.67382812,0.84347826
312,27,339,0.66210938,0.84070796
340,12,352,0.6875,0.93181818
339,7,346,0.67578125,0.95953757
335,5,340,0.6640625,0.97058824
342,10,352,0.6875,0.94318182
326,23,349,0.68164062,0.86819484
320,18,338,0.66015625,0.89349112
342,13,355,0.69335938,0.92676056
324,17,341,0.66601562,0.90029326
310,32,342,0.66796875,0.8128655
341,0,341,0.66601562,1
351,6,357,0.69726562,0.96638655
334,14,348,0.6796875,0.91954023
345,1,346,0.67578125,0.99421965
342,12,354,0.69140625,0.93220339
338,13,351,0.68554688,0.92592593
325,27,352,0.6875,0.84659091
341,11,352,0.6875,0.9375
349,10,359,0.70117188,0.94428969
343,4,347,0.67773438,0.97694524
352,8,360,0.703125,0.95555556
347,0,347,0.67773438,1
338,15,353,0.68945312,0.91501416
332,6,338,0.66015625,0.96449704
350,11,361,0.70507812,0.93905817
337,9,346,0.67578125,0.94797688
353,0,353,0.68945312,1
342,7,349,0.68164062,0.95988539
321,21,342,0.66796875,0.87719298
360,0,360,0.703125,1
339,12,351,0.68554688,0.93162393
343,12,355,0.69335938,0.93239437
326,13,339,0.66210938,0.92330383
343,3,346,0.67578125,0.98265896
351,2,353,0.68945312,0.98866856
341,7,348,0.6796875,0.95977011
330,7,337,0.65820312,0.95845697
332,15,347,0.67773438,0.91354467
348,0,348,0.6796875,1
336,9,345,0.67382812,0.94782609
337,15,352,0.6875,0.91477273
333,19,352,0.6875,0.89204545
333,7,340,0.6640625,0.95882353
329,11,340,0.6640625,0.93529412
338,6,344,0.671875,0.96511628
356,0,356,0.6953125,1
348,3,351,0.68554688,0.98290598
345,12,357,0.69726562,0.93277311
317,22,339,0.66210938,0.87020649
325,19,344,0.671875,0.88953488
310,27,337,0.65820312,0.83976261
331,22,353,0.68945312,0.87535411
318,25,343,0.66992188,0.85422741
318,23,341,0.66601562,0.86510264
347,7,354,0.69140625,0.96045198
348,2,350,0.68359375,0.98857143
357,2,359,0.70117188,0.98885794
334,10,344,0.671875,0.94186047
321,19,340,0.6640625,0.88823529
333,12,345,0.67382812,0.93043478
334,13,347,0.67773438,0.92507205
336,8,344,0.671875,0.95348837
349,6,355,0.69335938,0.96619718
346,7,353,0.68945312,0.96033994
343,5,348,0.6796875,0.97126437
349,1,350,0.68359375,0.99428571
349,2,351,0.68554688,0.98860399
321,7,328,0.640625,0.95731707
350,21,371,0.72460938,0.88679245
327,25,352,0.6875,0.85795455
347,9,356,0.6953125,0.9494382
327,9,336,0.65625,0.94642857
349,2,351,0.68554688,0.98860399
343,8,351,0.68554688,0.95441595
316,18,334,0.65234375,0.89221557
346,3,349,0.68164062,0.98280802
348,2,350,0.68359375,0.98857143
335,15,350,0.68359375,0.91428571
323,11,334,0.65234375,0.93413174
352,2,354,0.69140625,0.98870056
334,11,345,0.67382812,0.93623188
340,6,346,0.67578125,0.96531792
340,5,345,0.67382812,0.97101449
329,23,352,0.6875,0.86931818
343,7,350,0.68359375,0.96
340,8,348,0.6796875,0.95402299
351,4,355,0.69335938,0.97746479
338,1,339,0.66210938,0.99410029
354,1,355,0.69335938,0.9943662
348,7,355,0.69335938,0.96056338
348,0,348,0.6796875,1
356,1,357,0.69726562,0.99439776
347,5,352,0.6875,0.97159091
316,27,343,0.66992188,0.8425656
311,28,339,0.66210938,0.83480826
333,12,345,0.67382812,0.93043478
340,14,354,0.69140625,0.92090395
353,0,353,0.68945312,1
338,6,344,0.671875,0.96511628
322,20,342,0.66796875,0.88304094
329,14,343,0.66992188,0.91836735
323,24,347,0.67773438,0.86167147
340,6,346,0.67578125,0.96531792
322,10,332,0.6484375,0.93975904
325,6,331,0.64648438,0.96374622
342,6,348,0.6796875,0.96551724
348,7,355,0.69335938,0.96056338
309,20,329,0.64257812,0.87841945
333,31,364,0.7109375,0.82967033
331,14,345,0.67382812,0.91884058
348,7,355,0.69335938,0.96056338
350,11,361,0.70507812,0.93905817
330,19,349,0.68164062,0.89111748
338,15,353,0.68945312,0.91501416
341,15,356,0.6953125,0.91573034
340,7,347,0.67773438,0.95965418
342,4,346,0.67578125,0.97687861
351,0,351,0.68554688,1
345,3,348,0.6796875,0.98275862
343,12,355,0.69335938,0.93239437
335,19,354,0.69140625,0.89265537
321,32,353,0.68945312,0.81869688
345,21,366,0.71484375,0.8852459
318,29,347,0.67773438,0.83285303
322,25,347,0.67773438,0.85590778
275,62,337,0.65820312,0.63204748
314,31,345,0.67382812,0.82028986
304,40,344,0.671875,0.76744186
347,8,355,0.69335938,0.95492958
331,9,340,0.6640625,0.94705882
335,17,352,0.6875,0.90340909
334,7,341,0.66601562,0.95894428
348,3,351,0.68554688,0.98290598
317,22,339,0.66210938,0.87020649
348,1,349,0.68164062,0.99426934
343,0,343,0.66992188,1
350,0,350,0.68359375,1
349,2,351,0.68554688,0.98860399
327,13,340,0.6640625,0.92352941
323,19,342,0.66796875,0.88888889
315,28,343,0.66992188,0.83673469
334,15,349,0.68164062,0.91404011
338,12,350,0.68359375,0.93142857
328,15,343,0.66992188,0.91253644
340,11,351,0.68554688,0.93732194
328,14,342,0.66796875,0.91812865
334,8,342,0.66796875,0.95321637
344,3,347,0.67773438,0.98270893
345,4,349,0.68164062,0.97707736
339,8,347,0.67773438,0.95389049
339,5,344,0.671875,0.97093023
352,11,363,0.70898438,0.93939394
333,20,353,0.68945312,0.88668555
312,38,350,0.68359375,0.78285714
287,57,344,0.671875,0.66860465
290,59,349,0.68164062,0.66189112
280,64,344,0.671875,0.62790698
296,44,340,0.6640625,0.74117647
314,35,349,0.68164062,0.79942693
302,42,344,0.671875,0.75581395
314,19,333,0.65039062,0.88588589
301,35,336,0.65625,0.79166667
325,29,354,0.69140625,0.83615819
344,7,351,0.68554688,0.96011396
347,3,350,0.68359375,0.98285714
324,27,351,0.68554688,0.84615385
328,28,356,0.6953125,0.84269663
300,41,341,0.66601562,0.75953079
306,41,347,0.67773438,0.76368876
342,9,351,0.68554688,0.94871795
358,1,359,0.70117188,0.99442897
338,14,352,0.6875,0.92045455
347,2,349,0.68164062,0.98853868
327,21,348,0.6796875,0.87931034
327,18,345,0.67382812,0.89565217
314,22,336,0.65625,0.86904762
331,13,344,0.671875,0.9244186
360,0,360,0.703125,1
357,0,357,0.69726562,1
354,2,356,0.6953125,0.98876404
345,1,346,0.67578125,0.99421965
354,4,358,0.69921875,0.97765363
344,10,354,0.69140625,0.94350282
344,9,353,0.68945312,0.9490085
345,18,363,0.70898438,0.90082645
318,32,350,0.68359375,0.81714286
313,26,339,0.66210938,0.84660767
357,0,357,0.69726562,1
326,13,339,0.66210938,0.92330383
330,23,353,0.68945312,0.86968839
340,9,349,0.68164062,0.94842407
334,8,342,0.66796875,0.95321637
356,0,356,0.6953125,1
334,16,350,0.68359375,0.90857143
311,23,334,0.65234375,0.86227545
326,23,349,0.68164062,0.86819484
328,20,348,0.6796875,0.88505747
338,15,353,0.68945312,0.91501416
334,13,347,0.67773438,0.92507205
339,12,351,0.68554688,0.93162393
348,2,350,0.68359375,0.98857143
353,1,354,0.69140625,0.99435028
348,0,348,0.6796875,1
349,0,349,0.68164062,1
338,2,340,0.6640625,0.98823529
344,6,350,0.68359375,0.96571429
357,1,358,0.69921875,0.99441341
359,0,359,0.70117188,1
361,0,361,0.70507812,1
341,9,350,0.68359375,0.94857143
338,14,352,0.6875,0.92045455
355,0,355,0.69335938,1
339,10,349,0.68164062,0.94269341
332,9,341,0.66601562,0.94721408
361,1,362,0.70703125,0.99447514
338,9,347,0.67773438,0.9481268
340,0,340,0.6640625,1
336,10,346,0.67578125,0.94219653
325,14,339,0.66210938,0.91740413
341,21,362,0.70703125,0.8839779
339,13,352,0.6875,0.92613636
351,6,357,0.69726562,0.96638655
348,3,351,0.68554688,0.98290598
337,2,339,0.66210938,0.98820059
341,4,345,0.67382812,0.97681159
346,0,346,0.67578125,1
315,12,327,0.63867188,0.9266055
347,0,347,0.67773438,1
356,5,361,0.70507812,0.97229917
347,8,355,0.69335938,0.95492958
326,16,342,0.66796875,0.90643275
343,6,349,0.68164062,0.96561605
338,8,346,0.67578125,0.95375723
333,10,343,0.66992188,0.94169096
343,1,344,0.671875,0.99418605
352,0,352,0.6875,1
344,0,344,0.671875,1
344,0,344,0.671875,1
340,4,344,0.671875,0.97674419
343,12,355,0.69335938,0.93239437
331,20,351,0.68554688,0.88603989
352,9,361,0.70507812,0.9501385
326,20,346,0.67578125,0.88439306
336,12,348,0.6796875,0.93103448
329,12,341,0.66601562,0.92961877
350,0,350,0.68359375,1
348,5,353,0.68945312,0.97167139
352,1,353,0.68945312,0.99433428
352,7,359,0.70117188,0.96100279
311,29,340,0.6640625,0.82941176
314,18,332,0.6484375,0.89156627
337,12,349,0.68164062,0.93123209
311,26,337,0.65820312,0.84569733
312,34,346,0.67578125,0.80346821
326,22,348,0.6796875,0.87356322
308,42,350,0.68359375,0.76
305,41,346,0.67578125,0.76300578
332,19,351,0.68554688,0.89173789
339,18,357,0.69726562,0.89915966
324,22,346,0.67578125,0.87283237
365,2,367,0.71679688,0.98910082
349,1,350,0.68359375,0.99428571
341,4,345,0.67382812,0.97681159
349,3,352,0.6875,0.98295455
344,12,356,0.6953125,0.93258427
350,4,354,0.69140625,0.97740113
344,13,357,0.69726562,0.92717087
319,32,351,0.68554688,0.81766382
314,32,346,0.67578125,0.8150289
308,38,346,0.67578125,0.78034682
315,31,346,0.67578125,0.82080925
323,19,342,0.66796875,0.88888889
326,18,344,0.671875,0.89534884
348,15,363,0.70898438,0.91735537
332,15,347,0.67773438,0.91354467
318,27,345,0.67382812,0.84347826
336,19,355,0.69335938,0.89295775
325,18,343,0.66992188,0.89504373
338,14,352,0.6875,0.92045455
331,22,353,0.68945312,0.87535411
343,16,359,0.70117188,0.91086351
338,7,345,0.67382812,0.95942029
333,20,353,0.68945312,0.88668555
331,11,342,0.66796875,0.93567251
352,0,352,0.6875,1
328,14,342,0.66796875,0.91812865
328,17,345,0.67382812,0.90144928
341,3,344,0.671875,0.98255814
342,7,349,0.68164062,0.95988539
356,6,362,0.70703125,0.96685083
316,16,332,0.6484375,0.90361446
349,0,349,0.68164062,1
334,3,337,0.65820312,0.98219585
353,0,353,0.68945312,1
358,0,358,0.69921875,1
347,8,355,0.69335938,0.95492958
337,3,340,0.6640625,0.98235294
348,0,348,0.6796875,1
357,1,358,0.69921875,0.99441341
339,2,341,0.66601562,0.98826979
338,7,345,0.67382812,0.95942029
353,0,353,0.68945312,1
342,3,345,0.67382812,0.9826087
333,4,337,0.65820312,0.97626113
345,0,345,0.67382812,1
353,0,353,0.68945312,1
348,8,356,0.6953125,0.95505618
357,0,357,0.69726562,1
344,2,346,0.67578125,0.98843931
327,12,339,0.66210938,0.92920354
351,5,356,0.6953125,0.97191011
332,5,337,0.65820312,0.97032641
343,5,348,0.6796875,0.97126437
328,4,332,0.6484375,0.97590361
343,0,343,0.66992188,1
332,16,348,0.6796875,0.90804598
341,12,353,0.68945312,0.93201133
350,5,355,0.69335938,0.97183099
347,4,351,0.68554688,0.97720798
328,16,344,0.671875,0.90697674
336,10,346,0.67578125,0.94219653
348,11,359,0.70117188,0.93871866
352,0,352,0.6875,1
350,0,350,0.68359375,1
355,9,364,0.7109375,0.95054945
338,1,339,0.66210938,0.99410029
339,11,350,0.68359375,0.93714286
350,3,353,0.68945312,0.98300283
335,5,340,0.6640625,0.97058824
358,0,358,0.69921875,1
346,5,351,0.68554688,0.97150997
353,3,356,0.6953125,0.98314607
330,18,348,0.6796875,0.89655172
348,3,351,0.68554688,0.98290598
353,1,354,0.69140625,0.99435028
337,4,341,0.66601562,0.97653959
342,3,345,0.67382812,0.9826087
323,11,334,0.65234375,0.93413174
354,1,355,0.69335938,0.9943662
339,22,361,0.70507812,0.87811634
311,31,342,0.66796875,0.81871345
307,32,339,0.66210938,0.81120944
330,27,357,0.69726562,0.8487395
330,19,349,0.68164062,0.89111748
332,25,357,0.69726562,0.85994398
331,26,357,0.69726562,0.85434174
326,21,347,0.67773438,0.87896254
318,19,337,0.65820312,0.88724036
331,24,355,0.69335938,0.86478873
340,9,349,0.68164062,0.94842407
336,3,339,0.66210938,0.98230088
358,0,358,0.69921875,1
323,16,339,0.66210938,0.90560472
327,25,352,0.6875,0.85795455
315,26,341,0.66601562,0.84750733
318,18,336,0.65625,0.89285714
334,9,343,0.66992188,0.94752187
332,12,344,0.671875,0.93023256
343,13,356,0.6953125,0.92696629
342,6,348,0.6796875,0.96551724
351,1,352,0.6875,0.99431818
339,10,349,0.68164062,0.94269341
344,5,349,0.68164062,0.9713467
338,8,346,0.67578125,0.95375723
336,15,351,0.68554688,0.91452991
329,32,361,0.70507812,0.82271468
327,14,341,0.66601562,0.91788856
337,7,344,0.671875,0.95930233
346,1,347,0.67773438,0.99423631
347,6,353,0.68945312,0.96600567
359,0,359,0.70117188,1
326,13,339,0.66210938,0.92330383
338,9,347,0.67773438,0.9481268
352,3,355,0.69335938,0.98309859
334,6,340,0.6640625,0.96470588
329,7,336,0.65625,0.95833333
324,22,346,0.67578125,0.87283237
301,38,339,0.66210938,0.77581121
322,26,348,0.6796875,0.85057471
315,34,349,0.68164062,0.80515759
309,41,350,0.68359375,0.76571429
283,60,343,0.66992188,0.65014577
323,24,347,0.67773438,0.86167147
328,34,362,0.70703125,0.8121547
338,17,355,0.69335938,0.90422535
350,5,355,0.69335938,0.97183099
353,0,353,0.68945312,1
346,7,353,0.68945312,0.96033994
331,15,346,0.67578125,0.9132948
329,13,342,0.66796875,0.92397661
348,12,360,0.703125,0.93333333
317,23,340,0.6640625,0.86470588
340,11,351,0.68554688,0.93732194
348,0,348,0.6796875,1
356,2,358,0.69921875,0.98882682
354,0,354,0.69140625,1
324,13,337,0.65820312,0.92284866
343,9,352,0.6875,0.94886364
345,7,352,0.6875,0.96022727
332,4,336,0.65625,0.97619048
358,0,358,0.69921875,1
346,6,352,0.6875,0.96590909
356,0,356,0.6953125,1
338,7,345,0.67382812,0.95942029
342,3,345,0.67382812,0.9826087
326,25,351,0.68554688,0.85754986
332,25,357,0.69726562,0.85994398
325,12,337,0.65820312,0.92878338
328,27,355,0.69335938,0.84788732
346,14,360,0.703125,0.92222222
331,5,336,0.65625,0.9702381
350,5,355,0.69335938,0.97183099
331,6,337,0.65820312,0.96439169
344,9,353,0.68945312,0.9490085
349,2,351,0.68554688,0.98860399
346,9,355,0.69335938,0.94929577
335,0,335,0.65429688,1
340,1,341,0.66601562,0.9941349
337,10,347,0.67773438,0.94236311
349,2,351,0.68554688,0.98860399
349,7,356,0.6953125,0.96067416
341,4,345,0.67382812,0.97681159
347,7,354,0.69140625,0.96045198
342,2,344,0.671875,0.98837209
351,1,352,0.6875,0.99431818
344,7,351,0.68554688,0.96011396
349,14,363,0.70898438,0.92286501
342,3,345,0.67382812,0.9826087
316,22,338,0.66015625,0.86982249
331,14,345,0.67382812,0.91884058
351,5,356,0.6953125,0.97191011
346,2,348,0.6796875,0.98850575
333,12,345,0.67382812,0.93043478
361,6,367,0.71679688,0.96730245
350,0,350,0.68359375,1
334,7,341,0.66601562,0.95894428
335,8,343,0.66992188,0.95335277
340,5,345,0.67382812,0.97101449
344,2,346,0.67578125,0.98843931
333,4,337,0.65820312,0.97626113
345,14,359,0.70117188,0.92200557
338,14,352,0.6875,0.92045455
326,16,342,0.66796875,0.90643275
319,26,345,0.67382812,0.84927536
344,17,361,0.70507812,0.90581717
344,13,357,0.69726562,0.92717087
344,10,354,0.69140625,0.94350282
342,1,343,0.66992188,0.9941691
320,27,347,0.67773438,0.8443804
327,17,344,0.671875,0.90116279
354,0,354,0.69140625,1
350,3,353,0.68945312,0.98300283
325,22,347,0.67773438,0.87319885
317,23,340,0.6640625,0.86470588
333,19,352,0.6875,0.89204545
335,21,356,0.6953125,0.88202247
338,0,338,0.66015625,1
345,3,348,0.6796875,0.98275862
347,2,349,0.68164062,0.98853868
338,6,344,0.671875,0.96511628
357,6,363,0.70898438,0.96694215
329,15,344,0.671875,0.9127907
343,0,343,0.66992188,1
347,7,354,0.69140625,0.96045198
332,14,346,0.67578125,0.91907514
310,29,339,0.66210938,0.82890855
332,7,339,0.66210938,0.95870206
349,9,358,0.69921875,0.94972067
346,6,352,0.6875,0.96590909
314,27,341,0.66601562,0.84164223
324,20,344,0.671875,0.88372093
330,17,347,0.67773438,0.90201729
321,21,342,0.66796875,0.87719298
332,9,341,0.66601562,0.94721408
346,10,356,0.6953125,0.94382022
341,9,350,0.68359375,0.94857143
342,10,352,0.6875,0.94318182
336,7,343,0.66992188,0.95918367
350,1,351,0.68554688,0.99430199
319,23,342,0.66796875,0.86549708
321,18,339,0.66210938,0.89380531
330,16,346,0.67578125,0.90751445
334,10,344,0.671875,0.94186047
352,2,354,0.69140625,0.98870056
338,9,347,0.67773438,0.9481268
340,5,345,0.67382812,0.97101449
313,34,347,0.67773438,0.80403458
290,55,345,0.67382812,0.68115942
312,42,354,0.69140625,0.76271186
305,31,336,0.65625,0.81547619
343,12,355,0.69335938,0.93239437
341,6,347,0.67773438,0.96541787
362,0,362,0.70703125,1
328,17,345,0.67382812,0.90144928
335,7,342,0.66796875,0.95906433
336,11,347,0.67773438,0.93659942
331,14,345,0.67382812,0.91884058
333,7,340,0.6640625,0.95882353
359,3,362,0.70703125,0.98342541
346,2,348,0.6796875,0.98850575
337,12,349,0.68164062,0.93123209
352,0,352,0.6875,1
345,2,347,0.67773438,0.98847262
351,0,351,0.68554688,1
332,12,344,0.671875,0.93023256
331,14,345,0.67382812,0.91884058
306,49,355,0.69335938,0.72394366
324,27,351,0.68554688,0.84615385
346,3,349,0.68164062,0.98280802
336,8,344,0.671875,0.95348837
336,7,343,0.66992188,0.95918367
349,15,364,0.7109375,0.91758242
308,25,333,0.65039062,0.84984985
324,19,343,0.66992188,0.88921283
333,12,345,0.67382812,0.93043478
321,12,333,0.65039062,0.92792793
354,7,361,0.70507812,0.96121884
340,7,347,0.67773438,0.95965418
328,12,340,0.6640625,0.92941176
347,1,348,0.6796875,0.99425287
343,24,367,0.71679688,0.86920981
339,9,348,0.6796875,0.94827586
341,12,353,0.68945312,0.93201133
332,11,343,0.66992188,0.93586006
355,7,362,0.70703125,0.96132597
338,1,339,0.66210938,0.99410029
331,10,341,0.66601562,0.94134897
342,11,353,0.68945312,0.93767705
337,10,347,0.67773438,0.94236311
336,7,343,0.66992188,0.95918367
313,17,330,0.64453125,0.8969697
320,24,344,0.671875,0.86046512
315,31,346,0.67578125,0.82080925
330,22,352,0.6875,0.875
321,27,348,0.6796875,0.84482759
310,30,340,0.6640625,0.82352941
317,32,349,0.68164062,0.81661891
284,52,336,0.65625,0.69047619
335,17,352,0.6875,0.90340909
343,13,356,0.6953125,0.92696629
365,4,369,0.72070312,0.97831978
341,7,348,0.6796875,0.95977011
332,14,346,0.67578125,0.91907514
341,4,345,0.67382812,0.97681159
356,3,359,0.70117188,0.98328691
352,1,353,0.68945312,0.99433428
325,9,334,0.65234375,0.94610778
321,24,345,0.67382812,0.86086957
344,10,354,0.69140625,0.94350282
346,10,356,0.6953125,0.94382022
347,1,348,0.6796875,0.99425287
310,24,334,0.65234375,0.85628743
316,29,345,0.67382812,0.83188406
334,16,350,0.68359375,0.90857143
332,17,349,0.68164062,0.9025788
350,10,360,0.703125,0.94444444
337,8,345,0.67382812,0.95362319
328,18,346,0.67578125,0.89595376
334,19,353,0.68945312,0.89235127
298,41,339,0.66210938,0.75811209
327,13,340,0.6640625,0.92352941
350,1,351,0.68554688,0.99430199
354,3,357,0.69726562,0.98319328
357,0,357,0.69726562,1
340,9,349,0.68164062,0.94842407
339,14,353,0.68945312,0.92067989
335,7,342,0.66796875,0.95906433
313,34,347,0.67773438,0.80403458
331,16,347,0.67773438,0.90778098
337,13,350,0.68359375,0.92571429
327,10,337,0.65820312,0.94065282
342,4,346,0.67578125,0.97687861
345,4,349,0.68164062,0.97707736
343,11,354,0.69140625,0.93785311
320,18,338,0.66015625,0.89349112
335,9,344,0.671875,0.94767442
315,31,346,0.67578125,0.82080925
329,22,351,0.68554688,0.87464387
309,28,337,0.65820312,0.83382789
313,30,343,0.66992188,0.82507289
330,16,346,0.67578125,0.90751445
319,22,341,0.66601562,0.87096774
326,11,337,0.65820312,0.9347181
354,2,356,0.6953125,0.98876404
348,9,357,0.69726562,0.94957983
348,2,350,0.68359375,0.98857143
358,0,358,0.69921875,1
347,1,348,0.6796875,0.99425287
333,9,342,0.66796875,0.94736842
358,5,363,0.70898438,0.97245179
329,11,340,0.6640625,0.93529412
340,8,348,0.6796875,0.95402299
337,18,355,0.69335938,0.89859155
332,8,340,0.6640625,0.95294118
345,11,356,0.6953125,0.93820225
347,5,352,0.6875,0.97159091
335,8,343,0.66992188,0.95335277
347,2,349,0.68164062,0.98853868
333,14,347,0.67773438,0.91930836
361,3,364,0.7109375,0.98351648
345,12,357,0.69726562,0.93277311
344,5,349,0.68164062,0.9713467
339,18,357,0.69726562,0.89915966
323,22,345,0.67382812,0.87246377
334,16,350,0.68359375,0.90857143
331,20,351,0.68554688,0.88603989
299,42,341,0.66601562,0.75366569
290,53,343,0.66992188,0.6909621
284,73,357,0.69726562,0.59103641
266,82,348,0.6796875,0.52873563
275,67,342,0.66796875,0.60818713
262,77,339,0.66210938,0.54572271
308,40,348,0.6796875,0.77011494
333,22,355,0.69335938,0.87605634
333,10,343,0.66992188,0.94169096
332,15,347,0.67773438,0.91354467
339,10,349,0.68164062,0.94269341
345,12,357,0.69726562,0.93277311
352,1,353,0.68945312,0.99433428
349,2,351,0.68554688,0.98860399
356,2,358,0.69921875,0.98882682
347,4,351,0.68554688,0.97720798
358,1,359,0.70117188,0.99442897
349,5,354,0.69140625,0.97175141
347,2,349,0.68164062,0.98853868
346,0,346,0.67578125,1
351,2,353,0.68945312,0.98866856
336,9,345,0.67382812,0.94782609
338,17,355,0.69335938,0.90422535
346,1,347,0.67773438,0.99423631
315,31,346,0.67578125,0.82080925
327,22,349,0.68164062,0.8739255
335,15,350,0.68359375,0.91428571
355,0,355,0.69335938,1
342,1,343,0.66992188,0.9941691
346,10,356,0.6953125,0.94382022
353,10,363,0.70898438,0.94490358
344,13,357,0.69726562,0.92717087
341,7,348,0.6796875,0.95977011
337,14,351,0.68554688,0.92022792
305,35,340,0.6640625,0.79411765
326,25,351,0.68554688,0.85754986
331,19,350,0.68359375,0.89142857
341,6,347,0.67773438,0.96541787
347,3,350,0.68359375,0.98285714
338,12,350,0.68359375,0.93142857
333,14,347,0.67773438,0.91930836
351,0,351,0.68554688,1
328,10,338,0.66015625,0.9408284
352,8,360,0.703125,0.95555556
347,0,347,0.67773438,1
349,1,350,0.68359375,0.99428571
335,8,343,0.66992188,0.95335277
352,0,352,0.6875,1
348,13,361,0.70507812,0.92797784
340,23,363,0.70898438,0.87327824
346,4,350,0.68359375,0.97714286
340,0,340,0.6640625,1
346,0,346,0.67578125,1
353,10,363,0.70898438,0.94490358
354,0,354,0.69140625,1
346,0,346,0.67578125,1
354,0,354,0.69140625,1
338,11,349,0.68164062,0.93696275
334,10,344,0.671875,0.94186047
351,1,352,0.6875,0.99431818
341,7,348,0.6796875,0.95977011
335,8,343,0.66992188,0.95335277
355,1,356,0.6953125,0.99438202
360,0,360,0.703125,1
332,6,338,0.66015625,0.96449704
348,0,348,0.6796875,1
362,0,362,0.70703125,1
353,2,355,0.69335938,0.98873239
335,12,347,0.67773438,0.93083573
341,13,354,0.69140625,0.92655367
331,11,342,0.66796875,0.93567251
336,11,347,0.67773438,0.93659942
330,15,345,0.67382812,0.91304348
348,0,348,0.6796875,1
346,2,348,0.6796875,0.98850575
358,0,358,0.69921875,1
343,10,353,0.68945312,0.94334278
338,8,346,0.67578125,0.95375723
342,8,350,0.68359375,0.95428571
340,13,353,0.68945312,0.92634561
304,32,336,0.65625,0.80952381
335,21,356,0.6953125,0.88202247
345,5,350,0.68359375,0.97142857
333,17,350,0.68359375,0.90285714
365,0,365,0.71289062,1
364,0,364,0.7109375,1
340,4,344,0.671875,0.97674419
330,9,339,0.66210938,0.94690265
352,0,352,0.6875,1
351,1,352,0.6875,0.99431818
341,14,355,0.69335938,0.92112676
323,13,336,0.65625,0.92261905
340,6,346,0.67578125,0.96531792
346,6,352,0.6875,0.96590909
336,20,356,0.6953125,0.88764045
321,21,342,0.66796875,0.87719298
310,29,339,0.66210938,0.82890855
340,14,354,0.69140625,0.92090395
349,6,355,0.69335938,0.96619718
313,25,338,0.66015625,0.85207101
352,0,352,0.6875,1
360,0,360,0.703125,1
345,8,353,0.68945312,0.95467422
319,27,346,0.67578125,0.84393064
367,5,372,0.7265625,0.97311828
344,8,352,0.6875,0.95454545
333,11,344,0.671875,0.93604651
342,14,356,0.6953125,0.92134831
348,0,348,0.6796875,1
348,1,349,0.68164062,0.99426934
345,3,348,0.6796875,0.98275862
347,5,352,0.6875,0.97159091
343,5,348,0.6796875,0.97126437
342,14,356,0.6953125,0.92134831
359,0,359,0.70117188,1
330,4,334,0.65234375,0.9760479
349,0,349,0.68164062,1
350,3,353,0.68945312,0.98300283
352,6,358,0.69921875,0.96648045
328,18,346,0.67578125,0.89595376
303,48,351,0.68554688,0.72649573
310,41,351,0.68554688,0.76638177
326,24,350,0.68359375,0.86285714
342,12,354,0.69140625,0.93220339
343,1,344,0.671875,0.99418605
338,1,339,0.66210938,0.99410029
342,2,344,0.671875,0.98837209
338,4,342,0.66796875,0.97660819
346,0,346,0.67578125,1
352,1,353,0.68945312,0.99433428
342,7,349,0.68164062,0.95988539
333,2,335,0.65429688,0.9880597
345,6,351,0.68554688,0.96581197
336,8,344,0.671875,0.95348837
337,15,352,0.6875,0.91477273
333,12,345,0.67382812,0.93043478
341,6,347,0.67773438,0.96541787
354,0,354,0.69140625,1
356,0,356,0.6953125,1
337,10,347,0.67773438,0.94236311
342,7,349,0.68164062,0.95988539
353,3,356,0.6953125,0.98314607
343,1,344,0.671875,0.99418605
316,30,346,0.67578125,0.8265896
299,52,351,0.68554688,0.7037037
301,44,345,0.67382812,0.74492754
346,8,354,0.69140625,0.95480226
338,10,348,0.6796875,0.94252874
327,12,339,0.66210938,0.92920354
314,26,340,0.6640625,0.84705882
355,4,359,0.70117188,0.97771588
322,22,344,0.671875,0.87209302
339,17,356,0.6953125,0.90449438
342,14,356,0.6953125,0.92134831
349,4,353,0.68945312,0.97733711
338,12,350,0.68359375,0.93142857
323,19,342,0.66796875,0.88888889
312,33,345,0.67382812,0.80869565
296,49,345,0.67382812,0.71594203
306,42,348,0.6796875,0.75862069
339,13,352,0.6875,0.92613636
339,17,356,0.6953125,0.90449438
333,22,355,0.69335938,0.87605634
336,11,347,0.67773438,0.93659942
316,24,340,0.6640625,0.85882353
341,14,355,0.69335938,0.92112676
346,1,347,0.67773438,0.99423631
348,10,358,0.69921875,0.94413408
332,11,343,0.66992188,0.93586006
322,19,341,0.66601562,0.88856305
321,27,348,0.6796875,0.84482759
332,17,349,0.68164062,0.9025788
328,22,350,0.68359375,0.87428571
328,17,345,0.67382812,0.90144928
338,11,349,0.68164062,0.93696275
322,11,333,0.65039062,0.93393393
362,0,362,0.70703125,1
330,11,341,0.66601562,0.93548387
354,0,354,0.69140625,1
329,11,340,0.6640625,0.93529412
335,13,348,0.6796875,0.92528736
331,15,346,0.67578125,0.9132948
323,24,347,0.67773438,0.86167147
307,33,340,0.6640625,0.80588235
317,28,345,0.67382812,0.83768116
330,23,353,0.68945312,0.86968839
339,20,359,0.70117188,0.88857939
338,20,358,0.69921875,0.88826816
321,27,348,0.6796875,0.84482759
319,28,347,0.67773438,0.83861671
306,41,347,0.67773438,0.76368876
324,25,349,0.68164062,0.85673352
325,25,350,0.68359375,0.85714286
351,6,357,0.69726562,0.96638655
346,11,357,0.69726562,0.93837535
342,3,345,0.67382812,0.9826087
343,14,357,0.69726562,0.92156863
324,23,347,0.67773438,0.86743516
348,4,352,0.6875,0.97727273
350,0,350,0.68359375,1
353,3,356,0.6953125,0.98314607
329,11,340,0.6640625,0.93529412
345,7,352,0.6875,0.96022727
342,3,345,0.67382812,0.9826087
317,29,346,0.67578125,0.83236994
321,19,340,0.6640625,0.88823529
311,25,336,0.65625,0.85119048
343,13,356,0.6953125,0.92696629
314,22,336,0.65625,0.86904762
339,11,350,0.68359375,0.93714286
339,3,342,0.66796875,0.98245614
352,5,357,0.69726562,0.9719888
338,9,347,0.67773438,0.9481268
320,34,354,0.69140625,0.8079096
314,39,353,0.68945312,0.77903683
316,28,344,0.671875,0.8372093
339,16,355,0.69335938,0.90985915
333,15,348,0.6796875,0.9137931
312,34,346,0.67578125,0.80346821
336,17,353,0.68945312,0.90368272
345,15,360,0.703125,0.91666667
347,6,353,0.68945312,0.96600567
347,3,350,0.68359375,0.98285714
352,3,355,0.69335938,0.98309859
340,18,358,0.69921875,0.89944134
353,0,353,0.68945312,1
339,6,345,0.67382812,0.96521739
354,0,354,0.69140625,1
353,0,353,0.68945312,1
337,3,340,0.6640625,0.98235294
359,1,360,0.703125,0.99444444
360,0,360,0.703125,1
317,32,349,0.68164062,0.81661891
331,12,343,0.66992188,0.93002915
332,10,342,0.66796875,0.94152047
321,19,340,0.6640625,0.88823529
342,9,351,0.68554688,0.94871795
334,14,348,0.6796875,0.91954023
338,5,343,0.66992188,0.97084548
329,10,339,0.66210938,0.94100295
354,4,358,0.69921875,0.97765363
348,5,353,0.68945312,0.97167139
349,8,357,0.69726562,0.95518207
326,23,349,0.68164062,0.86819484
349,4,353,0.68945312,0.97733711
353,2,355,0.69335938,0.98873239
345,1,346,0.67578125,0.99421965
346,2,348,0.6796875,0.98850575
358,0,358,0.69921875,1
334,9,343,0.66992188,0.94752187
347,2,349,0.68164062,0.98853868
348,2,350,0.68359375,0.98857143
346,5,351,0.68554688,0.97150997
348,6,354,0.69140625,0.96610169
343,0,343,0.66992188,1
341,6,347,0.67773438,0.96541787
353,0,353,0.68945312,1
345,0,345,0.67382812,1
315,32,347,0.67773438,0.81556196
343,3,346,0.67578125,0.98265896
329,16,345,0.67382812,0.90724638
323,22,345,0.67382812,0.87246377
320,30,350,0.68359375,0.82857143
333,22,355,0.69335938,0.87605634
330,17,347,0.67773438,0.90201729
349,0,349,0.68164062,1
335,13,348,0.6796875,0.92528736
329,19,348,0.6796875,0.8908046
308,34,342,0.66796875,0.80116959
298,50,348,0.6796875,0.71264368
298,51,349,0.68164062,0.70773639
312,36,348,0.6796875,0.79310345
312,27,339,0.66210938,0.84070796
293,48,341,0.66601562,0.71847507
299,42,341,0.66601562,0.75366569
304,38,342,0.66796875,0.77777778
324,32,356,0.6953125,0.82022472
319,21,340,0.6640625,0.87647059
341,4,345,0.67382812,0.97681159
336,5,341,0.66601562,0.97067449
326,19,345,0.67382812,0.88985507
296,40,336,0.65625,0.76190476
341,13,354,0.69140625,0.92655367
337,17,354,0.69140625,0.9039548
334,22,356,0.6953125,0.87640449
360,0,360,0.703125,1
350,0,350,0.68359375,1
356,0,356,0.6953125,1
350,6,356,0.6953125,0.96629213
330,11,341,0.66601562,0.93548387
356,0,356,0.6953125,1
343,3,346,0.67578125,0.98265896
342,8,350,0.68359375,0.95428571
359,0,359,0.70117188,1
340,14,354,0.69140625,0.92090395
340,5,345,0.67382812,0.97101449
345,0,345,0.67382812,1
345,12,357,0.69726562,0.93277311
336,13,349,0.68164062,0.92550143
334,9,343,0.66992188,0.94752187
341,4,345,0.67382812,0.97681159
328,27,355,0.69335938,0.84788732
313,30,343,0.66992188,0.82507289
345,8,353,0.68945312,0.95467422
347,3,350,0.68359375,0.98285714
345,3,348,0.6796875,0.98275862
335,5,340,0.6640625,0.97058824
351,0,351,0.68554688,1
354,7,361,0.70507812,0.96121884
353,0,353,0.68945312,1
353,3,356,0.6953125,0.98314607
347,1,348,0.6796875,0.99425287
353,0,353,0.68945312,1
338,9,347,0.67773438,0.9481268
343,8,351,0.68554688,0.95441595
346,13,359,0.70117188,0.9275766
348,6,354,0.69140625,0.96610169
335,4,339,0.66210938,0.97640118
314,24,338,0.66015625,0.85798817
321,13,334,0.65234375,0.92215569
327,10,337,0.65820312,0.94065282
302,26,328,0.640625,0.84146341
308,43,351,0.68554688,0.75498575
286,60,346,0.67578125,0.65317919
295,49,344,0.671875,0.71511628
262,79,341,0.66601562,0.53665689
274,62,336,0.65625,0.63095238
264,73,337,0.65820312,0.56676558
258,71,329,0.64257812,0.56838906
221,117,338,0.66015625,0.30769231
221,111,332,0.6484375,0.3313253
257,101,358,0.69921875,0.43575419
244,100,344,0.671875,0.41860465
248,102,350,0.68359375,0.41714286
229,117,346,0.67578125,0.32369942
238,108,346,0.67578125,0.37572254
317,36,353,0.68945312,0.79603399
301,37,338,0.66015625,0.78106509
307,44,351,0.68554688,0.74928775
311,30,341,0.66601562,0.82404692
310,33,343,0.66992188,0.80758017
300,41,341,0.66601562,0.75953079
308,40,348,0.6796875,0.77011494
319,20,339,0.66210938,0.8820059
357,7,364,0.7109375,0.96153846
335,11,346,0.67578125,0.93641618
344,3,347,0.67773438,0.98270893
347,0,347,0.67773438,1
328,19,347,0.67773438,0.89048991
362,0,362,0.70703125,1
348,0,348,0.6796875,1
339,6,345,0.67382812,0.96521739
341,3,344,0.671875,0.98255814
357,4,361,0.70507812,0.97783934
353,2,355,0.69335938,0.98873239
347,0,347,0.67773438,1
344,1,345,0.67382812,0.9942029
338,3,341,0.66601562,0.98240469
346,3,349,0.68164062,0.98280802
337,18,355,0.69335938,0.89859155
354,3,357,0.69726562,0.98319328
320,23,343,0.66992188,0.86588921
339,9,348,0.6796875,0.94827586
352,0,352,0.6875,1
344,11,355,0.69335938,0.93802817
333,13,346,0.67578125,0.92485549
333,18,351,0.68554688,0.8974359
341,12,353,0.68945312,0.93201133
325,28,353,0.68945312,0.84135977
320,20,340,0.6640625,0.88235294
343,11,354,0.69140625,0.93785311
342,5,347,0.67773438,0.97118156
348,0,348,0.6796875,1
343,0,343,0.66992188,1
349,3,352,0.6875,0.98295455
348,5,353,0.68945312,0.97167139
343,4,347,0.67773438,0.97694524
310,29,339,0.66210938,0.82890855
318,30,348,0.6796875,0.82758621
321,14,335,0.65429688,0.91641791
306,40,346,0.67578125,0.76878613
332,23,355,0.69335938,0.87042254
319,15,334,0.65234375,0.91017964
337,11,348,0.6796875,0.93678161
335,10,345,0.67382812,0.94202899
349,0,349,0.68164062,1
348,6,354,0.69140625,0.96610169
344,5,349,0.68164062,0.9713467
341,0,341,0.66601562,1
351,2,353,0.68945312,0.98866856
339,9,348,0.6796875,0.94827586
329,17,346,0.67578125,0.9017341
345,1,346,0.67578125,0.99421965
324,13,337,0.65820312,0.92284866
339,6,345,0.67382812,0.96521739
338,13,351,0.68554688,0.92592593
345,3,348,0.6796875,0.98275862
354,2,356,0.6953125,0.98876404
351,0,351,0.68554688,1
345,0,345,0.67382812,1
333,10,343,0.66992188,0.94169096
333,15,348,0.6796875,0.9137931
332,20,352,0.6875,0.88636364
324,17,341,0.66601562,0.90029326
316,27,343,0.66992188,0.8425656
317,29,346,0.67578125,0.83236994
343,11,354,0.69140625,0.93785311
346,12,358,0.69921875,0.93296089
333,26,359,0.70117188,0.8551532
319,28,347,0.67773438,0.83861671
316,23,339,0.66210938,0.86430678
295,51,346,0.67578125,0.70520231
310,32,342,0.66796875,0.8128655
327,26,353,0.68945312,0.85269122
314,27,341,0.66601562,0.84164223
328,21,349,0.68164062,0.87965616
313,31,344,0.671875,0.81976744
317,31,348,0.6796875,0.82183908
325,10,335,0.65429688,0.94029851
344,6,350,0.68359375,0.96571429
308,27,335,0.65429688,0.83880597
315,35,350,0.68359375,0.8
330,22,352,0.6875,0.875
316,32,348,0.6796875,0.81609195
306,38,344,0.671875,0.77906977
302,43,345,0.67382812,0.75072464
304,41,345,0.67382812,0.76231884
286,56,342,0.66796875,0.67251462
281,48,329,0.64257812,0.70820669
299,46,345,0.67382812,0.73333333
305,44,349,0.68164062,0.747851
350,14,364,0.7109375,0.92307692
354,3,357,0.69726562,0.98319328
331,17,348,0.6796875,0.90229885
337,16,353,0.68945312,0.90934844
332,11,343,0.66992188,0.93586006
343,7,350,0.68359375,0.96
302,40,342,0.66796875,0.76608187
303,38,341,0.66601562,0.7771261
309,33,342,0.66796875,0.80701754
320,19,339,0.66210938,0.8879056
326,27,353,0.68945312,0.8470255
349,5,354,0.69140625,0.97175141
351,11,362,0.70703125,0.93922652
334,12,346,0.67578125,0.93063584
341,0,341,0.66601562,1
328,13,341,0.66601562,0.92375367
355,0,355,0.69335938,1
350,2,352,0.6875,0.98863636
344,0,344,0.671875,1
345,6,351,0.68554688,0.96581197
339,3,342,0.66796875,0.98245614
353,6,359,0.70117188,0.96657382
332,6,338,0.66015625,0.96449704
347,6,353,0.68945312,0.96600567
352,5,357,0.69726562,0.9719888
343,12,355,0.69335938,0.93239437
335,4,339,0.66210938,0.97640118
324,13,337,0.65820312,0.92284866
328,26,354,0.69140625,0.85310734
341,9,350,0.68359375,0.94857143
355,0,355,0.69335938,1
356,5,361,0.70507812,0.97229917
358,1,359,0.70117188,0.99442897
363,2,365,0.71289062,0.9890411
339,3,342,0.66796875,0.98245614
341,5,346,0.67578125,0.97109827
351,0,351,0.68554688,1
330,5,335,0.65429688,0.97014925
355,2,357,0.69726562,0.98879552
321,25,346,0.67578125,0.85549133
302,44,346,0.67578125,0.74566474
329,19,348,0.6796875,0.8908046
332,10,342,0.66796875,0.94152047
365,0,365,0.71289062,1
352,0,352,0.6875,1
350,0,350,0.68359375,1
341,5,346,0.67578125,0.97109827
343,13,356,0.6953125,0.92696629
315,27,342,0.66796875,0.84210526
311,15,326,0.63671875,0.90797546
342,11,353,0.68945312,0.93767705
348,6,354,0.69140625,0.96610169
332,10,342,0.66796875,0.94152047
362,0,362,0.70703125,1
329,11,340,0.6640625,0.93529412
351,0,351,0.68554688,1
338,14,352,0.6875,0.92045455
332,18,350,0.68359375,0.89714286
348,3,351,0.68554688,0.98290598
360,0,360,0.703125,1
336,4,340,0.6640625,0.97647059
346,6,352,0.6875,0.96590909
350,5,355,0.69335938,0.97183099
351,5,356,0.6953125,0.97191011
343,1,344,0.671875,0.99418605
339,0,339,0.66210938,1
309,26,335,0.65429688,0.84477612
339,8,347,0.67773438,0.95389049
326,14,340,0.6640625,0.91764706
336,7,343,0.66992188,0.95918367
337,18,355,0.69335938,0.89859155
321,10,331,0.64648438,0.93957704
336,10,346,0.67578125,0.94219653
340,11,351,0.68554688,0.93732194
345,2,347,0.67773438,0.98847262
340,6,346,0.67578125,0.96531792
323,22,345,0.67382812,0.87246377
298,46,344,0.671875,0.73255814
276,61,337,0.65820312,0.6379822
295,44,339,0.66210938,0.74041298
271,65,336,0.65625,0.61309524
231,106,337,0.65820312,0.37091988
247,90,337,0.65820312,0.46587537
243,96,339,0.66210938,0.43362832
272,77,349,0.68164062,0.55873926
286,65,351,0.68554688,0.62962963
322,38,360,0.703125,0.78888889
337,12,349,0.68164062,0.93123209
337,7,344,0.671875,0.95930233
350,3,353,0.68945312,0.98300283
326,7,333,0.65039062,0.95795796
337,19,356,0.6953125,0.89325843
311,32,343,0.66992188,0.81341108
329,25,354,0.69140625,0.85875706
316,29,345,0.67382812,0.83188406
310,29,339,0.66210938,0.82890855
320,32,352,0.6875,0.81818182
299,42,341,0.66601562,0.75366569
301,36,337,0.65820312,0.78635015
329,11,340,0.6640625,0.93529412
347,8,355,0.69335938,0.95492958
349,0,349,0.68164062,1
354,0,354,0.69140625,1
334,12,346,0.67578125,0.93063584
329,21,350,0.68359375,0.88
288,54,342,0.66796875,0.68421053
281,47,328,0.640625,0.71341463
320,32,352,0.6875,0.81818182
315,26,341,0.66601562,0.84750733
309,39,348,0.6796875,0.77586207
319,33,352,0.6875,0.8125
327,16,343,0.66992188,0.90670554
325,25,350,0.68359375,0.85714286
323,15,338,0.66015625,0.9112426
340,8,348,0.6796875,0.95402299
317,16,333,0.65039062,0.9039039
354,2,356,0.6953125,0.98876404
352,0,352,0.6875,1
355,0,355,0.69335938,1
340,3,343,0.66992188,0.98250729
359,4,363,0.70898438,0.97796143
351,1,352,0.6875,0.99431818
345,0,345,0.67382812,1
345,8,353,0.68945312,0.95467422
340,10,350,0.68359375,0.94285714
330,17,347,0.67773438,0.90201729
343,14,357,0.69726562,0.92156863
340,9,349,0.68164062,0.94842407
337,5,342,0.66796875,0.97076023
341,9,350,0.68359375,0.94857143
328,12,340,0.6640625,0.92941176
324,25,349,0.68164062,0.85673352
341,10,351,0.68554688,0.94301994
346,6,352,0.6875,0.96590909
324,20,344,0.671875,0.88372093
324,27,351,0.68554688,0.84615385
325,20,345,0.67382812,0.88405797
343,12,355,0.69335938,0.93239437
343,1,344,0.671875,0.99418605
354,2,356,0.6953125,0.98876404
355,1,356,0.6953125,0.99438202
336,14,350,0.68359375,0.92
343,18,361,0.70507812,0.90027701
299,37,336,0.65625,0.7797619
308,33,341,0.66601562,0.80645161
333,27,360,0.703125,0.85
308,26,334,0.65234375,0.84431138
335,11,346,0.67578125,0.93641618
327,14,341,0.66601562,0.91788856
352,1,353,0.68945312,0.99433428
351,0,351,0.68554688,1
349,2,351,0.68554688,0.98860399
336,9,345,0.67382812,0.94782609
333,19,352,0.6875,0.89204545
339,10,349,0.68164062,0.94269341
348,4,352,0.6875,0.97727273
329,5,334,0.65234375,0.97005988
326,23,349,0.68164062,0.86819484
346,2,348,0.6796875,0.98850575
345,4,349,0.68164062,0.97707736
338,12,350,0.68359375,0.93142857
354,3,357,0.69726562,0.98319328
330,11,341,0.66601562,0.93548387
323,21,344,0.671875,0.87790698
316,31,347,0.67773438,0.82132565
320,32,352,0.6875,0.81818182
338,13,351,0.68554688,0.92592593
345,15,360,0.703125,0.91666667
296,53,349,0.68164062,0.69627507
276,62,338,0.66015625,0.63313609
290,50,340,0.6640625,0.70588235
313,28,341,0.66601562,0.83577713
307,39,346,0.67578125,0.77456647
278,66,344,0.671875,0.61627907
285,51,336,0.65625,0.69642857
291,50,341,0.66601562,0.70674487
312,39,351,0.68554688,0.77777778
339,8,347,0.67773438,0.95389049
324,23,347,0.67773438,0.86743516
321,19,340,0.6640625,0.88823529
346,12,358,0.69921875,0.93296089
333,15,348,0.6796875,0.9137931
353,6,359,0.70117188,0.96657382
341,1,342,0.66796875,0.99415205
321,24,345,0.67382812,0.86086957
289,58,347,0.67773438,0.66570605
312,43,355,0.69335938,0.75774648
327,23,350,0.68359375,0.86857143
291,41,332,0.6484375,0.75301205
331,13,344,0.671875,0.9244186
353,0,353,0.68945312,1
346,3,349,0.68164062,0.98280802
334,6,340,0.6640625,0.96470588
327,14,341,0.66601562,0.91788856
347,2,349,0.68164062,0.98853868
354,1,355,0.69335938,0.9943662
337,8,345,0.67382812,0.95362319
310,23,333,0.65039062,0.86186186
347,2,349,0.68164062,0.98853868
